m/z	rtime	p-value	t-score	custom_id
132.9453	151.74	0.9712215947520431	0.060766247568052906	
132.9453	206.55	0.5694193564435013	-1.244781177357637	
208.9731	28.68	0.48937896485397236	1.6085863306991215	C4H5NO7P
174.9979	28.02	0.7303762948615494	0.6064896809056438	
175.0353	319.99	0.3424348831415571	2.431089750736653	
175.0433	299.5	0.6714859395749067	0.7922504304686786	
209.082	35.24	0.5739309799217858	1.1699849232422153	C11H14O4,C6H15ClN4O2
209.0968	31.96	0.7222779648729611	0.6287091071906586	
209.1543	29.99	0.5797354971445113	-1.145461772614517	C13H22O2
209.1543	34.06	0.5032596304675404	-1.5006552377955835	C13H22O2
209.8334	1.7	0.5032596304675404	1.5079716384557986	
175.839	142.49	0.6096048480567826	1.0023494486289484	
175.839	151.87	0.7902248936822462	0.4652225154285806	
209.9286	28.94	0.653877830866885	0.8563642777728212	
210.0072	221.91	0.8258951433298009	-0.3827544397918497	
210.1577	30.52	0.4249827008500231	-1.9102758245080411	
210.1577	33.93	0.3424348831415571	-2.4182633439470935	C13H22O2
210.8419	141.57	0.4249827008500231	1.917780458268825	
210.8419	152.53	0.3055768430883649	3.0484146710984863	
134.9425	152.0	0.4690058606325511	-1.7593254840412726	
134.9425	206.68	0.520160674866888	-1.4398131855756362	
176.0557	212.98	0.2126107376930173	3.9765475168294717	C7H10O5
176.075	297.79	0.23995693055509928	-3.7593795075707415	
176.075	313.81	0.1833542999451141	-4.469951445907565	
210.9912	301.21	0.469814776867549	1.7431043533216697	
210.9912	372.04	0.4560508672607061	-1.8220140179942197	
176.8359	142.36	0.7003902468826052	0.6913214812852361	
176.8359	151.87	0.9603522916825173	-0.09700576643793517	
135.9015	141.04	0.626757321128467	0.9523589318391431	
135.9015	153.18	0.6727419881140061	-0.7688787570021932	
211.0007	218.49	0.5186482105067515	1.451435377716245	
80.9641	181.11	0.5051598642549275	-1.4852637979646635	
82.9531	34.59	0.8491602280969394	-0.3168454845795299	
211.8849	153.31	0.7234394021983215	-0.6224435702747917	
177.9123	141.57	0.2945739714689041	3.2799427131873706	
177.9123	152.79	0.5032596304675404	1.4967513117464253	
212.0536	184.66	0.5805868694386951	-1.140178157454127	
212.0576	211.67	0.3424348831415571	-2.472837041860331	
83.0492	247.18	0.47538018860909226	-1.6422464838153976	
212.8389	141.44	0.3029281734332626	3.089408446296588	
212.8389	152.53	0.13822409317845727	5.027815436650064	
84.0444	194.96	0.7303762948615494	0.6103636213562156	
84.0444	212.06	0.5260032819140198	1.4095156726174938	
84.9501	34.72	0.7584229149235722	-0.5350259381667145	
87.0441	194.57	0.38384407583070707	2.17213709856062	
138.8592	149.61	0.5149034610716146	-1.465237541807529	
138.9059	1.44	0.4726620324861661	1.6649804757623783	
179.0554	282.3	0.7757412960264009	-0.49309213790697604	C9H6N2O2
179.8401	141.7	0.6735706138452014	0.7625400334578903	
179.8401	152.53	0.7726813974534337	0.5004548082629016	
139.0002	241.27	0.767170597909168	0.51102993100639	
179.8819	367.18	0.32645275324189865	2.677759707936187	
213.8832	41.28	0.6014964924320108	1.0347165687423538	
213.8832	41.94	0.6723731448694468	-0.7848880318451995	
213.8832	43.52	0.4481679136904956	-1.8557618411020007	
214.0482	298.85	0.3424348831415571	2.4574786311795958	C5H14NO6P
140.0108	298.71	0.2674905842923952	3.500855636190574	
180.8821	367.18	0.3903719154163776	2.1109479419199437	
215.0514	298.98	0.3064074163270436	2.9581579505287534	C5H14NO6P
215.1034	288.87	0.7183983037243696	-0.6478301643799705	
93.0335	33.8	0.5208306756799413	-1.4234205527076027	
215.1397	172.81	0.8160316235086192	-0.41149518175559574	C10H20N2O3
181.071	194.57	0.9318287739842114	-0.1531107760695126	
215.8604	142.36	0.5739309799217858	1.1738426228958163	
215.8604	152.13	0.4249827008500231	1.9133914113845731	
181.8368	141.83	0.8446489581397667	0.33110033847416287	
181.8368	152.13	0.5382632496036092	1.3657793513317484	
181.9853	277.97	0.644995072297054	0.8954789802659685	
216.0513	298.98	0.41217075045216073	1.9893456969183385	
142.9432	206.94	0.45811898977780324	-1.809320315535411	
216.0986	307.64	0.16517752414009895	-4.694899316315289	C6H12N2O4
182.0454	33.93	0.5725997575398007	-1.2023086980276108	
182.0745	194.57	0.88809022800474	-0.23944912375327118	
96.921	141.96	0.5204894490415847	1.4314267635566857	
96.921	152.26	0.3903719154163776	2.0878359268386717	
143.0054	207.07	0.8891172443874156	-0.23695805213525076	
216.9185	366.92	0.9605257509004523	0.08579793841459706	C4H7Cl3O
96.9679	366.13	0.6014964924320108	1.0563933825160166	
96.9679	369.02	0.3903719154163776	2.088320802283674	
183.0041	26.05	0.9605257509004523	0.08519811821620353	
183.0112	27.5	0.5797354971445113	1.1444392051639982	
217.0126	194.3	0.3064074163270436	3.0179299550766743	
217.0171	30.52	0.5753629835684559	1.1584681469704035	C8H10O5S,C8H10O5S
217.0171	58.02	0.7491724884840267	0.5654876492582365	
217.0481	194.57	0.3424348831415571	-2.3948354645961616	
97.0648	27.37	0.5351207520921413	-1.3803618345645114	
143.9776	206.68	0.5976443763558563	-1.0782119731401747	
143.9904	219.41	0.5725997575398007	1.1874324948891457	
143.9904	226.37	0.32645275324189865	2.5954943097511336	
217.0826	218.36	0.653877830866885	0.8589454012481964	C10H12O5
217.0826	361.67	0.2126107376930173	-3.943786753465085	C8H6O4
97.9762	206.68	0.7774596916921099	-0.48624464952780966	
217.1383	401.22	0.2126107376930173	-3.946236990962029	C9H19N3O3
217.8497	141.04	0.6710992807439947	0.7985532502084237	
217.8497	151.08	0.76666687119602	0.5128312980610676	
217.8497	153.18	0.8146866936235211	0.4147236825063783	
217.8577	142.23	0.750465053690209	0.5560361174127827	
217.8577	152.0	0.4591112417443831	1.8031660768726638	
144.8687	142.23	0.32645275324189865	2.7278934708468516	
144.8687	152.26	0.647862456483624	0.8863778010576696	
144.9036	353.4	0.6014964924320108	1.0263342799309119	
218.0221	208.38	0.29617877385344166	-3.2222324234697908	C9H11NO3
98.948	23.29	0.9707884999124744	0.06257906495041039	
218.0515	194.57	0.5725997575398007	-1.2019029851410936	
218.0667	287.03	0.5441611370247436	1.3376709394985073	C12H10N2S
218.0779	334.2	0.6670259484532017	-0.8094500710070794	C7H13N3O5
218.086	361.8	0.29617877385344166	-3.2518705605694147	C8H6O4
144.9724	206.68	0.5976443763558563	-1.0778087540104617	
218.103	182.16	0.6014964924320108	1.038837194621033	C9H17NO5
144.9784	206.41	0.3424348831415571	-2.406280672094996	
145.0246	194.83	0.49720843255003416	1.5778828824918543	
145.0246	214.56	0.520160674866888	1.4375935496184924	
218.9882	1.83	0.50322963471095	1.5402043854910297	
145.9759	206.81	0.6958909270216788	0.7096823755291303	
146.0167	273.77	0.32645275324189865	2.615110037758787	
146.053	247.44	0.7762030996376229	0.4901625730432903	
146.058	277.31	0.3424348831415571	-2.4106569794468973	
219.0192	208.38	0.32645275324189865	2.6927952653217	
146.0813	182.16	0.6215174606842068	0.9786621380472761	
219.0451	194.83	0.32298924815102426	-2.7662180130860903	
219.07	287.03	0.5032596304675404	1.5001575050495373	C12H10N2S
146.8658	142.23	0.3903719154163776	2.1285582695573795	
146.8658	152.26	0.3575417165655889	2.3111414150317264	
219.1063	182.16	0.7222779648729611	0.6325942552921315	C9H17NO5
101.0709	301.08	0.09069509552245188	-7.158656585290205	
185.0561	235.99	0.09069509552245188	-8.719174871606368	C7H10N2O4
185.0561	354.32	0.9603522916825173	-0.09671113993641176	C7H10N2O4
219.8451	152.92	0.8211972004057164	0.4014563461191123	
185.0925	290.18	0.09069509552245188	-8.712519925949957	C8H14N2O3
147.0652	277.44	0.4242821106661876	-1.9406064586935552	
147.0666	198.9	0.8560308038823099	-0.3038118600105008	
104.006	195.48	0.7222779648729611	0.6324860213749415	
148.8628	141.96	0.47092829048695084	1.7289138159408015	
148.8628	152.26	0.823908160444395	-0.3900321930358683	
149.0268	273.77	0.1980303401233341	4.273817791231112	
187.0217	227.82	0.7027384109715146	-0.6839006172453379	
187.0718	232.44	0.4685321539151852	1.7703048972859206	C8H11NO4
187.0718	308.96	0.3064074163270436	2.935153397891388	
220.1465	26.18	0.8116684575693812	0.4228313672257655	
150.0301	273.77	0.2830969626486834	3.3465408655813897	
150.0412	142.23	0.3482941320190433	-2.3438376086232857	C5H5N5O,C5H13NS2
187.884	141.7	0.3424348831415571	2.4492293724931944	
187.884	152.53	0.7795050683017704	0.4813098397860657	
150.8858	141.57	0.3424348831415571	2.4252299752707955	
150.8858	152.53	0.6727419881140061	0.7789971076221462	
150.987	49.56	0.28068262191273197	3.4098622089670667	
151.0253	119.42	0.5414191946585935	-1.3560866482422513	
188.0457	175.96	0.13822409317845727	-5.238876645225068	
151.8732	151.48	0.6745516201202599	0.7600009344506977	
220.845	141.31	0.3482941320190433	2.353564929779456	
220.845	143.67	0.09069509552245188	7.341234818292913	
220.845	150.95	0.6324846731453218	0.9364699681350069	
220.845	153.18	0.9304510344317267	-0.1577754360840884	
152.0287	119.55	0.5725997575398007	-1.2042101494210524	
188.0559	300.81	0.17472631303071806	4.5754062346277315	
188.067	315.39	0.26149711401876635	-3.584930898559905	C6H11N3O4
188.067	339.84	0.3903719154163776	-2.1018459742578703	C6H11N3O4
152.0547	214.03	0.47092829048695084	1.7062826923473555	
152.8828	141.57	0.5642079266468917	1.2692453796337624	
152.8828	152.53	0.5731179347499632	1.182111696006163	
108.9009	142.09	0.5625491064302562	1.2890817012120626	CaO2
152.995	194.43	0.6014964924320108	1.0563475342838253	
152.995	212.45	0.4725210064431866	-1.6694899770455005	
152.995	264.28	0.6572454758372449	-0.8350847319161588	
221.0039	241.14	0.750465053690209	0.5603857585691809	
188.981	193.65	0.2965009932528174	3.1713695155046038	
221.1544	24.87	0.47092829048695084	1.7092553691688472	C14H22O2
221.8421	152.92	0.8321815955966492	0.3620388701678795	
189.0334	163.98	0.8446489581397667	0.3314250881342129	
189.0591	300.68	0.1363304337390295	5.38452426056025	
222.044	192.07	0.653877830866885	0.8461620348341952	
110.044	214.69	0.9230609298886099	0.17448379395628816	
110.8979	141.96	0.6803216284917573	0.7509931591211255	
110.8979	152.26	0.6569741915818686	0.8381462723206604	
189.8812	141.7	0.5032596304675404	1.4988690134855887	
189.8812	152.26	0.34397446681867205	-2.3805032445687524	
222.0962	173.47	0.09069509552245188	-7.209800317235374	
110.9747	38.0	0.5024346539522322	1.5584315129199777	
222.7975	141.04	0.5990663851379417	1.0735518472346388	
222.7975	152.92	0.5797354971445113	1.146502582026813	
154.8799	141.57	0.6014964924320108	1.0264460673201257	
154.8799	152.53	0.5731179347499632	1.1801806303296145	
222.842	152.92	0.3064074163270436	2.900922300369064	
111.027	380.18	0.9809621529337704	0.03793542930366568	
223.0281	141.57	0.5725997575398007	1.226532780218989	
111.0553	164.11	0.8048596417678481	-0.4359722462814777	
154.9648	259.03	0.32645275324189865	2.6828871881104197	
190.0908	295.3	0.3424348831415571	-2.474472749452622	C7H14N2O4
223.1337	25.13	0.7124123987108141	0.6597823716742569	C13H20O3
223.8391	140.91	0.750465053690209	0.5588669326241517	
223.8391	143.67	0.50322963471095	1.525803443408607	
223.8391	148.95	0.6014964924320108	1.06307005247119	
223.8391	150.82	0.7344612446205158	0.5963312240106973	
223.8391	152.92	0.7757412960264009	0.4944159207297764	
112.9362	349.46	0.8491602280969394	-0.3215779640275087	
223.9786	1.44	0.5032596304675404	1.5173032845471721	
224.0229	222.17	0.8429744881974722	-0.3377292759881147	
224.137	25.26	0.6917008429137738	0.72126523442585	C13H20O3
155.0453	163.85	0.8868935369983157	0.246862823309388	
191.0556	377.56	0.4725210064431866	1.6699629108518337	
155.0817	230.87	0.8873141900809558	-0.24514857584385846	
155.0817	260.6	0.7363625816730238	0.589199651809458	
225.0237	221.91	0.7311770853154298	-0.6041226950536311	
156.0294	299.76	0.9044601544724997	-0.20786004885389936	
225.0991	363.64	0.1851764611859091	-4.436725507615356	C9H14N4O3
114.9888	28.68	0.49720843255003416	1.5811989525495111	
115.0503	309.09	0.38384407583070707	2.1767985350003656	
157.0247	217.44	0.5510900301344682	1.3234554553430797	
115.0866	293.46	0.33012663968074624	-2.554262542177114	
157.8619	151.35	0.8244117305432545	0.38695476793221684	
157.9304	194.57	0.3064074163270436	2.8685492071775354	
226.9364	206.81	0.7619941309563362	-0.5232701519841428	
116.0028	142.23	0.7234394021983215	0.6245789675548328	
116.0028	152.0	0.686956168657647	0.7348329515600981	
116.006	301.08	0.47092829048695084	1.6931876789702163	
157.9932	206.68	0.5725997575398007	-1.1882748487156771	
192.9548	207.73	0.3903719154163776	2.0982695429145566	
227.0647	276.39	0.32645275324189865	-2.6783552771507293	C13H12N2S
193.0647	275.21	0.09069509552245188	-13.840278682506803	
193.0864	25.92	0.6727419881140061	0.769138781686959	
193.8151	141.96	0.750465053690209	0.554595320131955	
193.8151	152.0	0.9513639684199939	-0.11380161459956714	
117.074	212.06	0.38384407583070707	-2.1757769477616877	C6H14S
228.9963	379.4	0.910706909108825	-0.19867689167097702	
228.9963	396.37	0.4242821106661876	-1.9302462971468786	
158.988	206.68	0.5753629835684559	-1.15849334180453	
118.0	142.23	0.5820717319106277	1.1235260724248894	
118.0	152.0	0.7344612446205158	0.5977267440021621	
229.0828	361.14	0.5820717319106277	1.1181347275218332	C9H14N2O5
194.9362	367.18	0.4726620324861661	-1.6645996211967904	
159.0766	293.59	0.3029281734332626	-3.114489800376418	
119.0226	241.4	0.6280257743369013	0.9480084096715135	
230.1144	277.7	0.8315580430594799	-0.36398861944203964	C7H14N2O4
230.1144	281.25	0.8512262088209382	-0.3111252610631277	C9H17N3O4
194.9881	222.17	0.6698038938497222	0.8019591316676473	
230.9314	1.96	0.3903719154163776	2.0765191556316265	
231.0282	194.3	0.5675712219317841	1.254168840583495	
231.062	308.96	0.13822409317845727	5.152677336525829	C8H12N2O6
159.9914	206.68	0.47179860855151706	-1.6812925832238617	
231.0984	334.2	0.5774723608736443	-1.153823455860254	C11H11NO4
231.8103	39.97	0.9832852005766769	-0.03270140305898181	
160.0243	316.44	0.7726813974534337	0.5004556166528109	
160.0607	170.45	0.6328754467554027	0.9332752115544497	
160.0607	193.65	0.6219411329347552	0.9721291326610432	C9H5N3
195.9915	334.59	0.5725997575398007	1.2116156395844149	
160.0799	293.59	0.29617877385344166	-3.211702684110732	
196.0612	380.18	0.7091939088796577	0.6658773449258806	C9H11NO4
196.8107	152.0	0.6231375025394741	-0.9642260030136459	
196.8764	152.92	0.7774596916921099	-0.4873252374820951	
196.8848	367.45	0.4249827008500231	1.9099189480941667	
196.8864	141.7	0.653877830866885	-0.8609989170758465	
196.8864	152.53	0.6727419881140061	-0.7733377313524041	
160.9921	207.07	0.5032596304675404	-1.4979160271839298	
161.0449	242.59	0.756883299299167	0.5403381563033898	
161.0449	245.61	0.9371173775012831	0.1374803947349125	C6H10O5
121.0317	245.87	0.6669244443337059	-0.8158339716012238	
161.8749	39.84	0.8048596417678481	0.4326646819755632	
122.0213	219.68	0.8372384727772894	-0.35211922574478316	
122.0213	225.72	0.6917008429137738	0.7239453071421973	
162.0592	315.0	0.09069509552245188	-8.649481743906021	C7H5NO3
233.0969	316.31	0.8647004634823514	-0.28807618955494013	C8H15N3O5
233.8081	39.84	0.6714859395749067	0.7922682412220481	
233.8535	141.44	0.5879361790170163	1.102255670318169	
233.8535	143.14	0.3903719154163776	2.116979315300169	
233.8535	152.66	0.8960466452414552	0.22337041437404087	
197.1541	27.89	0.6014964924320108	1.03627192040444	
197.7569	152.13	0.7757412960264009	-0.4926870109263277	
234.0811	372.17	0.32298924815102426	-2.74940664661741	C8H14N2O6
124.0063	217.97	0.13822409317845727	-5.184201342068253	
234.8505	152.66	0.823607928880752	-0.39675881825115694	
163.8959	141.44	0.652578960976138	0.8721679349658543	
163.8959	152.79	0.7065535680234103	0.670559009776022	
163.928	2.62	0.3903719154163776	2.1461815615522384	
198.0742	211.8	0.32298924815102426	-2.7521771963111803	C10H9N3
198.0742	219.81	0.33012663968074624	-2.5626511705448003	
198.8079	151.87	0.880849856151579	-0.26279888747552205	
198.8735	141.04	0.6727419881140061	0.7736264126358847	
198.8735	152.66	0.50322963471095	-1.528681092287401	
235.0196	195.22	0.2965009932528174	3.194475979650698	C10H8F2O3
235.1086	137.86	0.31081456343724373	-2.838615871464831	C12H16N2O3
235.1086	142.09	0.6727419881140061	0.7657273580248808	C12H16N2O3
235.1086	151.87	0.8491602280969394	-0.31492998769811786	C12H16N2O3
235.1086	182.16	0.6727419881140061	0.7654635494217142	C12H16N2O3
164.8384	141.83	0.9603522916825173	0.09107873553122159	
164.8384	152.53	0.7234394021983215	0.6249291625887721	
235.8505	141.18	0.9371173775012831	-0.1370885810410032	
235.8505	143.8	0.9702223445751862	-0.06580908732302679	
235.8505	152.92	0.7619941309563362	-0.5223368727687411	
235.926	2.62	0.45811898977780324	1.8076277028469243	
165.0185	260.34	0.7448909778997218	0.5734248154795458	
165.0185	261.79	0.8491602280969394	0.31565144349717855	
126.904	29.99	0.41000377062510585	-1.9981827454811434	
199.0067	31.96	0.3064074163270436	-3.0067107468669034	
199.0219	241.27	0.6727419881140061	0.7648740735312228	
236.0233	371.65	0.5739309799217858	1.176553742910104	
236.0604	192.6	0.2126107376930173	4.011668150189765	
236.0604	195.88	0.34208079624189897	2.499438645586139	
127.0754	194.57	0.34208079624189897	2.4980274019214925	
236.8477	152.66	0.5642079266468917	1.27814955476315	
199.072	214.56	0.32645275324189865	-2.6111106882551574	
199.8495	41.28	0.607175866033315	1.011294967635214	
128.9585	206.68	0.6727419881140061	-0.7709652973173622	C3H2N2S2
236.9987	28.02	0.9125828155352396	-0.19345555121721789	C6H8Na2O7
128.9981	141.83	0.5348664430179235	1.3853318217290638	
166.0502	47.72	0.9405316271673847	-0.13146304651810006	C8H9NO3
237.0878	203.92	0.6859095740077802	-0.7386484715141444	C11H14N2O4
237.0878	217.84	0.3903719154163776	-2.0936031560874797	C11H14N2O4
129.0377	324.98	0.88809022800474	0.24026888352435322	C6H10OS
166.8351	142.09	0.6014964924320108	1.049790845998002	
166.8351	152.26	0.47538018860909226	1.6398128550882136	
237.9303	2.75	0.5725997575398007	1.204532772133639	
237.9521	209.96	0.6069238912324832	-1.0130281414118252	
129.1023	244.56	0.47092829048695084	-1.7126431216746112	
129.1023	259.82	0.9699002695869704	0.0687178551511353	
201.0876	307.38	0.20736024859271246	-4.158011352572	C8H14N2O4
130.9952	142.09	0.5820717319106277	1.123019906574831	
201.124	194.43	0.5739309799217858	1.1659402654036637	C9H18N2O3
167.8333	142.36	0.5725997575398007	1.1914467073853772	
167.8333	152.26	0.45405810655657297	1.8284309349004129	
131.0533	184.39	0.5420196552169119	-1.345503351680603	
202.0352	330.91	0.32645275324189865	-2.6167174571579244	
239.0771	282.43	0.6727419881140061	-0.7786262410679382	C8H16O8
168.0295	362.19	0.5725997575398007	-1.227699231306355	C8H6O4
132.0373	194.57	0.39250990034177324	2.0575145656375655	
202.0717	291.36	0.8197675018982303	0.4044308550988455	C6H10O5
202.1273	194.3	0.5363628324548677	1.3747845050950864	C9H18N2O3
168.8313	152.26	0.3064074163270436	2.8741146192312765	
263.0973	199.16	0.2126107376930173	3.9505339716919723	
203.0015	30.65	0.2507133999888737	-3.660659660704201	C7H8O5S,C7H8O5S
263.8895	153.18	0.8251993291670828	0.3847961529229286	
240.952	206.68	0.653877830866885	-0.8526468359459889	
203.0821	161.49	0.34208079624189897	-2.5087953415995545	C9H9NO2
241.0111	319.59	0.6092832167772413	-1.0055416031837792	C6H11O8P
241.0496	277.44	0.3064074163270436	-2.8902819802531066	
203.7985	152.26	0.8623283017340305	-0.29266343597451855	
169.8332	153.31	0.916138107843438	-0.1845544537429237	
241.1082	27.23	0.5820717319106277	1.117220283006693	
170.0426	254.93	0.32645275324189865	-2.6086765392428632	
204.0509	287.82	0.653877830866885	0.8611155369499806	
264.9503	141.18	0.653877830866885	0.8613939636826186	
241.1444	28.02	0.6727419881140061	0.7723947259853932	
204.0854	161.62	0.3903719154163776	-2.0751123697479144	C9H9NO2
204.1066	260.47	0.8835130915409155	0.2582334088043319	C8H16N2O4
264.9975	3.67	0.47092829048695084	1.704550650407176	
170.8284	141.96	0.626757321128467	0.9523095401496097	
170.8284	143.67	0.6291276022521497	0.9424778350085709	
170.8284	152.0	0.5420196552169119	1.3493456207377585	
170.8357	148.69	0.8277384575666348	-0.3730788937937582	
170.8833	40.5	0.9631883308221452	-0.07873506671921708	
170.8833	43.39	0.5348664430179235	-1.3848890758283723	
265.0251	207.73	0.4315064646473941	1.8939697711628012	
265.0831	261.13	0.2830969626486834	3.3323285539809113	C12H14N2O5
265.0943	273.11	0.28068262191273197	-3.4173739899195743	C11H14N4O4
265.1195	155.15	0.3064074163270436	-2.959821744405081	C13H18N2O4
265.148	25.53	0.5739309799217858	1.1695295999529185	
265.9197	367.05	0.9802264514674538	0.040162166810317534	
205.0648	241.93	0.09708333373731744	-6.7874812324493545	C7H14N2O3S
171.0114	34.32	0.45811898977780324	1.8128185355852933	
242.0783	319.07	0.3903719154163776	2.0791434946582594	C9H13N3O5
242.1145	315.39	0.29617877385344166	-3.2091253069165098	C9H18O7
242.1509	408.08	0.2126107376930173	-4.076724965504727	C11H21N3O3
266.1515	25.53	0.5841299328394459	1.1112592674073154	
242.1761	34.59	0.5740778340890065	1.1634166355020565	C14H24O3
266.804	141.57	0.6995207141936457	0.6966353231552793	
266.804	152.66	0.6917008429137738	0.7233842041947813	
242.9502	206.68	0.5725997575398007	-1.2333133408144707	
205.8392	141.7	0.6958909270216788	0.7114320811551562	
205.8392	152.26	0.9832852005766769	0.03234941885355011	
266.9951	213.77	0.5411261845978232	1.3583285409800838	
206.0573	357.47	0.635304163830545	-0.924616370809439	
206.0858	301.08	0.2830969626486834	-3.356012896580239	
171.9647	194.57	0.4249827008500231	1.910511727684848	
171.9647	214.03	0.8146866936235211	0.41436307519876747	
206.9352	158.47	0.6669244443337059	0.8167014515436183	
172.0145	34.32	0.6721542356775279	0.7876456789233279	
172.0145	227.56	0.6609689132467945	0.8276739937533806	
267.0988	234.02	0.8277384575666348	0.3738058391197594	C12H16N2O5
172.0354	270.35	0.09069509552245188	-12.681650279655384	
243.0986	357.34	0.47092829048695084	1.6906979253568477	C10H16N2O5
172.0608	380.18	0.672175776892454	0.7863850484052498	
243.1794	34.59	0.35967170332086457	2.2913705869196406	C14H24O3
172.0689	194.83	0.3064074163270436	2.9293232923982684	C8H12O4
172.0689	215.47	0.5625491064302562	-1.285280870471234	
268.1022	234.02	0.09069509552245188	-9.75785190170004	C12H16N2O5
244.0316	192.33	0.20736024859271246	-4.139492694421761	
268.8011	141.44	0.3424348831415571	2.389793341649648	
268.8011	152.79	0.32645275324189865	2.6452864422174436	
172.8416	142.36	0.653877830866885	0.8549988038949349	
172.8416	151.87	0.8491602280969394	0.3188610592529138	
244.1133	219.55	0.47831989074120235	1.6323764648954866	
207.8363	141.7	0.8315580430594799	0.3662667639978072	
207.8363	152.26	0.6917008429137738	-0.7214795604794716	
244.1414	385.17	0.3029281734332626	-3.116812751332713	C9H19N5O3
244.1665	362.85	0.6014964924320108	-1.032496080618185	C11H23N3O3
172.9671	148.69	0.5725997575398007	-1.2050914546063156	
208.8447	141.57	0.6117230969514819	0.997964600867537	
208.8447	152.66	0.50322963471095	1.546688335318563	
269.1397	25.66	0.5725997575398007	1.212871446205415	
269.1397	29.2	0.8845860631164281	0.251803167834838	C15H18N4O
269.1397	34.46	0.35967170332086457	-2.27064553536504	
245.0431	264.28	0.6995207141936457	-0.6982087006045258	
245.0778	290.44	0.6014964924320108	-1.0433010319508853	C10H13NO6
245.0778	306.33	0.35967170332086457	2.277575373925226	C9H14N2O6
173.056	233.63	0.5725997575398007	1.189711131717778	
245.1142	308.3	0.11959632925024231	-5.824910872320019	
245.1142	313.68	0.09069509552245188	-7.562955492207912	C10H18N2O5
173.8419	142.62	0.8048596417678481	0.4327921652752854	
173.8419	151.87	0.9767392082978241	-0.04726854196614956	
291.9508	44.96	0.9335367115966781	0.1467148057277686	
292.0109	222.17	0.7593161436543393	-0.5327147316298964	C7H15Cl2N2O4P
292.0871	341.45	0.8836602394837836	0.25686916871493654	
292.1305	193.38	0.6883751815472768	-0.731727102593486	
292.1669	276.13	0.50322963471095	-1.542013783155682	C15H23N3O3
270.7981	141.83	0.5879361790170163	1.1005263835490522	
270.7981	152.79	0.7491724884840267	-0.5650075506450256	
246.0464	264.28	0.6572454758372449	-0.8360650044601847	
246.0618	352.48	0.6500023349594093	0.8806718537163504	C10H14FNO3S
246.1007	214.42	0.5739309799217858	1.1651573508276776	C8H16O8
246.1095	307.64	0.18179487858852614	-4.501926478197337	C9H17N3O5
174.0957	244.56	0.45204225861663966	-1.8362139686490393	C7H14N2O3
174.1069	364.95	0.09069509552245188	-7.09237784728589	
246.8478	141.44	0.8398589809828769	-0.3445083605141203	
174.8388	142.62	0.5820717319106277	1.119738826023212	
174.8388	151.87	0.8446489581397667	0.3323894724026128	
319.0945	250.73	0.463506090876087	-1.7898051257989147	
319.0945	253.35	0.3064074163270436	-2.950382932031355	
271.0574	362.33	0.5186482105067515	1.4540898777085423	C10H12N2O7
292.9831	28.02	0.8807808363599069	0.26406219060256797	
271.0816	364.95	0.12313527296048533	-5.64790121088501	
271.0959	194.96	0.3424348831415571	2.4733127859218214	C12H16N2O3S,C12H16N2O3S,C14H17ClO3,C13H17O4P,C9H14F2N2O5
271.0959	214.69	0.9310518287424662	-0.15579553338425517	
271.0959	218.23	0.8277384575666348	-0.3771546354881877	C13H15ClN2O2
319.8272	153.45	0.6129613958298861	0.9934789883314777	
247.0473	264.28	0.6014964924320108	-1.053638231405667	C10H8N4O4
293.0119	221.91	0.996873748765175	-0.007991542931903569	
247.0935	359.57	0.32645275324189865	-2.6109374280824307	C9H16N2O6
293.045	305.8	0.6014964924320108	1.0410753729890103	
293.045	391.61	0.5382632496036092	-1.3677388341563643	
247.1015	214.42	0.750465053690209	0.5574838454686538	
293.0541	366.53	0.3424348831415571	-2.4384317359572494	C9H13ClN6O2
293.0541	367.84	0.09069509552245188	-7.411866593952372	
247.1128	307.91	0.19127386807956304	-4.362221718640295	C9H17N3O5
293.0634	364.69	0.13822409317845727	-5.0330606314833775	
293.1144	284.53	0.3903719154163776	-2.091138455493362	C14H18N2O5
247.1493	388.72	0.3055768430883649	-3.0710738243895612	
247.1493	389.9	0.32645275324189865	-2.649447484525635	C10H21N3O4
320.0271	276.79	0.35967170332086457	-2.288361006956265	
320.1727	243.9	0.7065535680234103	-0.6725741743601032	
247.9828	2.62	0.4692399151319177	1.7538888724892658	
294.1179	284.53	0.44826283822230356	-1.8528768840878194	C14H18N2O5
320.9974	211.4	0.7003902468826052	0.6885236204637963	
321.0234	276.92	0.31740427482090755	-2.8024269476140033	
321.0493	277.84	0.3424348831415571	2.4401770147191386	C10H15N2O8P
272.9141	367.45	0.686152359120131	-0.7371162981793209	H3O9P3
294.9345	314.34	0.7785766467274372	0.4836553270451598	
294.9345	317.23	0.8048596417678481	0.43291866581119803	
321.824	140.65	0.5805868694386951	1.1408588230417438	
321.824	153.45	0.9258842008195104	-0.16966431433989834	
273.0383	325.63	0.47092829048695084	1.725482272588738	C7H15O9P
295.0936	317.36	0.09708333373731744	-6.646060413651044	C13H16N2O6,C12H25I
322.0091	192.33	0.13822409317845727	-5.013095392970374	
295.1128	256.93	0.2830969626486834	-3.3414177801249436	C13H17N3O5
249.055	311.84	0.20708377764879957	4.1817879242300835	C8H14N2O5S,C8H14N2O5S
295.1375	27.89	0.9286456221067254	0.16371430763094086	
273.1207	329.7	0.32645275324189865	-2.6088761538657845	C10H18N4O5
273.1347	28.42	0.6727419881140061	-0.7659472550507781	
249.0913	197.06	0.5149102037396386	1.4633017062944054	C9H18N2O4S,C17H14O2
249.0913	201.42	0.6263986798013085	-0.9569679198377778	
295.2279	28.15	0.724775168034762	0.6195191515050015	C18H32O3
273.8703	1.3	0.9605257509004523	0.08698968155293006	
295.8274	154.1	0.8277384575666348	0.37414064553940835	
249.9418	3.93	0.4692399151319177	1.7546908293839816	
274.1199	162.41	0.38109833088655515	-2.194972558289771	
250.0455	192.46	0.6415257433454541	0.908317733413263	
296.0517	298.98	0.3424348831415571	2.4027458545636926	
296.097	317.36	0.15448923679585236	-4.833003177612447	C13H16N2O6,C12H25I
323.9005	154.1	0.6995207141936457	0.6987969455008345	
297.7343	1.3	0.3903719154163776	2.104708472644755	
275.0887	392.66	0.2126107376930173	3.9814547388653154	C10H16N2O7
324.9136	206.68	0.5815309124748512	-1.1346403681254795	
251.9824	2.75	0.46890899404000813	1.7620188616760966	C8H8N2O3S
324.9912	366.92	0.2830969626486834	-3.3643850621363045	
324.9912	367.58	0.32645275324189865	-2.590019694464886	
298.2469	27.89	0.6995207141936457	0.6984943213519685	C18H34O3
325.0339	364.3	0.5420196552169119	1.34495956420181	C12H18O4S2,C15H15ClN2S,C11H15ClN2O5
325.0906	192.33	0.32645275324189865	-2.6578434152573323	
252.107	178.59	0.3424348831415571	-2.4169575156354752	C12H16N2O4
276.092	387.14	0.2486767975436653	3.6942226578429413	C10H16N2O7
276.092	392.66	0.3281097039537751	2.5797500119755328	C10H16N2O7
299.0706	161.49	0.32645275324189865	-2.7099869676338493	C12H16N2O5S
299.1137	36.43	0.3064074163270436	-2.8951460090209196	
276.9917	222.17	0.8388586578298239	-0.34889624936762864	
299.8662	152.79	0.823908160444395	-0.38875160148170546	
277.0867	214.42	0.7003902468826052	0.6882108736221751	
277.0867	295.43	0.1366210190620189	-5.347762940644233	C10H18N2O5S,C18H14O3
277.0867	316.05	0.09069509552245188	-7.580695357978269	C9H18O7
326.9888	324.06	0.6014964924320108	1.0658899325146889	
326.9888	326.95	0.566705488176283	1.2574560281554061	
277.758	1.44	0.5725997575398007	1.2279981534752873	
253.0865	287.03	0.9506375473062705	-0.1159660435508654	
253.0865	305.54	0.29617877385344166	-3.207828969909009	
299.9606	2.75	0.47092829048695084	1.692320277185326	
300.0012	420.78	0.27253998468824914	3.468962890653103	
253.1446	29.73	0.5725997575398007	-1.1871585000831728	C14H22O4
253.1446	34.06	0.4730484416214688	-1.6550601327295325	C14H22O4
253.8268	152.79	0.6727419881140061	-0.7742686577311313	
300.1066	182.69	0.6219411329347552	0.9725474901309372	
300.503	420.78	0.3029281734332626	3.1029576792363818	
300.8194	154.23	0.5825576309768912	1.1150378277700683	
278.0436	208.38	0.22800094238548962	-3.846171639595776	
278.055	159.39	0.6014964924320108	-1.0539616410208086	
253.9551	2.75	0.520160674866888	1.4440384505527273	
278.1147	190.46	0.09708333373731744	-6.710334718563952	C13H17N3O4
278.1147	196.14	0.653877830866885	-0.8486385246340332	C12H16N2O3S,C12H16N2O3S,C14H17ClO3,C13H17O4P,C9H14F2N2O5
278.1147	198.77	0.3064074163270436	-2.9622414042961953	C11H14N2O4
254.0799	182.29	0.5879361790170163	-1.0998415172423284	C9H17NO5
328.0229	192.46	0.9713962734703259	0.05929224966604971	
254.148	29.86	0.6437944807236602	0.898465621100095	C14H22O4
254.148	33.93	0.5032596304675404	-1.5038427731919437	C14H22O4
254.8265	152.79	0.8398589809828769	0.34299846372085835	
301.0034	420.78	0.39964249972628857	2.0355893875179003	
328.4841	146.33	0.6380292324876813	0.919522646053929	
301.0224	209.57	0.7971774066409745	0.4517097875205226	
301.1307	201.16	0.3064074163270436	-2.869894497188474	
254.9037	367.05	0.6280827869886209	-0.9452669544475436	
301.1519	293.46	0.09069509552245188	-7.281679246438789	C12H22N4O5
254.9678	206.81	0.5731179347499632	-1.1817004760214331	
301.8632	152.92	0.8977665572441812	0.21762143523654104	
279.0987	284.4	0.11959632925024231	-5.772301447933296	C13H16N2O5
329.0225	192.07	0.7608711203391897	0.5295461061876683	
279.1352	157.42	0.32645275324189865	-2.721432299977732	C14H20N2O4
279.1352	171.5	0.8372384727772894	0.3529206384787662	C14H20N2O4
254.991	341.05	0.32645275324189865	2.716682927043243	C6H9O9P
279.2331	27.1	0.50322963471095	1.5348444220671584	C18H32O2
255.0883	121.52	0.8315580430594799	-0.3642147707230009	
279.8665	153.45	0.653877830866885	0.8642431461983167	
330.0192	192.07	0.7971774066409745	0.4519084627266455	
330.123	194.57	0.2486767975436653	-3.692030303467173	
302.1003	160.04	0.6500023349594093	-0.8785923938481802	
302.1003	316.83	0.09708333373731744	6.620503408068844	C13H22NO3PS
302.1003	318.94	0.47092829048695084	1.7186519835792649	
302.1188	195.09	0.4203876517483911	1.9587931111760915	
302.1471	422.09	0.6825848638982281	-0.7467373974084022	C11H21N5O5
302.1553	212.06	0.6263986798013085	-0.9576897217929928	
302.1691	25.0	0.653877830866885	0.8462595287304401	C15H26O6,C16H22N4O2
330.9191	141.31	0.7985513586772824	0.44764580206318816	
330.9191	146.46	0.6014964924320108	1.0320121161910043	
330.9191	147.11	0.26107592081377634	3.5989987415700404	
330.9191	150.27	0.6963121588169167	0.7079248894274285	
330.9191	152.66	0.6280472512311909	0.9466466653582787	
302.5336	356.15	0.4249827008500231	1.91816200041707	
302.8268	370.07	0.6014964924320108	1.0450981239098358	
330.956	210.75	0.6176353981746888	-0.9854930502995044	
255.9712	206.81	0.419724838555523	-1.965965775605819	
331.109	195.35	0.32645275324189865	2.6158369273518405	
331.109	214.42	0.47092829048695084	1.692003205705342	
331.1261	258.24	0.5049856546540824	1.4874941691909485	C10H17N3O7
331.1261	369.55	0.41217075045216073	-1.987676365907319	
331.1261	383.47	0.39250990034177324	-2.059707855900705	
256.1303	308.82	0.20736024859271246	-4.128362862636053	
256.8219	152.79	0.6014964924320108	-1.0351083248559423	
281.1145	201.03	0.2126107376930173	-3.9428548754694237	
281.1145	204.05	0.8133293881023395	-0.4195614910105457	
281.8636	153.45	0.6725956599812809	0.7833582078231719	
303.0963	173.47	0.09069509552245188	-7.695737341743998	
303.1312	317.1	0.3064074163270436	-2.9135374867652457	C9H17N3O6
332.1253	282.04	0.3029281734332626	-3.101661943091484	C16H19N3O5
303.1627	25.0	0.6231375025394741	0.9656438761772419	
282.0845	171.63	0.9744779907493405	-0.05399391104578871	C10H13N5O5
256.9659	206.81	0.6431342022911671	-0.9019838363343661	
303.9136	1.57	0.5642079266468917	1.2751534323543086	
332.9529	204.84	0.5725997575398007	1.2043405562665555	
332.9529	209.96	0.4242821106661876	1.9286394245609435	
282.9578	30.25	0.3064074163270436	-2.8988485529359607	
304.0163	184.53	0.35817738297977353	-2.305724747848317	
333.0428	293.86	0.3424348831415571	-2.4056374425839326	
333.0594	352.48	0.4643315357677644	-1.784850787971429	C9H19O11P
304.0787	375.59	0.3064074163270436	2.9499263926923227	C12H14N2O5S
304.0869	358.52	0.7442724481407635	0.5765385724651397	C13H21O4PS,C11H16N2O8,C17H14F2O3
283.0205	1.96	0.5032596304675404	1.5166082907077458	
304.1152	346.04	0.88809022800474	-0.24201662662768095	
304.1305	166.11	0.09069509552245188	-7.500995313432864	C15H19N3O4
333.1069	174.25	0.9603522916825173	0.09435841877667578	
333.1069	178.59	0.3424348831415571	-2.4465544946140536	
257.078	312.9	0.5725997575398007	-1.227090997601498	C10H14N2O6
333.124	194.96	0.4242821106661876	-1.9280015299740032	C22H16O3,C16H22Cl2N2O
333.7997	151.21	0.9707884999124744	0.06303123923590473	
333.7997	153.58	0.6431342022911671	0.9020810381314063	
283.088	171.63	0.9997428118007121	0.00034291760745135314	C10H13N5O5
283.1106	23.16	0.3903719154163776	2.088778853083367	C13H20N2O3S,C13H20N2O3S
283.1106	27.89	0.3622213583362538	2.2549175008149813	
283.119	34.46	0.13822409317845727	-5.13918687707948	C14H20O6
283.1641	176.09	0.09069509552245188	-11.714592336669224	
283.1641	184.53	0.3064074163270436	-2.964590873068048	
257.86	367.18	0.35063159269626837	2.3327596307425877	
283.1917	27.89	0.6014964924320108	1.0602514114507224	
257.9136	2.75	0.34397446681867205	2.370257493456571	
334.0629	352.48	0.4726620324861661	-1.6624678208657158	C9H19O11P
283.8606	153.45	0.6714859395749067	0.7941854582328107	
283.9134	2.62	0.5208852841462482	1.4214791079246853	
334.7983	153.84	0.7389916907851163	-0.584600504483208	
284.0413	380.32	0.6958909270216788	0.710812566752542	
258.0384	338.27	0.7344612446205158	0.5974477172280643	
284.1618	243.9	0.13822409317845727	-5.030657407148355	
258.0985	194.17	0.32645275324189865	2.592484716588652	C9H14O6
258.146	237.83	0.9318287739842114	-0.15237964515929037	C11H21N3O4
258.1573	389.24	0.2126107376930173	-4.0518599136578715	
258.8189	152.79	0.6413063961295851	-0.9110509622349539	
285.0858	161.49	0.5523918495240978	-1.318419651745844	
306.0264	222.17	0.5820717319106277	-1.126042914789878	
306.0402	266.54	0.7208219424925236	0.6411103347448769	
335.0223	315.0	0.09069509552245188	-10.304192920754623	
335.0639	352.61	0.3903719154163776	-2.141925115727981	
335.0906	36.16	0.3424348831415571	-2.447445042812664	C16H18O5
335.1311	194.96	0.4169673341749326	-1.974635429406464	C22H16O3,C16H22Cl2N2O
335.1363	234.81	0.11959632925024231	-5.836768280190302	C13H17N3O5,C16H16F3NO
306.7037	149.08	0.8977665572441812	-0.2184393023189134	
335.7966	140.49	0.8960466452414552	0.22395478672351674	
335.7966	143.67	0.7183983037243696	0.6480040312507147	
335.7966	145.51	0.5642079266468917	1.2711793151185635	
335.7966	151.21	0.9335367115966781	0.14676751332912463	
335.7966	153.58	0.750465053690209	0.5551771171030173	
259.0688	225.32	0.17472631303071806	-4.592105755734321	C11H14N2O4
259.1048	335.77	0.6727419881140061	-0.7721297630080513	C7H13N3O5
259.13	305.15	0.47092829048695084	-1.6929964537423747	C11H20N2O5
259.13	311.32	0.11959632925024231	-5.775238603390436	C11H20N2O5
306.9392	321.56	0.5032596304675404	-1.4991962271510584	
259.1494	237.96	0.9605257509004523	-0.08721495958720799	C11H21N3O4
259.8395	367.32	0.3055768430883649	3.0581134127875367	
336.1232	194.96	0.3424348831415571	-2.3984157756506477	
336.1365	194.96	0.8616032542604866	-0.2955239674678175	
307.0243	278.76	0.5438861285806803	1.3398538456122988	
307.0275	222.43	0.5031015078383627	-1.5515887232697605	C14H12O6S
336.7961	153.84	0.7361900731306885	-0.5917453623441119	
286.0683	375.59	0.35967170332086457	2.268540034964124	
336.8759	321.69	0.5815612622371817	-1.132760759597999	
260.1041	183.48	0.09069509552245188	-9.137846402883437	C13H15N3O3
308.0561	339.45	0.566705488176283	1.2571293806072723	
260.8159	152.79	0.5971070317959214	-1.0821611127451216	
260.8395	367.32	0.3903719154163776	2.0747366069903945	
308.1254	245.21	0.32298924815102426	-2.7522695464248454	C14H19N3O5,C15H15N7O
309.0399	290.31	0.7208219424925236	0.6421301230656883	
309.1095	314.34	0.09069509552245188	-9.01713347942604	C14H18N2O6
337.0825	374.14	0.50322963471095	1.544642389088647	
337.0875	36.16	0.7214158933380798	0.6381788360136817	
309.1289	245.21	0.32645275324189865	-2.6078396458760102	C14H19N3O5,C15H15N7O
337.1429	25.0	0.635304163830545	0.9251054887428948	C15H26O6,C16H22N4O2
261.0923	194.96	0.469814776867549	1.7441003888345104	
261.0923	214.42	0.7985513586772824	0.44856469761225853	
337.7937	140.49	0.5569378584820214	1.3023682908868908	
337.7937	143.67	0.5382632496036092	1.364605315887662	
337.7937	151.21	0.8965282696387578	-0.2215720416155569	
337.7937	153.58	0.7222779648729611	0.6286411967367296	
287.1477	404.51	0.33012663968074624	-2.5500317418672465	
261.8132	152.79	0.7635231263862056	-0.5192040150176404	
310.0911	217.84	0.26203859253088646	-3.546786582813268	
261.8909	151.48	0.6469444169239084	0.8902330997221838	
261.9552	152.92	0.6413063961295851	0.9113279920007746	
338.0666	402.93	0.33012663968074624	2.5508291995303964	
261.9986	3.8	0.5024346539522322	1.5625224101443458	
288.1316	424.72	0.5564758222535359	-1.3047963945682908	
262.057	360.88	0.372169773600891	2.2197855081854283	C9H13NO8
338.7952	367.71	0.5369907529120221	1.3719923103868914	
262.0763	396.23	0.4730484416214688	1.6564675583203319	C9H14N2O7
338.9292	206.68	0.6917008429137738	-0.7200665001691519	
262.813	152.92	0.5739309799217858	-1.1663927732403843	
338.9687	205.5	0.6219411329347552	-0.976320769015275	
338.9687	208.65	0.9757494132459772	-0.051072289361594275	
338.9886	320.38	0.10380980561612808	-6.279134937723562	
339.0793	212.59	0.50322963471095	-1.524761353472285	
288.9691	300.68	0.47092829048695084	1.7173487873094913	
339.1375	25.0	0.6418587043386842	0.9063560392492146	
339.1375	215.34	0.12313527296048533	-5.673605271876617	
289.0101	420.91	0.519910027388742	1.4474728610745453	
289.0445	321.43	0.8277384575666348	-0.3723266542732975	
289.0679	362.19	0.50322963471095	1.5255280012635117	C10H14N2O8
289.0874	195.48	0.5351207520921413	1.3804111340872924	
289.0874	214.69	0.47092829048695084	-1.7287226121124997	C10H12N4O6,C14H12N4OS
289.1156	404.64	0.9603522916825173	-0.0974849891129071	C10H18N4O6
348.8952	321.3	0.5725997575398007	-1.1907581838039556	
289.5118	421.04	0.2507133999888737	3.6571834065621327	
339.9327	206.81	0.796347271604496	-0.4550797133959187	
348.9914	1.96	0.9335367115966781	-0.14655297158581637	
290.0714	362.19	0.5797354971445113	1.1459986128880368	C10H14N2O8
290.0884	267.33	0.26203859253088646	3.5628434153116615	C12H13N5O4,C11H17NO8
340.9271	206.68	0.49720843255003416	-1.579325120344244	
312.9083	144.46	0.5725997575398007	1.2089681298302095	
312.9083	150.4	0.5739309799217858	1.1720729990224799	
290.9848	241.27	0.7065535680234103	0.6757755800444397	
291.0488	282.83	0.653877830866885	-0.84969423300536	
291.0836	341.32	0.8491602280969394	0.3179465427098649	
313.1132	276.92	0.5049856546540824	-1.4880945826058818	
313.8382	140.49	0.6014964924320108	1.0328070383256718	
313.8382	150.95	0.5731179347499632	1.180689193206988	
313.8382	153.45	0.5739309799217858	1.167707241050827	
378.0978	288.87	0.9603522916825173	0.09411632444440274	C16H21NO5S
313.9764	3.93	0.4730484416214688	1.6560634892419908	
351.1319	272.45	0.7303762948615494	0.6080389741396363	
378.994	276.52	0.3903719154163776	-2.13614778783928	
379.0484	300.81	0.4203876517483911	-1.9589774243842366	
352.8539	2.62	0.5682033598979095	1.2499044552559222	
379.1459	194.57	0.5923032992878858	1.0920208869860588	
379.1459	214.56	0.7520580857180165	0.550590057514762	
343.0912	348.01	0.5523918495240978	-1.3164895109940082	
343.1299	162.41	0.12789115885887686	-5.5159864687310325	C18H20N2O5
352.945	206.68	0.5683784658462835	-1.247987869127182	
352.997	341.19	0.11959632925024231	5.788519696798467	
315.1313	240.19	0.6714859395749067	0.7948844730143241	
315.1368	27.1	0.35967170332086457	2.2841685784742185	C17H26O3
353.0492	36.95	0.3029281734332626	3.0930482462570748	
380.885	3.27	0.9125828155352396	0.19269572255056763	
380.9215	2.75	0.3424348831415571	2.412320202792444	
353.8488	367.45	0.31081456343724373	2.834718396543785	
353.9484	206.68	0.6670259484532017	-0.8117507697692553	
354.0005	341.32	0.3903719154163776	2.1131954794699634	
354.0357	214.42	0.9628415792709575	0.08042429310545	
354.0525	36.95	0.32645275324189865	2.626349516732873	
354.0614	388.32	0.4006236459140054	2.027659738489951	
354.0726	319.46	0.6995207141936457	0.695303540505302	C12H19N3O7
344.9304	218.89	0.9371173775012831	-0.13839952621474486	C8H11Cl3O7
344.9304	227.95	0.47092829048695084	1.7074734452000637	C8H11Cl3O7
344.979	219.81	0.5251543631100755	1.4127265977319163	
344.979	225.59	0.32645275324189865	2.657391396338255	
382.1006	303.44	0.5725997575398007	1.2008816672266365	C14H17N5O8
315.9694	421.04	0.26203859253088646	3.557673847915944	
354.9429	206.68	0.604426193219049	-1.020738082000484	
354.9938	341.19	0.12622893082859257	5.5721494189008265	
316.1165	319.2	0.47092829048695084	1.7097318947768145	C12H19N3O7
316.14	27.1	0.9759597533736897	0.04954582552079492	C17H26O3
316.1626	430.69	0.7619941309563362	-0.5237161971324702	
382.9953	310.27	0.3424348831415571	2.463833303027534	
355.0446	36.69	0.5348664430179235	1.3843950227478001	
355.065	388.72	0.47092829048695084	1.7136166511833797	
355.0761	319.2	0.8845860631164281	0.2509837607551788	C12H19N3O7
316.833	153.45	0.6231375025394741	0.964401423343272	
383.1042	303.44	0.5681468654249244	1.2516467667879856	C14H17N5O8
383.1495	275.21	0.3482941320190433	-2.342719817593312	
383.8844	29.34	0.653877830866885	0.8659105503798854	
355.9961	341.19	0.2285103986856909	3.8297169490018406	
316.9699	420.78	0.20708377764879957	4.1839397991019895	
316.9963	208.52	0.09069509552245188	7.336555121387948	
347.0401	317.36	0.3055768430883649	3.0532497839405646	
347.0697	364.43	0.3064074163270436	-3.005686821665601	
347.0751	235.73	0.369236317827932	2.2340241413961204	
347.0751	236.38	0.50322963471095	1.533571973396406	
347.1209	280.86	0.8774997479475979	0.26941192682986315	
317.0991	349.2	0.6670259484532017	-0.80991026549615	
347.1716	24.87	0.756883299299167	0.5393297638851288	C16H28O8
317.1186	194.96	0.76666687119602	0.5132509120200734	C11H20O10,C12H16N4O6
317.1186	319.2	0.4242821106661876	1.9290706138558213	C12H19N3O7
317.1608	27.37	0.8491602280969394	0.31923660041832136	C19H23ClN2
357.0619	165.43	0.8623283017340305	0.2922723644256863	C18H14O8
357.0619	169.92	0.6727419881140061	-0.7727851166415114	C18H14O8
317.4688	420.78	0.3064074163270436	2.92363619465826	
317.8303	153.45	0.6062097918222302	1.01542540737226	
348.0607	302.78	0.34397446681867205	2.3697501021118876	
348.1742	24.87	0.7222779648729611	0.6289696667247469	C16H28O8
411.2253	25.13	0.653877830866885	0.8469907194780177	
386.0337	345.26	0.5725997575398007	1.2378520633332846	
318.0611	171.5	0.9936767105214729	0.013512687561164357	C10H13N5O5
318.83	153.45	0.654832629578657	0.8424541518566013	
412.9995	315.0	0.13822409317845727	-5.286799181454285	
387.2083	194.43	0.5208306756799413	1.4253861489984554	C24H30O2S
318.98	273.77	0.47179860855151706	1.6817627432705953	
358.9463	228.08	0.47538018860909226	1.6463180458271276	
413.116	214.42	0.50322963471095	1.5265940139890841	
413.1237	357.34	0.5049856546540824	-1.487551809437812	C22H22O8
358.9948	222.17	0.8398589809828769	-0.34388753991869864	
388.0141	298.85	0.32645275324189865	2.5894229142024914	
388.0296	222.17	0.5420196552169119	-1.3498519280115362	
413.9049	204.31	0.7303762948615494	0.6063364274780072	
359.8773	153.58	0.6343943852443609	0.9298406832981253	
389.0149	298.85	0.5131734725003576	1.4700138190479946	
389.0309	222.3	0.5580915716470527	-1.298892708998515	
360.1602	121.12	0.46514495307090176	-1.7790771716133298	
415.1068	25.13	0.7065535680234103	0.6740103557899809	
389.5164	355.24	0.469814776867549	1.7429150893743879	
389.5164	356.29	0.5642079266468917	1.270432324315578	
390.2401	24.87	0.6828920392147685	0.7451156839128481	
361.0438	209.57	0.7363625816730238	-0.5893197017732048	
361.0742	231.26	0.6995207141936457	0.6953911151355638	
390.8941	204.44	0.33012663968074624	2.5528172569128786	
390.8941	210.22	0.7065535680234103	-0.672330327124531	
390.9063	2.75	0.520160674866888	1.4429665085645815	
450.8608	204.31	0.8328388200458229	0.36004603010356095	
450.8608	210.62	0.8845860631164281	-0.25259025488617626	
362.1899	25.0	0.6433419908871918	0.9003923992734165	
391.0849	231.26	0.9303747213482105	-0.16028994564657298	
450.9221	206.68	0.5820717319106277	-1.1216398619597343	
391.2436	24.87	0.9997428118007121	0.0010409910737125402	
363.054	295.69	0.2830969626486834	-3.3674694839841877	
363.1834	25.0	0.7065535680234103	0.675248059404497	C21H24N4O2
392.0689	182.29	0.6014964924320108	1.0541804524681886	
451.9254	206.68	0.6014964924320108	-1.0318694527252625	
452.0495	319.59	0.6014964924320108	-1.053244252833514	C19H17ClFN3O5S
364.0878	171.63	0.916138107843438	-0.18527007480599958	
452.9201	206.68	0.5725997575398007	-1.1881278872946126	
394.162	157.68	0.3064074163270436	-2.909244592935622	
418.9741	204.84	0.6047298530468638	1.0189245498052475	C14H14Cl3O6P
418.9741	209.96	0.750465053690209	0.5596584110485601	C14H14Cl3O6P
418.9949	1.83	0.592481005266043	1.0903100240132864	
366.1505	214.95	0.16517752414009895	-4.709523750331122	C15H23NO9
419.9132	228.61	0.9797697570483505	0.04201913124680777	
395.0582	173.47	0.09069509552245188	-7.192619594635486	
366.8968	43.78	0.5208306756799413	-1.425972692461372	
419.9861	163.85	0.10380980561612808	-6.327915693531124	
419.9861	165.43	0.34208079624189897	-2.5044611372107592	
420.1114	386.75	0.13822409317845727	-5.136003450941143	
455.0136	222.17	0.5625491064302562	-1.2835886690405134	
455.0466	260.21	0.7214158933380798	0.6368033930065788	
421.2273	24.48	0.4242821106661876	1.9366858002765373	C20H38O7S
456.0171	221.91	0.40296159561776657	-2.0163343098068025	
456.1641	349.85	0.8845057445532422	-0.2546155952298588	C20H23N7O6,C20H23N7O6
422.2566	25.13	0.5725997575398007	1.23088530232351	
457.0185	222.3	0.8277384575666348	-0.37756272151078346	
422.8908	206.55	0.9605257509004523	0.08468404813570286	
368.8576	204.44	0.6718252870116748	-0.790304969371759	
368.8576	210.49	0.6475353059765717	0.8881238057579223	
457.226	24.74	0.823607928880752	-0.3949186661108715	
457.226	26.97	0.7929401681269181	0.46059129454894776	C23H38O7S,C27H30N4O3
368.912	204.71	0.5815309124748512	1.134297171505579	
368.912	209.96	0.7721773773599278	0.5034062922057627	
369.0386	367.18	0.9852960401114393	0.02731165743815716	
459.2266	26.97	0.9603522916825173	0.09111839930601243	
459.2615	25.0	0.5653416313809503	1.2641856636348663	C25H32N8O
424.155	130.08	0.29912790362089	-3.1529745055646363	C22H24ClN5O2
398.0045	276.65	0.3602414650593405	-2.2634811766363976	
369.9621	245.34	0.5523918495240978	-1.31596471234581	
425.0359	302.92	0.40296159561776657	2.0181919838167857	
425.0692	178.72	0.3424348831415571	-2.4092811400741683	C19H16F2O9
399.0463	349.2	0.2126107376930173	-4.028230744109978	C18H12N2O9
426.9333	219.02	0.7866511175501348	-0.470960090747649	
426.9333	227.29	0.9992411717554803	0.0035665677163527277	
399.1443	307.51	0.49489523274610353	-1.594727591524064	C22H24O7
399.1443	312.24	0.11959632925024231	-5.876071870850066	C22H24O7
399.1443	317.88	0.3586812247693238	-2.3006648413060047	C22H24O7
427.015	313.68	0.32123098165053887	-2.7845763504320615	C17H12Cl3N5O2
373.0104	222.17	0.5874546445903721	-1.1049207507820986	
373.1925	214.95	0.29617877385344166	-3.2256985092149355	C16H23N5O5,C22H25N2OS,C20H23N5S
402.0082	310.79	0.3424348831415571	2.3926986021968277	
428.8787	204.44	0.8048596417678481	0.43584081547798553	
428.8787	210.09	0.7345970155072425	-0.5949921041304974	
428.9306	205.1	0.9504539960780439	-0.11742855838522197	
428.9306	209.7	0.7234394021983215	0.6226563113280108	
374.0139	221.91	0.6014964924320108	-1.0302665505221422	
429.1944	27.37	0.5351506176797333	1.3785048598779872	C22H26O8
465.1418	292.54	0.2965009932528174	3.1815248724714844	
465.1418	296.61	0.3424348831415571	2.4270650697324077	
402.9952	421.31	0.09708333373731744	6.856656273639679	C9H14N2O12P2
430.0516	194.43	0.45204225861663966	-1.834920094709227	
430.0516	214.56	0.09069509552245188	-7.695465419806967	
465.9911	298.98	0.47092829048695084	1.7346397279522487	
466.8345	204.58	0.5642079266468917	1.2736624387718951	
466.8345	209.43	0.6572454758372449	0.8340061432751518	
466.8889	204.84	0.7584229149235722	0.5354259719279542	
466.8889	209.57	0.3903719154163776	2.107822518811652	
375.015	222.17	0.7535416406152129	-0.5459776821168961	
375.1523	364.95	0.2645968274130914	-3.524359785193391	
467.7866	2.75	0.47179860855151706	1.6810974497826203	
431.195	27.5	0.6884822322901577	0.7303796417712908	
404.9514	219.02	0.7618929073743835	-0.5264041414325786	
404.9514	227.95	0.49720843255003416	1.5839026749887375	
432.0673	194.57	0.6718252870116748	0.7893228621698942	
376.2515	24.87	0.5820717319106277	1.1273347899528332	
376.8347	321.69	0.5523918495240978	-1.3144979004978694	
469.029	222.17	0.5024346539522322	-1.5634255624457065	
469.7813	2.62	0.6014964924320108	1.0273689586591999	
406.0224	302.92	0.35967170332086457	2.2825165687476563	
376.9855	28.02	0.39964249972628857	2.0375386492961987	
470.0326	222.17	0.5032596304675404	-1.508628231135813	
377.0177	208.25	0.3903719154163776	2.095204111406685	
406.8679	204.84	0.5031015078383627	1.5529358722981628	
406.8679	209.7	0.7618929073743835	0.5259181520072119	
377.0455	161.36	0.5204894490415847	-1.4330138972338242	
377.0691	260.34	0.7442724481407635	0.5753906658097417	
434.0773	194.57	0.4643315357677644	1.7831369362074674	
434.0773	214.42	0.4231563751231188	1.9501899638301043	
471.034	221.91	0.4242821106661876	-1.9345029801421352	
434.9482	205.76	0.6921063040696682	0.7183257686098753	
434.9482	207.07	0.626757321128467	0.9511166178531686	
435.0684	194.57	0.39250990034177324	2.063358090868399	
435.0684	214.42	0.5625491064302562	1.2870192436509276	
408.8627	320.91	0.7124123987108141	0.6592599724513096	
490.2814	23.29	0.5725997575398007	1.2069336734092704	
436.2724	25.0	0.38384407583070707	2.1761364423031098	C19H39O6P
409.2362	29.2	0.5420196552169119	1.3490726840221492	
436.8699	228.61	0.9125828155352396	0.19305104245434127	
474.0313	319.59	0.7214158933380798	0.6373652468243786	C19H17ClFN3O5S
436.9063	206.68	0.8001018830638591	-0.4445104337050421	
437.072	194.83	0.32645275324189865	2.6113124496806863	
437.072	214.56	0.9852960401114393	0.026345006252078675	
437.1874	195.22	0.45760139454793214	-1.8164562624746163	
437.1874	198.51	0.09921178311534222	-6.522211546575107	
474.9819	276.65	0.45204225861663966	-1.8378643583614274	C18H15ClN2O6S2
475.1902	251.25	0.32298924815102426	-2.7599393289327208	
437.9097	206.68	0.823908160444395	0.38932400474788703	
544.8021	4.06	0.5032596304675404	1.511849513348031	
438.9043	206.81	0.9702223445751862	0.0667926615800628	
496.9861	264.28	0.29617877385344166	-3.2176404930242586	
440.1325	314.47	0.5031015078383627	1.5510217209724646	C19H19N7O6,C19H27N3O5S2,C19H19N7O6
440.8949	227.69	0.5660333384984607	1.2614742554342118	
440.9084	29.34	0.6673508989918822	0.8077647083711252	
440.9492	219.02	0.8277384575666348	-0.3732006504252916	
440.9492	227.29	0.653877830866885	0.849683417789504	
440.9979	221.91	0.5510900301344682	-1.3238664277782841	
441.064	234.28	0.1024172838215904	-6.409580323076229	
548.8994	206.81	0.5725997575398007	-1.2108915260535371	
549.9026	206.81	0.7303762948615494	-0.6092318962134505	
550.0266	320.12	0.5024346539522322	-1.5601903739178586	
500.916	227.82	0.6698038938497222	0.8023608247634489	
500.9707	219.02	0.88809022800474	-0.24019457980021475	
500.9707	227.29	0.9282067925657547	-0.1654836321961939	
501.7535	2.62	0.5296837829000797	1.3999401743400077	
443.0912	164.24	0.2965009932528174	-3.1708890819649937	
443.2476	24.35	0.6670259484532017	0.810544451911277	
550.8976	206.68	0.50322963471095	-1.5241075767308145	
551.0325	222.17	0.5032596304675404	-1.5056531090416567	
480.9725	319.46	0.5725997575398007	1.1901901249656335	
552.036	221.91	0.520160674866888	-1.4390623994220246	
444.2496	24.35	0.823607928880752	0.3960634223990741	
553.0376	222.17	0.4951850230707683	-1.5920685121728215	
504.8449	204.84	0.5208306756799413	1.4249687366590196	
504.8449	208.52	0.47538018860909226	-1.6403328632569445	
445.0532	365.74	0.8712103791182331	0.27859709610958244	C11H20N4O11P2
505.7298	2.62	0.3903719154163776	2.0886579627165758	
484.3059	25.79	0.6500023349594093	0.8782704103674138	C29H43NO5
485.3382	127.85	0.6219411329347552	-0.9699453236326481	
446.8349	204.31	0.7491724884840267	-0.5643765425501841	
446.8349	209.96	0.6710992807439947	-0.7977258972793405	
486.3416	127.98	0.8924005174564347	0.23157833535539465	
446.9393	241.67	0.8429744881974722	0.3367070735180164	
447.1346	30.65	0.5544009327046722	1.3096903322678368	
509.8328	4.06	0.4725210064431866	1.674116421018318	
627.912	4.32	0.47092829048695084	1.6920737867129338	
628.057	356.02	0.3903719154163776	2.0746310084986623	
510.8818	204.31	0.6219411329347552	0.9726285261685728	
510.8818	210.49	0.5032596304675404	1.4962343653976908	
489.2779	23.16	0.35967170332086457	2.268790257021187	
629.0602	356.29	0.32645275324189865	2.682024177248436	
511.8284	3.93	0.47092829048695084	1.718428050360753	
630.9023	206.15	0.39250990034177324	-2.0604321822747518	
630.9023	207.33	0.5420196552169119	1.3445227164086526	
563.3616	129.69	0.6014964924320108	1.0349965152472622	
797.0427	222.17	0.6500023349594093	-0.8797166852617444	
798.0458	222.17	0.6096048480567826	-1.0026814501439878	
632.8609	206.81	0.9603522916825173	0.09674948125832979	
633.0359	222.17	0.48937896485397236	-1.61074819186301	
513.3692	129.69	0.5725997575398007	1.2068787569781687	
634.0392	222.17	0.5650491663631925	-1.266301233255404	
564.8662	204.97	0.7222779648729611	0.6313076324484524	
564.8662	208.91	0.7520580857180165	0.550214071346918	
565.048	370.73	0.3064074163270436	2.9685237957739408	C15H24N2O17P2
634.8591	206.55	0.6502742923635391	-0.8766076044233783	
635.0409	222.04	0.5725997575398007	-1.1996879390892627	
635.0409	222.7	0.461952307000257	-1.7952723420685461	
566.0515	370.73	0.30734788942973174	2.8591355631649136	C15H24N2O17P2
567.053	370.73	0.3064074163270436	2.8745652128124006	C15H24N2O17P2
568.2055	298.85	0.49720843255003416	1.579737943391627	
644.9892	247.97	0.46890899404000813	-1.7634562619597236	
644.9892	254.14	0.8398589809828769	-0.3441164790837168	
569.009	254.01	0.7065535680234103	-0.6707714458457525	
646.8768	206.68	0.7183983037243696	-0.6489110906882409	
835.5351	128.51	0.5820717319106277	1.120192440391388	C43H81O13P,C43H81O13P
647.8797	207.2	0.6328754467554027	0.9334337938323312	
518.872	228.08	0.7003902468826052	0.689048262459049	
518.9093	205.89	0.46876520266960486	-1.767338275774748	
518.9093	208.38	0.38384407583070707	2.1711676930203074	
648.8754	206.68	0.6014964924320108	-1.0284821856398914	
571.8497	2.62	0.653877830866885	0.8553053008516136	
572.1473	404.11	0.4006236459140054	2.0274148668584058	
572.1473	409.66	0.7525094485584651	0.548473379470487	
521.0225	303.18	0.3482941320190433	2.349032862009205	
861.5511	127.06	0.823908160444395	0.39045909767496484	C45H83O13P,C45H83O13P
862.5546	126.93	0.9371173775012831	0.13872431675650265	C45H83O13P,C45H83O13P
865.0297	222.43	0.653877830866885	-0.8662700213302217	
574.3939	129.56	0.653877830866885	-0.8612615319792225	
522.8979	219.15	0.8948371026981728	0.22728105484227168	
522.8979	227.29	0.5725997575398007	1.2183379524695457	
522.9524	219.15	0.8491602280969394	0.319293056933929	
522.9524	227.03	0.654832629578657	0.8423336604292679	
523.0011	221.91	0.6014964924320108	-1.0578408342556513	
879.0461	222.17	0.50322963471095	-1.5393836289139302	
524.2995	162.67	0.5642079266468917	1.2732404719687633	C24H48NO9P
662.1029	347.49	0.47179860855151706	1.6799065810510243	C21H27N7O14P2,C21H27N7O14P2
888.5695	124.8	0.9304510344317267	0.15793838517330264	C47H85O13P,C47H85O13P
664.1184	319.59	0.09069509552245188	9.192066864120635	C21H29N7O14P2
578.8388	228.21	0.644995072297054	0.894210416023375	
578.8931	227.95	0.5204894490415847	1.4340966957790762	
579.0276	420.91	0.13822409317845727	5.1129812796362835	C15H22N2O18P2,C15H22N2O18P2
580.031	420.91	0.19127386807956304	4.336468759501269	C15H22N2O18P2,C15H22N2O18P2
582.9191	219.02	0.6849419770514462	-0.7411540119962918	
582.9191	227.29	0.5820717319106277	1.1173164376281213	
526.8559	204.84	0.5815309124748512	1.1344851756625123	
526.8559	209.7	0.6129613958298861	0.9943130331887743	
526.9071	205.23	0.9603522916825173	0.0914884759189327	
526.9071	208.91	0.7208219424925236	0.641282197647128	
527.789	3.27	0.469814776867549	1.7458798720837376	
585.4319	24.35	0.6637918811600173	0.8225839671355066	
585.8654	2.62	0.5280591096532394	1.4043754737081353	
586.4001	129.56	0.6995207141936457	-0.6954320029189949	
587.0304	370.73	0.32645275324189865	2.6601270206315952	C15H24N2O17P2
588.0336	370.99	0.3903719154163776	2.1039876803170423	C15H24N2O17P2
588.0757	378.35	0.3064074163270436	2.9509769830327626	C16H25N5O15P2
687.0078	222.17	0.8146866936235211	-0.4146440316772583	
588.41	129.69	0.6014964924320108	1.026920366742847	
589.4126	129.69	0.6219411329347552	0.9703332997241165	
701.0237	222.17	0.6415257433454541	-0.9081246779499724	
534.8836	206.55	0.8491602280969394	-0.32190919293134745	
702.027	222.17	0.3903719154163776	-2.078823350738003	
535.0375	362.06	0.19127386807956304	4.348575218102082	C14H22N2O16P2
597.3051	157.68	0.6409641371523505	-0.9141529487400779	C27H51O12P
597.3051	165.16	0.626757321128467	0.951635351000649	C27H51O12P
599.3209	161.09	0.653877830866885	-0.857449513292857	C27H53O12P
599.3209	165.16	0.635304163830545	0.9270367078180705	C27H53O12P
601.009	420.65	0.44990568526647945	1.8470272011940072	C15H22N2O18P2,C15H22N2O18P2
536.8817	206.55	0.4725210064431866	-1.6729233880340486	
537.0169	222.17	0.5625491064302562	-1.2860066006795243	
715.0395	222.17	0.5725997575398007	-1.2122976277454052	
716.0429	221.91	0.5186482105067515	-1.4521655346165345	
717.0445	221.78	0.44784777763685	-1.859090270578167	
604.9558	219.28	0.9852960401114393	-0.02590673504666271	
604.9558	227.03	0.607259182633487	1.0098051828349317	
605.0045	221.91	0.6996046350989323	-0.6940029047144027	
538.0202	222.3	0.6014964924320108	-1.0266350636334836	
606.075	355.89	0.3064074163270436	2.9795985804523606	
539.0217	222.43	0.823908160444395	-0.3912927668069468	
607.0782	355.76	0.31081456343724373	2.8292291596369554	
608.08	355.89	0.37190876082890895	2.223965051503966	
540.0543	347.36	0.5024346539522322	1.5668162926828266	C15H21N5O13P2,C28H22Cl3NO4
611.1452	446.51	0.47538018860909226	1.6448479006101182	C20H32N6O12S2
541.8049	4.32	0.5348664430179235	1.3860841080255388	
740.5478	28.28	0.34397446681867205	2.3734362857926414	
613.1408	365.48	0.6670259484532017	0.8131470948854238	C20H31N4O16P,C20H31N4O16P
744.8542	206.68	0.5725997575398007	-1.2081887125541415	
543.8006	4.06	0.47092829048695084	1.7033089271949418	
746.8524	206.41	0.5725997575398007	-1.1872626144231335	
613.8963	3.27	0.4918013241775884	1.6022192885446942	
614.144	365.74	0.7757412960264009	0.4919071097197519	C20H31N4O16P,C20H31N4O16P
619.0202	222.17	0.5976443763558563	-1.0770441574812561	
620.0236	222.17	0.6014964924320108	-1.0530207679365342	
620.9679	370.47	0.28068262191273197	3.403873288188759	
761.3694	129.69	0.9147758932773535	-0.18869206137008276	
783.0272	221.91	0.816127660835074	-0.4102161810660344	
