m/z	rtime	p-value	t-score	custom_id
69.0704	187.3	0.6623286219388681	0.6070143948915376	
135.0844	33.32	0.05155514582970683	-3.680084585922061	C5H11NO3
218.9431	209.53	0.8214752439399573	0.33632535757930765	
181.105	26.62	0.05265295444067835	-3.633128797108458	C11H12O2
219.0716	246.3	0.04437849807799136	-4.013650518157458	
219.0975	361.29	0.016837289236888726	-6.585585949814211	C8H14N2O5
136.9107	208.74	0.8539147846513648	-0.2842042874363441	
136.94	209.39	0.5971210158187947	-0.7505599456050042	H3O4P,C2H3KO2
136.9693	209.66	0.38349539210981864	-1.2328872937044757	
219.1127	27.8	0.049299243886624884	-3.7371229277790667	C12H14N2O2
219.1168	307.95	0.1534005553516195	-2.247505483154242	C8H15N3O4
219.1168	318.33	0.38349539210981864	-1.2350444685210449	C8H15N3O4
219.1338	232.57	0.07946228794705022	-3.0301712197627193	C9H18N2O4
219.1338	271.47	0.020516563783802424	-5.80330332081198	C9H18N2O4
137.0594	28.07	0.026340066276229666	-4.995245539900453	
219.1743	24.65	0.8366099687670545	0.3150830055005355	
137.0709	200.99	0.1405467736420416	2.3441154276062846	C7H8N2O
137.0727	211.36	0.2405611751930648	1.7298236274812286	
137.9433	209.39	0.5608446724145654	-0.8202883651417389	H3O4P,C2H3KO2
138.0549	356.04	0.1928749486570651	1.9864787033870472	C5H4O2
138.0742	200.99	0.14330508152214427	2.321025546233721	C7H8N2O
138.9194	207.42	0.3175563342298901	1.465369809129675	CK2O3
138.9194	212.15	0.11234463320994544	2.616175462659316	
138.9381	209.39	0.6448187304344097	-0.6408516489354417	
138.9441	209.39	0.9199787534887838	0.15103749392672747	
139.0753	201.25	0.17882573440587346	2.055410843362375	
139.0977	202.7	0.46738639547300775	1.0217381365753706	C6H10N4
220.0927	333.88	0.036157410072023256	-4.35488412522684	C7H13N3O5
139.9146	207.42	0.11045698057655752	2.6334576711298783	
139.9146	212.41	0.2843189951737903	1.5695853099822294	
139.9415	209.26	0.6777996332146607	-0.577167225928447	
220.1178	185.07	0.896746549331193	0.20203211933613505	C9H17NO5
140.0106	265.26	0.025923575265211427	-5.185003548031889	H3O4P,C2H3KO2
140.9362	209.13	0.6822818046813326	-0.5691398913457335	
140.9424	209.39	0.6075047171137999	-0.7256568451756019	
220.9014	209.39	0.4359027818129349	-1.0901395158334906	
220.9412	209.79	0.49546560108284965	0.9635254642681043	
221.0178	318.59	0.21124995430123167	1.8707590468166084	
221.0768	376.29	0.26640061022614886	-1.6327693247947563	C7H12N2O6
221.0956	252.61	0.0016830810913441338	-15.5030219477753	C8H16N2O3S,C8H16N2O3S
221.1131	280.3	0.01950689108461189	-6.167067754241391	C8H16N2O5
77.9273	209.53	0.357765423394193	-1.324816284965499	
78.9562	206.9	0.04432755534974902	4.019703248933869	
78.9562	212.94	0.09661922306643612	2.807211290736564	
221.8996	146.6	0.921239771506489	-0.14255565159573758	
221.8996	156.84	0.11710859434470483	2.5710108277232377	
221.9047	209.53	0.6827687468191858	-0.5665455017147683	
184.9797	242.58	0.20679114003947324	1.8961530367441801	
80.9935	209.39	0.9199787534887838	0.14770091932120283	
81.9883	209.39	0.9125638870520506	0.17281473286164292	
82.9916	208.47	0.7849676209379766	0.39423564940363715	
222.8995	209.39	0.4172839323467246	-1.1464540910368002	
144.0477	201.65	0.5649326982129256	0.8084261117240717	
144.0655	356.3	0.422696991166743	1.1276675016882256	C6H9NO3
223.0635	24.52	0.44512253505875027	-1.0689272944504082	
84.9117	211.76	0.9759488575682115	0.046077312675094066	
85.0289	324.92	0.08501695226330397	2.9495520543842755	
144.9275	206.64	0.021584569556072148	5.645271122916859	
144.9275	213.33	0.025960113188888516	5.045717550492814	
186.0761	356.3	0.4126074414101869	1.163036154639862	C8H11NO4
186.0872	318.59	0.23083654037801374	-1.778530476877956	
87.0445	282.94	0.05265295444067835	3.6434091578233585	
87.0548	324.53	0.15713082878849954	2.2153232835423444	
187.0713	318.46	0.117608788477625	-2.5622918741199134	C8H9NO4
187.0713	325.84	0.10687478144700703	-2.682126053292073	C7H10N2O4
187.0713	355.22	0.20310745230119054	-1.923435554514814	C7H10N2O4
187.094	28.2	0.23982256685340045	-1.736709860598517	C8H12O3
224.1109	177.59	0.13558520922802245	-2.398393048938139	C11H14N2O3
146.0923	261.19	0.015196005700409186	-7.801778069225125	C5H11N3O2
146.1175	27.67	0.025929666676355097	-5.120856336016754	
146.1175	330.99	0.035482637266781455	4.404261483780798	C7H15NO2
187.144	27.67	0.13861465127361305	-2.3696669441089244	
224.1572	26.88	0.05414036433198332	-3.5915233125406174	
224.1854	26.62	0.9480245744465832	-0.09152246115257473	
89.0965	26.23	0.6625321075277468	-0.605772651464617	
147.0473	27.54	0.03078668092049248	-4.6817188856515815	C6H10O2S,C6H10O2S
225.0466	216.52	0.31529914211276994	1.4739027740237844	
188.0919	271.2	0.9882256738843926	0.022375136192120455	C8H13NO4
147.1014	26.88	0.030125215552342415	-4.781856002551961	C7H14O3
147.1208	27.67	0.05274232604242779	-3.6276581379616144	
189.0738	166.43	0.9480245744465832	-0.09321824712659665	C11H9NO2,C6H10ClN5
91.0587	254.97	0.047037238520610876	-3.8783669520906825	C3H7NO2
189.1345	197.68	0.19928863774106928	-1.9483589609241403	C7H16N4O2
189.179	410.79	0.12202493455702623	-2.5231573937625082	C9H21N3O
190.0713	24.65	0.44030672930980175	-1.0803486988745932	C8H11NO2S,C8H11NO2S
190.0821	315.57	0.23590303054099673	-1.7509823349305746	C6H11N3O4
190.0821	339.79	0.022247403649488795	-5.506360622960396	C6H11N3O4
94.0655	168.92	0.1596545706300385	2.187441981806196	C6H7N
225.97	208.08	0.10123043183394395	-2.7487344622444723	
225.97	210.31	0.03516977107000471	-4.419037486174932	
149.0575	324.66	0.08008593236608148	3.012132153856125	
190.1379	197.68	0.33341725356769897	-1.4092511387748186	C7H16N4O2
97.0288	370.65	0.09880607931661156	2.77539387932032	C5H4O2
97.0288	420.28	0.06629201878163932	3.2780675999806688	C5H4O2
226.0797	297.58	0.2108006826598643	-1.875907008874068	C7H13N3O4
226.0797	332.04	0.06616724945066528	-3.290592417534557	C7H13N3O4
190.9018	1.57	0.8684200937741253	0.25071257911119543	
190.9926	274.49	0.03223536679088892	4.622112653642095	
149.096	25.18	0.4211632501405995	1.134394763073643	
97.0652	27.28	0.7013885966518125	-0.5303593564734912	
226.1648	28.2	0.03733027315633966	-4.285796350602468	
191.1025	296.0	0.036564982194778876	-4.338337943881171	C7H14N2O4
226.1801	34.24	0.2201084396147142	1.8262163759820798	
150.0645	324.79	0.0884139916563203	2.8945477827182935	
150.0773	205.06	0.2405611751930648	-1.7307217921673013	C6H7N5
98.9846	265.26	0.023163516071762903	-5.35834154359814	H3O4P,C2H3KO2
227.066	310.71	0.6900315329560938	0.5528331085471176	
192.106	295.74	0.294871639581033	-1.5340580608125958	C7H14N2O4
192.1581	35.68	0.6305582725772322	0.6723113396431706	
227.1683	28.2	0.047037238520610876	-3.902057269115445	
152.0373	252.61	0.016837289236888726	-7.126247374875512	C4H9NO3S
152.0566	146.73	0.013847156697513307	-8.025089560664764	C5H9NO2S,C5H9NO2S
152.0566	174.83	0.2553102917749956	-1.6739358425143678	C5H5N5O,C5H13NS2
227.96	146.73	0.8760678058010586	0.2399607842644909	
227.96	156.97	0.04500830293044518	3.989262123871105	
193.1436	34.37	0.34899749046554895	1.3516745012736304	
153.0406	174.83	0.17882573440587346	-2.0531886514754545	C5H4N4O2
153.0599	146.73	0.023163516071762903	-5.365279401685247	C5H9NO2S,C5H9NO2S
153.0599	174.83	0.21124995430123167	-1.8722813101893048	C5H5N5O,C5H13NS2
228.1958	27.01	0.11946840026774067	2.548805551495613	
194.0222	199.25	0.030125215552342415	-4.759812031289298	
154.0742	324.53	0.13164305502285964	2.4327701752168727	
194.8549	207.16	0.06536130028157021	3.3209039615445923	
194.8549	212.81	0.294871639581033	1.5352135070950124	
229.1546	320.03	0.6621229297410507	0.6082596109494844	C11H20N2O3
195.0028	299.42	0.27269842341456163	1.6056016285993437	C3H9O6P
195.0798	252.61	0.012094439947639925	-8.656950626628914	
195.0798	275.7	0.016837289236888726	-6.8102522418137355	C14H10O
104.0579	168.4	0.15794467263866888	-2.2045596377962955	
229.9564	146.73	0.8184247036412468	0.3412344620682564	
229.9564	157.5	0.023163516071762903	5.355708144633	
155.0871	146.34	0.7414201360836361	-0.46567201274087255	
155.0871	166.03	0.8020701916073744	-0.36619425973162467	
230.1134	323.08	0.12202493455702623	-2.5221851026968376	
195.855	207.16	0.06004844176105424	3.4356915643782813	
195.855	212.68	0.34519600024308456	1.3619273276747261	
156.042	211.49	0.1534005553516195	-2.244902878432252	C3H10NO4P,C7H7O4
196.0091	274.35	0.016837289236888726	6.403232869738328	
105.0702	26.23	0.33619109731524277	1.3995627584789216	C8H8
196.0969	28.07	0.04074112923991889	-4.147146227619083	
231.0546	221.11	0.3800606590756011	-1.251712415346895	
157.0454	211.49	0.1400771046031044	-2.35545818192732	C3H10NO4P,C7H7O4
231.1202	28.2	0.42416770254989344	1.123024336225679	C16H10O,C8H14N2O3S
106.9509	207.42	0.8553717196583184	0.2798636693710149	
106.9509	211.36	0.5264167261338475	0.8978769320216435	
231.1702	28.07	0.04305959839293189	-4.0606686217005326	C13H20O3
196.853	207.16	0.1322319429804414	2.426067396255796	
196.853	212.68	0.3113291395150057	1.4865131504903657	
196.9612	209.39	0.5322985375330599	-0.8848877236496284	
157.1083	364.97	0.0345394716258109	-4.4620422758721165	
232.1291	281.89	0.016837289236888726	-6.472260834725278	C7H14N2O4
197.1009	364.44	0.02968353510822097	-4.817719625629727	
197.1145	146.47	0.05724538907935457	-3.492097912036903	
158.0401	211.36	0.16643141437642425	-2.1485703751303937	
158.0678	196.76	0.2014048690370095	1.9355324403430831	
158.0678	197.81	0.12178288824920377	2.5272768780571764	
232.8106	208.21	0.08008593236608148	3.015768085935995	
232.8106	211.49	0.2522165661457567	1.6877314698027774	
198.0105	146.6	0.9125638870520506	0.17037674918145918	
198.0105	157.1	0.057643380221246356	3.4787683202923634	
198.0526	299.55	0.4841241894426061	0.9859783207685543	C5H12NO5P,C9H9O5
233.0631	197.41	0.294871639581033	-1.5361425736277527	C13H12O2S
233.087	227.81	0.13126069362402204	-2.437791380382047	
233.087	231.39	0.2632644446539577	-1.6436507955001225	
233.1494	33.84	0.04107688999021251	-4.12360346896805	C10H20N2O4
233.8108	207.42	0.1255099372276567	2.4853101556595583	
233.8108	212.55	0.13605041392301892	2.3901382151236903	
159.0916	166.43	0.896746549331193	-0.20291094324320302	
234.0269	214.51	0.16824150405073107	-2.1364118814980184	
111.1171	25.7	0.9847754245848145	-0.030344686166592624	
160.0756	27.93	0.0576575932304034	-3.4753314735621403	C8H6O
198.9594	209.39	0.6718256726768215	-0.5901418366067591	
198.9744	214.78	0.016837289236888726	-7.170283613207309	
112.0508	163.67	0.12249440634998644	-2.5121572444502775	C4H5N3O
160.9013	207.16	0.041861482727769496	4.096140679477009	CK2O3
160.9013	212.81	0.025923575265211427	5.1483393062338365	
234.1963	199.25	0.12745995670589721	2.465183156202361	
234.8088	207.56	0.3718355618265286	1.278568307204772	
234.8088	211.63	0.13605041392301892	2.3883215220915095	
161.0377	227.42	0.0738293441225314	3.1300601227457374	
234.917	209.39	0.42728720083981164	-1.1144161380732471	
112.8959	209.0	0.2613470833671312	-1.6501000040063243	
161.092	293.87	0.033216729258948446	-4.577494463716924	C6H12N2O3
235.0923	371.96	0.033216729258948446	-4.570783640128697	
235.1115	316.49	0.4146811592110679	-1.1567953128732449	C8H15N3O5
161.1284	213.33	0.016837289236888726	-6.424292772499718	C7H16N2O2
113.0541	163.67	0.11718580149873563	-2.5686652183789147	C4H5N3O
235.1481	400.19	0.054941458883201774	-3.5577605866565496	C9H19N3O4
161.9354	207.42	0.3704885459321926	1.2851330019774436	
161.9354	212.15	0.4723028064155138	1.0105295058205586	
235.9203	209.26	0.4578413896193819	-1.0399986258435472	
161.9927	207.82	0.5030044537939934	0.9494091492229924	
161.9927	211.23	0.6575675557868399	0.6156514184838191	H2NaO4P
200.1029	307.95	0.1858938913048082	-2.0211346065694737	C8H13N3O3
162.05	221.77	0.0210233063582874	-5.706946311348858	
162.05	228.07	0.08773653719708632	-2.9101744838823103	
236.0224	214.51	0.21124995430123167	-1.8706305859721575	
162.0953	293.87	0.030125215552342415	-4.76069654732282	C6H12N2O3
236.915	209.26	0.4578413896193819	-1.0408753576413547	
162.8994	207.16	0.016837289236888726	6.755928897736439	
162.8994	212.94	0.04531904179114028	3.965710590955014	
201.061	227.55	0.08343947465278637	2.975645864435475	C6H8N4O4
162.9977	242.58	0.15441421522921894	2.232514848388662	
201.0869	308.08	0.1597010877775634	-2.1843053457227604	C8H12N2O4
201.0869	344.25	0.054941458883201774	-3.5549665777882664	C8H12N2O4
163.0712	315.04	0.04500830293044518	-3.9863572457239	C5H10N2O4
237.0902	252.61	0.021619676292566593	-5.596457572011322	
237.1233	27.8	0.04992540616646627	-3.7186652769112403	C14H11NO2,C8H12N5OP,C6H15N3O4S
237.1334	26.23	0.6275581142506177	0.6774943586930225	C13H11N3O
237.9184	209.53	0.3679558979850006	-1.2944606441550175	
117.0548	26.23	0.20310745230119054	-1.9217668453415693	
202.0862	27.8	0.056295433566994166	-3.5146274227014587	C12H11NO2,C7H12ClN5
238.045	299.42	0.22638164869373809	1.797443006419578	
117.1137	146.34	0.7951022995322602	-0.3764785440108346	
117.1137	165.9	0.9367425685730196	0.11496342820714528	
164.0741	27.54	0.03768919354704284	-4.262316812178795	C5H10N2O4
164.0741	315.04	0.047037238520610876	-3.881471279773506	C5H10N2O4
238.1267	27.8	0.049299243886624884	-3.740730036125403	C14H11NO2,C8H12N5OP,C6H15N3O4S
202.9692	207.42	0.32365765550195946	1.4437268982680995	
202.9692	211.63	0.08694612065115297	2.926689701621096	
202.9692	221.77	0.6214284961693398	-0.6899887285955377	
118.0613	260.11	0.019574754183960895	6.055904910136649	C3H7N3O2
238.9131	209.39	0.4310506049741333	-1.1037104413324872	
238.9194	209.66	0.23546591544539056	-1.7546858402253669	
119.0493	28.07	0.07186477307503601	-3.1749328205759872	C8H6O
239.038	253.92	0.021619676292566593	-5.606422101165917	
165.0545	211.1	0.9578098506276421	0.0746597249947599	C9H8O3
239.0483	299.55	0.32158799316825826	1.4503839080760712	
203.0526	198.07	0.37257211421672126	-1.2758697265216508	
203.0526	217.3	0.01950689108461189	-6.114914165434579	
203.0766	214.51	0.3393007457604528	-1.38948543685274	
203.0766	221.9	0.06566206929057175	-3.307952756264944	
165.0772	27.54	0.17577481300969877	-2.0770974702498046	C5H10N2O4
239.1023	220.19	0.025960113188888516	-5.0903233425996195	C11H14N2O4
239.1023	227.68	0.10812922030784988	-2.6678478809586155	
119.1261	201.12	0.23993986518101815	1.7351808976327818	C6H15NO
203.1026	307.69	0.05241668534458623	-3.6511624707611263	C8H14N2O4
239.1278	25.96	0.41447568274431185	1.1585694661084747	C13H18O4
120.0906	214.12	0.19609502976179635	-1.9652581534408824	
204.0243	242.71	0.5889775319110788	0.7650028632518541	
204.0243	246.95	0.4147528519136708	1.1541540726541413	
120.1021	198.6	0.6884069806002284	0.5559991869799593	C5H13NO2
165.9302	207.95	0.13558520922802245	2.4038798641279047	
165.9302	212.28	0.3655523012084261	1.3004143384021847	
120.9663	208.08	0.3795590790588037	1.2557449884665954	H3O4P,C2H3KO2
120.9663	210.71	0.5836509208283671	0.7750178150565386	H2NaO4P
120.9873	221.51	0.016837289236888726	6.788105483304826	
121.0163	209.13	0.9916860263504124	0.01670850559150093	
204.0866	356.04	0.23083654037801374	1.7737835240727895	C8H13NO5,C9H17NS2
204.0978	331.91	0.022082279866060366	-5.558361899965148	C7H13N3O4
166.0145	366.97	0.05315727548779382	3.6139135899108004	
121.0649	26.49	0.15607679311418296	-2.2217156511798173	C8H8O
166.0697	27.54	0.07008593402756844	-3.211004763998144	
240.0953	308.08	0.14861787952060573	-2.2725606589005025	
240.0953	317.8	0.5464642358688845	-0.8501863901477374	C8H15N3O4
121.9697	207.82	0.5372489533870016	0.8724354710396206	H3O4P,C2H3KO2
121.9697	211.76	0.6075047171137999	0.7249187195226581	H2NaO4P
204.9673	207.16	0.14834782045894307	2.2755546188659794	
204.9673	211.89	0.016837289236888726	7.311525306472306	
122.9246	209.39	0.5889775319110788	-0.764367202324932	
122.9645	207.95	0.6322087624163273	0.6648576460433047	
122.9645	211.23	0.6075047171137999	0.7242346655606502	
166.9506	208.61	0.4197191231924634	-1.1390122100110442	
205.0682	197.41	0.7414201360836361	-0.46644818741057653	
205.0682	215.73	0.03356966881755122	-4.5395088676499205	
123.0442	211.1	0.9970567799858625	-0.006196225206215592	C7H6O2
205.1182	261.32	0.20679114003947324	-1.8941714125469504	C8H16N2O4
240.9667	224.0	0.05346557698645204	3.605519121685811	
123.0747	201.65	0.5180287880844198	0.9168201445460571	C4H4N2
123.0806	27.28	0.42895460323262025	-1.1084734445509241	
123.1291	2.1	0.27628962537513274	1.5949514551552082	C7H12O
241.1015	252.87	0.002051439040587647	-13.898987466698692	
241.1095	252.61	0.0016830810913441338	-15.793003253368225	
205.9956	256.43	0.3736341366053187	-1.2727053592604363	
124.0587	32.92	0.19224707284577203	-1.990166455373986	
168.0901	168.13	0.2274286823569978	-1.7929060589883317	
168.0931	168.0	0.1705321724787505	-2.1124024194037494	C9H11NO2
206.04	205.45	0.21498206720001087	-1.8505722668301097	
124.9227	209.53	0.6442070777725747	-0.6436215493289756	
241.1837	26.88	0.04339410841486313	-4.048668619953598	C12H20O4
206.0716	197.55	0.6479860352660349	-0.6354868043942824	
168.1263	146.47	0.6308236692749967	-0.6700219108503324	
124.9998	319.51	0.7185418251487217	0.5039062103062967	C3H5ClO3,C2H5O4P
206.1004	165.9	0.9173825520688123	-0.15626124978343364	C11H12N2O2
206.1216	261.32	0.19977548928568584	-1.9449394811042497	C8H16N2O4
242.0182	213.07	0.016837289236888726	-7.148577886385249	
126.0219	220.46	0.17577481300969877	-2.0753094571187383	C2H7NO3S
169.0844	173.25	0.10415950387622729	2.718557360388303	
242.0374	227.28	0.09668766554168318	2.804531648532912	
169.0858	27.8	0.49546560108284965	-0.9635268588464527	
242.0746	333.62	0.10896197471064495	-2.6552463720051014	C7H13N3O5
242.0997	185.2	0.9759488575682115	0.043495291568861935	C8H10N6O3
242.1047	252.61	0.0016830810913441338	-17.059939546325808	
242.1128	253.0	0.03068245634200246	-4.692911819804901	
206.9695	1.44	0.10667222879184836	2.68895300815919	
242.2841	28.33	0.5204504977062472	0.9091392732023483	C16H35N
169.9857	220.98	0.2511423936552033	-1.6928039030177016	
170.0599	165.9	0.8941789694756984	-0.20851852369122695	C11H7NO
242.9617	206.77	0.016837289236888726	6.654767820874062	
242.9617	214.38	0.07859428135480413	3.0484470071450374	
243.0159	212.41	0.5614581906688466	0.8174519327385192	C7H4ClNO4
207.0798	243.24	0.016837289236888726	-6.83483397084881	C7H14N2O3S,C15H10O
127.123	203.35	0.4578413896193819	1.0403794317454844	C7H14N2
128.1264	203.35	0.5101668260000592	0.9360233906136197	C7H14N2
207.1591	26.62	0.6706949087029714	-0.5926520497084659	
171.1379	25.7	0.11738579045010676	2.5655474410569834	
208.0694	198.2	0.3302185241715056	1.419198230061022	
208.0694	217.04	0.7934610568441888	0.3805492546574725	
244.0529	214.78	0.22510218938426357	-1.805160960805009	
244.0529	221.77	0.13605041392301892	-2.3896651648580036	
244.0529	228.2	0.1405467736420416	-2.3471783158761728	
244.0926	163.67	0.12872346404667714	-2.45444547026365	C9H13N3O5
208.1009	300.86	0.04742824713776831	-3.8615751654702457	C7H14N2O5
244.1291	315.57	0.05509163015901357	-3.545895417065519	C10H17N3O4
130.0651	166.29	0.8539147846513648	-0.28346304624344504	
244.9538	222.69	0.0631163645509384	-3.373280844696226	
245.0203	277.02	0.2187581056057193	1.8343239204887705	
131.0492	168.13	0.14834782045894307	-2.2758736778365085	
131.0702	27.67	0.8684200937741253	0.2559487138179015	C6H10O3
245.0959	163.67	0.1275030290989431	-2.4631974398193406	C9H13N3O5
245.113	357.49	0.18825053391443397	-2.0093475898476147	C8H13NO5,C9H17NS2
245.1357	201.91	0.4282939652620079	1.1116149579639352	
245.1858	27.8	0.047037238520610876	-3.9079516840302433	
174.0386	145.55	0.007032132063511184	-9.67725480396809	C5H9NO2S,C5H9NO2S
246.0971	163.8	0.20525067982037434	-1.9071525463025765	
246.1195	257.09	0.6884069806002284	-0.556809426128062	
246.1195	294.92	0.6994877144476327	-0.5342607529670736	
132.0655	301.52	0.294871639581033	1.5349434625792762	
246.1447	274.62	0.08396915667101766	-2.966076739601805	C10H19N3O4
246.152	36.07	0.13558520922802245	-2.399632227658184	C12H11N3
132.0808	27.93	0.10155930949041145	-2.744220155673733	C9H9N
132.0808	166.29	0.7793826003954185	-0.4044614434555994	
246.1811	362.48	0.05265295444067835	-3.6327038657977364	
246.1811	411.58	0.025923575265211427	-5.133831027684065	C11H23N3O3
210.1416	28.2	0.04500830293044518	-3.9904603501147804	
133.0859	26.75	0.016837289236888726	-6.8225819316967105	
247.0222	256.7	0.31013127526336637	-1.4904457449402062	
210.17	28.07	0.6772204183034383	0.5798878102365838	
133.099	178.64	0.08879768482560231	-2.888463781479263	
247.0579	265.39	0.01950689108461189	-6.082308089014474	C6H15O8P
175.1077	246.3	0.02675554165951873	-4.957110562389577	C7H14N2O3
247.1033	335.19	0.06566206929057175	-3.3096686364385235	
133.1012	25.18	0.6884069806002284	-0.5576431253130106	
247.1287	330.47	0.8606164114270327	0.269021724770537	C10H18N2O5
247.1481	274.88	0.2522165661457567	-1.6872211359603013	C10H19N3O4
247.1528	384.83	0.07157586467845611	-3.18176971682102	
211.0769	217.17	0.9412181732986369	0.1069000980642033	
247.1593	384.83	0.016837289236888726	-6.460362196045656	C9H19N5O3
247.1844	362.08	0.04882030957312675	-3.8042444619817983	
247.1844	411.58	0.03676032110845739	-4.32112991595785	C11H23N3O3
134.0188	256.7	0.2540752917566003	-1.6791026816576815	
176.0294	187.7	0.38794431140280267	-1.2191140712839714	
248.0215	367.1	0.035487663484494406	4.397627876607431	
248.034	32.66	0.15895060437416847	2.193586204159217	
248.0587	24.52	0.4933145163024251	-0.9699280847411986	
134.0812	41.72	0.32158799316825826	-1.4527245061076297	C5H11NO3
176.111	246.43	0.21215824788503396	-1.8662930166539435	C7H14N2O3
134.106	178.77	0.034764021829873655	-4.4428768788569775	
248.124	308.08	0.07274396675773621	-3.16001263822949	C9H17N3O5
176.1393	212.02	0.07282554434672871	-3.1486157053632393	
248.2371	28.33	0.11469650855598386	2.595855957489952	
279.8322	207.03	0.22509561421928218	1.8076089038349836	
279.8322	212.94	0.05009742075087956	3.7080739363660706	
249.0609	166.29	0.7152902408675186	0.5092107378376532	C10H8N4O4
249.082	261.32	0.40482021030967164	-1.1806387405525112	
249.0958	217.04	0.8648104247823752	-0.2626735799411318	
212.8515	207.56	0.9880925012472872	0.023897193195341934	
212.8515	211.36	0.36064003750295487	1.3115983776243798	
249.108	345.47	0.6772204183034383	-0.579974700320603	C9H16N2O6
249.108	359.32	0.02465147654611686	-5.26563401882373	C8H7FN2O3
249.1194	304.93	0.36031484617693876	-1.3153629943230676	
249.1271	164.72	0.14370654404973546	-2.3160265333652257	
249.1271	308.08	0.06795240766397742	-3.2438603697964705	C9H17N3O5
280.0918	318.46	0.19437195447437391	1.9782379059807056	C8H20NO6P
280.1289	198.73	0.052172321831778584	-3.6625416072454526	C13H17N3O4
280.1289	201.38	0.023163516071762903	-5.36606373668247	C13H17N3O4
177.8881	208.61	0.8979174417397479	-0.19906897123965236	
177.8881	210.18	0.11542247767759199	-2.583657843677612	
177.9667	209.26	0.6320042090165209	-0.6674041414938858	
178.024	213.6	0.7670815170899513	-0.42739586478692293	
250.0933	35.29	0.23055112900085414	-1.781854148460271	
250.0991	197.68	0.4578413896193819	1.0413346590573225	
250.0991	216.91	0.9880925012472872	0.02371360156695428	
178.0903	298.37	0.03412178570686564	-4.491520148062213	C6H12N2O4
281.0952	318.33	0.21322205020741422	1.8589694833498556	C8H20NO6P
250.884	207.42	0.5084254302184659	0.9397650487638586	
250.884	211.63	0.5993361354711338	0.7416851969844883	
281.113	285.04	0.020937201291392482	-5.7492181015861	C13H16N2O5
281.1493	162.09	0.12346196848447495	-2.5009992022713754	C14H20N2O4
281.1493	175.49	0.535175161952956	-0.8765920471062985	C14H20N2O4
281.2066	26.88	0.17437507550085124	-2.0920741947842854	C12H20O4
251.0427	243.37	0.030582051602834552	-4.7040781530359235	
251.0695	312.29	0.6214284961693398	-0.6903868632930547	C8H14N2O5S,C8H14N2O5S,C9H15O6P
251.1388	27.67	0.05624160136185803	-3.518745595940292	C11H20O6
179.0703	28.07	0.05196648414139371	-3.6696211762352275	C10H10O3
282.1188	205.06	0.20452446509898317	-1.9135633220788555	
282.1422	239.53	0.06566206929057175	-3.30252825132415	C11H21N3O4
252.0725	303.88	0.3827556522891896	-1.240409303365791	
282.2789	29.38	0.944687716703884	-0.09918111510342544	C18H35NO
282.2789	35.02	0.8436401913218673	-0.3009753604704061	C18H35NO
252.1886	27.41	0.3292161558428615	1.4257466384029478	
179.881	213.99	0.1954796826115852	1.9714856298855952	
283.1174	28.07	0.24363950069631096	-1.719425622550543	C14H18O6
283.1287	203.22	0.047799823824998575	-3.84908810022209	C13H18N2O5
283.1287	206.64	0.04882030957312675	-3.786581388422915	C13H18N2O5
180.0879	349.54	0.17165191750994538	-2.106261354080837	C7H9N5O
215.1265	28.07	0.08008593236608148	3.014490950877672	
253.1644	28.2	0.08773653719708632	-2.909544565840838	
215.139	242.19	0.03615331560975509	-4.361276746453939	C10H18N2O3
180.879	213.86	0.1096904374932787	2.6444368002220955	
253.2385	199.25	0.22514351037095776	1.8038180149292355	
284.0733	248.66	0.8684200937741253	0.2506856076521659	C13H9F3N2O2
284.0987	174.96	0.23586043480871313	-1.7522932938961548	C10H13N5O5
284.121	28.07	0.5413486198111042	-0.86229692846342	C14H18O6
284.121	218.09	0.08008593236608148	-3.014448570048892	
216.0631	299.42	0.5325522987291568	0.8835314301825771	C5H14NO6P
311.1235	314.65	0.07625707500546623	-3.0843955242065606	C14H18N2O6
311.143	247.09	0.0892333707231595	-2.8808559163877687	C15H15N3O4
284.2065	27.41	0.03733027315633966	-4.279142595191018	
254.1214	182.18	0.18314265030075286	-2.0346043630480146	C12H16N2O4
254.1598	175.75	0.23083654037801374	-1.7738818829728744	
216.8367	206.9	0.023147448937625072	5.408619337786479	
216.8367	212.94	0.025960113188888516	5.073538089641109	
254.1961	26.62	0.10427140743769019	-2.7121031280148333	
254.1961	28.2	0.23083654037801374	-1.778553167837913	
284.9717	222.03	0.9121876449863235	-0.17703029839844203	
284.9717	227.28	0.5261493523441267	0.8992588444815409	
254.9825	224.4	0.1152689550280398	2.5883882443455275	
285.1023	174.96	0.2446860968354546	-1.715156271959513	C10H13N5O5
312.1948	252.87	0.022247403649488795	-5.5201047204315	C20H25NO2
312.2375	27.41	0.09036218632319055	-2.869049804827833	
285.2099	27.41	0.040175526633083276	-4.165162130851895	
217.0616	276.23	0.0037252666014324087	-10.99614028611349	
217.0664	299.42	0.5305017088367476	0.8886344303137402	C5H14NO6P
312.9018	209.39	0.37655674560136554	1.26479075852645	
217.0818	359.32	0.20310745230119054	-1.9217196149608577	
313.0767	235.85	0.01950689108461189	-6.147509661697781	C14H17ClN2O2S
255.9515	207.56	0.20525067982037434	1.9078274995291227	
217.1182	289.41	0.026482444598929462	-4.976847862855578	C9H16N2O4
255.9862	224.4	0.136954329979555	2.381805411946513	
256.0087	214.91	0.2511423936552033	-1.693425906207428	
313.8994	207.95	0.6103069371310856	0.717308615133182	
313.8994	210.31	0.6395502285852865	0.651078805124918	
286.1507	290.72	0.020516563783802424	-5.96189942970092	
286.1759	245.08	0.07558551118551378	-3.101378758204153	
256.0902	316.22	0.8941789694756984	-0.20947612671420493	C8H15N3O5
286.2114	27.41	0.022247403649488795	-5.5176006573774945	
256.0946	320.03	0.32158799316825826	-1.4512821771756275	C9H12N2O4S
256.1324	253.0	0.047037238520610876	-3.902075847007466	C16H17NO2
314.0843	268.15	0.047037238520610876	-3.8892203060933275	
314.8134	207.29	0.08800075042226214	2.9040392505744563	
314.8134	212.94	0.03721823751269339	4.29767798423922	
218.1134	308.08	0.14834782045894307	-2.2754273290818285	C8H15N3O4
218.1134	318.33	0.38349539210981864	-1.2359674140652523	C8H15N3O4
315.0795	341.23	0.8908377344064683	0.21597106304824412	C10H16N2O8
288.1803	26.23	0.12580523915907957	-2.481813383213072	
288.2894	28.2	0.5413486198111042	0.8630062840821694	C18H33NO
288.8397	208.34	0.9412181732986369	0.1078131270489365	
288.8397	210.58	0.9943942159316785	0.010840954071198278	
316.1264	196.23	0.09596015617139664	-2.8145602341724887	C17H18FN3S
316.1628	277.15	0.052203056101078706	-3.6583080500551337	C15H23N3O3
316.1864	255.23	0.030582051602834552	-4.712387028515324	
316.234	294.53	0.07747955532177496	-3.0620391853342808	
289.2063	304.01	0.09973530228549239	-2.7641308492458054	C12H25N5O3
257.9931	210.31	0.06191800253352687	-3.3950055217920583	
316.9199	209.53	0.6149296051709607	-0.7088020189705218	
258.1446	308.74	0.17882573440587346	-2.0546789647118544	
290.1457	424.39	0.06100169995663381	-3.4196791116485414	C10H19N5O5
290.1595	27.28	0.3751489483372931	-1.268635191019859	C11H20O6
344.0906	309.0	0.8396399500961811	0.3091669341924148	C18H15O7
290.1708	34.89	0.2324264360975692	-1.7664466084806634	
290.1708	48.68	0.2839014612413501	-1.5717759467676509	
290.1708	273.83	0.09794235274813043	-2.7904504519448134	
317.1105	285.04	0.025923575265211427	-5.165555283838032	C14H18N2O5
344.2276	34.76	0.16633307673272715	2.150445997060714	
258.279	28.46	0.12249440634998644	2.512886142897505	
291.0214	265.39	0.02622896551260733	-5.015602056074899	
291.0754	221.11	0.46897157323335015	-1.0180853109080445	
258.9356	207.16	0.020516563783802424	5.894738593985488	
258.9356	213.2	0.02958900894702994	4.829806959914724	
317.9233	209.53	0.4732933698422958	-1.007897480275502	
258.9891	210.44	0.020937201291392482	5.7283187006195435	
344.9841	221.51	0.44490315140966014	1.0702803922942112	
318.0764	319.64	0.3964850934732969	-1.1985413083261687	
318.1058	257.49	0.023147448937625072	-5.415885249423572	C13H17N3O5
291.9623	209.39	0.34767408637106484	-1.355551671005583	
345.1054	348.49	0.03564508067162065	-4.38068440438691	C9H19O11P
318.1907	25.96	0.15794467263866888	-2.2041561157136784	
318.1907	27.28	0.23923583620705402	-1.7396586922377426	
259.1131	319.51	0.7757335022654248	0.41280643789045746	C8H20NO6P
345.144	166.95	0.06191800253352687	-3.3980874125586458	C18H20N2O5
318.8781	209.26	0.38111207691998594	-1.246596851029826	C8H4Cl6
259.9922	210.58	0.03327804917571307	4.561604665693719	
318.9177	209.0	0.915390841276396	-0.15989160813072176	
292.1331	1.18	0.5180287880844198	-0.9158426699130326	
292.1331	404.69	0.07107741585664062	-3.1932124329250873	C10H18N4O6
292.1753	27.28	0.9578098506276421	0.07439524535971724	
292.2015	25.18	0.17448362603897177	2.0902269491283976	
292.9594	222.03	0.05415756371902142	3.5877269670707186	
292.9594	227.55	0.03768919354704284	4.245233893053412	
260.0269	299.42	0.18961621210229132	2.0023725468181355	
346.0406	365.92	0.20280160075603176	-1.927958178333299	C9H14N3O8P
319.8817	209.26	0.43579758739488095	-1.0922646581824635	C8H4Cl6
260.1138	319.51	0.7843049021068063	0.3971130066736451	C11H17NO6
293.0551	4.2	0.6911748675370485	-0.5503190009811918	C7H15O10P,C7H15O10P
293.0977	341.23	0.6322087624163273	-0.6642469678119095	C10H16N2O8
260.1491	26.49	0.6214284961693398	0.6959295314399196	
260.1603	239.66	0.0840215719376339	-2.963266565895333	C11H21N3O4
260.1967	329.91	0.11045698057655752	-2.6346999403914992	C12H25N3O3
320.2065	26.75	0.025923575265211427	-5.1382965534738405	C13H26O6
320.876	209.26	0.42559273400550923	-1.1184742210534804	
347.107	176.14	0.10123043183394395	-2.7501470111129143	C17H17Cl2N
260.9877	210.58	0.03356966881755122	4.529429697941961	
294.1005	341.23	0.6125947715265986	-0.7130854844871912	C10H16N2O8
321.0377	166.03	0.1400771046031044	2.3554160086533917	C12H17O4PS2
294.1445	196.23	0.10687478144700703	-2.68154739536284	
294.1809	277.02	0.047037238520610876	-3.882437333976369	C15H23N3O3
294.2272	25.7	0.15450445621931722	2.2305804104105627	
261.1189	335.46	0.036696366209439286	-4.328861527992197	C7H13N3O5
261.1443	305.33	0.1429111969652691	-2.3246290376550642	C11H20N2O5
261.1443	311.37	0.1682425552819806	-2.1298414187467944	C11H20N2O5
294.9289	207.82	0.2990722188948551	1.519284184018556	
261.1637	239.92	0.06566206929057175	-3.3128164747591398	C11H21N3O4
348.1696	217.44	0.013847156697513307	-8.110341137301958	
348.8064	207.56	0.10289072572200846	2.730285042727684	C8H4Cl6
348.8064	211.76	0.7137830739173698	0.5121962705315365	
322.0698	374.32	0.08773653719708632	2.9109727315446423	
295.0677	367.36	0.028588194150227834	-4.872760081470791	
295.0775	364.58	0.049299243886624884	-3.7538744276540763	
262.1184	186.52	0.12248663162602619	-2.5157874985426534	C13H15N3O3
295.1286	285.18	0.016837289236888726	-6.475715888368734	C14H18N2O5
295.1844	277.02	0.049299243886624884	-3.759721699818766	C15H23N3O3
322.874	209.39	0.33341725356769897	-1.4108949397595634	
295.9484	210.44	0.026340066276229666	-4.991842104921391	
296.1238	257.75	0.01950689108461189	-6.092691825224747	C13H17N3O5
296.1321	284.78	0.020516563783802424	-5.82718972322613	C14H18N2O5
296.9257	28.98	0.1534005553516195	2.2459172892959556	
296.9278	207.29	0.1597010877775634	2.1852754074081804	
296.9278	211.76	0.04882030957312675	3.785554895462354	
296.9454	210.31	0.020516563783802424	5.905202248263284	
263.0872	396.38	0.1686176238759067	-2.1262271812396443	C9H14N2O7
263.0946	147.12	0.9936686202229569	-0.012958068484796775	
263.0946	156.71	0.075243365945834	3.107476714223331	C16H10FN3
350.2183	203.35	0.047037238520610876	-3.880812097634604	
350.2183	216.78	0.8366782509695064	0.31395221862713574	
324.0587	366.18	0.4834988372482355	0.9879784163674721	C9H14N3O8P
297.0819	24.52	0.42416770254989344	-1.123751008596381	
297.0819	182.31	0.19380759178934434	-1.9816657457384914	C9H14N4O6,C12H13F3N2O2,C11H16NO7
297.1078	317.67	0.13165282061927988	-2.4310031169928417	C14H17NS2
324.2013	27.15	0.6527072805985737	-0.6275422578062438	
297.1267	257.75	0.01950689108461189	-6.193962984776756	C13H17N3O5
350.9872	367.23	0.42121744320100424	-1.1333154812560315	
297.1588	252.61	0.0037252666014324087	-11.029491894918968	C16H17NO2
351.0009	224.4	0.20239714089005897	1.930691724988335	
324.8971	242.19	0.1261754202742095	2.476141090603176	
324.9874	242.45	0.6682787912785929	-0.5969221117281732	C4H6N4O12
325.0187	212.68	0.2036496548791918	1.9185146620247349	
297.9829	246.95	0.04305959839293189	4.061173427114154	
351.2219	203.35	0.07107741585664062	-3.1940843981472797	
351.2219	217.17	0.691521517633893	0.547914759051522	
325.043	227.15	0.17278237765281707	2.100110085034534	
325.043	310.58	0.3704885459321926	1.284175412258159	C9H13N2O9P
297.9884	221.38	0.4197191231924634	1.1399879539619686	
325.0623	337.03	0.9429471163470224	-0.10253740166493674	C9H14N3O8P
325.0623	366.18	0.29471817542997497	-1.5388794978916007	C9H14N3O8P
298.0966	34.63	0.6308236692749967	-0.6702672067126235	C11H15N5O3S
352.0043	224.66	0.3164586175146703	1.470106228319485	
298.1862	26.49	0.016837289236888726	-6.993402271954275	C11H20O6
298.3466	28.07	0.22599517602915878	1.7998833395907727	C20H43N
265.1115	201.65	0.5971210158187947	0.7490654349404299	
298.8396	206.9	0.021584569556072148	5.657983752791646	
298.8396	213.2	0.054701818577752546	3.5689293275026857	
326.046	310.71	0.9199787534887838	0.14566884822696557	C9H13N2O9P
326.0561	222.03	0.04180668677857856	-4.1025858815735425	
326.0561	227.81	0.1413935851277949	-2.3357661226577133	
299.0435	248.0	0.8684200937741253	-0.25111172548528354	
299.1002	34.63	0.5971210158187947	-0.7487248036414968	C11H15N5O3S
265.9989	196.1	0.13485636289466194	-2.4099232906770296	
327.1407	142.66	0.03721823751269339	-4.303218165566815	
327.201	36.21	0.9199787534887838	0.14600260248915484	
353.0055	224.66	0.2711307814883519	1.613174661524857	
266.0745	164.06	0.11966375086575426	-2.5457593673850227	C9H13N3O5
299.2579	29.38	0.5279789157914901	0.8935161184865011	
299.2579	35.29	0.49976682965521557	-0.9555915402543235	C19H30O2
353.1452	273.17	0.020516563783802424	-5.804168707032329	
266.115	201.65	0.6075047171137999	0.7241939904752157	
328.1532	253.92	0.016837289236888726	-6.647339094937136	C19H21NO4,C12H26NO7P
328.2326	27.93	0.030582051602834552	-4.724493414074145	C13H26O6
353.92	321.24	0.34117126389098673	-1.3832802561351716	
300.066	319.9	0.33005736142228426	-1.4226901040976858	
267.0713	177.72	0.17577481300969877	-2.075193361066803	C9H14O9,C8H9F3N4O3
267.078	164.19	0.08773653719708632	-2.9093877873776846	C9H13N3O5
300.1209	251.56	0.016837289236888726	-6.423935034917619	C10H22NO7P
267.1078	201.78	0.5421958003794265	0.8600395046109367	C11H14N4O4,C10H18O8
267.1078	273.96	0.016837289236888726	-7.337770330674192	C11H14N4O4,C10H18O8
267.1224	26.23	0.2593562491303201	1.659082976749953	C13H11N3O
329.0054	366.84	0.016837289236888726	-6.650322752387983	
267.1337	159.86	0.05265295444067835	-3.6364952526780083	C12H16N2O3
329.0152	364.58	0.028588194150227834	-4.87835549633763	
267.1716	25.05	0.7757335022654248	0.4137102933208263	
267.18	27.41	0.03223536679088892	-4.621262748538614	
300.2895	29.38	0.7241535891148205	-0.49548069095181857	C18H37NO2
300.2895	35.02	0.5394535811728328	-0.8671243791724009	C18H37NO2
355.011	341.23	0.4172839323467246	1.1468373065535122	
300.946	208.08	0.38349539210981864	1.2325488143755365	
300.946	210.71	0.7951022995322602	0.37613980195185137	
355.9695	210.05	0.07560013029983743	-3.0979829278897206	
356.0147	340.84	0.5721330764935393	0.7958037397414277	
356.0495	324.92	0.030125215552342415	4.751482299456781	
268.1266	274.88	0.04531904179114028	-3.9660806865197586	C10H19N3O4
356.0755	388.37	0.0884139916563203	2.8946424039317593	C17H12ClF3N2O,C19H12O7
268.1374	159.6	0.9308621803186451	0.12822806470696402	C12H16N2O3
268.1753	26.1	0.20310745230119054	-1.9243504050188855	
356.8549	208.08	0.06191800253352687	3.3988734759925117	
331.0105	364.58	0.03733027315633966	-4.277101323607635	
269.0395	265.39	0.020516563783802424	-5.926975134352661	
356.9664	210.58	0.04531904179114028	3.971685391235857	
357.0078	341.23	0.38349539210981864	1.2299064844059189	
269.113	236.11	0.016837289236888726	-6.9941478874600564	C12H16N2O5
357.0553	352.59	0.42895460323262025	1.1092989332548993	C9H19O11P
302.1107	198.6	0.05315727548779382	-3.615448347888826	C13H17N3O4
302.1107	201.38	0.023147448937625072	-5.423399476801005	C12H16N2O4
332.1213	247.09	0.020516563783802424	-5.80705115748401	C15H15N3O4
332.1925	275.7	0.04882030957312675	-3.805555588884067	
302.1456	165.38	0.10557318932585973	-2.698739499706513	
269.9571	242.19	0.1405467736420416	2.346275391320222	
332.3308	28.07	0.5279789157914901	0.8942844235065659	
332.3308	33.58	0.1596545706300385	2.188235545454461	
357.9684	210.84	0.42236227026013234	-1.129258068303739	
270.0014	224.4	0.22462856460728195	1.8103248638984322	
302.2071	28.07	0.057643380221246356	-3.4794888557977113	
332.8937	209.26	0.3815604294508718	-1.2447002272600844	
270.1058	308.08	0.06536130028157021	-3.322598183399054	C9H17N3O5
270.1164	236.11	0.12248663162602619	-2.5173371628530608	C12H16N2O5
302.3051	28.33	0.5605128077952535	0.8217452241928644	C18H39NO2
270.1909	28.2	0.047037238520610876	-3.8776124989191088	
302.9042	209.0	0.9519742379600493	0.08418260502630484	
333.1553	201.65	0.04882030957312675	-3.7966505947723506	C16H20N4O4
270.3153	28.2	0.8332871829944107	0.32032358199536887	C18H39N
333.1916	284.13	0.04882030957312675	-3.809799972813547	C17H24N4O3,C16H28O7
359.0066	340.84	0.5464642358688845	0.8487258460096453	
270.9772	229.52	0.10687478144700703	2.6823265703794954	
271.0023	224.53	0.3718355618265286	1.278379953706453	
333.3343	28.07	0.2522165661457567	1.6862352273974086	
333.8971	209.13	0.3704885459321926	-1.2848718006404793	
303.1448	203.88	0.020516563783802424	-5.925259985211449	C15H18N4O3,C14H22O7
334.0514	248.53	0.7311931470359272	-0.484913142776848	
334.0514	256.3	0.034764021829873655	-4.436447357676839	
334.1394	282.81	0.0491630462498508	-3.775480019486142	C16H19N3O5
271.3187	28.33	0.9759488575682115	0.04450849820153777	C18H39N
334.8916	209.26	0.3827556522891896	-1.2403206028718743	
334.9238	367.23	0.04107688999021251	4.13130115227973	
304.1613	288.88	0.03356966881755122	-4.535337049276274	C11H21N5O5
272.149	26.23	0.3992767767523878	-1.192187074649661	C14H20O5
304.2996	28.2	0.3872169423626612	1.221535152977752	
304.2996	33.84	0.016837289236888726	7.012019393488159	
304.8626	209.13	0.3704885459321926	-1.2868571217955092	
335.0452	168.0	0.1954796826115852	-1.9722057682754386	C12H14O9S,C15H12Cl2N4O
335.0734	352.59	0.7592574690224428	0.43954337862642456	C9H19O11P
335.0945	246.82	0.02463926808339141	-5.278472345762076	C17H16ClFN2O2
361.0784	375.37	0.06330766877878467	3.367761067210752	
361.1825	301.78	0.17882573440587346	-2.0559839878515964	
361.1978	256.83	0.016837289236888726	-6.8409972159959	C17H24N6O3
335.8949	209.39	0.37968416698517	-1.2544835015809084	
361.2354	25.05	0.20679114003947324	1.8911972614811252	
335.9213	367.23	0.049299243886624884	3.7410429827906806	
305.165	289.01	0.049299243886624884	-3.758997776115766	C11H21N5O5
305.165	422.42	0.13558520922802245	-2.400797198375879	C11H21N5O5
305.3029	28.07	0.38349539210981864	1.2298712319019183	
305.3029	33.84	0.025923575265211427	5.132138660763351	
336.0869	319.38	0.4147528519136708	1.1541005881038542	C11H17N3O7S,C19H13NO5
336.2016	27.54	0.4359027818129349	-1.0906776868664319	
306.0806	176.14	0.09794235274813043	-2.7883667231423184	C17H17Cl2N
306.0943	375.64	0.41918552389685815	1.141960510269116	C10H15N3O8
306.1445	170.23	0.08879768482560231	-2.8868042372267615	C15H19N3O4
306.1592	304.14	0.11528981534948567	-2.586381072246729	C11H19NO8
306.1592	317.01	0.3718355618265286	-1.278861807792437	C11H23N5O3S,C11H23N5O3S,C19H19N3O
336.8894	209.26	0.3800606590756011	-1.2517687920656406	
362.9561	221.77	0.05521582848965861	3.540651341750991	
362.9561	227.81	0.07274396675773621	3.1610243922005807	
336.9191	366.97	0.03412178570686564	4.4878462032915625	C6H12N2O4Se2
336.9854	224.26	0.12580523915907957	2.4800600931716184	
307.0843	176.14	0.1096904374932787	-2.6457320013977847	C17H17Cl2N
274.1647	25.96	0.10415950387622729	-2.716769682078152	
337.2733	27.93	0.15810122726123169	-2.201905540735309	C21H36O3
274.1871	339.79	0.1449949206471719	-2.3077107063129088	C11H23N5O3
274.1871	379.97	0.013847156697513307	-8.07899524609766	C11H23N5O3
337.8932	209.13	0.277836291756288	-1.5897624503427144	
274.9094	207.42	0.4146811592110679	1.1562087049139218	
274.9094	212.15	0.04742824713776831	3.8624728018213865	
337.9664	221.64	0.06536130028157021	3.322423967216732	
274.9362	207.56	0.8684200937741253	0.25331314066859256	
274.9362	209.53	0.632779007116487	-0.6624892398131826	
337.9889	224.66	0.1096904374932787	2.647426706357276	
363.9547	228.86	0.05620188894474905	3.5226729663110956	
308.1964	24.91	0.10285261970242922	2.732615705472039	
364.0066	185.2	0.513443546480759	0.9259837298975123	
275.0534	214.51	0.20525067982037434	-1.9063292206373437	
275.1347	329.25	0.054701818577752546	-3.5710105481189256	C10H18N4O5
308.8493	209.39	0.3432948643047785	-1.369179347424538	
364.2326	27.28	0.38069357104987817	-1.2484358816507697	
275.1906	339.66	0.33005736142228426	-1.4209363612407588	C11H23N5O3
275.1906	380.23	0.049299243886624884	-3.752358643425466	C11H23N5O3
364.9523	221.77	0.025960113188888516	5.041282666796892	
364.9523	228.47	0.07625707500546623	3.0831916573663665	
339.0965	374.45	0.10415950387622729	2.714937202633853	
339.1856	297.05	0.08008593236608148	-3.014108235804845	C15H23N5O4
365.9636	27.28	0.511826065551503	-0.9302053242306138	
339.2077	24.91	0.12330215126992403	2.5037318197301186	
339.289	27.93	0.21992651164831356	-1.8280333017889474	
339.9956	212.02	0.03356966881755122	-4.524298793237206	
310.0247	227.15	0.32158799316825826	1.4520406379105921	
366.2132	278.33	0.025960113188888516	-5.035915070757807	
340.0807	402.72	0.046687502934292385	3.9349614952858385	
276.134	167.21	0.33005736142228426	-1.4206323372334697	
310.1395	247.09	0.020937201291392482	-5.741975481701922	C15H15N3O4
276.1553	425.44	0.915390841276396	0.16043259843513444	C11H21N3O5
310.8506	207.29	0.5615223488515347	0.8163981994336047	C8H4Cl6
310.8506	212.02	0.34908293906286053	1.3496683801150617	
340.9925	211.76	0.07625707500546623	3.0818885903327247	
277.0488	214.38	0.29383115796430914	-1.542197970046413	
277.1029	387.32	0.6233972196771044	-0.6862439598798534	C10H16N2O7
277.1029	392.57	0.5104747218459467	-0.933596979926274	C10H16N2O7
341.0281	249.19	0.08194594670545677	2.9919710954464307	
368.0471	248.92	0.1607098641914397	2.1782801002466763	
341.0977	179.69	0.07649461386720585	-3.0769716085994094	
341.0977	188.49	0.5428961750193035	-0.8580081042566657	
278.1167	243.76	0.20563161979474712	-1.9026174634431325	C10H19N3O4S,C18H15NO2
278.1599	27.28	0.063854494137982	-3.356435650223905	C13H11N3O
376.9929	341.23	0.2644244330667301	1.6393176571521517	
370.0318	367.76	0.16824150405073107	-2.1369493124431056	
410.8786	209.13	0.6746085197982769	0.58537853293796	
371.1009	24.52	0.5612750454971766	-0.818684624995321	
378.0574	388.5	0.15794467263866888	2.208232656525577	C17H12ClF3N2O,C19H12O7
279.1007	287.7	0.03362562288707019	-4.515624134498563	
279.1007	296.0	0.06504378025388839	-3.3337837359769638	C10H18N2O5S
279.1007	316.22	0.11480837977124349	-2.5932468179696224	C10H18N2O5S,C18H14O3
412.0062	319.11	0.06697153876393748	3.2638432297019753	
372.101	24.65	0.38349539210981864	-1.231031212137022	
372.1898	303.49	0.1682425552819806	2.1328599379437065	C22H26O5,C20H23FN4O2
372.8288	209.39	0.999380710146571	-0.0010795083221904773	
379.2484	37.52	0.1459281884394609	2.2998775700323395	
379.2681	25.18	0.9759488575682115	-0.042942660248736005	
380.0169	318.33	0.12178288824920377	2.5279743531073686	
380.032	319.77	0.2405611751930648	-1.7297952301151431	
450.0668	370.65	0.1537511779995832	2.2417158724282538	
450.0668	373.01	0.21708344374366578	1.8423236600309543	
381.2782	25.05	0.9326636524615998	-0.12314607474509957	
414.8967	209.26	0.6214284961693398	-0.6934516918692593	
374.9625	221.9	0.15794467263866888	2.2044561655096504	
452.9879	341.23	0.6214284961693398	0.6934316727494472	
453.1005	299.55	0.8946090332872878	0.2068946410901154	C20H19FN4O4S
375.1983	288.23	0.030582051602834552	-4.706432685735186	C22H30O3S
453.3428	30.82	0.03768919354704284	4.248930395356509	
453.3428	34.89	0.03768919354704284	4.255855631931942	
453.9464	210.05	0.04107688999021251	-4.123844659482834	
454.0265	325.71	0.07107741585664062	3.191707909974485	
415.9005	209.39	0.5632112400684149	-0.8129126026710688	
382.9946	248.66	0.20525067982037434	1.9052212368785626	
382.9946	257.35	0.030125215552342415	-4.757668672015068	
454.2915	26.23	0.31261834721552473	1.482376834540702	
454.2915	135.17	0.07157586467845611	-3.180793374690774	
454.9434	210.31	0.06566206929057175	3.3048981609800805	
454.9846	341.23	0.6929736719681047	0.5449838499584918	
491.2914	23.21	0.8908377344064683	0.21622597565156335	
455.9458	210.05	0.9326636524615998	-0.12130365317040674	
416.2252	29.77	0.48065467764427433	0.9936606900363542	
492.2951	23.34	0.9121876449863235	0.17742815748517557	
384.1145	303.88	0.3772000524423664	-1.2614724032655573	C14H17N5O8
456.9419	210.18	0.0345394716258109	4.455902735645608	
456.9651	222.03	0.3432948643047785	1.3702192568146385	
456.9651	227.81	0.23083654037801374	1.7763804266705918	
416.855	209.26	0.3370145990386716	-1.396628911674291	
416.86	321.9	0.20452446509898317	-1.9128656268545452	
416.8946	209.13	0.9199787534887838	-0.14707572589524573	
385.1284	277.67	0.07279571899689785	-3.153771418074833	C17H19FN4O4
417.2452	233.22	0.047037238520610876	-3.8864599786794116	C17H32N6O6
494.3238	136.62	0.04862081863418377	-3.827091611494854	C24H48NO7P,C24H48NO7P
386.7625	207.95	0.2578757724475696	1.665533117070091	
386.7625	211.1	0.8460625666315751	0.2968689266445807	
418.8531	209.26	0.20679114003947324	-1.8910095561490776	
496.3393	125.72	0.07946228794705022	-3.0322756628144427	
418.9884	224.53	0.14370654404973546	2.3158076783412302	
419.1696	28.07	0.04872177506191983	-3.820992248185906	C22H26O8
387.0844	168.26	0.17882573440587346	-2.0535419258864054	
387.1798	26.23	0.7757335022654248	0.41096456901623446	
497.3427	125.72	0.08396915667101766	-2.9679494848626238	
497.3427	136.36	0.09213109968636464	-2.852063420914154	
419.9915	224.13	0.3520259515216468	1.3400217484356187	
498.858	208.74	0.678641638952928	-0.5750552352640635	
420.3185	1.97	0.35026458342043787	1.3448062808099923	C26H42O4
388.1832	26.23	0.4212656395405653	1.132248229434934	
388.2182	0.78	0.11234463320994544	2.615084323125735	
499.9909	319.38	0.3828902632626841	-1.2390512053050202	
388.2539	34.89	0.4210074634444125	1.1356616338181897	
500.9913	224.26	0.21275811521553734	1.8627411241824259	
464.2611	305.85	0.030125215552342415	-4.760589979588629	
501.9946	224.66	0.3432948643047785	1.3735604459633015	
502.3156	25.18	0.6180394322096455	0.703426269156271	
464.8906	221.51	0.35794379438577567	1.3234081375459086	
502.9858	370.38	0.07279571899689785	3.151552434958098	
502.9961	224.0	0.14834782045894307	2.27811635678128	
466.0131	378.0	0.41717092317848264	-1.1486333810497773	C10H15N5O11P2,C10H15N5O11P2
424.1016	416.47	0.7311931470359272	0.4842102332852569	C18H21N3O5S2,C14H21N3O10S
503.3186	25.18	0.5700013955332266	0.7999224224227945	
391.0478	221.24	0.03998042454980348	4.177150974619465	
467.1402	254.32	0.016837289236888726	-6.776839928824165	
468.308	138.85	0.07651502681636317	-3.0742863930478936	C22H46NO7P
469.9769	303.09	0.023147448937625072	5.409336579310512	
509.9829	319.51	0.1076946868012727	2.6738323936500272	
473.3175	24.65	0.7757335022654248	-0.4103417010735665	
430.302	302.44	0.038980576740505514	-4.209066720425251	
511.0962	391.0	0.22510218938426357	-1.8052497804455658	C14H26N4O11P2
511.1196	297.05	0.9326636524615998	0.12185228450329373	
430.8707	209.26	0.35708190849298416	-1.3283211379869684	
394.9047	207.82	0.14834782045894307	2.279617820864429	
394.9047	211.89	0.0036844209333810572	11.452318850947782	
431.1186	299.55	0.9758040517438512	-0.0484795659072875	C20H19FN4O4S
512.8737	209.13	0.5533419184386222	-0.8363734731272496	
395.1558	197.41	0.6001649156074472	0.7386943187703092	C19H20N2O7
395.1558	217.17	0.8436401913218673	-0.30117371495663536	C18H22O7S,C19H18N4O3S
431.8738	209.26	0.3440118879938468	-1.3655319304117226	
513.877	209.13	0.4532241686941858	-1.052819460190461	
514.8321	209.39	0.29759556880258636	-1.525115700804134	
514.8714	208.74	0.5763385177269872	0.7867143686038587	
514.8714	209.53	0.34363589121813715	-1.3673925873224224	
515.007	224.53	0.269171486201703	1.6218416155367454	
396.2939	25.18	0.06461638837817082	3.342109859881228	
515.2124	319.11	0.7313556518846717	0.48169517285500096	
432.2801	35.16	0.8684200937741253	0.25336129305075167	
432.8678	209.26	0.32560421506834886	-1.4349767213690354	
516.0103	224.53	0.23212490710817693	1.7685723335409314	
433.0039	224.26	0.19682512691702814	1.9612621686727787	
433.2405	26.23	0.8897895804588495	-0.21944903145473682	
516.8302	209.13	0.3938736395152923	-1.2055697498328573	
477.2042	252.61	0.002051439040587647	-13.313040578697242	C21H29N6O5P
517.0116	224.0	0.1704405658868994	2.116840590631212	
478.2071	252.87	0.003029171634276085	-12.123583399198054	C21H29N6O5P
434.0074	224.26	0.11045698057655752	2.635868085171876	
479.1985	252.61	0.002051439040587647	-13.693675036021098	C26H32ClFO5
479.2607	203.88	0.03998042454980348	-4.1750616264571745	
479.2607	205.72	0.06629201878163932	-3.2790767891352894	C27H36F2O5
434.8669	209.26	0.2583053137574187	-1.6631766760890008	
480.2025	252.61	0.015196005700409186	-7.725321730529212	C26H32ClFO5
435.0087	224.26	0.4527218681730255	1.0546599365436753	
520.3324	35.68	0.9622097905285558	-0.06758087160874925	
520.3379	124.8	0.11469650855598386	-2.5963275276215048	
520.3379	131.24	0.025960113188888516	-5.039349895101767	
520.3379	133.21	0.34908293906286053	-1.349407822236905	
520.3379	136.09	0.4329830796257951	-1.099256425146203	
520.8318	221.24	0.3704885459321926	1.2853612860570807	
520.8318	229.65	0.10812922030784988	2.6635468941201004	
399.2457	36.6	0.297064757580117	1.5275280490763992	
399.7476	36.6	0.3929091722008206	1.2084325184657372	
482.3238	136.88	0.8047495665289661	0.36072327151207295	C23H48NO7P,C25H43N3O6
482.3599	138.46	0.2197246084153553	1.8299183414760234	C24H52NO6P
522.355	134.52	0.3432948643047785	-1.369371998136781	
400.0505	318.46	0.47987382606715207	0.9959252819009793	
523.3583	134.65	0.3496520969801047	-1.3471518606276998	
400.8811	209.53	0.4405718379285286	-1.0789110254551781	
524.371	123.23	0.5726997827173559	-0.793048974001356	C26H54NO7P
524.371	132.81	0.6777996332146607	0.5780642753535282	
438.8831	230.04	0.13804253840925013	2.374348808994741	
438.9696	211.23	0.07905641657813887	3.041436581724711	
401.1588	28.07	0.19571892412129577	-1.967960710159236	C22H24O7
401.1588	307.95	0.03223536679088892	-4.614393883501665	C17H26N4O3S2,C15H26O12
401.1588	311.89	0.049299243886624884	-3.745026781555872	C22H24O7
401.1588	318.06	0.016837289236888726	-6.620722337569215	C22H24O7
485.2889	25.18	0.5722856415639044	0.7946197241588344	
486.2924	25.31	0.6361971048373487	0.6567319115654742	
486.3456	132.94	0.5450130713207977	0.8538152329499591	
488.0462	226.89	0.1405467736420416	2.343871102378435	
441.1516	28.2	0.3382691623826775	-1.3928083007206882	C22H26O8
528.8476	209.26	0.318915073467905	-1.4611337691578425	
489.1141	391.0	0.15441421522921894	-2.235455972535307	C14H26N4O11P2
529.851	209.26	0.26809032138378436	-1.6270367754091142	
404.2062	26.23	0.5649326982129256	0.8089386164081454	
490.1175	391.0	0.34117126389098673	-1.3834146135300014	C14H26N4O11P2
530.3468	25.31	0.8034982651032202	0.36334589215304997	
444.0312	378.0	0.13605041392301892	-2.3907072854659783	C10H15N5O11P2,C10H15N5O11P2
530.8457	209.26	0.3584982952862295	-1.3207601634072015	
404.973	223.87	0.09806628678128423	2.785294204144652	
405.009	370.65	0.12439148337306846	2.4936861254988547	
405.009	420.28	0.05724538907935457	3.4909694123681896	C9H14N2O12P2
444.96	221.77	0.021619676292566593	5.625395845356095	
444.96	227.94	0.059373207343495035	3.4481188941985708	
405.2092	26.23	0.5464642358688845	0.8487731976876152	
405.2092	292.43	0.8684200937741253	0.25677036937000325	C23H29FO5,C23H32O4S
445.2324	26.23	0.047799823824998575	3.84607031698964	
406.0433	227.15	0.19977548928568584	1.9439904075912955	
445.9981	174.57	0.6448187304344097	-0.6416493243264575	
445.9981	176.8	0.12666054782175887	-2.4715640062542983	
406.1315	258.27	0.012615502390470337	-8.470123507483562	C14H25NO11,C15H29NO6S2
538.9516	2.75	0.6214284961693398	-0.6909441348236314	
538.9683	222.16	0.0738293441225314	3.1309214542139725	
538.9683	227.28	0.025923575265211427	5.171905402015393	
446.7834	207.95	0.15841492229893062	2.197509885558668	
446.7834	211.1	0.43794178047360977	1.0855270648576993	
532.8439	209.39	0.3424514569021723	-1.3783793063337448	
447.0672	365.92	0.9152448661125937	-0.16310561973905335	C11H20N4O11P2
407.0135	370.65	0.09833379870267456	2.7811228229107026	
407.0135	420.58	0.06647249360916975	3.272639524658044	
533.3497	27.41	0.8930883938213664	0.2120554132659043	
407.2285	218.36	0.0694232754458177	-3.224048212214453	C19H34O9
408.8274	207.42	0.2694490300296978	1.6199601683333473	
408.8274	211.49	0.13126069362402204	2.4366268642577484	
408.89	367.49	0.07408037659033279	3.1248190662363986	
543.3411	25.18	0.3584982952862295	1.32018247359385	
544.7603	208.08	0.6214284961693398	0.6903807057105784	
544.7603	210.71	0.5993361354711338	0.7417590214902118	
671.0603	310.32	0.9308621803186451	0.12793742898216795	
672.005	224.13	0.6256930973808305	-0.6820415912844593	
782.5677	28.98	0.45355952842575736	-1.0512701973569314	
782.5677	36.21	0.27871080999044895	-1.586351730247668	
679.0128	224.26	0.07946228794705022	3.0345276447041694	
679.5142	224.13	0.7934610568441888	0.3802794690665619	
680.0161	224.66	0.17557374489871946	2.0817342694099086	
784.5837	29.12	0.3247660321205659	-1.4401208232204834	
784.5837	36.6	0.1762144483929553	-2.0720126153326217	
681.018	224.13	0.054941458883201774	3.559865190977027	
785.5872	28.98	0.33619109731524277	-1.4005201036627715	
785.5872	36.6	0.11053499415349458	-2.63101682391445	
786.1636	312.94	0.8539147846513648	0.28275571975112823	C27H33N9O15P2,C27H33N9O15P2
597.0099	224.26	0.15794467263866888	2.2041079359697053	
786.5995	36.6	0.23083654037801374	-1.7748605755385054	
682.4858	24.26	0.23546591544539056	-1.7557300689170243	
787.6032	29.12	0.2714508202034898	-1.6111889736428553	
787.6032	36.21	0.21813951584197674	-1.8375935751048582	
788.0015	223.87	0.5985631110003203	-0.744721420453815	
788.0015	224.66	0.9480245744465832	0.09168965070031623	
685.4346	24.26	0.3432948643047785	-1.370478910561614	
598.0133	224.66	0.32524164386556875	1.4377465690084228	
598.0676	420.58	0.055027545314311394	3.5502564315875946	
789.99	222.95	0.6089013787067318	-0.7205940389533757	
789.99	225.97	0.5597506905420273	0.8238477571576022	
686.0975	347.31	0.18427777447201643	-2.0287893946952966	C21H27N7O14P2,C21H27N7O14P2
599.0149	224.13	0.16419079001299527	2.161290020194477	
599.0709	420.28	0.05009742075087956	3.70821185835882	
688.1553	263.42	0.049299243886624884	-3.7658660706389897	C21H35N7O13P2S
795.0095	224.26	0.0343333779468901	4.475142300516663	
692.4056	36.21	0.376921665908834	1.2630440996447623	C38H53N5O7
554.1754	24.39	0.5350821776347374	-0.8776979201055444	
802.0173	224.53	0.6827687468191858	0.5671271935463187	
802.5189	224.66	0.6183921648562024	0.7019649306720557	
803.0198	224.4	0.14800762161237702	-2.2871081071255226	
603.5218	207.82	0.5544510861415096	0.8327801819275052	
603.5218	210.84	0.7757335022654248	0.41017751843275546	
604.3531	35.42	0.9121876449863235	0.1749045013242697	
555.1059	248.79	0.42559273400550923	-1.1192677648086322	
555.1059	250.11	0.4126074414101869	-1.1634780813402972	
555.1059	256.04	0.025960113188888516	-5.0462124799286565	
808.1454	313.2	0.5975091054437341	-0.7472028418677961	C27H33N9O15P2,C27H33N9O15P2
696.4369	36.99	0.29859060410800614	1.5215672270364207	
810.5989	28.85	0.21275811521553734	-1.8617772142810274	
810.5989	36.21	0.06251866089327263	-3.3840736050039912	
608.0883	356.17	0.29014099174463803	1.5525511221571815	C17H27N3O17P2
608.3846	36.21	0.511826065551503	0.9295156387958466	
609.0915	356.17	0.3048121194098647	1.5042460063482435	C17H27N3O17P2
818.0119	347.04	0.06699734412437755	-3.257932369488023	
610.093	356.04	0.8501646675613717	0.2906442367586501	C17H27N3O17P2
706.065	355.65	0.341935813631598	1.3805575372373584	
610.8511	208.87	0.33619109731524277	-1.3995082442419347	
824.484	36.6	0.6550680667426036	0.6227941422964177	
707.9869	222.95	0.6214284961693398	-0.6918281089753907	
707.9869	226.1	0.7313556518846717	0.48104030929670055	
708.5108	24.13	0.19571892412129577	-1.9683539424532968	
708.8273	209.13	0.7843958834135164	0.3959835391161652	
708.8273	209.53	0.17557374489871946	-2.081549035386101	
829.0031	224.0	0.044046643673232064	4.030379937640944	
830.006	224.26	0.7757335022654248	-0.4114673865708714	
611.8531	209.66	0.38349539210981864	-1.2333528742245587	
560.9495	28.85	0.09883757182790019	2.7730586657828105	
612.1193	370.51	0.1423322765752296	2.329191603063975	
830.9924	223.21	0.9121876449863235	-0.17575318953432434	
830.9924	225.71	0.9121876449863235	0.17566653702157226	
709.5139	24.13	0.18961621210229132	-2.0014476182213397	
612.3159	134.26	0.8571302799656839	-0.2744782417135514	C37H42N2O6
612.8086	209.26	0.5971210158187947	-0.7490608330364013	
612.8491	208.87	0.6575675557868399	-0.6154978371025379	
710.5174	24.26	0.269171486201703	-1.6222247073241136	
614.1615	446.72	0.056461819276004396	3.5088825368896552	C20H32N6O12S2
836.011	224.0	0.9199787534887838	-0.14538868380130665	
836.5123	224.13	0.764997549715254	0.4310972887033561	
615.1545	366.44	0.047037238520610876	-3.884711597984984	C20H31N4O16P,C20H31N4O16P
615.1545	446.72	0.063854494137982	3.3547096310013043	C20H31N4O16P,C20H31N4O16P
713.0065	224.0	0.6089013787067318	0.7202764461237506	
713.508	224.4	0.8048235127711829	0.35960604449679345	
616.1573	366.05	0.04882030957312675	-3.7912191352769558	C20H31N4O16P,C20H31N4O16P
714.4677	24.52	0.9125638870520506	0.1700502103459715	
843.0187	224.26	0.1704405658868994	2.114200278817216	
843.5202	224.92	0.8571302799656839	0.27551554893952235	
715.3026	252.87	0.020516563783802424	-5.839667542106372	C30H50O19
844.022	224.53	0.315051977335592	1.4755767150517802	
564.3585	35.94	0.999380710146571	0.0008090369796524001	
716.0244	146.2	0.7562713508796101	-0.44442434944245174	
716.0244	156.84	0.10812922030784988	2.6629449175652518	
716.3053	252.87	0.016837289236888726	-6.512688318825001	C30H50O19
718.0219	146.34	0.7874721610874814	-0.3900012014575691	
718.0219	156.71	0.07316957317101819	3.142299639384359	
720.0143	224.66	0.3175563342298901	1.4662021049730212	C15H25N5O20P4
720.958	370.78	0.035495492187811895	4.390972420179881	
721.0166	223.87	0.26013820139533417	1.6546082979880001	C15H25N5O20P4
721.506	24.26	0.32158799316825826	-1.449543182273687	
567.3544	134.52	0.15441421522921894	2.2337950407367706	
721.9571	370.91	0.06629201878163932	3.2776452969675596	
622.9812	370.38	0.06954575475446295	3.2198924761871845	
722.5089	23.99	0.32524164386556875	-1.436878435167059	
623.9808	370.65	0.08800075042226214	2.9025952130116246	
568.1843	313.86	0.07279571899689785	-3.1515898794240256	C20H35NO16
723.5121	23.99	0.36064003750295487	-1.3130995687586386	
624.976	370.65	0.07560013029983743	3.096172654512618	
568.9228	324.13	0.5484993438918966	-0.8446705421499424	
625.1147	355.78	0.1704405658868994	2.114763529362929	
724.8012	209.26	0.2485738526726639	-1.7025766926566557	
871.993	223.08	0.6559157485025264	-0.620661703674474	
871.993	225.71	0.6322087624163273	-0.6656447862092529	
873.0739	153.82	0.1682425552819806	2.1292599934083425	
625.9664	323.08	0.07426678892337998	3.120281617533264	
625.9843	222.69	0.7414201360836361	0.46482716627689713	
625.9843	226.1	0.5104747218459467	0.9342071770498216	
570.0491	226.76	0.18654139353371155	2.01727641725879	
626.0986	420.28	0.10502307354506588	2.7046801135904155	
570.5467	28.2	0.9130237129772196	-0.16837292336831886	
570.5467	57.22	0.6275581142506177	-0.6780184817746091	
626.8244	209.13	0.36064003750295487	-1.3116179470973537	
627.8277	209.13	0.33341725356769897	-1.4088500020227996	
877.0122	224.13	0.882310767065132	0.22994578552924758	
877.0122	224.79	0.9199787534887838	0.14526672110647196	
628.8232	209.13	0.28536363303035245	-1.565791855930216	
571.5501	28.33	0.6527072805985737	-0.6270198304233986	
630.07	355.78	0.1413935851277949	2.335628460080627	C17H27N3O17P2
884.0199	224.26	0.9125638870520506	-0.17216432071841672	
884.5217	224.13	0.6001649156074472	-0.7385709977889305	
631.0733	355.35	0.1391214309212931	2.36370277229817	C17H27N3O17P2
635.8553	207.95	0.357765423394193	1.3254695689976272	
635.8553	211.1	0.4611805632002594	1.033290976559289	
736.4317	36.21	0.3964850934732969	1.1992744187493207	
636.9607	420.58	0.10812922030784988	2.6641815865400873	
637.1359	366.18	0.09751054299502823	-2.795965485834003	C20H31N4O16P,C20H31N4O16P
736.5417	23.99	0.20679114003947324	-1.8929650618938714	
575.4905	208.61	0.3801969013025161	1.2504322648421056	
575.4905	210.44	0.8979174417397479	0.1983867008075884	
637.9594	420.58	0.08432088189681312	2.9582023904690677	
638.0113	224.4	0.9308621803186451	0.12693631893498625	
638.5133	224.26	0.49546560108284965	0.9644425713017276	
638.5133	224.79	0.9519742379600493	-0.0843681124476274	
576.9747	28.72	0.17669024601128805	2.0686913204401507	
740.463	37.52	0.5180287880844198	0.9163672936438964	C38H72NO8P
577.5184	28.07	0.08647808328384686	-2.9341288715664042	C37H68O4
918.0136	224.26	0.405755711426477	-1.1778778505139589	
741.1731	369.99	0.1682425552819806	-2.134444132480865	
925.0217	224.26	0.04985629794729437	3.72370965575281	
925.5231	224.26	0.8423163897847962	0.3047422558899916	
926.0248	224.26	0.08694612065115297	2.925400465879731	
927.0263	224.26	0.8558221394209711	-0.27824021178067226	
643.9776	5.81	0.8815344214561884	-0.23199696340621073	
747.0001	223.87	0.05433469957017017	3.5814975503362088	
581.041	420.58	0.1391214309212931	2.3638908229648523	C15H22N2O18P2,C15H22N2O18P2
748.0035	224.13	0.2540752917566003	1.6786038563615118	
647.458	24.13	0.09588594686833982	-2.817304508986225	
748.9883	222.95	0.14820706239505657	-2.283879379524484	
748.9883	225.97	0.4695538914823794	-1.0161344195357895	
749.2812	343.6	0.025960113188888516	-5.057617048742767	C28H48N2O21
749.4897	222.95	0.584157184239227	-0.7733169948146725	
749.4897	226.23	0.5182577200299743	-0.9142632429181985	
648.3793	35.68	0.3428663040149363	1.3764222573175373	
648.4615	24.13	0.09577335960729468	-2.8203607705424654	
959.0146	223.87	0.6994877144476327	-0.5349412357492315	
959.0146	224.66	0.5182577200299743	0.9135525734399652	
751.5104	25.18	0.9412181732986369	-0.10587593335493235	
649.4647	24.13	0.04882030957312675	-3.785972247355225	
966.0229	224.66	0.6575675557868399	-0.6172184466412994	
966.5237	224.26	0.9152448661125937	-0.16346925571190005	
582.9943	224.26	0.06608129698908001	3.294522606482991	
652.052	226.76	0.1682425552819806	2.1308428350818542	
753.6124	36.6	0.5338355140836423	-0.8805848618463485	
754.0079	224.4	0.2720356712757012	1.6084969679222862	
754.5094	224.4	0.9152448661125937	0.16226844310199431	
653.146	356.17	0.7313556518846717	0.4820512960598034	
584.0883	370.65	0.1405467736420416	2.3432342851346015	
585.0916	370.65	0.14800762161237702	2.2864233997101215	
758.5685	36.21	0.2014048690370095	-1.9365334857791345	C41H76NO7P
586.0931	370.78	0.12007205331893914	2.541404045918745	
759.572	29.25	0.6914633083159524	-0.5489610289950807	C43H78NO7P
664.0078	355.78	0.17570321037900827	2.079630056824474	
664.1157	347.44	0.15441421522921894	-2.2349127563366116	C21H27N7O14P2,C21H27N7O14P2
761.5165	224.26	0.4335266279303447	1.0973088254339607	
761.5876	36.73	0.2139487178528448	-1.8552807130416293	C43H78NO7P
762.0191	224.4	0.17557374489871946	2.0835003800974183	
762.9834	355.78	0.15835870424228238	2.199244333538596	
763.0208	224.0	0.20679114003947324	1.8916371328367036	
664.9972	224.13	0.06191800253352687	3.400802023615253	
763.1549	370.12	0.2594857122122026	-1.657575147877928	
665.0382	370.51	0.14563029765484642	2.30294234284998	
665.1186	347.57	0.19686470281839943	-1.9594940476934926	C21H27N7O14P2,C21H27N7O14P2
665.4594	24.13	0.2702660033860289	-1.6166277017475865	
666.0014	224.0	0.1232936752369217	2.505562241610222	
666.1208	347.31	0.1405467736420416	-2.3471861051932934	C21H27N7O14P2,C21H27N7O14P2
666.1313	319.11	0.5386315245389104	0.8693481847399718	C21H29N7O14P2
666.9847	222.69	0.3432948643047785	1.3701352379686684	
666.9847	225.97	0.9758040517438512	0.04773799001844698	
667.1343	319.51	0.5544510861415096	0.8332376116820166	C21H29N7O14P2
589.0436	370.91	0.06629201878163932	3.284994408155838	C15H24N2O17P2
768.5372	25.18	0.19686470281839943	1.9584940367218655	
769.5403	25.18	0.1675185611531425	2.142409929424444	
590.0469	370.38	0.06697651947211011	3.260976782704515	C15H24N2O17P2
590.089	378.26	0.13558520922802245	-2.397518480810523	C16H25N5O15P2
780.458	36.6	0.7013885966518125	0.5297626212136727	
