m/z	rtime	p-value	t-score	custom_id
166.0515	1.84	0.3692011248499116	1.4598203079985725	
167.0894	24.51	0.05042712069545075	-3.697855846545553	C7H8O2
265.1066	27.15	0.17900522087720572	-2.2970519844210213	
265.1066	31.0	0.33591715985076165	-1.6059944507172352	
265.9621	20.04	0.5653774920524884	0.8905321085474834	
216.9226	22.14	0.523023878902099	0.9909364747149391	
217.1044	22.41	0.19156156132645116	-2.2108264568847065	
267.1223	30.74	0.2967203770589651	-1.7390308190219455	C14H18O5
267.1586	26.37	0.10407336338082679	-2.819708608134746	
267.1814	24.38	0.03157844462046997	-4.301845658864808	
268.1257	30.74	0.42775246657825905	-1.267327132344724	C14H18O5
170.0811	23.98	0.3364313986926216	1.6022227883899365	C6H8O3
268.176	24.51	0.25011525231215337	-1.9216527759235054	
268.2116	24.51	0.2538221397804671	-1.908521689479652	
116.0622	38.75	0.8334363421926554	0.3275518548121429	
268.2712	229.69	0.2139347386363647	-2.0745459906120405	
268.2712	234.45	0.1207890826129221	-2.694909493915972	C18H34O
268.2712	241.32	0.07626432319598399	-3.1892088222448067	C18H34O
170.1731	0.79	0.3639108811602455	-1.487415759675774	
218.9196	22.14	0.5387919899279999	0.9556607215771322	
218.9817	22.8	0.7193559690267101	-0.5577257295022436	
269.136	24.51	0.09458505075087802	-2.947430516392975	
269.1388	26.37	0.6701607525978367	0.6607431815445474	
219.1127	21.88	0.3520481172898864	-1.5532529156513069	
219.1127	24.51	0.20123507479081096	-2.1344326503051567	
117.0741	23.33	0.7692861789305493	0.45412638724894544	
172.0942	21.49	0.42212361274864585	1.284876256507875	
271.2052	284.25	0.9291789582156226	0.13419582366533434	
221.096	41.14	0.4751664075074631	-1.1322053243763504	
173.0783	22.41	0.5077559180772832	-1.0254973151389448	
119.0492	27.15	0.014959447531127983	-5.591957999176031	C8H6O
119.0492	30.74	0.19815879403910558	-2.1503997251179228	
173.096	36.26	0.36204240034405577	-1.4980575716938238	
173.096	243.95	0.03027249505886206	4.425144897269731	
222.0986	41.27	0.4772830783831402	-1.1270388668357485	
222.0986	93.83	0.4890826746905599	1.08881370521938	
120.0809	24.51	0.016311564899469454	-5.356681244292497	
273.2573	610.1	0.7660668441103959	-0.4602943992759643	
273.2573	611.02	0.6701607525978367	-0.659905848813962	
273.9451	20.44	0.9060624133864951	0.18209158353509558	
274.0836	26.37	0.2831452382860435	-1.7856127529436692	
121.0649	30.74	0.3972676600353818	-1.3550788577525767	
174.938	22.67	0.14519378657213913	-2.5253882853299183	
274.1656	24.77	0.2276913981498688	-2.0125759034543234	
121.0843	24.77	0.18927544297061336	-2.224493129742216	
175.0014	23.06	0.06281432540559448	-3.4266220533543534	
274.2737	34.15	0.9788101783608463	-0.037141677439905395	C16H35NO2
274.9415	20.3	0.892151153765867	0.22656576683127994	
275.0874	26.37	0.18149177971446884	-2.2813345882002913	
275.0999	21.36	0.21484943063829712	-2.066735209596421	
122.0686	30.74	0.7193559690267101	0.5560987612219457	
122.0686	65.67	0.2706340541074547	-1.8466638034391265	
175.119	1.58	0.6498089833201506	-0.7053914520137092	
175.119	24.51	0.019076612968074252	-5.11846665958524	
224.1581	24.77	0.19388620503772663	-2.1913958892474046	
176.0657	23.98	0.016311564899469454	-5.398524942183774	
275.9553	280.14	0.366505345889425	1.478460088499667	
225.1207	21.49	0.1620998102472264	-2.4000180316121327	
124.0587	23.33	0.3602781992277718	-1.5097265446932586	
277.9333	2.63	0.23863216712264626	1.966228760677048	
226.0448	23.06	0.010358454558160856	-6.147359941357111	
177.1637	38.49	0.9575095156968542	-0.08318838151113538	C13H20
226.1549	0.66	0.4129985747299312	-1.3109686614670613	
226.1913	0.79	0.3117577240830725	-1.6836678270226455	
226.9513	21.62	0.07572628226698525	-3.2104109382726653	C6H4Cl2O5
278.9311	2.37	0.29467174378150734	1.746662987482982	
278.9648	20.83	0.2763665417771251	1.819951016970202	
227.0419	22.93	0.08075409343225644	3.1081594482458943	
279.1222	36.39	0.027496894135595477	4.566057285391191	C15H18O5
227.1753	0.66	0.3982751686947151	-1.3521000660151334	
227.1753	24.51	0.0902136700818624	2.994709796176804	
179.0815	0.66	0.44168238770029544	-1.2193825982187438	
227.9547	21.62	0.08442939005440524	-3.0530317705624475	C6H4Cl2O5
228.2685	58.39	0.15672665438840175	2.429192988710374	
228.9556	21.62	0.07462515246199083	-3.2275314817351966	
280.2632	36.91	0.007067335235137454	-6.927192748131069	C18H33NO
280.2632	48.91	0.006267026835929005	-7.196830605640953	C18H33NO
281.1012	30.87	0.37679040352282817	-1.4319820629079902	
281.1379	34.94	0.359996811907212	1.5180102439923346	C15H20O5
281.2665	36.91	0.043140716322754284	-3.906417172335461	C18H33NO
281.2665	48.78	0.006303210878295999	-7.120800017430298	C18H33NO
129.0698	38.23	0.20545987233995783	-2.1155575801889817	
181.0096	22.01	0.008490417837377641	-6.490031998446254	
129.1386	0.79	0.25260033712853847	-1.9133661086117106	
283.0939	24.38	0.1929859491160351	-2.2003215348075966	
283.1173	26.76	0.014959447531127983	-5.591819629381601	
283.1173	29.39	0.056142086655731005	-3.5588573079369	
232.112	44.68	0.437568494516926	1.233984502247831	
232.1189	0.66	0.59296196498941	-0.8337234167915285	
232.1447	0.66	0.4744289581887072	-1.1370213659687307	
232.8965	22.8	0.6277994534790498	0.7525131495747107	
232.9173	20.04	0.007067335235137454	6.9520539124960425	
284.1207	26.76	0.023698115770443933	-4.804736242897227	
284.1207	29.65	0.16505037028307729	-2.3836325252947184	
182.0297	25.29	0.2990937886983922	1.7265690098081452	
131.0491	26.37	0.1075702691722258	-2.789790717702756	
131.0491	47.07	0.9045375179160502	-0.1915535050750895	
182.0811	23.06	0.03781797916817294	-4.085532425375339	
284.2064	24.51	0.1661288286170564	-2.375117773342467	
233.0783	22.8	0.3919837658312079	-1.3745724188320412	
233.1508	0.66	0.533594319793529	-0.9715931221413081	
284.2945	77.64	0.06431178891409778	-3.380211377313962	C18H37NO
132.0031	21.88	0.15672665438840175	-2.4307514320283787	
284.9099	22.01	0.5481100484228915	0.9301722351456141	
285.1096	24.24	0.15287829174284612	-2.4566466107205303	
233.9128	22.14	0.10042560455920627	2.875836093213721	
132.0888	38.36	0.8974399309121242	0.20303466777741347	
285.2099	24.51	0.20123507479081096	-2.1330567773373184	
183.0781	23.06	0.09594037708448093	2.9319494639334853	
285.2979	77.51	0.08180821770977872	-3.0783395585761353	C18H37NO
133.1052	23.98	0.016311564899469454	-5.368255706507269	C6H13NO2
286.9068	22.14	0.36883878204974374	1.465455829990678	
286.9597	20.17	0.74935855494329	0.4931669837583672	
287.0888	24.24	0.2793475272275733	-1.8081395892872194	
134.0683	36.26	0.9054818339231206	-0.1865368614182061	
235.0751	33.63	0.16839667186851512	-2.35981975369939	
184.0817	22.8	0.3989113061618786	1.3466152601196666	
184.8889	20.04	0.04235643913696988	3.9352603661214114	
236.1026	0.66	0.31883622333757433	-1.6627106799776978	
135.1167	38.36	0.9769600627523018	-0.04570241900215053	C10H14
288.2893	34.42	0.7420785486519207	0.5112937892527772	C17H37NO2
288.2893	36.39	0.4928247527715728	1.0641089183358037	C18H33NO
135.1209	1.32	0.5557706142107038	-0.9120938162596364	
135.1209	21.36	0.8021050023486495	0.39344152941268723	
236.1502	24.9	0.9973366531880401	-0.004608296347152002	
185.1648	0.79	0.3602781992277718	-1.5084188918625399	
289.2926	36.39	0.9072222807990405	0.17532212819411713	C18H33NO
289.2926	42.45	0.8066443197027681	0.37924982142420016	
290.1969	25.16	0.3799879344252492	-1.4143018684484059	
136.1201	38.49	0.9999112408993721	-0.00011527411928322732	C10H14
237.1232	22.01	0.22968343054702137	-1.9969610268825007	
237.1272	113.49	0.07775245921835836	3.15961585545827	
137.0457	22.41	0.05637391775768135	-3.537631359307897	
291.1814	0.66	0.4421890551971808	-1.2163418121573653	
291.1925	32.05	0.754059029578258	-0.4832600344594359	
186.1681	0.92	0.2486116362992796	-1.928894992665608	
237.9547	2.24	0.21982317186677436	2.0413156131675905	
237.9779	2.76	0.3520481172898864	1.5519168648347892	
238.1201	26.63	0.7407751856466295	-0.5140553932984826	
292.2125	27.02	0.37815698312860574	-1.4233699478293682	
138.0489	22.41	0.10042560455920627	-2.8752793086597346	
238.2276	0.79	0.43011260351650127	-1.2616115070850036	
188.0705	24.77	0.2363367281198655	1.975987529562725	
239.1754	21.75	0.62335921771035	-0.7680506525597595	
188.1756	22.8	0.14141740384564727	-2.5605972546892186	
294.2789	215.36	0.25681574951607083	-1.8958755796045117	
294.2789	220.63	0.359996811907212	-1.519644918986343	
189.0522	22.8	0.5118797055611156	-1.0145951043945751	
189.0732	22.14	0.0966138004431738	2.9162281461914272	
294.9386	21.22	0.06729480469434548	-3.3295344115107675	
189.112	108.45	0.17258827267210616	2.337091180784708	C9H16O4
140.0679	21.22	0.3815107363436092	-1.4087064242994758	
140.0679	22.67	0.5839375698406077	-0.8522369768576828	
140.0679	189.41	0.31998263244577435	-1.6533089887704813	
140.0679	194.79	0.21773888211338804	-2.051059628492336	
240.1804	24.51	0.14544092783775417	-2.5122529422985123	
240.1804	27.81	0.4141533792121466	-1.305519964870967	
189.123	21.62	0.06533916207753114	-3.365057757110246	C6H13NO3
295.9419	20.7	0.057791437284408095	-3.5041671172142776	
140.1069	0.79	0.3931864533683219	-1.3682569019791673	
240.2683	78.69	0.7407751856466295	-0.5139347746815266	
240.9668	21.09	0.09458505075087802	-2.9476237688178752	
241.1042	24.51	0.4722720183444426	-1.1500817513806267	
241.1838	24.51	0.16404603899567963	-2.3898371706530743	
298.0829	26.37	0.372972169279427	-1.4416239152087897	
141.1103	1.19	0.42415745851689246	-1.2788963184280375	
298.2737	36.91	0.010358454558160856	-6.158753674406679	C18H35NO2
298.2737	48.91	0.007462395692040058	-6.778377779969041	C18H35NO2
299.0886	24.24	0.24700313111943614	-1.93646331452725	
299.1483	36.52	0.18415045812261635	2.265699100176285	
242.9253	22.67	0.06579703698902879	-3.352351234652185	
299.2771	36.91	0.03781797916817294	-4.086234586448184	C18H35NO2
299.2771	49.17	0.006303210878295999	-7.15243360193028	C18H35NO2
299.35	64.46	0.23863216712264626	-1.9668935269745147	
243.1826	21.09	0.48018952077358745	1.1150495872286512	
193.1012	38.75	0.426235120800807	-1.2721701536202186	
193.1012	41.27	0.2990937886983922	-1.723639413543145	
300.9046	20.04	0.016311564899469454	5.380866070844403	
243.6844	20.96	0.34904147401259883	1.5618790118358123	
243.9415	22.01	0.8949732337814189	0.21140978869562388	
301.0945	26.63	0.9916442144348128	-0.016566521983983395	
301.1044	24.51	0.09573473882177391	-2.936188311037195	
193.1699	0.79	0.37756729790252186	-1.4277924832556719	
244.0342	22.14	0.6174922775006344	0.7812754423316238	
144.0476	24.38	0.26732972087707746	-1.8623799705950446	
244.2632	36.39	0.5056360703842432	1.0307712690284798	
244.2632	41.14	0.5951041198499546	0.8287713048290641	
244.2632	43.76	0.3799879344252492	1.4130844500326865	
303.1197	25.97	0.5278360482344916	-0.9821181364879801	
245.0993	22.27	0.4304811804118512	1.2583690438212363	
304.2124	25.71	0.4623783230699264	-1.1712826036673483	
304.2124	28.2	0.274084746569027	-1.8289953076633105	
246.1012	22.14	0.37247124054706054	1.445384125174202	
305.0992	24.51	0.04033106475116992	-3.986923988944668	
305.1355	26.37	0.14515196125170304	-2.529136578912483	
196.0968	22.01	0.3189618275186383	-1.6577466120271884	
246.2426	27.42	0.4994833560966151	1.0432608789607904	
306.1917	24.77	0.36778217155352355	-1.4691583544682993	
307.892	20.04	0.6449072517146004	0.7178082791023273	
308.1429	69.34	0.33222695084781445	1.6163723857020305	
308.1965	37.04	0.6459107431380631	-0.7154894261515776	
308.1965	41.01	0.4643965374693693	-1.1647762422862626	
147.0439	23.33	0.5840052886204847	0.8511442398251262	
308.2792	65.38	0.8066443197027681	0.3805234365655958	
147.065	26.23	0.30094839227140213	1.7164865660945328	
147.065	30.74	0.6540545600099699	-0.6968218170247436	
248.237	36.52	0.2716184015481033	1.8401156569543995	
248.237	41.14	0.24321057461565496	1.9501432246084227	
147.0764	23.85	0.769329869505015	-0.4530759548955499	
249.1118	30.61	0.6239843069237606	-0.7617419204492998	
309.1459	69.6	0.36204240034405577	1.498599542793168	
310.2225	25.16	0.19730992546408424	2.163577956997105	
310.9124	22.93	0.12249683505286471	-2.6827857741244125	
148.1199	611.02	0.6359210222486518	-0.7378201857206443	
198.0977	24.51	0.5557421491759343	0.9141437808071916	
311.0887	24.11	0.42775246657825905	-1.267622346780489	
311.1462	24.77	0.08159496175307952	-3.0884288260509	
311.1462	26.5	0.03849123642656086	-4.053411615562923	
311.2771	214.7	0.3933738691593287	-1.3644643689001306	C19H35NO2
311.9292	22.14	0.5462014797256193	0.9349518555609757	
251.1427	66.98	0.1523673663816213	-2.4674592438167036	
150.0582	23.98	0.017558542981200832	-5.263611985387662	
312.3257	218.24	0.37247124054706054	-1.4450101215324282	
313.1044	24.24	0.14357366854058154	-2.5428807432460894	
313.162	24.51	0.613861212817204	0.7911680072940905	
199.1011	24.51	0.7438771392207536	0.5036625980811812	
252.1706	0.66	0.41647041096450466	-1.298063592244528	
313.329	217.98	0.36945541174122287	-1.4564001861972657	
199.1917	3.02	0.4404453724997216	-1.2249611848075987	
314.1607	27.28	0.6688980977250385	-0.6635253796341987	
314.3323	218.24	0.36945541174122287	-1.4556472508959017	
152.0567	22.41	0.016311564899469454	-5.373344619342189	
315.1739	79.08	0.005933710530522595	-7.4158706501366725	
254.1604	24.51	0.03066176868197604	-4.345432667657991	
316.2116	21.75	0.39954754335477516	1.344023665779009	C14H26O5
316.2485	28.34	0.9361389404444606	0.12212037512963891	
254.2476	29.91	0.820364263586974	-0.35605855793408797	
254.2476	36.52	0.0258983274035805	-4.696528539262346	C16H31NO
254.2476	44.03	0.030413180846004487	-4.403505864665409	C16H31NO
254.2476	227.85	0.5118797055611156	1.0141366912522465	
254.8997	20.04	0.04319380721106748	3.899555251001508	
255.1205	28.07	0.05330904866827533	-3.6280426168996724	
317.1145	26.37	0.5374189519964889	-0.9588672684726731	
317.2149	21.62	0.2990937886983922	1.726832992765281	C14H26O5
318.1916	25.29	0.2276913981498688	-2.012988411192195	
318.1916	29.78	0.11664223700352444	-2.7262757339602923	
203.0073	22.27	0.6359210222486518	0.7376764401277671	
318.2172	21.62	0.28867315365235796	1.7650949120620705	C14H26O5
203.1388	21.75	0.08920761590084572	-3.00545990298938	
319.0938	25.71	0.1577797107303174	-2.422550444608086	
257.0571	26.37	0.4890826746905599	-1.0854694193925063	
257.0793	1.32	0.8338906722030844	-0.3259646582177498	
320.2073	25.97	0.3306555819196382	-1.6237517738643699	
320.2433	26.89	0.3799879344252492	-1.415127585164143	
156.072	23.85	0.07579375786104109	3.2024287309469393	
204.9979	22.27	0.05171695669879419	3.6594243513471527	
258.0605	26.37	0.2863040726224403	-1.772188026005859	
205.0971	0.66	0.9945687882628252	0.010492256297522585	
205.0971	24.24	0.2629558588589548	1.8766999476656328	
322.0772	2.1	0.4744289581887072	-1.1369102445838963	
322.1865	27.55	0.3688814158862803	-1.461664476274372	
323.1461	25.03	0.08152471981016678	-3.0924887148990035	
259.0746	1.19	0.8949732337814189	0.2140592818968895	
259.105	21.49	0.22968343054702137	-1.9984405445113935	
157.1698	22.67	0.7331952101791996	-0.5278106664837966	
206.8938	22.27	0.3604795532616021	1.5054714479425435	
158.1368	0.79	0.30821107877329584	-1.6942747009618067	
325.1618	25.29	0.007376473320044451	-6.819700534870006	
158.1651	0.92	0.3073842096736279	-1.697707635108309	
158.1651	23.85	0.11332225703603416	-2.748716036238511	
207.1169	91.99	0.015096757614175546	-5.563750958352692	
326.1609	0.66	0.7193559690267101	-0.5560004017847043	
158.9639	21.75	0.042573395370706486	-3.9261019163141495	
158.9924	22.27	0.03982332271579572	4.015541940218482	
261.0733	22.93	0.9906321817267422	0.019017074906397206	
261.1095	0.53	0.4320149029030468	1.2516544421656535	
261.1095	28.86	0.3933738691593287	1.3647966490607484	
159.0276	22.14	0.14357366854058154	-2.541124871261688	
261.1306	22.27	0.5769183331784807	-0.8650542103726901	
326.3415	224.31	0.28126937435562	-1.7952113887728127	
327.1201	24.24	0.21354880787158942	-2.079221051637185	
327.1376	41.66	0.6143160989857299	0.7875653294113175	
327.1411	24.64	0.10042560455920627	-2.8680388684986715	
327.1411	27.28	0.03781797916817294	-4.087129977803035	
327.3366	213.12	0.4817929703294775	-1.108234524171325	
327.3449	224.31	0.18206446268960721	-2.277267860710948	
328.2124	0.66	0.6165849429559842	-0.7834972759745633	
328.3401	213.25	0.3959353680134499	-1.3586504106180697	
159.1491	1.19	0.3931864533683219	-1.3690904582908323	
159.9674	21.88	0.03781797916817294	-4.093081187952677	
329.1357	24.11	0.18767844172863848	-2.2405729579618265	
160.0309	22.14	0.17826672418974998	-2.307169042264236	
209.0961	47.07	0.8704978775590899	0.2691501948083466	
329.1533	47.07	0.8746576761931455	0.2588737843474086	
330.1563	46.81	0.839229077086616	0.31645514867821384	
330.2278	21.36	0.9660461125301925	-0.06641769969934015	
330.3362	80.79	0.212720818088807	-2.083539254555023	C20H43NO2
210.05	24.51	0.018601651469709813	-5.163830895770493	
210.0991	47.2	0.9576923129938092	0.08153634024360211	
331.1666	58.66	0.8443985291621662	-0.30775151476228446	C17H26O4
331.3396	80.79	0.2139347386363647	-2.0753985988587926	C20H43NO2
161.0919	21.62	0.10331504851028302	-2.827840604074758	
210.1964	0.92	0.4215058651668267	-1.287756039707162	
332.2072	28.2	0.8950071307763796	-0.21030963941566408	
332.2434	28.2	0.4890826746905599	-1.0827640655597195	
210.9775	21.22	0.3037812751259743	1.7072248176284308	
369.1306	24.9	0.3799879344252492	-1.4162447003250551	
369.169	30.74	0.3602781992277718	-1.5093934479777646	C15H29O8P,C22H24O5
369.1882	25.16	0.04885132452187143	-3.742515387604241	
369.1882	26.1	0.043140716322754284	-3.9055700034906304	
369.1882	28.73	0.016311564899469454	-5.384492365173996	
369.1882	29.65	0.08075409343225644	-3.1185221990523013	
334.1861	26.63	0.06350555901092783	-3.397958367998467	
334.2228	26.76	0.5419761212006348	-0.9489547486811759	
334.2945	36.91	0.43333071284240027	1.245555289116288	
334.2945	49.57	0.5826681305814397	0.8560059448907271	
334.3374	78.56	0.824535496685656	-0.34883149988417905	
369.8873	22.14	0.12011111138113068	2.7035802654755074	
162.1488	1.19	0.359996811907212	-1.5230668742876023	
211.1804	0.79	0.3441600045864643	-1.5787951129836868	
335.1894	26.63	0.3602781992277718	-1.5151134344139152	
164.0738	22.01	0.004399629031692911	-7.819652668096087	
336.2019	24.9	0.2151009284858458	-2.064227322970631	
336.2019	27.68	0.056142086655731005	-3.548279098134523	
164.128	21.49	0.4585364412778349	1.1807537898151632	
336.882	2.24	0.06283519032917244	3.422667995605732	
337.1043	24.51	0.7005773300175882	0.594861069080552	
165.0546	23.06	0.12528622157484506	2.6648681417755773	C9H8O3
372.8809	20.04	0.5647467118279343	0.8932538960533575	
372.8809	23.33	0.3910145439671116	-1.3804905096649736	
337.1615	26.89	0.2091211247679826	-2.0984846326766595	
165.0909	317.86	0.03751936643409016	4.125707354468421	
374.2111	46.81	0.9060624133864951	0.18246061786794315	C20H33NO3
374.8816	20.04	0.34904147401259883	1.5618875733925928	
375.214	47.2	0.9758249942796104	0.04941208588814189	C20H33NO3
339.1411	26.63	0.04327366601755143	-3.8547165063322018	
375.3214	88.71	0.014959447531127983	5.622435217205972	
214.2527	36.39	0.14438593303402528	2.53500628078295	
421.2623	28.6	0.7895622910875675	0.418708695617941	
376.9414	20.96	0.12819714275498567	-2.6419495634252472	
340.2302	51.27	0.027353523497889734	-4.586509761062006	
377.2007	193.61	0.0630496531331309	-3.4164714624172943	
340.3572	232.35	0.19730992546408424	-2.158536780820715	C22H45NO
422.2746	26.76	0.9669032691284732	-0.06420461519495471	
422.2746	33.37	0.6199386378545149	-0.7759822221483004	
422.8815	21.75	0.8085122141421104	0.37388889765472033	
423.1409	26.76	0.09629337956355864	-2.9239423735720202	
423.1409	33.1	0.43933597741465413	-1.228811974542457	C22H24O7
340.9306	20.44	0.9788101783608463	-0.03856936462373557	
378.2085	193.87	0.056142086655731005	-3.548475490864264	
378.2119	27.28	0.07066139145425036	-3.2882805317935695	
378.2119	33.37	0.1528404982052402	-2.458937066872833	
378.2119	36.39	0.1470413698338148	-2.498230106599678	
341.1357	24.77	0.10190798677375405	-2.8424441973008916	
341.1566	24.64	0.18534245869739835	-2.258725838474631	
341.1566	27.55	0.017558542981200832	-5.251659825049739	
378.8997	22.67	0.19388620503772663	-2.1881242927721036	
424.254	26.89	0.8326970368852878	0.33044397057043734	
341.3606	232.35	0.19730992546408424	-2.163646859593309	C22H45NO
424.8961	20.17	0.4404453724997216	1.223259952229084	
425.135	30.61	0.021111694090183906	-5.005959561367349	C22H26O6
425.1564	30.44	0.056612818862685786	-3.5302545452016707	C22H26O7
379.2816	161.46	0.03737664454754289	-4.134898872950337	C21H40O4
379.2816	168.06	0.07658725882724265	-3.1798380598941316	C21H40O4
425.3773	202.31	0.02241536425964751	-4.896885363703747	
215.1444	22.01	0.6809398075139753	0.6293601093524933	
379.9164	21.88	0.9060624133864951	-0.1794760390136487	
426.1388	30.87	0.07996730102267226	-3.1302598259022694	C22H26O6
426.1598	29.91	0.057791437284408095	-3.5033441716686555	C22H26O7
380.2083	194.27	0.06579703698902879	-3.356059356420725	
342.9288	20.44	0.7430498411921956	0.5061052200910399	
380.2277	25.43	0.43933597741465413	-1.229759817781031	
380.2277	28.2	0.07661966062769744	-3.1763902344407797	
380.3307	239.58	0.1381559843562491	2.5788961320793	
343.1149	24.51	0.12819714275498567	-2.6435339738371177	
343.1149	27.28	0.0258983274035805	-4.682019366941938	
343.1321	41.53	0.01865374180897628	-5.149913722302619	
343.1689	53.51	0.5387919899279999	0.9548318748948036	
343.1724	24.77	0.03268570700553104	-4.267453874700409	
427.2509	283.99	0.3870547576982027	-1.3901178894896566	
381.2996	176.12	0.7310548244467994	-0.5322066693968468	
381.3147	243.95	0.012498621913151384	5.91502992229799	C27H40O
428.0364	1.97	0.4892356582094056	-1.0756257890228025	
428.253	283.34	0.4612395224722349	-1.1742501313933782	
344.1358	41.01	0.01715856561771483	-5.297313474924049	
428.2572	145.65	0.056142086655731005	-3.5492188180403303	
344.1717	0.66	0.3799879344252492	-1.4150459342153223	
344.1717	53.38	0.5709111587924541	0.8794519120062985	
344.2072	29.12	0.3552813534977431	-1.5389398394230402	
428.3366	64.85	0.03781797916817294	-4.078614495023978	
382.2043	194.01	0.14777667031766525	-2.492656053138228	
382.2433	25.43	0.792810159463923	0.41223044824680044	
382.2433	27.55	0.4751664075074631	-1.1314478518357116	
345.1305	24.24	0.06579703698902879	-3.3494303162686405	
383.125	41.01	0.006267026835929005	-7.19742419262169	
383.1479	27.02	0.07105334367030607	-3.2729907304548433	
430.2739	110.42	0.05031875907218613	-3.71543972173533	
430.2739	189.54	0.5419761212006348	-0.9476425040465988	
383.2787	65.12	0.04033106475116992	-3.984065294507693	C22H38O5
383.3304	254.1	0.359996811907212	-1.5201862870460918	C27H42O
346.2161	92.12	0.0258983274035805	-4.684523314427328	
346.2161	96.1	0.03781797916817294	-4.104265223187451	
430.9138	21.09	0.05397152932974279	-3.6021340616856357	
346.2228	26.37	0.6236466323679756	-0.7645743666062546	
346.2228	29.52	0.42294204076517644	-1.2823351506712422	C17H31NO6
431.1781	200.87	0.003571422457797086	-8.476122906202509	
431.217	30.87	0.3520481172898864	-1.5520949671221465	C22H26O6
384.3104	65.8	0.04326749485872469	-3.880689968392096	C22H41NO4
431.2464	21.49	0.47974274009299517	1.1199633555579764	
384.3338	254.1	0.35390561529723147	-1.5459455225159118	C27H42O
431.3836	295.29	0.359996811907212	-1.5179778547823477	
431.9163	21.09	0.07648888481345964	-3.1839206444893278	
384.7715	22.67	0.00622192302730271	7.279743218570031	
346.952	20.7	0.24799002306425624	1.9321735255940384	
432.1814	200.87	0.003842704396880228	-8.084314917950612	
385.1828	25.43	0.008490417837377641	-6.484593952921816	
385.1828	28.2	0.014959447531127983	-5.623939092299883	C17H31NO6
347.2187	91.73	0.013279166772614419	-5.817678503031655	
347.2911	26.63	0.0756437217057017	-3.214465904268234	
432.3871	295.29	0.32974746237570535	-1.6283693531527872	
385.2731	276.59	0.014122973091677886	-5.711286947203454	
385.3421	197.98	0.14544092783775417	2.514095258052641	
385.3421	203.89	0.4890826746905599	-1.0804257016178123	
433.2406	30.87	0.8974399309121242	-0.20323265194228737	
434.2432	30.74	0.9060624133864951	-0.17980080374346344	
434.2744	26.63	0.7226341376363818	-0.5481269153327837	
434.2744	27.94	0.49830278651563575	-1.048158184051902	
434.3347	150.25	0.8124420472157886	0.3669562206947103	C27H44O4
348.0704	1.71	0.4928247527715728	-1.0617677088223296	
386.2535	0.66	0.3396045872350347	-1.5938719822876461	
386.2535	28.47	0.6760036712365078	-0.642450490097982	
348.202	25.84	0.2831452382860435	-1.7866219558957728	
348.2383	26.37	0.7965019310450654	-0.404008730033656	
435.2447	30.74	0.9498425877475798	0.0981580495481533	
435.2622	193.87	0.10190798677375405	-2.8442800933583197	
436.1963	27.15	0.022042048396704074	-4.93639859524599	
436.1963	28.86	0.19730992546408424	-2.160687895543327	
482.2877	102.67	0.35390561529723147	-1.545485191964886	C22H44NO8P
482.2956	27.55	0.9339522952727326	0.12706568613287977	
436.2538	26.37	0.7747176306780557	0.4433117289454487	
436.2538	30.17	0.8623518287552762	0.2802802736037297	
349.8916	20.04	0.8917457701646716	0.2291811350887024	
387.1986	24.64	0.06037450464415903	-3.467129607514628	
436.3417	202.57	0.366505345889425	-1.477490282963848	
387.2526	58.0	0.08159496175307952	-3.0830979236803744	C24H34O4
350.1721	51.27	0.9483115251386013	-0.10340232953471266	
350.1774	145.65	0.028022599117724208	-4.532247098595245	
350.1774	189.54	0.8278241599787045	0.34096341482090775	
482.9267	20.83	0.48714255192542205	1.0935413517899364	
350.2173	27.42	0.4928247527715728	-1.063153790759813	
350.2534	26.89	0.4141533792121466	-1.3058765535516972	
350.2534	27.94	0.43601911101631596	-1.2376939567915228	
483.2991	27.28	0.6236466323679756	-0.765165037745101	
351.1352	46.94	0.9093499814367051	0.17107336449504354	
437.2581	193.74	0.05308737341110849	-3.635422627823777	
437.3112	37.17	0.9136145772936252	-0.164624907420859	
388.1829	30.87	0.5077559180772832	1.026176484180813	C22H26O6
388.1902	41.53	0.4612395224722349	-1.1742060586239245	
437.345	202.18	0.3848714853027998	-1.3979207464778416	
388.2266	53.38	0.6214756821164025	0.7729151438904421	C17H33O7P
437.8745	20.3	0.1528404982052402	2.460701548661202	
437.8745	21.88	0.1421612053934363	2.553001741831378	
485.2793	218.38	0.05380938030485587	-3.612614296405777	
438.2613	193.87	0.05637391775768135	-3.5373153598212674	
438.2695	27.02	0.7026789602973524	-0.5882219028715018	
485.3587	20.96	0.4994833560966151	1.0436994374137154	
485.4673	265.84	0.9231899176365159	-0.1450161287155652	
439.1359	28.86	0.05042712069545075	-3.694791925082879	
388.3935	171.37	0.6509860542015111	0.7028480766027357	
439.3181	153.17	0.002342501058296511	9.531604645518335	C27H44O3
439.3391	182.03	0.0005056566492568711	-15.619330180180038	
486.3617	21.09	0.9357021133068202	0.12376195844449023	
389.1855	30.74	0.3441600045864643	-1.5763041179512283	C22H26O6
389.1937	41.27	0.4890826746905599	-1.0798679381041159	
352.8972	21.88	0.7349287282992226	0.5243188282781633	
487.3156	213.25	0.2563046404043891	-1.8990531560503698	
487.3331	220.35	0.6361613736822415	0.7339522133489679	
440.8687	20.17	0.2706340541074547	1.8485243319293558	
441.1308	24.77	0.274084746569027	-1.8272351567388605	
441.1308	29.65	0.03066176868197604	-4.350480494271532	C22H26O7
441.1516	27.28	0.00897881363129464	-6.379709868279601	
488.2498	24.38	0.8949732337814189	0.21561854083353646	
441.2371	0.53	0.7430498411921956	0.5067008058795693	
488.2878	218.9	0.029754019633808047	-4.460775543982605	
488.3366	220.63	0.4938991778260345	1.058041441610938	
353.352	218.38	0.35390561529723147	-1.5429646955956633	
390.1883	30.74	0.30821107877329584	-1.6930501302294192	C22H26O6
441.2983	533.91	0.19642950695825392	-2.1739283007688432	
441.3546	209.68	0.0005538604279227378	-13.14588778861048	C27H47NO2
390.285	28.99	0.6723080860312581	-0.6534253492824618	
488.8718	21.75	0.9775393095993906	-0.04383084185955377	
442.1547	27.28	0.012498621913151384	-5.901009706754956	
442.1547	154.09	0.9054818339231206	-0.18552499226167998	
442.1547	161.6	0.4890826746905599	1.076903797968973	
442.2573	52.06	0.489357426720831	1.0733595302050816	
442.2573	56.82	0.3189618275186383	1.656894938244476	
489.3124	175.73	0.36778217155352355	-1.4687191010447842	C23H48NO6P
489.3124	214.17	0.26705286498228525	1.864628250734016	
489.3611	64.07	0.2776191634815173	-1.814863392191321	
442.4041	254.62	0.07091857622366866	-3.281115018931713	
391.2837	201.65	0.16715150168375273	-2.3668852807416334	
490.3156	174.91	0.37756729790252186	-1.4275687696157453	C23H48NO6P
490.3156	194.53	0.08884131378490166	-3.0112061727542407	
490.3156	214.04	0.10185136024371111	2.8504632847983817	
442.8692	20.17	0.585206433354173	0.8484726480129591	
490.3443	210.76	0.8062122066667629	0.38483566386811113	
443.1568	27.28	0.022514958656713678	-4.8612903012903175	
490.4612	274.9	0.00875446514180285	-6.428936443082531	
392.2276	26.37	0.10739656880649644	-2.7933849351480897	
392.2276	28.6	0.212720818088807	-2.0849352707652042	
443.3879	201.13	0.02156009392362469	-4.9686498779307495	C30H50O2
392.2537	36.91	0.5718317924257603	-0.8762119174712251	
392.2639	26.89	0.768346600742912	-0.4563041032091159	
392.2639	29.25	0.7430498411921956	-0.5079413630855757	
392.2639	33.24	0.48018952077358745	-1.1162378062274168	
392.2871	201.65	0.19581214818459192	-2.1796346889113036	
444.2713	134.83	0.5364854109281749	-0.9653174314502697	
444.3316	64.46	0.05374624759397757	-3.6176839653498516	
490.8689	22.14	0.8067069831567477	0.3781633153802129	
444.9287	20.96	0.18767844172863848	-2.2358135249832	
491.3347	27.15	0.0258983274035805	-4.663265754380596	C26H45NO5S
491.3477	210.63	0.7212076688059447	0.5516636800060633	
491.4647	274.9	0.008156421808643146	-6.601204990666815	
445.3349	64.46	0.030413180846004487	-4.38041682205958	
393.2574	37.04	0.7241041418788366	-0.5433847065817985	
393.2574	41.01	0.6530386040979961	-0.6991490896298723	
492.2902	91.33	0.9489186695706728	-0.10063447212113327	
492.3381	27.15	0.028022599117724208	-4.526733709360786	C26H45NO5S
492.3445	181.9	0.5653774920524884	-0.8897484411715346	C30H45NO3
446.2168	26.89	0.523023878902099	0.9902800870619113	
446.2168	33.37	0.4544852595813828	-1.1895178911356519	
492.4249	222.07	0.1207890826129221	-2.6948748860972	
394.2161	162.65	0.05042712069545075	-3.6915449553198467	
394.2433	25.97	0.27995647881892466	-1.803676070829184	
356.3519	140.22	0.21982317186677436	-2.0420743165358886	C22H45NO2
395.0262	22.01	0.2990937886983922	1.7221474941010009	
447.3828	269.52	0.1362694854683771	-2.5906398257910075	C29H50O3
356.9084	23.33	0.3839188823115358	-1.4018462659105013	
447.9038	22.01	0.5419761212006348	0.9461389446918618	
395.3994	249.46	0.2574980279677083	-1.8925198042289109	
448.2325	29.91	0.3639108811602455	-1.4885865928648052	
448.2325	30.74	0.4967382357349997	-1.0526262705597473	
357.1306	24.24	0.1935753523010166	-2.196437012530353	
357.1306	26.89	0.00622192302730271	-7.314276282449416	
357.1306	27.55	0.029754019633808047	-4.465680990590127	
493.3883	294.77	0.34758199444342525	-1.5674628124343584	C30H52O5
396.2316	194.01	0.05049332478379961	-3.681842325566697	
396.2939	32.32	0.69724946008382	-0.6021023721894566	
494.2958	28.07	0.6678541503616091	-0.6658761879627859	
449.2357	30.87	0.6484729651025857	-0.7091326816998926	
449.245	211.02	0.15672665438840175	-2.4314954777536326	
396.4194	286.21	0.14544092783775417	-2.5127285703359985	
449.3478	32.05	0.640220410499532	-0.7250325826127166	
494.3917	293.98	0.6571940918680972	-0.6897249913658765	
397.183	25.29	0.029754019633808047	-4.454120209252947	
397.183	28.07	0.04326749485872469	-3.885159867174667	
450.2735	189.28	0.8781629610590176	-0.25124710375956144	
397.2351	193.87	0.1287635113472673	-2.63656878313945	
397.2709	0.66	0.6598529093924514	-0.6810448801820079	
450.3512	32.32	0.5982416858042573	-0.8194691561508327	
495.2995	28.2	0.9489186695706728	-0.10043231073289743	
495.2995	210.63	0.7859906005771247	0.424177900739039	
495.2995	246.31	0.0812004733117999	3.0982817408228946	
451.2571	0.79	0.4320149029030468	-1.2521850340611784	
496.3112	26.63	0.5976061719616205	0.8213388537462912	
451.3543	32.32	0.6141625777740262	-0.7889329450015812	
452.2484	27.02	0.6733577361338484	0.6468917744110326	
452.2484	32.58	0.762121572238789	0.46812170969718214	
398.2403	31.92	0.5678231785145864	-0.8848820558657313	
359.1462	24.24	0.030413180846004487	-4.367933525858988	
498.415	263.71	0.04033106475116992	-3.9886498630693756	
498.9005	21.09	0.04745198013985515	-3.7714909607325695	
398.8899	20.3	0.3639108811602455	1.4898219325295698	
398.8899	22.41	0.4895642317039526	1.070965295678569	
453.2724	0.66	0.792810159463923	-0.41063161345961613	
399.1434	28.86	0.09050544317734432	-2.986822688307048	C22H22O7
499.9036	21.09	0.02650570272911875	-4.621294704964799	
399.1987	25.16	0.004399629031692911	-7.830850879607293	
399.2499	0.79	0.5622391003395937	-0.8999530633812863	
399.2499	62.1	0.018300600359370253	-5.201932863351167	C25H34O4
360.1585	41.27	0.4722720183444426	-1.1500591338696489	
399.3253	193.22	0.4215058651668267	1.287074960239861	C27H42O2
454.1703	36.39	0.33594064315871736	-1.6045896359214453	C24H30O6
454.2644	27.15	0.07775245921835836	-3.1606328599348594	
454.2924	95.27	0.07579375786104109	-3.2000579878090814	C21H44NO7P
502.2921	65.8	0.4477850549551019	1.2026875917368305	C25H44NO7P
502.3733	83.02	0.2706340541074547	1.8463456898159156	
400.3053	65.12	0.030697618318925684	-4.33790108364563	
361.1923	210.76	0.7038917116408302	0.5827334487741916	
361.2343	0.79	0.5374189519964889	-0.9598715995549084	
361.2343	31.92	0.5957730850750101	-0.8268519730260306	
503.3269	224.04	0.895306783854389	-0.20868989659555995	
503.3703	263.58	0.15611569501980932	-2.4381358646005102	
456.289	193.87	0.04745198013985515	-3.769294285453862	
456.3003	189.41	0.36945541174122287	1.4561694849202982	
361.3653	119.68	0.2990937886983922	1.7292578025010894	
457.1256	26.89	0.013279166772614419	-5.805485579521083	
457.2035	27.42	0.18767844172863848	-2.2382030178234524	
457.2035	32.45	0.18534245869739835	-2.257503997736956	
401.159	27.15	0.024523074937622662	-4.756784560583863	
457.2483	187.44	0.03815303649831142	-4.0659854608231205	C20H42O7P2
457.2857	188.75	0.8949732337814189	-0.21770624586981366	
457.2922	193.87	0.04327366601755143	-3.8665478703151033	
401.2642	224.18	0.6809398075139753	0.6281742790931869	
401.3087	64.99	0.04163650366590082	-3.953860734687407	
401.3411	200.87	0.32974746237570535	-1.6270256998433976	C27H44O2
458.2896	188.75	0.9660461125301925	-0.06739104126344664	
458.3048	219.03	0.02241536425964751	-4.881744582718767	
362.217	26.63	0.7191108166938762	-0.5602594893557393	
362.217	31.92	0.3848714853027998	-1.3977041459164818	
402.1623	27.28	0.030855537367068756	-4.327190040505987	
458.3471	84.6	0.18749341081385407	2.245883467725358	C25H47NO6
505.3082	210.76	0.17251433161457153	-2.3393831348506624	
458.4714	200.21	0.13420739995634448	-2.603428871761223	
362.3685	119.68	0.2689187553542651	1.8568036103137053	
402.3445	193.09	0.05042712069545075	-3.7075649318293338	
505.389	209.16	0.6089906628475761	0.7998302740484111	C31H52O5
459.2652	177.83	0.3341601373612084	-1.6109900564193724	
459.2652	198.51	0.07579375786104109	-3.20047900711703	
505.8908	209.16	0.74935855494329	0.4932940520360433	
362.9259	21.09	0.05769993925874779	-3.5122194025786353	
403.1743	24.51	0.5113342043125854	1.0170046086514515	
403.1743	31.0	0.05452448557875199	-3.590301388384046	C22H26O7
506.311	210.76	0.15423332647291177	-2.4485134990432775	
363.1715	234.85	0.40460458469857374	1.331520985635075	
363.1715	243.29	0.3189618275186383	-1.659341397376547	
363.2209	26.76	0.489357426720831	-1.0735565018857194	
363.2209	192.43	0.003571422457797086	-8.40227867340106	
404.2061	30.87	0.36204240034405577	-1.4982255236582163	
404.2639	27.94	0.8326970368852878	-0.3328639910659567	
363.9293	21.09	0.35390561529723147	-1.543495383732977	
461.3625	211.55	0.6600483394778242	-0.6771175970024405	C29H48O4
461.3625	221.15	0.06350555901092783	-3.3999647713335976	C29H45NO3
508.3028	112.04	0.9139166472617588	-0.16317442580366542	
405.2094	30.74	0.5419761212006348	0.9463092367874129	
508.4718	275.03	0.008490417837377641	-6.515537634820252	C32H61NO3
462.3056	28.47	0.6726361359158718	0.6490896555961247	C25H36O5
462.4149	203.1	0.6239843069237606	-0.7599262664790842	
462.4149	210.63	0.5215898111517462	-0.9954759590056056	
364.2327	25.03	0.44813533915317416	1.2010168456969066	
364.2327	27.81	0.5623451719424106	-0.8977276458274013	
364.2327	33.37	0.47405135728961867	-1.1432443704187272	
509.3063	112.44	0.9788101783608463	-0.03895579856649522	
406.0421	21.62	0.37327268038626366	1.4398389078022908	
406.2009	41.01	0.06350555901092783	-3.403464587017201	
406.2122	30.74	0.7430498411921956	0.5089164896103261	
406.2433	27.94	0.5214500585250951	0.9967056238456362	C20H34O8
406.2433	33.89	0.7567170970914754	0.4789106638755887	
406.2433	36.39	0.892151153765867	0.22630537966898084	
509.4753	274.9	0.07066139145425036	-3.2871517297479853	C32H61NO3
463.2771	34.94	0.4994833560966151	-1.0443428155070795	
407.2044	41.79	0.06145508235579696	-3.446483724490965	
464.2188	193.48	0.14519378657213913	-2.524466874188928	
408.2229	26.37	0.09635580399885162	-2.9207908771259365	
464.2277	27.15	0.6598529093924514	-0.6819746471956533	
364.9947	24.51	0.8250076631587785	-0.3472258229746662	
408.2589	28.2	0.5364854109281749	-0.9659179220672715	
408.2924	110.16	0.009573559888555001	-6.290838868682239	
464.2847	30.61	0.9788101783608463	-0.036394571065600394	
464.4457	272.27	0.02241536425964751	-4.898033520275836	
510.8556	20.17	0.06350555901092783	3.3966224149634963	
408.9185	20.44	0.8746576761931455	-0.258066298250456	
409.1614	30.87	0.022514958656713678	-4.858669129651917	C22H26O6
409.2623	28.34	0.4160413982444227	-1.3006403347466933	
409.2803	37.04	0.4404453724997216	-1.2225456755402255	
409.2803	41.01	0.6546794772087875	-0.6940266320041472	
409.2958	110.42	0.015096757614175546	-5.552877862605841	
465.2309	27.42	0.6809398075139753	-0.6285019314554492	
465.2309	160.94	0.3441600045864643	-1.5756860326605424	
409.9204	20.57	0.8949732337814189	-0.2158736155921695	
512.2041	154.35	0.5917509031989648	0.8381791708590072	
366.2483	25.29	0.8746576761931455	0.25808459758927876	
366.2483	27.81	0.6801410177040672	-0.6340029202059493	C19H30O6
512.3064	26.63	0.8777721107121399	-0.2528145620309969	
512.3064	92.38	0.007223477410769566	-6.872383049762541	C24H47O9P
410.1647	30.87	0.030413180846004487	-4.365440659932474	C22H26O6
410.2111	161.86	0.01144306322257215	-6.026791221497968	
410.2294	0.66	0.19730992546408424	-2.1591366614288034	
410.2383	27.02	0.9523155808486754	0.09280915508091915	
410.2746	25.71	0.366505345889425	1.4765808070304396	
466.2644	27.68	0.22968343054702137	-2.0023956426461367	
466.3007	27.55	0.8204013418481504	0.35499681327114085	
512.9163	21.09	0.04437729986125035	-3.830007162519018	
367.2822	112.31	0.9289382687297044	0.13558240874688993	
467.2686	27.94	0.36524053654928695	-1.4835931001641238	
468.3342	174.78	0.36204240034405577	-1.4973478443971584	C23H48NO6P
468.3454	179.67	0.36948616556384917	-1.454363283274593	C30H45NO3
515.134	36.52	0.4890826746905599	1.0824729768780783	
515.328	198.64	0.07225852181223852	-3.2574591902760797	
515.8908	22.01	0.5709111587924541	-0.878511707691685	
368.3883	266.5	0.892151153765867	0.22550294830438253	
413.1779	26.1	0.07626432319598399	-3.191035227157856	
413.1949	36.52	0.9449061286738241	-0.10991547781444676	
413.3247	52.19	0.3602781992277718	1.5146689290249438	
517.3429	235.24	0.9742679203048588	0.052652075954088065	
517.3557	210.76	0.5964424942033887	0.8239372189380267	
518.3107	37.17	0.45521056469001375	-1.187243561111233	
543.3887	192.96	0.003390583202535655	-8.674954133141526	
518.3686	176.12	0.6361613736822415	0.7334064081578828	
518.3756	210.76	0.6007244274222531	0.8130733543797904	
518.4563	317.07	0.0258983274035805	4.667829163011916	
414.9393	20.7	0.33161633475763425	1.6201332902423047	
519.3593	305.51	0.2860191545811949	1.7743239539208118	
519.3666	176.25	0.32974746237570535	1.630121511705335	
519.3666	185.73	0.5374189519964889	-0.9605949162124658	
519.379	210.76	0.6723080860312581	0.6512049400626376	
472.9009	20.44	0.8542179151514757	-0.29244814733112046	
519.4598	317.07	0.024523074937622662	4.758507512476873	
544.8933	20.7	0.5550952635403806	-0.9160779704710393	
415.1743	24.77	0.8944225534720975	0.22162552349626843	
473.3176	210.76	0.7791193661717724	0.436788636014956	
415.2436	62.1	0.8418437956846074	0.31195947297822796	
415.2793	233.27	0.2990937886983922	-1.7257802794607378	
546.1859	168.45	0.14911270752718406	-2.4843500431743255	
474.321	210.76	0.7331952101791996	0.5275097259990981	
520.3547	111.91	0.28310043490351555	-1.788655635239506	
520.3819	210.76	0.792810159463923	0.411013470781623	
520.4355	277.38	0.5443629561105182	0.9386289490646748	
546.399	82.5	0.18749341081385407	2.2469725657244197	
546.399	176.12	0.47405135728961867	1.1407425682483705	
546.4067	210.76	0.8893587729253666	0.23531010384520942	
475.1572	193.87	0.2990937886983922	-1.7287701401750242	
475.1934	25.03	0.21484943063829712	-2.068233687262769	
521.3582	111.52	0.24161230869343386	-1.9562105511115453	
521.3712	208.63	0.8746576761931455	-0.26132005260631963	
475.3241	210.76	0.9045375179160502	-0.19051151040634756	
475.3776	278.17	0.7047793554374552	-0.5806084492168131	C30H50O4
475.4697	309.18	0.02799514873784617	-4.543078206783514	
522.3267	29.65	0.6975506808710169	-0.6007305323151119	
547.4104	210.76	0.6361613736822415	0.735909062647745	
476.2439	30.3	0.62335921771035	-0.7673981679629076	
476.2439	229.82	0.20123507479081096	2.1331934938144648	
417.1583	283.99	0.905165230732711	-0.18805056536041362	
476.2848	29.78	0.4421890551971808	1.2163613804278433	
417.255	210.76	0.6922758481566549	0.610496158059213	
476.3281	305.23	0.359996811907212	1.5182385757098322	
417.3359	151.85	0.0011202309720228691	10.922015425005323	C27H44O3
476.906	20.44	0.6141625777740262	-0.7887680853934973	
477.2158	283.86	0.6801410177040672	0.6331298613413087	
417.8789	20.04	0.5766105173124665	0.8668906551348521	
418.1618	283.86	0.9788101783608463	-0.03695254105221663	
418.2433	27.15	0.5614801307804241	-0.9029223345412627	
418.2583	166.75	0.839229077086616	0.3162422051458665	
418.2583	210.76	0.6479362650272006	0.710830231983488	
478.1985	168.58	0.09050544317734432	-2.987457291709464	
418.3392	152.38	0.002342501058296511	9.263853652480206	C27H44O3
478.2188	203.23	0.5478937184692884	0.9314924995812266	
478.2738	75.67	0.9036913095431992	-0.19415246165970004	
523.2993	186.0	0.000548563492233945	-13.468082758044808	
478.3007	28.2	0.8949732337814189	-0.21222193173499299	
419.1696	25.03	0.08075409343225644	-3.1126415110339156	
419.1696	27.15	0.016311564899469454	-5.378101415146621	
419.2251	30.61	0.9231899176365159	-0.14510747191609574	
419.2342	134.31	0.29580112423384686	-1.7425981717545147	
419.2342	194.01	0.8949732337814189	-0.2129381217102878	
419.2342	243.69	0.7241041418788366	0.5430395642688701	
420.1729	27.28	0.016311564899469454	-5.429477192224137	
420.201	31.0	0.19730992546408424	-2.161037916424432	
524.1934	219.69	0.016311564899469454	-5.454863734784174	
420.2318	177.04	0.02241536425964751	-4.889189597964799	
420.2318	186.52	0.032882642964122355	-4.250244680218835	
420.2954	32.05	0.7226341376363818	-0.5478712324949063	
524.303	186.39	0.002342501058296511	-9.447339016055095	
549.4151	207.58	0.6463844405665156	0.7138741633205203	
480.2797	32.32	0.8046552347427577	0.3877870021279483	C26H37NO7
420.8849	21.88	0.8898489741619842	0.23258823536634693	
550.2544	58.0	0.08159496175307952	-3.0851358479592084	
525.3056	186.0	0.04033106475116992	-3.9892679641035214	
550.3655	210.76	0.17341496811710086	-2.3318507062531815	
550.9143	20.7	0.48050113339732947	1.111878460829331	
526.4463	264.11	0.04326749485872469	-3.8931791682383485	
551.3683	210.89	0.19388620503772663	-2.192155797037609	
604.2086	188.36	0.6718296980516902	-0.6557568100900646	
527.2899	151.72	0.20297764038271515	-2.1255012562978775	
527.2899	210.63	0.17826672418974998	-2.3106939910753392	
604.4721	196.27	0.8945895300785967	0.22035840060883313	
527.4024	208.24	0.6362210490050236	0.7323412034509792	
527.4495	263.58	0.07872244568149957	-3.14455299665998	
605.2118	188.49	0.5494528929320404	-0.9272235875008452	
605.3146	283.6	0.8526797284121103	-0.29539214536921327	
605.4753	196.4	0.8604907007737166	-0.2836266005306199	
552.269	76.59	0.7811450598674152	-0.43238113541045464	
673.3385	304.04	0.10042560455920627	-2.868475975231976	
673.4228	209.03	0.002342501058296511	-9.290720330051895	
528.3029	26.23	0.3919837658312079	-1.3756929465032424	
605.5841	388.26	0.4643965374693693	1.1651447983680168	
606.188	108.19	0.5169052066294916	-1.0055472959001983	
606.3179	283.6	0.8708981072406755	-0.2676097328882154	
607.3209	283.6	0.8326970368852878	-0.32957303474231825	
675.3519	282.94	0.1661288286170564	2.375431062892188	
530.2874	76.46	0.723699520650722	-0.5455256456112707	C25H42NO7P
530.3217	95.27	0.018601651469709813	-5.1701217684901755	C25H50NO7P
553.8555	20.3	0.6802583733967461	-0.6319977054463677	
530.4539	275.16	0.009867097534476664	-6.238259898307617	C32H61NO3
554.2425	115.74	0.9742679203048588	0.052532951052559444	
554.3164	31.4	0.44574986965717395	-1.2093353622108367	
554.3414	193.48	0.008109399613974999	-6.633408069107674	
677.2626	203.23	0.7729911775686087	-0.44647850540265127	
678.3084	250.38	0.10407336338082679	-2.8177470621528498	
555.2542	229.69	0.08075409343225644	3.111562709351301	
532.2066	193.48	0.05045835499002225	-3.686707686190233	
532.3024	104.9	0.1962684969793239	-2.176268470624785	
555.4444	204.15	0.6361613736822415	0.734802717595264	
679.448	257.12	0.2990937886983922	-1.7225742033733975	
679.448	286.21	0.9575095156968542	-0.0836958605198401	
532.384	63.28	0.6723080860312581	-0.6527288744077643	
532.3915	220.35	0.2139347386363647	2.0729620361966803	
556.3026	83.02	0.18134995601884216	-2.2857412961385477	
533.2101	193.87	0.04327366601755143	-3.854145661481216	
680.4501	257.12	0.5917509031989648	-0.8367772900303525	
680.4501	286.21	0.9575095156968542	0.08287726786333587	
533.3762	210.76	0.07792159900542718	3.1549607225804825	C26H56NO6P
533.3873	63.28	0.5749462965488571	-0.8708231062682681	
556.8577	21.88	0.7583950858458077	-0.4748081685194827	
533.4728	308.4	0.48018952077358745	1.1158496921483794	C32H63NO3
557.1509	36.65	0.36334007673797364	1.4923023676107374	
680.868	20.7	0.40874529762506817	-1.3230332907401257	
558.318	109.9	0.027401148178209392	-4.576975485286888	C28H48NO8P
534.3702	194.66	0.61124403652883	-0.7957160746022184	
534.3702	214.3	0.04326749485872469	3.8783501855030846	
534.3702	234.85	0.032882642964122355	4.250021835667365	
612.8807	20.7	0.4320149029030468	-1.25021587818714	
682.399	184.0	0.7012167681662403	-0.5920710768338152	
558.8565	22.01	0.9483115251386013	-0.10401611483224121	
615.2633	193.22	0.6768121575389224	-0.6394351997451097	
615.4547	204.81	0.5017911679468061	1.038694716621515	
536.1099	36.52	0.3919837658312079	1.3747297735845156	
615.9567	204.81	0.359996811907212	1.518906116557788	
616.2449	217.46	0.4126600998509751	-1.3127072267615698	
616.3175	218.64	0.16101024559544283	-2.4066748552358566	
617.3211	218.51	0.33161633475763425	-1.6190097277835682	
618.224	188.49	0.6239843069237606	-0.7588385165580535	
686.25	177.57	0.103308327983992	-2.8303988401114175	
686.25	182.29	0.3629147519058831	-1.4943904067170801	
686.25	186.26	0.18923824824862326	-2.2264804062814596	
686.25	189.67	0.12599181996157488	-2.658623061314907	
618.4878	225.23	0.9231899176365159	0.1463174306726564	C34H68NO6P
686.4625	226.01	0.2265487461670336	-2.01925303881174	
686.4625	230.78	0.0258983274035805	-4.649247407150095	
686.4625	235.51	0.18290207789981971	-2.272230557332922	
537.2787	119.94	0.5557706142107038	-0.9122605201325077	
537.2787	120.74	0.3989113061618786	-1.3486237522032778	
562.402	235.24	0.3821373120731231	1.406347003750582	
619.2277	188.49	0.47405135728961867	-1.140917134450959	
563.2267	282.42	0.6726361359158718	-0.6488159521665291	
620.4363	61.7	0.19156156132645116	2.2115525589322806	
563.4661	319.44	0.4928247527715728	-1.0618172285400547	
564.2955	83.94	0.9045375179160502	0.1899013306946529	C28H47NO8
540.1698	196.01	0.5443629561105182	0.938707377110635	
623.3252	283.6	0.9637017247698716	-0.07167186442581538	
623.3853	287.26	0.19295798308389062	-2.2022433245384363	
540.4257	175.99	0.763229467200616	-0.46573165293272784	
540.4257	257.51	0.48497765258747993	-1.100571944524528	
624.3286	283.6	0.74935855494329	0.4933876497826292	
624.3889	287.52	0.20049855283386478	-2.1407160517469834	
624.4171	288.31	0.3688814158862803	-1.4632224217557757	
540.8884	20.57	0.48050113339732947	-1.1117420754447076	
690.4701	198.37	0.03781797916817294	-4.080842417372811	C36H68NO9P
690.4701	202.18	0.10185136024371111	-2.8555686726766965	C36H68NO9P
690.4701	203.89	0.10190798677375405	-2.8425454694684675	
624.8464	21.75	0.7204811829346236	-0.5535771665862457	
625.4096	231.7	0.13393105136692696	-2.607170548730142	C31H61O10P
566.8878	21.09	0.04327366601755143	-3.8588689569751304	
692.2962	217.85	0.37012245081184003	-1.4519243128400412	C34H46ClN3O10
627.3612	209.03	0.003842704396880228	-8.24700870702272	
692.3182	196.01	0.8066443197027681	-0.37953732143102825	
628.3649	208.9	0.0006789999408232199	-12.303565578247774	
568.3565	186.0	0.0005172200727941066	-13.956011844091949	
568.4568	217.59	0.6827978456781861	-0.6247719937446485	
568.4568	257.25	0.4790069894069855	-1.1221873639794018	
692.8337	21.75	0.4470088152090476	-1.2059943655450422	
693.3001	217.59	0.48050113339732947	-1.1113202598097498	C34H46ClN3O10
569.3324	283.6	0.36771355842848213	-1.471336897451103	
569.3604	186.0	0.0006789999408232199	-12.096679191093523	
569.4348	196.27	0.7946544584846923	0.40732199672600117	
569.4348	225.23	0.9231899176365159	0.1472752823710254	C40H56O2
569.4348	237.74	0.8781629610590176	0.25023225640422847	C40H56O2
569.4348	262.66	0.6764775403151015	-0.6408516293993882	C40H56O2
569.4348	276.07	0.9945687882628252	-0.01156176599501938	C40H56O2
569.4348	308.92	0.6184832359028171	0.7789417217027046	C40H56O2
694.3322	220.21	0.03737664454754289	-4.134770135965852	
694.3322	222.73	0.14544092783775417	-2.5182585210901247	
694.3322	226.67	0.09158446762276289	-2.9756734011043275	
694.3322	231.04	0.030413180846004487	-4.395318113825246	
694.3322	236.95	0.09976341156627713	-2.8910576224807336	
694.3982	207.45	0.6239843069237606	0.7601892965602641	
694.4431	188.1	0.07237861696733408	-3.252929642222573	
630.2011	153.82	0.8746576761931455	0.2577228913799121	
630.2011	161.33	0.6598529093924514	0.680319262404059	
630.2604	201.13	0.2716184015481033	-1.8393106954216103	
570.4381	196.27	0.7811450598674152	0.4322491730755843	
570.4381	225.23	0.8326970368852878	0.3294940325768894	C40H56O2
570.4381	262.8	0.9072222807990405	-0.17684028897894674	C40H56O2
570.4381	275.43	0.7032156338400825	0.5865483389458492	C40H56O2
695.3651	263.19	0.9788101783608463	-0.03542404081907958	
695.3651	270.96	0.9279436050629573	0.13792254330125553	
695.4016	207.45	0.727931428398127	0.5371705379797203	
695.4431	253.7	0.20698966037523656	-2.1088259389292667	
695.4431	262.4	0.6007244274222531	-0.8139004870642305	
748.379	214.57	0.7660668441103959	-0.4601687830808893	
748.379	236.82	0.42515382354747316	-1.2751479702868378	
631.2638	201.39	0.3558780544712274	-1.5364546078041341	
631.2638	204.28	0.2563046404043891	-1.8987849488582262	
696.4047	207.58	0.8326970368852878	0.33113177649377	
631.4828	196.01	0.4890826746905599	1.07765393814065	
631.4951	292.93	0.48576886156694843	-1.0967347026047218	
696.4745	257.64	0.5623451719424106	0.8976746057149445	
696.4745	287.0	0.5766105173124665	-0.8664850243268872	
571.331	295.03	0.6723080860312581	0.6516453932733531	
571.4281	206.4	0.7438771392207536	0.5030792502215344	
571.4415	196.27	0.6488221796548133	0.7076840364109269	
571.4415	225.23	0.8021050023486495	0.3929860170948316	C40H56O2
571.4415	237.34	0.4744289581887072	1.138757599276817	C40H56O2
632.2399	185.18	0.4732018383662764	-1.1475021206323348	
632.2399	189.8	0.4016469625461964	-1.3391034636985781	
632.2399	192.96	0.3602781992277718	-1.5099996183901363	
632.2399	195.06	0.37756729790252186	-1.4268896629855807	
632.2399	213.12	0.28528571992210333	-1.777967288170559	
632.2399	217.46	0.28126937435562	-1.7945631026834394	
632.2399	231.57	0.11049254522769596	-2.7687079241009234	
748.8546	20.57	0.4890826746905599	-1.081892915204701	
632.4984	292.53	0.48018952077358745	-1.114996383022033	
632.5048	196.01	0.7193559690267101	0.5580029016259016	
632.5048	237.47	0.9180673179939152	-0.15686394627747335	
698.3414	185.18	0.5190779491233166	1.0012702663761053	
633.2792	288.97	0.274084746569027	-1.831028350949032	
573.4358	119.94	0.8259450090373022	-0.34504071493833866	
634.3856	189.41	0.9761902708109657	-0.04781733282591197	
751.3346	188.36	0.7839672955514774	0.42771252139346444	
634.8752	21.09	0.05397152932974279	-3.6020566300086494	
635.455	80.66	0.596422167055971	0.8249609702616278	
752.3308	166.35	0.8066443197027681	0.3829196558042719	
752.3376	188.49	0.7507419269667569	0.4894364085402569	
636.4589	194.92	0.28025433187090887	-1.8007397096984274	C33H66NO8P
636.4589	197.98	0.4320149029030468	-1.250006561068744	C33H66NO8P
701.3538	194.4	0.3989113061618786	-1.3463226177511696	
701.3538	197.06	0.47336552970936635	-1.1461575483618438	
701.3538	202.97	0.5443629561105182	-0.9392944524529303	
701.3538	209.03	0.21729108140710035	-2.0541048137237268	
701.3538	212.99	0.43011260351650127	-1.26106494996073	
701.4727	193.61	0.0258983274035805	-4.6553254458636655	
637.3045	136.94	0.3863866966467655	1.3925329948403424	
637.4671	203.89	0.6350112836381829	0.7408698885166413	C33H66NO8P
702.3184	236.95	0.4120959768948641	-1.3159919282912538	
702.3573	194.4	0.4352396052230664	-1.2412254037488641	
702.3573	197.19	0.32974746237570535	-1.629553239993818	
702.3573	203.1	0.5221006496103807	-0.9936939676609732	
702.3573	204.94	0.3931864533683219	-1.368955012252036	
702.3573	209.42	0.3117577240830725	-1.6823725422130713	
702.3573	212.73	0.3602781992277718	-1.509528989356862	
702.3733	189.41	0.7019944751625639	0.5900862495586305	
702.8625	21.09	0.05042712069545075	-3.6947846091982264	
704.4854	202.31	0.0391519793655815	-4.034428833140382	C37H70NO9P
704.4988	134.83	0.7729911775686087	0.4473434244936186	
576.4105	62.88	0.5111180503162177	1.0183544823584179	
576.4176	242.9	0.6350112836381829	-0.7411184311168593	
577.4126	62.36	0.754059029578258	-0.4834377971963327	
705.3286	205.07	0.5622391003395937	-0.899831628961833	
642.4363	231.57	0.10042560455920627	-2.8692417733346285	
644.2402	187.57	0.18767844172863848	-2.236949747369221	
759.4391	155.95	0.7038917116408302	0.5833714249772135	
759.4391	159.76	0.31873230054552215	1.6643281201507574	
645.4986	225.62	0.19746907975180047	2.156242981518204	
580.493	305.51	0.17900522087720572	-2.30215094250954	
646.5202	225.23	0.3123380121809546	1.6796952627103527	C36H72NO6P
709.3238	217.59	0.4141533792121466	-1.3060228377032044	
647.4219	261.75	0.22968343054702137	-1.9985672834320787	
647.5229	225.36	0.27102234034532335	1.843845211641315	C36H72NO6P
760.821	21.75	0.47773268054871215	-1.1252603011389184	
648.438	189.41	0.6834120542578269	0.6229934878285479	
582.3363	120.07	0.48576886156694843	-1.0974194417355867	
762.4686	160.68	0.014122973091677886	-5.713812666400334	
762.4686	195.06	0.36047449875693044	-1.5067580060322199	
650.306	288.7	0.366505345889425	-1.4761493868572197	
583.4143	171.37	0.738009198902408	0.5194201155471687	C40H54O3
583.4143	209.29	0.8066443197027681	0.38114227790174054	C40H54O3
583.4143	224.31	0.9637017247698716	-0.07164370479084009	C40H54O3
583.4757	242.63	0.41244208360054624	-1.3142365691122257	
712.2415	222.34	0.3396045872350347	-1.5930033870479767	
712.2415	225.62	0.4320149029030468	-1.2512516520182977	
712.2415	229.3	0.6995931699808695	0.5971128626899517	
712.4774	36.78	0.007806702861679234	-6.701408843220163	
583.878	21.75	0.5373409783397505	-0.9625115535306086	
653.3361	214.3	0.6233244084788054	-0.769431270804011	
585.4297	164.75	0.9072222807990405	-0.17482295239262582	
585.4297	209.42	0.6600483394778242	0.677501928740746	C40H56O3
585.4297	231.57	0.372972169279427	1.4425757382540372	C35H62O4
586.4314	192.56	0.003842704396880228	-8.088392527278792	
586.4314	209.55	0.6600483394778242	-0.6779548679702814	C40H56O3
586.4376	292.53	0.5833203337909092	-0.8540965969288513	
715.2828	217.59	0.19295798308389062	-2.2035560397423417	C34H46ClN3O10
587.4142	191.77	0.0008122339765230757	-11.611433024307345	
587.441	292.53	0.6239843069237606	-0.758640711989372	
656.2753	222.07	0.28528571992210333	-1.7775382061548226	
656.2974	197.98	0.2291263112838736	-2.006689260638293	
656.2974	200.08	0.19786442265992407	-2.1531452491854473	
656.2974	205.88	0.17900522087720572	-2.2965176872301725	
656.2974	209.16	0.17900522087720572	-2.299635661807367	
656.2974	212.47	0.08075409343225644	-3.1087785075980103	
716.3084	205.61	0.3441600045864643	-1.5793881079860517	
716.3084	209.82	0.17826672418974998	-2.307349714448791	
716.3084	210.76	0.6598529093924514	-0.6815608563922659	
716.4251	189.15	0.48497765258747993	-1.1004770664271246	
716.4633	195.06	0.28025433187090887	-1.799985632605726	C36H68NO9P
588.2137	188.23	0.895306783854389	0.2078199545112084	
588.2137	198.64	0.43594160328169645	-1.238933837401678	
588.2137	216.8	0.36687305424429273	-1.4741952695603788	
588.2137	222.07	0.274084746569027	-1.8271098034816657	
657.2789	222.07	0.09629337956355864	-2.92642526740586	
657.2789	227.2	0.18767844172863848	-2.2379948340852622	
588.2866	194.27	0.030413180846004487	-4.374869885630236	
588.444	292.66	0.9968107594483602	0.006439419493148668	
588.4773	255.15	0.6598529093924514	0.6827366156425007	
717.3292	206.01	0.29111684200744326	-1.756425354744926	
717.3292	210.76	0.3799879344252492	-1.412743275479566	
717.3292	214.44	0.48497765258747993	-1.100081117147247	
717.4671	195.19	0.34150857415747454	-1.5877709545050696	C36H68NO9P
589.4811	255.15	0.18149177971446884	-2.2831366976859866	
590.1927	153.82	0.17251433161457153	-2.340222072337685	
590.1927	188.62	0.47502291549192904	-1.1342000603780944	
590.1927	234.06	0.7012167681662403	-0.5925377533578453	
769.5427	31.92	0.8106296885836992	-0.3702317601034935	
720.4951	283.99	0.03027249505886206	-4.429558208355673	
770.8498	20.96	0.061339243147368216	-3.4516334639586015	
660.5344	237.47	0.5373409783397505	0.9620295248441681	
660.5344	262.66	0.8949732337814189	-0.213393664001168	
660.5344	263.32	0.8278241599787045	0.3406635581899606	
720.8735	212.07	0.30211131178114814	1.7124240045423356	
721.3578	215.22	0.4040013830197489	-1.3337461368020405	
661.2733	205.07	0.7923025686061869	0.4142817401948448	
772.4876	219.56	0.0812004733117999	-3.0984747769461585	
593.4416	205.61	0.4938991778260345	1.0588927384724205	
722.3629	215.36	0.42415745851689246	-1.2779849239853007	
663.282	168.85	0.19730992546408424	-2.1613050470693347	
663.282	201.39	0.4304811804118512	-1.2581944304018415	
593.9433	205.88	0.7572073455533811	0.4772997226480196	
773.4915	220.08	0.9503736230966123	-0.09638197645310152	
594.4726	248.81	0.5929954797028419	0.8326796298736473	
594.4726	289.49	0.3189618275186383	-1.6605712948850853	C35H60O5
594.5096	295.03	0.7038917116408302	0.5838933618980306	C37H66O5
723.3031	154.35	0.4895642317039526	-1.071356780256453	
723.3031	188.75	0.5917509031989648	-0.836395648663809	
723.3663	215.22	0.3571855358427997	-1.5325802404116422	
664.2653	189.67	0.47405135728961867	-1.1420130095840213	
664.2653	198.77	0.4160413982444227	-1.299948055793953	
724.5067	256.72	0.10185136024371111	2.8525782286457795	
724.5067	286.47	0.08580314175964039	3.0387086453624104	
596.5969	440.0	0.019604788421162072	-5.082886810431116	
776.4824	230.65	0.0006789999408232199	-12.13784736257572	
599.3894	21.09	0.003571422457797086	8.414992815176019	
599.3894	23.85	0.003842704396880228	8.154534975701322	
668.4444	237.74	0.6236466323679756	-0.7640372927863738	
668.4444	249.2	0.7050188051316777	-0.5793196080012701	
669.2408	203.89	0.4404453724997216	-1.22350701265613	
669.2408	211.15	0.24391201559733522	-1.946599827871716	
669.3759	207.45	0.510713031442716	1.0199909458842957	C30H59O12P
777.4857	230.65	0.0005056566492568711	-14.641098423947145	
670.3781	207.32	0.4890826746905599	1.0784907020412642	C30H59O12P
728.5872	216.41	0.5033040972123767	1.0353544886039445	
602.209	219.56	0.18977998442108227	-2.220840208300944	
602.2303	181.51	0.7966140613443898	-0.402862365557791	
602.2303	198.77	0.47502291549192904	-1.1338209529267316	
602.2303	217.19	0.38526685152344203	-1.3957863646739197	
672.4194	209.03	0.002342501058296511	-9.27178542326224	
731.3086	177.43	0.1421612053934363	-2.5524333244479056	
731.3086	182.29	0.38849508794097193	-1.3862862439485435	
731.3086	186.26	0.543677363154315	-0.942653068475622	
731.3086	190.33	0.5518225004306382	-0.9227976594629671	
731.4145	282.94	0.8041838304491847	-0.38938441114456107	
731.4244	230.65	0.00045686323507660185	-17.988651066918333	
672.5759	68.03	0.14544092783775417	-2.514617403208485	
732.4276	230.65	0.0005056566492568711	-14.470276520062674	
733.3243	172.94	0.20882935256963747	-2.1011296860075284	
734.326	172.94	0.2151009284858458	-2.062622078254322	
734.3623	214.7	0.6089906628475761	-0.7997773367077358	
784.4518	195.19	0.3688814158862803	-1.462439301853974	
785.4548	195.19	0.4890826746905599	-1.0880229596847764	
737.3551	217.46	0.5653774920524884	-0.8893541603360935	
738.3583	217.46	0.5301830342281052	-0.977632055685271	
743.4006	271.88	0.8484981516902853	0.30162132491454513	
743.4006	278.69	0.3779760638228402	1.4249149581672171	C34H63O15P
743.4821	283.86	0.10042560455920627	-2.8741091257386966	
747.3758	214.83	0.8021050023486495	-0.39342499715332196	
838.8375	20.96	0.05483789589809832	-3.5819242288529063	
1009.2486	233.27	0.16689081592115343	-2.369973042054952	
1012.2587	209.42	0.27995647881892466	-1.8043665516602836	
1012.2587	224.31	0.22968343054702137	-1.998972068199301	
1023.2639	243.82	0.10042560455920627	-2.876882478334883	
1026.2744	216.27	0.4638729375928748	-1.1677923954777405	
1037.2796	255.01	0.07105334367030607	-3.2747913328661906	
1039.2702	224.04	0.5542009842988002	-0.9183687111787262	
1040.2905	224.31	0.27005167320190027	-1.8524030270192395	
1041.2939	224.31	0.25011525231215337	-1.9222532159447592	
851.3963	36.52	0.7501026353149406	0.49123535417341485	
852.3999	36.52	0.6718296980516902	0.6560069237466812	
1065.3096	283.6	0.5982833183109784	-0.8184177481339133	
1068.3214	243.16	0.3919837658312079	-1.3740123649527272	
1082.3367	255.01	0.2894144794484999	-1.7618893130013116	
860.6664	212.6	0.4890826746905599	1.085509376019539	
950.9396	711.33	0.04327366601755143	-3.867257564331674	
953.1856	202.71	0.3441600045864643	-1.5771709961186027	
1110.3677	270.83	0.7591138919976498	-0.47290867180858254	
821.6616	308.79	0.1467411033448104	2.503980470700038	
865.496	276.07	0.030413180846004487	-4.382096679489186	
958.6352	332.45	0.43243380797794007	-1.2481838811606423	
823.5464	284.91	0.02156009392362469	-4.9662297124479915	
867.5117	286.08	0.06392571733624323	-3.3881944894895373	
1167.7888	246.44	0.2776191634815173	1.8138700959084304	
1182.7795	244.34	0.8356340388940586	-0.32276940287725386	
1183.7834	244.6	0.8069582853814582	-0.376841102140007	
1196.8222	282.68	0.498150138861753	-1.0494223252295485	
1197.8253	282.68	0.4890826746905599	-1.0809185863886555	
1198.8282	283.07	0.640220410499532	-0.725029623850492	
1199.834	283.07	0.18923824824862326	-2.2266237556693205	
1286.6696	207.58	0.4470088152090476	1.2050627632171	
1287.6731	207.58	0.3989113061618786	1.3477968438936023	
874.444	276.59	0.030413180846004487	-4.3945567630138695	
976.6466	227.06	0.3931864533683219	1.3671375510631787	
1242.8549	262.53	0.8894600205924209	-0.23412725004561022	
981.2168	216.41	0.9060624133864951	0.18052280989109118	
1342.9249	332.19	0.9218977653752739	0.15095499664219775	
995.2329	224.18	0.15268421129921214	-2.4638992156808364	
995.6639	189.28	0.6546794772087875	-0.6949216396409693	
995.6776	103.72	0.693167555185841	0.6083601543678161	
996.2361	224.31	0.1470413698338148	-2.4984178230085115	
1484.0598	339.15	0.19388620503772663	-2.1894872951497897	
1642.5654	598.81	0.6582399000835938	-0.687362296955385	
