m/z	rtime	p-value	t-score	custom_id
132.9453	151.74	0.6704938513918131	-0.8976964697438901	
132.9453	206.55	0.8952716153220047	0.25537944651076144	
208.9731	28.68	0.8952716153220047	-0.26419048993448085	C4H5NO7P
174.9979	28.02	0.8998334243719014	-0.21909866675217884	
175.0353	319.99	0.4116162516521483	4.67057542134962	
175.0433	299.5	0.5633262571714079	1.4186042062469209	
209.082	35.24	0.5926153067058207	-1.2291888494764123	C11H14O4,C6H15ClN4O2
209.0968	31.96	0.8615735588191643	-0.36198618134067717	
209.1543	29.99	0.413570480818391	-3.3511431454427596	C13H22O2
209.1543	34.06	0.838614865207166	0.44367719966965563	C13H22O2
209.8334	1.7	0.5202508322664867	-2.0871896042633495	
175.839	142.49	0.9547053313842622	-0.0984253130180699	
175.839	151.87	0.854152484520363	-0.38756832802247054	
209.9286	28.94	0.6875900896083541	-0.8358470622617188	
210.0072	221.91	0.41200117513128526	-3.811574463225682	
210.1577	30.52	0.643835567966001	-0.98423007112232	
210.1577	33.93	0.9406997155239406	0.12395683621564063	C13H22O2
210.8419	141.57	0.9645235134730856	-0.07598215348370455	
210.8419	152.53	0.9217167274273145	-0.164208124085113	
134.9425	152.0	0.8736583164043326	0.3127460446030248	
134.9425	206.68	0.9202024813497441	0.16741643378283597	
176.0557	212.98	0.6821217627514101	0.8518894214143056	C7H10O5
176.075	297.79	0.9861618347678077	-0.02727983000378539	
176.075	313.81	0.5616786745416369	1.4707687441124524	
210.9912	301.21	0.5633262571714079	-1.4227851321803264	
210.9912	372.04	0.534931837082949	-1.703735109799464	
176.8359	142.36	0.6949671712031136	-0.8143700728675747	
176.8359	151.87	0.8024878744627376	-0.5339367807824519	
135.9015	141.04	0.8002267449087688	-0.544831664200499	
135.9015	153.18	0.4895054135135266	-2.4833886075701326	
211.0007	218.49	0.6733715760709266	0.8864369807072453	
80.9641	181.11	0.5202508322664867	-1.9723194671930924	
82.9531	34.59	0.643835567966001	-0.9822102053053425	
211.8849	153.31	0.814302260399604	0.5094525154581521	
177.9123	141.57	0.7519898563310379	-0.6505153744988716	
177.9123	152.79	0.5501312173745155	-1.5484102002563662	
212.0536	184.66	0.5350734131469892	1.6198403545061666	
212.0576	211.67	0.8971140340705552	-0.23625132192168755	
83.0492	247.18	0.3951451633639882	4.850765848027936	
212.8389	141.44	0.6756068739743984	-0.8761592082642465	
212.8389	152.53	0.8262684216934638	-0.4781093667936774	
84.0444	194.96	0.850831414121914	-0.4022407743370308	
84.0444	212.06	0.5967996902590247	-1.2078768618325786	
84.9501	34.72	0.6645159442106591	-0.9281947719075851	
87.0441	194.57	0.45283073023855286	-2.7643963847351913	
138.8592	149.61	0.5289310996102726	-1.788373860663629	
138.9059	1.44	0.559136267169117	1.4981691064976057	
179.0554	282.3	0.5202508322664867	1.9547852116667757	C9H6N2O2
179.8401	141.7	0.567533345101683	-1.375434651976005	
179.8401	152.53	0.4895054135135266	-2.4059898168121534	
139.0002	241.27	0.5202508322664867	-2.0139839534739994	
179.8819	367.18	0.6019684031158705	-1.1706345855819011	
213.8832	41.28	0.9721465724678511	-0.059551484732537276	
213.8832	41.94	0.7447673581465265	0.6682714199804766	
213.8832	43.52	0.932110859205224	-0.14705740795093505	
214.0482	298.85	0.9202024813497441	-0.1683131204012408	C5H14NO6P
140.0108	298.71	0.8971140340705552	0.23738008311973038	
180.8821	367.18	0.5511768324768904	-1.5345743322264056	
215.0514	298.98	0.8615735588191643	-0.36388899945975717	C5H14NO6P
215.1034	288.87	0.534931837082949	1.7163891088058796	
93.0335	33.8	0.8010791693469458	-0.5400708840263807	
215.1397	172.81	0.5425877138178872	-1.5961251001804961	C10H20N2O3
181.071	194.57	0.5202508322664867	-1.9036849164408214	
215.8604	142.36	0.6074403962765975	-1.1191829445455792	
215.8604	152.13	0.8340336033713032	0.45168559526687085	
181.8368	141.83	0.5967996902590247	-1.2023120372151204	
181.8368	152.13	0.5176470582612143	-2.14415359277177	
181.9853	277.97	0.7397678095743708	0.6794837693707212	
216.0513	298.98	0.8952716153220047	0.25993903699942916	
142.9432	206.94	0.806044459871511	0.5271396080763849	
216.0986	307.64	0.87696730381093	0.3066802182394326	C6H12N2O4
182.0454	33.93	0.41200117513128526	3.627868233153648	
182.0745	194.57	0.534931837082949	-1.652882953324725	
96.921	141.96	0.6949671712031136	-0.8019619857851007	
96.921	152.26	0.7371605784138767	-0.6853391295998523	
143.0054	207.07	0.865984690337732	0.3456138445424693	
216.9185	366.92	0.41200117513128526	-3.600814792262203	C4H7Cl3O
96.9679	366.13	0.8996721318986817	0.22584718232748355	
96.9679	369.02	0.567533345101683	1.3651997806051286	
183.0041	26.05	0.5089486890006983	-2.2152821402034437	
183.0112	27.5	0.5457269724682209	-1.576983559832933	
217.0126	194.3	0.6821217627514101	-0.8571059018728042	
217.0171	30.52	0.6192028846784331	1.0755798399777086	C8H10O5S,C8H10O5S
217.0171	58.02	0.5202508322664867	-2.040648762582215	
217.0481	194.57	0.8985480614914474	0.23083890856441133	
97.0648	27.37	0.85031839311826	-0.40527217282147227	
143.9776	206.68	0.534931837082949	1.6937690053452066	
143.9904	219.41	0.9163751407810753	-0.17946722146864572	
143.9904	226.37	0.41200117513128526	-4.304136567310328	
217.0826	218.36	0.7859576598885645	0.5689249885868819	C10H12O5
217.0826	361.67	0.806044459871511	0.5273005675393306	C8H6O4
97.9762	206.68	0.5967996902590247	1.20338832831867	
217.1383	401.22	0.215747689088789	-6.663123681315611	C9H19N3O3
217.8497	141.04	0.5511768324768904	-1.5292522312239327	
217.8497	151.08	0.5202508322664867	-2.0439295696327995	
217.8497	153.18	0.5926153067058207	-1.2292089523177427	
217.8577	142.23	0.7256612932804414	0.7212216481693258	
217.8577	152.0	0.6949671712031136	0.801495792467206	
144.8687	142.23	0.7068817552443691	-0.7686586715873429	
144.8687	152.26	0.6310456041321909	-1.0402479244027267	
144.9036	353.4	0.9784303526187512	0.04754375340017651	
218.0221	208.38	0.6959074972367125	0.7964095440220711	C9H11NO3
98.948	23.29	0.8459135062983021	0.419082395544735	
218.0515	194.57	0.8615735588191643	-0.3557738415435645	
218.0667	287.03	0.4116162516521483	4.728141882620222	C12H10N2S
218.0779	334.2	0.608118996912619	1.1156013672887442	C7H13N3O5
218.086	361.8	0.7825083631125668	0.5878892278563622	C8H6O4
144.9724	206.68	0.5616786745416369	1.4399770307650872	
218.103	182.16	0.5633262571714079	1.40972956052101	C9H17NO5
144.9784	206.41	0.6821217627514101	0.8531037683638798	
145.0246	194.83	0.45377180192190625	-2.74979755455164	
145.0246	214.56	0.5967996902590247	-1.2161116476140483	
218.9882	1.83	0.5605603595799988	-1.4763114579546706	
145.9759	206.81	0.4895054135135266	2.4004567762290256	
146.0167	273.77	0.5979705223890565	-1.1916392456793259	
146.053	247.44	0.7519898563310379	0.6520701119762304	
146.058	277.31	0.6092085014900344	-1.1103890252921418	
219.0192	208.38	0.4895054135135266	-2.501391728093403	
146.0813	182.16	0.534931837082949	1.7209266570988362	
219.0451	194.83	0.8736583164043326	0.3154219093711176	
219.07	287.03	0.41200117513128526	3.8788054665619804	C12H10N2S
146.8658	142.23	0.6092085014900344	-1.106138083191269	
146.8658	152.26	0.6019684031158705	-1.1630151110278732	
219.1063	182.16	0.5350734131469892	1.6260053718012122	C9H17NO5
101.0709	301.08	0.215747689088789	-6.549526895422229	
185.0561	235.99	0.7371605784138767	0.6857246933700654	C7H10N2O4
185.0561	354.32	0.7833300327562506	0.5781681798350777	C7H10N2O4
219.8451	152.92	0.5405640352017785	-1.6039610599248064	
185.0925	290.18	0.5202508322664867	2.0084737092344582	C8H14N2O3
147.0652	277.44	0.6044930538147281	-1.1322132501756845	
147.0666	198.9	0.78036502273571	-0.5929951884456374	
104.006	195.48	0.534931837082949	-1.6679515657685657	
148.8628	141.96	0.6759049561434953	-0.8722999795810199	
148.8628	152.26	0.7542902117640349	-0.6463928834702365	
149.0268	273.77	0.215747689088789	-6.496407128128976	
187.0217	227.82	0.41200117513128526	-4.0602772723640825	
187.0718	232.44	0.4236414992762646	3.177498321237681	C8H11NO4
187.0718	308.96	0.266457125760625	5.809510238631162	
220.1465	26.18	0.9566607259052321	-0.09219146657088345	
150.0301	273.77	0.16205045133362883	-8.852228219344807	
150.0412	142.23	0.8266518974025466	-0.4724007384232461	C5H5N5O,C5H13NS2
187.884	141.7	0.6821217627514101	-0.8490351710977514	
187.884	152.53	0.7833300327562506	-0.5792851985434472	
150.8858	141.57	0.7148705453258641	-0.7425922370718367	
150.8858	152.53	0.6019684031158705	-1.1591867677977126	
150.987	49.56	0.637352093308439	1.0142841028213643	
151.0253	119.42	0.7005780884964357	-0.7861266324528283	
188.0457	175.96	0.6683449987910169	-0.9156369486307334	
151.8732	151.48	0.9861618347678077	0.031092953860091848	
220.845	141.31	0.6000444026841635	-1.1840144395809131	
220.845	143.67	0.6949671712031136	-0.8079618250903079	
220.845	150.95	0.534931837082949	-1.7400074087035142	
220.845	153.18	0.559136267169117	-1.4913166369238864	
152.0287	119.55	0.8319263479563607	-0.45736170543097926	
188.0559	300.81	0.5425877138178872	-1.5919646763277706	
188.067	315.39	0.6773083325916538	0.8678556235592609	C6H11N3O4
188.067	339.84	0.534931837082949	1.6860729486684005	C6H11N3O4
152.0547	214.03	0.6855523551434212	-0.8411415049657425	
152.8828	141.57	0.7217213131942001	-0.7275084286459661	
152.8828	152.53	0.567533345101683	-1.369036491352417	
108.9009	142.09	0.5967996902590247	1.1982244877011978	CaO2
152.995	194.43	0.8435702822186144	0.4337180365954023	
152.995	212.45	0.695793491624852	0.7978439778246812	
152.995	264.28	0.6358317593912685	1.0224282904774622	
221.0039	241.14	0.5086093495111736	-2.296104256135055	
188.981	193.65	0.8777978911700969	-0.30445545418943	
221.1544	24.87	0.5511768324768904	-1.5275477701601257	C14H22O2
221.8421	152.92	0.5396661647670933	-1.6077679101309361	
189.0334	163.98	0.6019684031158705	-1.1522619365497626	
189.0591	300.68	0.534931837082949	-1.68283603946926	
222.044	192.07	0.8595583023348786	-0.3771379601921265	
110.044	214.69	0.932110859205224	-0.14597581699084006	
110.8979	141.96	0.5616786745416369	-1.4416766472477147	
110.8979	152.26	0.5501312173745155	-1.5552378113486565	
189.8812	141.7	0.534931837082949	-1.6463784790752887	
189.8812	152.26	0.5687944530915024	1.3433376156509218	
222.0962	173.47	0.814302260399604	0.503649946353792	
110.9747	38.0	0.9648776239062713	-0.07033806538485539	
222.7975	141.04	0.6092085014900344	-1.1025369655501671	
222.7975	152.92	0.5202508322664867	-1.9872766066371208	
154.8799	141.57	0.6821217627514101	-0.8478027440605339	
154.8799	152.53	0.6704938513918131	-0.8984775471387062	
222.842	152.92	0.5687944530915024	-1.3534130569251208	
111.027	380.18	0.9402126060043623	0.12612724673832035	
223.0281	141.57	0.5616786745416369	-1.4465529057758846	
111.0553	164.11	0.6192028846784331	-1.0743765774889589	
154.9648	259.03	0.5202508322664867	-1.9523962803912958	
190.0908	295.3	0.8523920122788542	-0.39432758468032403	C7H14N2O4
223.1337	25.13	0.8615735588191643	-0.362089931055168	C13H20O3
223.8391	140.91	0.6019684031158705	-1.1655733426686627	
223.8391	143.67	0.814302260399604	0.5097617628309118	
223.8391	148.95	0.6403819209327195	-1.0085864614900397	
223.8391	150.82	0.5511768324768904	-1.5357391498632256	
223.8391	152.92	0.5202508322664867	-1.9823127289727016	
112.9362	349.46	0.5289310996102726	1.8189161868920205	
223.9786	1.44	0.7296719574543764	-0.7073262761265974	
224.0229	222.17	0.4236414992762646	-3.1460637457879335	
224.137	25.26	0.7627269295879822	0.6261421892787117	C13H20O3
155.0453	163.85	0.6044930538147281	-1.1309701125580733	
191.0556	377.56	0.534931837082949	1.7420751925360636	
155.0817	230.87	0.4895054135135266	-2.51219524172274	
155.0817	260.6	0.8903146484732666	0.27542756402478485	
225.0237	221.91	0.4895054135135266	-2.487626838795036	
156.0294	299.76	0.559136267169117	1.500890712375369	
225.0991	363.64	0.7844699265174822	0.5728235338674047	C9H14N4O3
114.9888	28.68	0.8435702822186144	-0.43265043286652183	
115.0503	309.09	0.872314568841426	0.3218210126186793	
157.0247	217.44	0.215747689088789	6.645042587586283	
115.0866	293.46	0.6570198584953298	0.940948539334958	
157.8619	151.35	0.8998334243719014	-0.2191430042088167	
157.9304	194.57	0.6019684031158705	-1.1645743821257024	
226.9364	206.81	0.5289310996102726	1.7793678765618142	
116.0028	142.23	0.534931837082949	-1.6383991090716175	
116.0028	152.0	0.534931837082949	-1.7044179539678916	
116.006	301.08	0.63268241600013	1.032277440100639	
157.9932	206.68	0.7863030479495393	0.5672779173137648	
192.9548	207.73	0.567533345101683	-1.3699315439694502	
227.0647	276.39	0.534931837082949	-1.6415553034397592	C13H12N2S
193.0647	275.21	0.16205045133362883	-8.661432200988864	
193.0864	25.92	0.534931837082949	-1.6936319080488933	
193.8151	141.96	0.6019684031158705	-1.1716661203283654	
193.8151	152.0	0.5202508322664867	-2.1141125901967612	
117.074	212.06	0.8266518974025466	-0.4718326268459634	C6H14S
228.9963	379.4	0.5152787074381089	-2.169695038044239	
228.9963	396.37	0.5289310996102726	-1.7767599532563696	
158.988	206.68	0.534931837082949	1.71564020204098	
118.0	142.23	0.5501312173745155	-1.5539702445099481	
118.0	152.0	0.5245391870021925	-1.8527914395266196	
229.0828	361.14	0.4895054135135266	2.414560258114624	C9H14N2O5
194.9362	367.18	0.7008122449851759	-0.7822211668820005	
159.0766	293.59	0.7726150779955471	0.6075083619359692	
119.0226	241.4	0.7308915027903631	0.702022829827203	
230.1144	277.7	0.5893929764393578	-1.263414481190044	C7H14N2O4
230.1144	281.25	0.5289310996102726	1.7689209852242578	C9H17N3O4
194.9881	222.17	0.4236414992762646	-3.2352123473774985	
230.9314	1.96	0.413570480818391	-3.3830521550855317	
231.0282	194.3	0.8266518974025466	-0.4705713200825976	
231.062	308.96	0.3427642874226228	5.187426130784962	C8H12N2O6
159.9914	206.68	0.4895054135135266	2.524209683691931	
231.0984	334.2	0.6704938513918131	0.8950357944727512	C11H11NO4
231.8103	39.97	0.8796064482944557	0.3010096118888581	
160.0243	316.44	0.7437057687335353	0.6708511563196367	
160.0607	170.45	0.41200117513128526	3.743608715728787	
160.0607	193.65	0.5967996902590247	1.2064347520973107	C9H5N3
195.9915	334.59	0.8459073564298871	0.42029429953851694	
160.0799	293.59	0.7789837346385676	0.5959320764859262	
196.0612	380.18	0.8892133792974803	0.27829425150588255	C9H11NO4
196.8107	152.0	0.534931837082949	-1.703267947285322	
196.8764	152.92	0.8952716153220047	-0.2559844799978423	
196.8848	367.45	0.63268241600013	-1.0319884904396115	
196.8864	141.7	0.9861618347678077	0.029109484069894345	
196.8864	152.53	0.5289310996102726	-1.7891513884362868	
160.9921	207.07	0.5501312173745155	1.54713219359005	
161.0449	242.59	0.17509445371975238	7.726420540423416	
161.0449	245.61	0.4236414992762646	3.189578522512087	C6H10O5
121.0317	245.87	0.45283073023855286	-2.795736286828589	
161.8749	39.84	0.7008122449851759	0.781063583066054	
122.0213	219.68	0.6628243976864258	-0.9318241071687621	
122.0213	225.72	0.872314568841426	-0.32079665994619716	
162.0592	315.0	0.5896326938497047	1.260896156429547	C7H5NO3
233.0969	316.31	0.6066722777032374	1.1237657295977754	C8H15N3O5
233.8081	39.84	0.6866412017367005	0.838401660222503	
233.8535	141.44	0.6704938513918131	-0.8992215355318774	
233.8535	143.14	0.7336092924346067	0.6935787997239204	
233.8535	152.66	0.5926153067058207	1.230069393763507	
197.1541	27.89	0.534931837082949	-1.6904666758386238	
197.7569	152.13	0.8266518974025466	-0.4703730706336901	
234.0811	372.17	0.5837119702339116	-1.2977444245620988	C8H14N2O6
124.0063	217.97	0.43811825551755584	2.939135741118553	
234.8505	152.66	0.9159445561166658	-0.1812159154810762	
163.8959	141.44	0.8520005964129045	0.3972063208989274	
163.8959	152.79	0.8435702822186144	-0.43278635390748776	
163.928	2.62	0.5202508322664867	-1.926697169456514	
198.0742	211.8	0.5086093495111736	-2.2638479664252613	C10H9N3
198.0742	219.81	0.5245391870021925	1.8564392954885343	
198.8079	151.87	0.5202508322664867	-2.037886169642149	
198.8735	141.04	0.5873943383509014	-1.282082849826084	
198.8735	152.66	0.6019684031158705	-1.1694373951977441	
235.0196	195.22	0.5202508322664867	-1.9724309533388027	C10H8F2O3
235.1086	137.86	0.814302260399604	0.5133565136344461	C12H16N2O3
235.1086	142.09	0.5908763722653858	1.2573681948503943	C12H16N2O3
235.1086	151.87	0.8319263479563607	0.45629521515032834	C12H16N2O3
235.1086	182.16	0.4895054135135266	-2.4230611597836007	C12H16N2O3
164.8384	141.83	0.9172142227601815	0.17719246133089447	
164.8384	152.53	0.8736583164043326	-0.3119981873883319	
235.8505	141.18	0.5616786745416369	-1.4635679398257972	
235.8505	143.8	0.6044930538147281	1.1374218921164634	
235.8505	152.92	0.7833300327562506	0.5764267735946881	
235.926	2.62	0.5202508322664867	-2.0951383101859355	
165.0185	260.34	0.643835567966001	-0.9873254687400469	
165.0185	261.79	0.8185022166580705	0.49244549218095124	
126.904	29.99	0.8892133792974803	-0.27866058845472474	
199.0067	31.96	0.5202508322664867	-1.948279617974695	
199.0219	241.27	0.4236414992762646	-3.032473834079839	
236.0233	371.65	0.45377180192190625	2.74059454922392	
236.0604	192.6	0.567533345101683	-1.362041562357397	
236.0604	195.88	0.534931837082949	-1.7494990368903007	
127.0754	194.57	0.814302260399604	-0.5047371421663713	
236.8477	152.66	0.5289310996102726	1.830290453861594	
199.072	214.56	0.9132107479581639	-0.18592341691669095	
199.8495	41.28	0.5202508322664867	2.0565485619404233	
128.9585	206.68	0.5967996902590247	1.2173807575560005	C3H2N2S2
236.9987	28.02	0.9824672803178157	-0.03971736339083701	C6H8Na2O7
128.9981	141.83	0.5633262571714079	-1.4292961060156355	
166.0502	47.72	0.5289310996102726	-1.8185684150878094	C8H9NO3
237.0878	203.92	0.534931837082949	1.6487111870745343	C11H14N2O4
237.0878	217.84	0.5634942282934843	1.4024744363147574	C11H14N2O4
129.0377	324.98	0.16205045133362883	9.449813190813126	C6H10OS
166.8351	142.09	0.5779258724125031	-1.3104321471288245	
166.8351	152.26	0.7005780884964357	-0.7839251857418161	
237.9303	2.75	0.5616786745416369	-1.4406168046523353	
237.9521	209.96	0.9097586116072903	0.19155229676161803	
129.1023	244.56	0.9487079443678342	-0.10867819132349371	
129.1023	259.82	0.5289310996102726	-1.8157548410342788	
201.0876	307.38	0.8319263479563607	0.45674592562894856	C8H14N2O4
130.9952	142.09	0.6186525537671097	-1.0781316359481972	
201.124	194.43	0.635815234467544	-1.02494877492558	C9H18N2O3
167.8333	142.36	0.5926153067058207	-1.2434854426697406	
167.8333	152.26	0.5893929764393578	-1.2660924017082926	
131.0533	184.39	0.6449726436030405	0.9754847638397751	
202.0352	330.91	0.6092085014900344	1.110710988613395	
239.0771	282.43	0.5202508322664867	1.9815852202965958	C8H16O8
168.0295	362.19	0.7833300327562506	0.5758379713375854	C8H6O4
132.0373	194.57	0.45283073023855286	-2.867808631895329	
202.0717	291.36	0.10287901052009196	15.59823338995683	C6H10O5
202.1273	194.3	0.7652235805061076	-0.620391592656399	C9H18N2O3
168.8313	152.26	0.5967996902590247	-1.2100046650288008	
263.0973	199.16	0.6821217627514101	-0.8484370204346146	
203.0015	30.65	0.2562402484785067	6.085929176036633	C7H8O5S,C7H8O5S
263.8895	153.18	0.5597132457664122	-1.486137565500816	
240.952	206.68	0.534931837082949	1.6918141333249725	
203.0821	161.49	0.16205045133362883	-8.42337654864976	C9H9NO2
241.0111	319.59	0.41200117513128526	-3.7003993645324917	C6H11O8P
241.0496	277.44	0.5687944530915024	-1.3477260381217033	
203.7985	152.26	0.5086093495111736	-2.2744928032272504	
169.8332	153.31	0.8615735588191643	0.35928475831226386	
241.1082	27.23	0.5089486890006983	-2.2336350407294656	
170.0426	254.93	0.8831003617055494	-0.2930792528430103	
204.0509	287.82	0.15709282725688847	10.578636370661755	
264.9503	141.18	0.5350734131469892	-1.6282555257676687	
241.1444	28.02	0.5202508322664867	-2.1150790537243633	
204.0854	161.62	0.14476988220873646	-11.986996085254907	C9H9NO2
204.1066	260.47	0.6704938513918131	-0.8932806006559796	C8H16N2O4
264.9975	3.67	0.41200117513128526	-4.347267356070119	
170.8284	141.96	0.5873943383509014	-1.2742128036097746	
170.8284	143.67	0.9645235134730856	-0.07259004011835697	
170.8284	152.0	0.5350734131469892	-1.622862780239063	
170.8357	148.69	0.6000444026841635	-1.1832079805634423	
170.8833	40.5	0.809921910434911	-0.5211768264617396	
170.8833	43.39	0.5967996902590247	-1.1992924611280926	
265.0251	207.73	0.8319263479563607	-0.45546848811048446	
265.0831	261.13	0.8615735588191643	-0.35705484185735253	C12H14N2O5
265.0943	273.11	0.5687944530915024	-1.3459375986071964	C11H14N4O4
265.1195	155.15	0.5926153067058207	1.232557893883134	C13H18N2O4
265.148	25.53	0.5086093495111736	-2.2828118973866913	
265.9197	367.05	0.6044930538147281	-1.1441593391043123	
205.0648	241.93	0.9824672803178157	0.040284850452281376	C7H14N2O3S
171.0114	34.32	0.5873943383509014	-1.2736042032868595	
242.0783	319.07	0.8971140340705552	0.23594979042135766	C9H13N3O5
242.1145	315.39	0.534931837082949	1.6432544514459606	C9H18O7
242.1509	408.08	0.5873943383509014	-1.2733068426743333	C11H21N3O3
266.1515	25.53	0.4895054135135266	-2.4764207914229295	
242.1761	34.59	0.5873943383509014	-1.2740836081216314	C14H24O3
266.804	141.57	0.8674260491429095	0.3340070661120872	
266.804	152.66	0.989910408443671	0.017250254651638937	
242.9502	206.68	0.534931837082949	1.634677938774769	
205.8392	141.7	0.6949671712031136	-0.8161603477234962	
205.8392	152.26	0.5633262571714079	-1.4066911834886557	
266.9951	213.77	0.6128637410967023	-1.0892263887492757	
206.0573	357.47	0.4236414992762646	3.0217607030306852	
206.0858	301.08	0.18138135650831438	-7.444428637410626	
171.9647	194.57	0.5202508322664867	-2.0774490728101185	
171.9647	214.03	0.534931837082949	-1.6568221918515087	
206.9352	158.47	0.47284282855082765	-2.6326219258242602	
172.0145	34.32	0.567533345101683	-1.3639181551339028	
172.0145	227.56	0.559136267169117	1.5035005128134966	
267.0988	234.02	0.6704938513918131	0.8949536467026026	C12H16N2O5
172.0354	270.35	0.4116162516521483	-4.520352827093499	
243.0986	357.34	0.7397678095743708	0.6798115858421478	C10H16N2O5
172.0608	380.18	0.9450056852012146	-0.11593135521498815	
243.1794	34.59	0.5616786745416369	-1.4392447048003607	C14H24O3
172.0689	194.83	0.939901525178017	0.12865950343909616	C8H12O4
172.0689	215.47	0.865984690337732	0.3451584280200734	
268.1022	234.02	0.5893929764393578	1.2629833039721001	C12H16N2O5
244.0316	192.33	0.6206508222194236	1.0690520935126915	
268.8011	141.44	0.9487079443678342	-0.10892632419321795	
268.8011	152.79	0.5926153067058207	1.2456222612762928	
172.8416	142.36	0.6949671712031136	-0.8129425428304221	
172.8416	151.87	0.814302260399604	-0.5045525481211826	
244.1133	219.55	0.995339683113503	-0.008758708059127493	
207.8363	141.7	0.5633262571714079	-1.4111484115559034	
207.8363	152.26	0.5873943383509014	-1.2838363109524837	
244.1414	385.17	0.5202508322664867	-2.0557530398668593	C9H19N5O3
244.1665	362.85	0.647961660906883	0.9608361295928236	C11H23N3O3
172.9671	148.69	0.8435702822186144	-0.42710815158144644	
208.8447	141.57	0.8160272290829274	0.4968340684761611	
208.8447	152.66	0.7930663179850835	0.5564940933052259	
269.1397	25.66	0.5633262571714079	-1.4208313557973096	
269.1397	29.2	0.8615735588191643	-0.3716341326150356	C15H18N4O
269.1397	34.46	0.8673147929777955	0.337711223656771	
245.0431	264.28	0.8319263479563607	0.4617592916992087	
245.0778	290.44	0.4902324949931249	-2.3502535582386623	C10H13NO6
245.0778	306.33	0.5511768324768904	1.5363346957232074	C9H14N2O6
173.056	233.63	0.5616786745416369	1.4628112026774802	
245.1142	308.3	0.7005780884964357	0.7848432339108246	
245.1142	313.68	0.7083382454160658	0.7560647773253293	C10H18N2O5
173.8419	142.62	0.7259786572674779	-0.7156779788408829	
173.8419	151.87	0.999394344720137	0.0008075404828620263	
291.9508	44.96	0.9391275238283933	0.1348350452363458	
292.0109	222.17	0.41200117513128526	-3.9964460302899836	C7H15Cl2N2O4P
292.0871	341.45	0.7788561634508055	0.5985551572840402	
292.1305	193.38	0.854152484520363	-0.38675699386783163	
292.1669	276.13	0.534931837082949	-1.649378498117868	C15H23N3O3
270.7981	141.83	0.6404967121614334	1.0069890971281863	
270.7981	152.79	0.4895054135135266	2.3842081889199696	
246.0464	264.28	0.814302260399604	0.5060963346454224	
246.0618	352.48	0.5086093495111736	2.2873721097451765	C10H14FNO3S
246.1007	214.42	0.534931837082949	-1.711571467479321	C8H16O8
246.1095	307.64	0.7627269295879822	-0.6247372093593723	C9H17N3O5
174.0957	244.56	0.8722963994526197	-0.32319685956780075	C7H14N2O3
174.1069	364.95	0.4895054135135266	2.406970278421968	
246.8478	141.44	0.6468564652253922	-0.9668244353965364	
174.8388	142.62	0.9054020196901796	-0.20216367867083523	
174.8388	151.87	0.7259786572674779	-0.7173913471970698	
319.0945	250.73	0.7068817552443691	-0.7606913637989399	
319.0945	253.35	0.4895054135135266	-2.513704383793246	
271.0574	362.33	0.6074403962765975	1.118091198989445	C10H12N2O7
292.9831	28.02	0.6704938513918131	-0.8929453887819158	
271.0816	364.95	0.6689473944719125	0.909943840934104	
271.0959	194.96	0.6204904746447665	-1.0710939199742346	C12H16N2O3S,C12H16N2O3S,C14H17ClO3,C13H17O4P,C9H14F2N2O5
271.0959	214.69	0.6821217627514101	-0.8585864773308919	
271.0959	218.23	0.6949671712031136	-0.8121396201376444	C13H15ClN2O2
319.8272	153.45	0.567533345101683	-1.3809635938962135	
247.0473	264.28	0.7308915027903631	0.7031591524212473	C10H8N4O4
293.0119	221.91	0.41200117513128526	-4.319453812041909	
247.0935	359.57	0.8727892707895403	-0.31824319367099	C9H16N2O6
293.045	305.8	0.4895054135135266	-2.400788176889472	
293.045	391.61	0.5637282359092338	1.3983003612622753	
247.1015	214.42	0.6449726436030405	-0.9725523612104018	
293.0541	366.53	0.8736583164043326	0.3121590471226049	C9H13ClN6O2
293.0541	367.84	0.5873943383509014	1.271918285300582	
247.1128	307.91	0.892008942754365	-0.271219487189307	C9H17N3O5
293.0634	364.69	0.6206508222194236	1.06344967227895	
293.1144	284.53	0.5926153067058207	1.2403887483503844	C14H18N2O5
247.1493	388.72	0.6044930538147281	-1.1304098382751535	
247.1493	389.9	0.41200117513128526	-3.4660412586128038	C10H21N3O4
320.0271	276.79	0.7068817552443691	-0.7655046530967416	
320.1727	243.9	0.8674260491429095	0.33438903327808533	
247.9828	2.62	0.5086093495111736	-2.2711557000579035	
294.1179	284.53	0.5616786745416369	1.45555807342987	C14H18N2O5
320.9974	211.4	0.45283073023855286	-2.8071091299203452	
321.0234	276.92	0.6733715760709266	-0.8850986705689112	
321.0493	277.84	0.41200117513128526	3.799437774507906	C10H15N2O8P
272.9141	367.45	0.9645235134730856	0.07307882744646889	H3O9P3
294.9345	314.34	0.5350734131469892	1.6256757441057936	
294.9345	317.23	0.534931837082949	1.6621972378779584	
321.824	140.65	0.896239694199028	-0.24769580319772658	
321.824	153.45	0.7259786572674779	-0.7145360582183445	
273.0383	325.63	0.6704938513918131	0.898555993765622	C7H15O9P
295.0936	317.36	0.8615735588191643	-0.36416439610230644	C13H16N2O6,C12H25I
322.0091	192.33	0.6885855396769779	0.8332338883929095	
295.1128	256.93	0.7591629107120381	0.6390596069178479	C13H17N3O5
249.055	311.84	0.5779258724125031	1.3161077524674258	C8H14N2O5S,C8H14N2O5S
295.1375	27.89	0.6019684031158705	-1.15847407480066	
273.1207	329.7	0.6156102959543831	1.0838768050946481	C10H18N4O5
273.1347	28.42	0.6949024045255038	-0.8210821089084915	
249.0913	197.06	0.9895632873197371	0.01897712769597514	C9H18N2O4S,C17H14O2
249.0913	201.42	0.46034095255742696	2.70443941307027	
295.2279	28.15	0.5926153067058207	-1.2417240797762203	C18H32O3
273.8703	1.3	0.534931837082949	-1.6899609625387035	
295.8274	154.1	0.8251091643978596	-0.48073667927558994	
249.9418	3.93	0.5202508322664867	-1.9347042484950263	
274.1199	162.41	0.5616786745416369	1.452127129671107	
250.0455	192.46	0.8998334243719014	-0.21531630373667307	
296.0517	298.98	0.534931837082949	-1.7191582296523862	
296.097	317.36	0.9861618347678077	-0.028665109462654076	C13H16N2O6,C12H25I
323.9005	154.1	0.6092085014900344	-1.1041051019282742	
297.7343	1.3	0.41200117513128526	-3.4952989342796554	
275.0887	392.66	0.6044930538147281	-1.1443488452875437	C10H16N2O7
324.9136	206.68	0.5089486890006983	2.1998381642886367	
251.9824	2.75	0.47284282855082765	-2.628491920637194	C8H8N2O3S
324.9912	366.92	0.7868481304360111	0.565384647839972	
324.9912	367.58	0.6128637410967023	1.0897990468999388	
298.2469	27.89	0.5289310996102726	-1.7740846568971376	C18H34O3
325.0339	364.3	0.5202508322664867	-2.0018795772491638	C12H18O4S2,C15H15ClN2S,C11H15ClN2O5
325.0906	192.33	0.9018838584474981	0.20879003926435807	
252.107	178.59	0.7704095154605717	0.6117576794650939	C12H16N2O4
276.092	387.14	0.8615735588191643	-0.3556935316111929	C10H16N2O7
276.092	392.66	0.6000444026841635	-1.180552222910907	C10H16N2O7
299.0706	161.49	0.16527704429540427	-8.091697169403322	C12H16N2O5S
299.1137	36.43	0.7833300327562506	0.5823187777242259	
276.9917	222.17	0.413570480818391	-3.3878996271296624	
299.8662	152.79	0.6000444026841635	-1.185640208660503	
277.0867	214.42	0.6821217627514101	0.8497459829760163	
277.0867	295.43	0.6225085918534122	1.057422482486204	C10H18N2O5S,C18H14O3
277.0867	316.05	0.6066722777032374	1.1222470280483707	C9H18O7
326.9888	324.06	0.5967996902590247	1.2197412922423299	
326.9888	326.95	0.8998334243719014	-0.2226368211531438	
277.758	1.44	0.4895054135135266	2.373845710043085	
253.0865	287.03	0.7068817552443691	0.7604791394737145	
253.0865	305.54	0.5873943383509014	-1.2847608413709457	
299.9606	2.75	0.46034095255742696	-2.7084146108090965	
300.0012	420.78	0.8952716153220047	0.2575801735032784	
253.1446	29.73	0.5086093495111736	-2.2685754903697766	C14H22O4
253.1446	34.06	0.8435702822186144	-0.42555997667711465	C14H22O4
253.8268	152.79	0.6468564652253922	-0.9679990050003694	
300.1066	182.69	0.5926153067058207	1.230179702635362	
300.503	420.78	0.8350412919182618	0.44924711680581164	
300.8194	154.23	0.5202508322664867	-2.0456401096122865	
278.0436	208.38	0.5131073307613155	2.1780901852351104	
278.055	159.39	0.4895054135135266	-2.3778750085621545	
253.9551	2.75	0.6949671712031136	-0.803149822813357	
278.1147	190.46	0.6019684031158705	1.1613869768122544	C13H17N3O4
278.1147	196.14	0.6094954592407354	-1.0993261079366974	C12H16N2O3S,C12H16N2O3S,C14H17ClO3,C13H17O4P,C9H14F2N2O5
278.1147	198.77	0.6949671712031136	0.8021483185444899	C11H14N2O4
254.0799	182.29	0.6092085014900344	-1.1018993640155932	C9H17NO5
328.0229	192.46	0.896239694199028	0.24718406875237892	
254.148	29.86	0.4895054135135266	-2.395589694169965	C14H22O4
254.148	33.93	0.5736687229691778	1.3334523064300312	C14H22O4
254.8265	152.79	0.8996721318986817	-0.2261960916448978	
301.0034	420.78	0.9548428569556893	-0.0957906577156597	
328.4841	146.33	0.47284282855082765	-2.6365979096277714	
301.0224	209.57	0.8615735588191643	-0.3607887296502311	
301.1307	201.16	0.850831414121914	0.4029120159489242	
254.9037	367.05	0.9202024813497441	-0.1673601868553772	
301.1519	293.46	0.5687944530915024	-1.3509873745914203	C12H22N4O5
254.9678	206.81	0.5289310996102726	1.7850264266313363	
301.8632	152.92	0.559136267169117	-1.4997287643642536	
279.0987	284.4	0.5736687229691778	1.3282195080093844	C13H16N2O5
329.0225	192.07	0.5202508322664867	1.967166056964867	
279.1352	157.42	0.6704938513918131	0.8971676033755994	C14H20N2O4
279.1352	171.5	0.939901525178017	-0.12942415571553534	C14H20N2O4
254.991	341.05	0.6225085918534122	1.0564415431966907	C6H9O9P
279.2331	27.1	0.5779258724125031	-1.31198122109006	C18H32O2
255.0883	121.52	0.643835567966001	-0.9825127887734106	
279.8665	153.45	0.5501312173745155	-1.550639008013472	
330.0192	192.07	0.6949671712031136	-0.8083024107121255	
330.123	194.57	0.47284282855082765	2.6177987212057463	
302.1003	160.04	0.7613437433568652	0.6351011770192923	
302.1003	316.83	0.7083382454160658	0.7564963969905624	C13H22NO3PS
302.1003	318.94	0.5202508322664867	2.0626517733835192	
302.1188	195.09	0.5202508322664867	-1.9012101946470703	
302.1471	422.09	0.6092085014900344	-1.1088961583970047	C11H21N5O5
302.1553	212.06	0.8010791693469458	-0.5398380703123582	
302.1691	25.0	0.5435052212478467	-1.585130787693968	C15H26O6,C16H22N4O2
330.9191	141.31	0.5633262571714079	-1.4206412920754192	
330.9191	146.46	0.939901525178017	0.12863425531859798	
330.9191	147.11	0.567533345101683	1.3600999097033613	
330.9191	150.27	0.6569156725884413	0.9424734794567715	
330.9191	152.66	0.8952716153220047	-0.2549445045282304	
302.5336	356.15	0.534931837082949	1.6588375068370356	
302.8268	370.07	0.6704938513918131	-0.9011264291269215	
330.956	210.75	0.5687944530915024	1.343947502008583	
255.9712	206.81	0.5425877138178872	1.5889179474445971	
331.109	195.35	0.5202508322664867	-2.107287901140444	
331.109	214.42	0.7976834820778128	-0.5495981893845104	
331.1261	258.24	0.5204695813779147	-1.8930427813599193	C10H17N3O7
331.1261	369.55	0.8712278376322456	-0.3269847497851224	
331.1261	383.47	0.6756068739743984	-0.8786585966282132	
256.1303	308.82	0.5979705223890565	-1.1937560195672465	
256.8219	152.79	0.5967996902590247	-1.2049655910607993	
281.1145	201.03	0.7259786572674779	0.7173190951679558	
281.1145	204.05	0.5633262571714079	-1.421685111389558	
281.8636	153.45	0.5511768324768904	-1.5338595620944775	
303.0963	173.47	0.5202508322664867	1.9169399319711038	
303.1312	317.1	0.9172450064128609	0.17477121227864098	C9H17N3O6
332.1253	282.04	0.5289310996102726	1.8076391485787295	C16H19N3O5
303.1627	25.0	0.5537275204712578	-1.5214184103510182	
282.0845	171.63	0.5202508322664867	-1.9554922977318672	C10H13N5O5
256.9659	206.81	0.5202508322664867	1.9774589098629352	
303.9136	1.57	0.5633262571714079	-1.4047710511376412	
332.9529	204.84	0.5202508322664867	-2.044501563037604	
332.9529	209.96	0.45283073023855286	-2.8662784434670106	
282.9578	30.25	0.9402126060043623	0.12580308260903503	
304.0163	184.53	0.6044930538147281	1.1338494057721547	
333.0428	293.86	0.7217213131942001	0.7287379017997514	
333.0594	352.48	0.567533345101683	1.3718803643777442	C9H19O11P
304.0787	375.59	0.266457125760625	5.692919600159262	C12H14N2O5S
304.0869	358.52	0.5350734131469892	1.621847537654192	C13H21O4PS,C11H16N2O8,C17H14F2O3
283.0205	1.96	0.7627269295879822	-0.6287135170268889	
304.1152	346.04	0.5204695813779147	1.8920749795145575	
304.1305	166.11	0.8952716153220047	0.2530228156320274	C15H19N3O4
333.1069	174.25	0.8435702822186144	-0.4330746681691535	
333.1069	178.59	0.5837119702339116	-1.298631755186991	
257.078	312.9	0.6503607749318203	0.9540541550106701	C10H14N2O6
333.124	194.96	0.7068817552443691	-0.7619069153943231	C22H16O3,C16H22Cl2N2O
333.7997	151.21	0.6893112859213595	0.8296632330947513	
333.7997	153.58	0.5240092100012977	-1.8776744325121377	
283.088	171.63	0.5214906446845712	-1.8851036905899585	C10H13N5O5
283.1106	23.16	0.8451992671875266	0.42236438508654156	C13H20N2O3S,C13H20N2O3S
283.1106	27.89	0.5289310996102726	-1.786413160658211	
283.119	34.46	0.8617309527623224	0.3541523629033754	C14H20O6
283.1641	176.09	0.7844699265174822	0.571985230832728	
283.1641	184.53	0.4795472450602425	-2.570675162588462	
257.86	367.18	0.6680943683221753	-0.9220764195221013	
283.1917	27.89	0.6358317593912685	-1.0194285356420205	
257.9136	2.75	0.6326774998585342	-1.0364092528538673	
334.0629	352.48	0.5667570327914963	1.3918207501436077	C9H19O11P
283.8606	153.45	0.5736687229691778	-1.327373907782923	
283.9134	2.62	0.5501312173745155	-1.558533023958665	
334.7983	153.84	0.8319263479563607	-0.4571475393515426	
284.0413	380.32	0.8435702822186144	0.42768959318910776	
258.0384	338.27	0.5202508322664867	1.995850980277016	
284.1618	243.9	0.8952716153220047	0.2602917739755178	
258.0985	194.17	0.643835567966001	-0.9883139398904357	C9H14O6
258.146	237.83	0.7148644568715661	-0.7438628421659123	C11H21N3O4
258.1573	389.24	0.4795472450602425	2.568359648277876	
258.8189	152.79	0.7068817552443691	-0.76705466097466	
285.0858	161.49	0.266457125760625	-5.755067128862418	
306.0264	222.17	0.4236414992762646	-3.2651096340853267	
306.0402	266.54	0.5633262571714079	-1.408470517490763	
335.0223	315.0	0.5913117311151701	1.2525906975032848	
335.0639	352.61	0.5873943383509014	1.273019468492533	
335.0906	36.16	0.6094954592407354	1.0984773810612845	C16H18O5
335.1311	194.96	0.6683449987910169	-0.9126873973621286	C22H16O3,C16H22Cl2N2O
335.1363	234.81	0.8854085409678989	0.28781555781719337	C13H17N3O5,C16H16F3NO
306.7037	149.08	0.534931837082949	-1.7333586581587122	
335.7966	140.49	0.5779258724125031	-1.3097879720448538	
335.7966	143.67	0.8435702822186144	-0.42857040853892736	
335.7966	145.51	0.4895054135135266	2.4890343118402574	
335.7966	151.21	0.854152484520363	0.38501269995841886	
335.7966	153.58	0.534931837082949	-1.6602396898932408	
259.0688	225.32	0.7397678095743708	-0.6783095479438797	C11H14N2O4
259.1048	335.77	0.6449726436030405	0.9724995995424461	C7H13N3O5
259.13	305.15	0.6949671712031136	-0.8180900618090695	C11H20N2O5
259.13	311.32	0.939901525178017	-0.1317850028628756	C11H20N2O5
306.9392	321.56	0.45283073023855286	-2.8736433159771932	
259.1494	237.96	0.643835567966001	-0.993984209309104	C11H21N3O4
259.8395	367.32	0.5202508322664867	-2.016040359697559	
336.1232	194.96	0.8971140340705552	-0.23509241422211719	
336.1365	194.96	0.814302260399604	-0.5104404308874656	
307.0243	278.76	0.5176470582612143	-2.1474296208477277	
307.0275	222.43	0.41200117513128526	-3.5572494597192392	C14H12O6S
336.7961	153.84	0.5089486890006983	-2.2459218006000268	
286.0683	375.59	0.266457125760625	5.643547249186278	
336.8759	321.69	0.5926153067058207	-1.2375159668394682	
260.1041	183.48	0.45283073023855286	-2.761010615030465	C13H15N3O3
308.0561	339.45	0.8266518974025466	0.4726061423568002	
260.8159	152.79	0.6683449987910169	-0.9174807556929103	
260.8395	367.32	0.4236414992762646	-3.0621103891080983	
308.1254	245.21	0.5289310996102726	1.8271852570895015	C14H19N3O5,C15H15N7O
309.0399	290.31	0.41200117513128526	-3.7070574870168476	
309.1095	314.34	0.5473133156079798	1.5694094413821773	C14H18N2O6
337.0825	374.14	0.643835567966001	0.9848520016126348	
337.0875	36.16	0.6949671712031136	0.8064146949824235	
309.1289	245.21	0.5967996902590247	1.1983534370894746	C14H19N3O5,C15H15N7O
337.1429	25.0	0.846379436241135	-0.41730882609284065	C15H26O6,C16H22N4O2
261.0923	194.96	0.534931837082949	-1.645014006627683	
261.0923	214.42	0.5605603595799988	-1.47982701202652	
337.7937	140.49	0.567533345101683	-1.366688160318938	
337.7937	143.67	0.9054020196901796	0.19952930522923568	
337.7937	151.21	0.5736687229691778	1.3279795655020112	
337.7937	153.58	0.5245391870021925	-1.8649226594441253	
287.1477	404.51	0.41200117513128526	-3.5165828935712327	
261.8132	152.79	0.534931837082949	-1.677137750333892	
310.0911	217.84	0.5289310996102726	1.7955316095461242	
261.8909	151.48	0.5616786745416369	-1.4593088535210539	
261.9552	152.92	0.8712278376322456	-0.32690408215250705	
338.0666	402.93	0.4644001687977468	-2.6853233628973916	
261.9986	3.8	0.5289310996102726	-1.769415262384076	
288.1316	424.72	0.7024690084832947	-0.7776376377011898	
262.057	360.88	0.4236414992762646	3.064653896466396	C9H13NO8
338.7952	367.71	0.6044930538147281	-1.13053296596224	
262.0763	396.23	0.854152484520363	-0.38498005490795545	C9H14N2O7
338.9292	206.68	0.5202508322664867	1.9152668784879237	
262.813	152.92	0.9895632873197371	-0.01974141371596487	
338.9687	205.5	0.6893112859213595	-0.8307584098551127	
338.9687	208.65	0.7833300327562506	-0.5791593524583811	
338.9886	320.38	0.8319263479563607	0.45883843253516876	
339.0793	212.59	0.6044930538147281	-1.1417761168386134	
288.9691	300.68	0.5736687229691778	-1.3269371732170439	
339.1375	25.0	0.699441642027357	0.7892460744807446	
339.1375	215.34	0.9757102779705112	0.05362270811763782	
289.0101	420.91	0.4895054135135266	2.3825750262947945	
289.0445	321.43	0.9014280299461349	-0.21174413469989806	
289.0679	362.19	0.6019684031158705	1.152259710317244	C10H14N2O8
289.0874	195.48	0.5202508322664867	-2.0168264387863517	
289.0874	214.69	0.8010791693469458	0.5393234252532768	C10H12N4O6,C14H12N4OS
289.1156	404.64	0.8998334243719014	0.21602376463600612	C10H18N4O6
348.8952	321.3	0.4236414992762646	-3.212728263925794	
289.5118	421.04	0.475388138559139	2.6053937177858986	
339.9327	206.81	0.5202508322664867	1.9763377589617956	
348.9914	1.96	0.8249655510194065	0.4833409489116602	
290.0714	362.19	0.6291400794725966	1.0443349314720294	C10H14N2O8
290.0884	267.33	0.5289310996102726	1.8188894792844479	C12H13N5O4,C11H17NO8
340.9271	206.68	0.5202508322664867	2.016973855055486	
312.9083	144.46	0.5289310996102726	-1.7889859265274217	
312.9083	150.4	0.5633262571714079	1.4128453656510933	
290.9848	241.27	0.7182259659214821	0.7370240594780978	
291.0488	282.83	0.5289310996102726	1.819850298341546	
291.0836	341.32	0.6988553896227443	0.791291569510982	
313.1132	276.92	0.6358317593912685	-1.021114225823905	
313.8382	140.49	0.6683449987910169	-0.9182870056677664	
313.8382	150.95	0.9548428569556893	-0.09657588384788604	
313.8382	153.45	0.567533345101683	-1.3868951238554876	
378.0978	288.87	0.5457269724682209	1.579093869413418	C16H21NO5S
313.9764	3.93	0.45283073023855286	-2.765408497231377	
351.1319	272.45	0.6756068739743984	0.8754393007741246	
378.994	276.52	0.8674260491429095	0.33490577482752715	
379.0484	300.81	0.8615735588191643	-0.37062070906388633	
352.8539	2.62	0.5245391870021925	-1.8595592394546485	
379.1459	194.57	0.567533345101683	-1.3716124181420828	
379.1459	214.56	0.6206508222194236	-1.066424545392375	
343.0912	348.01	0.534931837082949	1.6368236251510773	
343.1299	162.41	0.8435702822186144	0.42713913870747094	C18H20N2O5
352.945	206.68	0.5202508322664867	1.9094996581385526	
352.997	341.19	0.637352093308439	1.014152985424666	
315.1313	240.19	0.7366008335696704	0.688538115791457	
315.1368	27.1	0.4895054135135266	2.3998932160810718	C17H26O3
353.0492	36.95	0.85031839311826	0.405434131626067	
380.885	3.27	0.865984690337732	0.3441211621850814	
380.9215	2.75	0.5289310996102726	-1.7939828388811718	
353.8488	367.45	0.6539146292089009	-0.94788328220604	
353.9484	206.68	0.5089486890006983	2.1900246476582814	
354.0005	341.32	0.8512018667278523	0.40058599304734693	
354.0357	214.42	0.5202508322664867	-1.9034296367153836	
354.0525	36.95	0.8615735588191643	0.3672827813093629	
354.0614	388.32	0.61214812188942	-1.0932361745016081	
354.0726	319.46	0.559136267169117	1.5054466997845548	C12H19N3O7
344.9304	218.89	0.41200117513128526	-3.517602043246879	C8H11Cl3O7
344.9304	227.95	0.5202508322664867	-2.1057387920854644	C8H11Cl3O7
344.979	219.81	0.47284282855082765	-2.620793657053848	
344.979	225.59	0.8892133792974803	-0.2795492437857576	
382.1006	303.44	0.6758885122178272	-0.8737303130948171	C14H17N5O8
315.9694	421.04	0.6211400740309014	-1.0612916800296683	
354.9429	206.68	0.5176470582612143	2.1435627054749506	
354.9938	341.19	0.647961660906883	0.960073762446607	
316.1165	319.2	0.8615735588191643	0.3608211131711063	C12H19N3O7
316.14	27.1	0.534931837082949	1.6545370782086695	C17H26O3
316.1626	430.69	0.5202508322664867	-1.9630237288731198	
382.9953	310.27	0.41200117513128526	3.5795649321135703	
355.0446	36.69	0.7627269295879822	0.6259531790838154	
355.065	388.72	0.534931837082949	-1.6872005969712291	
355.0761	319.2	0.6429129980698408	1.0022722899535097	C12H19N3O7
316.833	153.45	0.5616786745416369	-1.43932546746112	
383.1042	303.44	0.6733715760709266	-0.8852642586505339	C14H17N5O8
383.1495	275.21	0.45283073023855286	-2.811032469148359	
383.8844	29.34	0.7068817552443691	-0.761509709203666	
355.9961	341.19	0.9895632873197371	-0.019192593555132	
316.9699	420.78	0.4236414992762646	-3.0263183783631753	
316.9963	208.52	0.85031839311826	-0.40887799020891596	
347.0401	317.36	0.41200117513128526	3.695759212475426	
347.0697	364.43	0.5202508322664867	2.1261076795789	
347.0751	235.73	0.5245391870021925	-1.867277459246604	
347.0751	236.38	0.45283073023855286	2.787339102593294	
347.1209	280.86	0.413570480818391	3.3213145577008323	
317.0991	349.2	0.6044930538147281	1.1299562179152243	
347.1716	24.87	0.5616786745416369	-1.4642036480340122	C16H28O8
317.1186	194.96	0.8654641831118777	-0.34834004892711107	C11H20O10,C12H16N4O6
317.1186	319.2	0.8819970535625921	0.29564676523246164	C12H19N3O7
317.1608	27.37	0.5967996902590247	-1.2004227413432713	C19H23ClN2
357.0619	165.43	0.731247667627967	0.7003211461621361	C18H14O8
357.0619	169.92	0.5202508322664867	1.9072679446970768	C18H14O8
317.4688	420.78	0.8615735588191643	-0.35699771035370875	
317.8303	153.45	0.567533345101683	-1.367755634703881	
348.0607	302.78	0.4236414992762646	3.03994884228184	
348.1742	24.87	0.516347693364189	-2.1632521510190528	C16H28O8
411.2253	25.13	0.5913117311151701	1.2544222085663157	
386.0337	345.26	0.559136267169117	1.4930748670111686	
318.0611	171.5	0.4236414992762646	-3.03781818340029	C10H13N5O5
318.83	153.45	0.5873943383509014	-1.279186863637085	
412.9995	315.0	0.5873943383509014	1.2711127665262283	
387.2083	194.43	0.9054020196901796	-0.1996766773215395	C24H30O2S
318.98	273.77	0.5687944530915024	-1.353068982809019	
358.9463	228.08	0.9759128346944427	0.05210681823252783	
413.116	214.42	0.8251091643978596	0.48129726057072025	
413.1237	357.34	0.8998334243719014	-0.22203353594451455	C22H22O8
358.9948	222.17	0.41200117513128526	-3.9717014031681406	
388.0141	298.85	0.8018723311621978	0.5359108289087924	
388.0296	222.17	0.41200117513128526	-3.5613328669226973	
413.9049	204.31	0.9861618347678077	0.02738391921190735	
359.8773	153.58	0.6263726572250885	-1.0496196910488362	
389.0149	298.85	0.8119883394766592	-0.5174329746033628	
389.0309	222.3	0.41200117513128526	-3.631057332057814	
360.1602	121.12	0.7454680140028183	-0.6661480304198828	
415.1068	25.13	0.781315081535522	0.5905917014289709	
389.5164	355.24	0.6737098198174276	0.8833070136138771	
389.5164	356.29	0.534931837082949	1.6813725880547343	
390.2401	24.87	0.854152484520363	-0.3864060526263151	
361.0438	209.57	0.5633262571714079	1.4197175585469108	
361.0742	231.26	0.8002267449087688	0.5440335458768554	
390.8941	204.44	0.8971140340705552	-0.2394370156673012	
390.8941	210.22	0.534931837082949	-1.7116469680940951	
390.9063	2.75	0.6954398562257821	-0.799591711497731	
450.8608	204.31	0.896239694199028	-0.24326963082638686	
450.8608	210.62	0.6759049561434953	-0.8710376498915253	
362.1899	25.0	0.5873943383509014	-1.2871795385942733	
391.0849	231.26	0.6064230479014159	-1.1256794293872818	
450.9221	206.68	0.45283073023855286	2.8868453339264337	
391.2436	24.87	0.48985428436292056	-2.360403778551891	
363.054	295.69	0.8952716153220047	0.26394621337572105	
363.1834	25.0	0.814302260399604	-0.5068458243483848	C21H24N4O2
392.0689	182.29	0.5926153067058207	1.2295436550677536	
451.9254	206.68	0.5202508322664867	2.0669656039745794	
452.0495	319.59	0.6019684031158705	1.1555664099188396	C19H17ClFN3O5S
364.0878	171.63	0.534931837082949	-1.6741301891838665	
452.9201	206.68	0.5202508322664867	2.0387451030352604	
394.162	157.68	0.5616786745416369	1.447870859459587	
418.9741	204.84	0.5616786745416369	-1.4647364306356405	C14H14Cl3O6P
418.9741	209.96	0.4236414992762646	-3.003478331890685	C14H14Cl3O6P
418.9949	1.83	0.7068817552443691	-0.7608516324974912	
366.1505	214.95	0.534931837082949	1.7451208698698484	C15H23NO9
419.9132	228.61	0.9645235134730856	-0.07483512888367669	
395.0582	173.47	0.5913117311151701	1.2515469535955974	
366.8968	43.78	0.7627269295879822	-0.629368107334221	
419.9861	163.85	0.5289310996102726	1.79158698429992	
419.9861	165.43	0.5289310996102726	1.7850881462620225	
420.1114	386.75	0.7519898563310379	-0.6512808553529686	
455.0136	222.17	0.41200117513128526	-3.5008153998596474	
455.0466	260.21	0.5089486890006983	2.2186128072061537	
421.2273	24.48	0.5089486890006983	-2.223647165814242	C20H38O7S
456.0171	221.91	0.4236414992762646	-3.0499215693669406	
456.1641	349.85	0.5202508322664867	2.038198757066884	C20H23N7O6,C20H23N7O6
422.2566	25.13	0.643835567966001	-0.9931053767672379	
457.0185	222.3	0.4236414992762646	-3.0535166183690903	
422.8908	206.55	0.47284282855082765	2.6182452554095454	
368.8576	204.44	0.9083819223685976	-0.19451133462253184	
368.8576	210.49	0.9172450064128609	-0.17476206375547096	
457.226	24.74	0.8520005964129045	0.39729752786118516	
457.226	26.97	0.5202508322664867	1.900342515765834	C23H38O7S,C27H30N4O3
368.912	204.71	0.9054020196901796	-0.20073161080835367	
368.912	209.96	0.7217213131942001	-0.7280640646473794	
369.0386	367.18	0.6821217627514101	0.8535441523711029	
459.2266	26.97	0.5089486890006983	2.2382508479114938	
459.2615	25.0	0.8018723311621978	-0.5361227235799965	C25H32N8O
424.155	130.08	0.8952716153220047	-0.2528192346472375	C22H24ClN5O2
398.0045	276.65	0.9607209958760328	0.08442907512082455	
369.9621	245.34	0.8266518974025466	0.47122501509417103	
425.0359	302.92	0.5029475480308214	2.3214056143919812	
425.0692	178.72	0.5202508322664867	2.0042151282008347	C19H16F2O9
399.0463	349.2	0.7259786572674779	0.715959788613198	C18H12N2O9
426.9333	219.02	0.5289310996102726	-1.81035745503975	
426.9333	227.29	0.8669675406854997	-0.34111790708946693	
399.1443	307.51	0.5089486890006983	-2.196987207860772	C22H24O7
399.1443	312.24	0.45377180192190625	-2.734363142248048	C22H24O7
399.1443	317.88	0.4795472450602425	-2.5577340461746463	C22H24O7
427.015	313.68	0.559136267169117	1.505356836174793	C17H12Cl3N5O2
373.0104	222.17	0.41200117513128526	-3.498811588297955	
373.1925	214.95	0.4644001687977468	-2.680297283585758	C16H23N5O5,C22H25N2OS,C20H23N5S
402.0082	310.79	0.567533345101683	-1.3823519967020177	
428.8787	204.44	0.8998334243719014	-0.22328123317783993	
428.8787	210.09	0.7833300327562506	-0.5827012120161188	
428.9306	205.1	0.5089486890006983	-2.227578224063316	
428.9306	209.7	0.4236414992762646	-3.040579479443742	
374.0139	221.91	0.41200117513128526	-3.66050302687603	
429.1944	27.37	0.5202508322664867	1.942142197108225	C22H26O8
465.1418	292.54	0.5289310996102726	-1.7778480155824745	
465.1418	296.61	0.5473133156079798	-1.5675425283015003	
402.9952	421.31	0.4895054135135266	2.4261565040793744	C9H14N2O12P2
430.0516	194.43	0.5089486890006983	-2.205694180874701	
430.0516	214.56	0.567533345101683	-1.3613458684642101	
465.9911	298.98	0.7308915027903631	0.7030943980132598	
466.8345	204.58	0.8985480614914474	-0.2314497842413426	
466.8345	209.43	0.6821217627514101	-0.8469542865721155	
466.8889	204.84	0.8494591061071238	0.4123405811042067	
466.8889	209.57	0.63268241600013	-1.030690245090825	
375.015	222.17	0.41200117513128526	-3.5526998146957705	
375.1523	364.95	0.7518734359317912	0.6543747591067636	
467.7866	2.75	0.643835567966001	-0.9972273654718993	
431.195	27.5	0.413570480818391	3.321401565331821	
404.9514	219.02	0.5202508322664867	-2.068659810601789	
404.9514	227.95	0.6358317593912685	-1.019119135128819	
432.0673	194.57	0.5425877138178872	-1.5918616834666284	
376.2515	24.87	0.9018838584474981	-0.20959795557130656	
376.8347	321.69	0.6449726436030405	-0.9741721952344212	
469.029	222.17	0.413570480818391	-3.403666261231419	
469.7813	2.62	0.534931837082949	-1.6548099949799533	
406.0224	302.92	0.45283073023855286	2.823101054341305	
376.9855	28.02	0.6949671712031136	-0.8040169035691482	
470.0326	222.17	0.41200117513128526	-3.88062753965991	
377.0177	208.25	0.45283073023855286	-2.7885915927945457	
406.8679	204.84	0.9954762665403174	0.00730430651835281	
406.8679	209.7	0.6683449987910169	-0.9121097629630507	
377.0455	161.36	0.41200117513128526	-4.358464860765764	
377.0691	260.34	0.5967996902590247	-1.2210678654196854	
434.0773	194.57	0.534931837082949	-1.6779648188388543	
434.0773	214.42	0.7315619849439413	-0.698673722791055	
471.034	221.91	0.4116162516521483	-4.5869798534423465	
434.9482	205.76	0.5089486890006983	-2.2170927211789873	
434.9482	207.07	0.5086093495111736	-2.2932992469627878	
435.0684	194.57	0.5176470582612143	-2.1429064725138947	
435.0684	214.42	0.6949671712031136	-0.8117318609115152	
408.8627	320.91	0.534931837082949	-1.737677538640349	
490.2814	23.29	0.643835567966001	-0.9921532924122332	
436.2724	25.0	0.8996721318986817	-0.2261172511305421	C19H39O6P
409.2362	29.2	0.8159407156687911	-0.4992176339180804	
436.8699	228.61	0.8672801571020685	0.3389439504993483	
474.0313	319.59	0.6438962745364685	0.97958090841221	C19H17ClFN3O5S
436.9063	206.68	0.5089486890006983	2.198996326970643	
437.072	194.83	0.413570480818391	-3.3865486086847083	
437.072	214.56	0.7833300327562506	-0.5776540026986509	
437.1874	195.22	0.8722963994526197	0.323349011298107	
437.1874	198.51	0.5511768324768904	1.5311264158958326	
474.9819	276.65	0.6206508222194236	1.0636717148230452	C18H15ClN2O6S2
475.1902	251.25	0.5086093495111736	-2.2762725117616727	
437.9097	206.68	0.4236414992762646	3.051817569407265	
544.8021	4.06	0.8435702822186144	0.4261652317808895	
438.9043	206.81	0.48985428436292056	2.36622266877321	
496.9861	264.28	0.5202508322664867	1.9309066570953286	
440.1325	314.47	0.6044930538147281	-1.1431960765719642	C19H19N7O6,C19H27N3O5S2,C19H19N7O6
440.8949	227.69	0.85031839311826	0.40635699699809863	
440.9084	29.34	0.7190067755743256	-0.7347620156650299	
440.9492	219.02	0.6488272887505722	-0.9575132519712513	
440.9492	227.29	0.984366808007603	0.03595448135439636	
440.9979	221.91	0.9450056852012146	0.1159540770445251	
441.064	234.28	0.5926153067058207	1.2401438651001504	
548.8994	206.81	0.5202508322664867	2.078611514193816	
549.9026	206.81	0.5089486890006983	2.197672311209926	
550.0266	320.12	0.7627269295879822	0.6279042132894412	
500.916	227.82	0.896239694199028	0.24400156091110053	
500.9707	219.02	0.8903146484732666	0.2745320493579746	
500.9707	227.29	0.9607209958760328	-0.08507023189844548	
501.7535	2.62	0.5605603595799988	-1.4827122475285426	
443.0912	164.24	0.7789837346385676	0.5960253041508804	
443.2476	24.35	0.5202508322664867	1.9136371038540863	
550.8976	206.68	0.5202508322664867	1.9253379039289487	
551.0325	222.17	0.413570480818391	-3.3406726696682787	
480.9725	319.46	0.4895054135135266	2.4001962979110583	
552.036	221.91	0.41200117513128526	-3.6479320824076624	
444.2496	24.35	0.534931837082949	1.7256080665741962	
553.0376	222.17	0.45283073023855286	-2.761793688665942	
504.8449	204.84	0.9645235134730856	0.07386480375755719	
504.8449	208.52	0.7329738418553078	0.6956321880604731	
445.0532	365.74	0.4895054135135266	2.4235672620401973	C11H20N4O11P2
505.7298	2.62	0.5289310996102726	-1.7716373290529803	
484.3059	25.79	0.6704938513918131	0.9052527783288151	C29H43NO5
485.3382	127.85	0.8952716153220047	-0.2614257311110392	
446.8349	204.31	0.6756068739743984	0.8777168394082109	
446.8349	209.96	0.5979705223890565	1.191671032090369	
486.3416	127.98	0.8727892707895403	-0.3178295644693231	
446.9393	241.67	0.6000444026841635	1.180818438333058	
447.1346	30.65	0.9645235134730856	-0.07204000259528494	
509.8328	4.06	0.5634942282934843	-1.4006028467104314	
627.912	4.32	0.5202508322664867	-2.038837648334516	
628.057	356.02	0.5202508322664867	2.018875451010878	
510.8818	204.31	0.896239694199028	0.24384108931054022	
510.8818	210.49	0.8160272290829274	-0.49668697069687523	
489.2779	23.16	0.7088109779324107	-0.7541898780619134	
629.0602	356.29	0.5501312173745155	1.5493392583906598	
511.8284	3.93	0.5245391870021925	-1.851195897310294	
630.9023	206.15	0.4795472450602425	-2.554719956532722	
630.9023	207.33	0.4795472450602425	-2.5578720190343	
563.3616	129.69	0.9391275238283933	0.1344917649101733	
797.0427	222.17	0.41200117513128526	-4.274429909837309	
798.0458	222.17	0.48985428436292056	-2.3564610618339525	
632.8609	206.81	0.534931837082949	1.655927791455561	
633.0359	222.17	0.41200117513128526	-3.467544265356088	
513.3692	129.69	0.854152484520363	0.3862143414422087	
634.0392	222.17	0.4236414992762646	-3.088742181768934	
564.8662	204.97	0.7833300327562506	-0.5770691967854041	
564.8662	208.91	0.6044930538147281	-1.1354002285365528	
565.048	370.73	0.567533345101683	1.377083114812478	C15H24N2O17P2
634.8591	206.55	0.6092085014900344	1.1057252693195811	
635.0409	222.04	0.45283073023855286	-2.771137991717955	
635.0409	222.7	0.7293820265479628	-0.7089479409016446	
566.0515	370.73	0.5616786745416369	1.453396387469218	C15H24N2O17P2
567.053	370.73	0.5633262571714079	1.413079413349824	C15H24N2O17P2
568.2055	298.85	0.9547053313842622	0.09937017862267467	
644.9892	247.97	0.5511768324768904	1.5312561462099583	
644.9892	254.14	0.5633262571714079	1.4229404624202915	
569.009	254.01	0.6683449987910169	0.9122217582503911	
646.8768	206.68	0.5597132457664122	1.4881835982055414	
835.5351	128.51	0.6326774998585342	1.035078803989267	C43H81O13P,C43H81O13P
647.8797	207.2	0.7478464885703365	0.6619130100518668	
518.872	228.08	0.896239694199028	0.24566795126236085	
518.9093	205.89	0.5320353013802661	-1.7610437326969537	
518.9093	208.38	0.5605603595799988	-1.477168986586688	
648.8754	206.68	0.5245391870021925	1.8611408823895048	
571.8497	2.62	0.5245391870021925	-1.8631882298892597	
572.1473	404.11	0.5392340978653225	-1.6108505303968135	
572.1473	409.66	0.8615735588191643	0.3636337349764204	
521.0225	303.18	0.4236414992762646	3.1372380973085408	
861.5511	127.06	0.6683449987910169	0.9173740862225641	C45H83O13P,C45H83O13P
862.5546	126.93	0.6821217627514101	0.8574036143236927	C45H83O13P,C45H83O13P
865.0297	222.43	0.5204695813779147	-1.8900746782693245	
574.3939	129.56	0.8998334243719014	0.2172221176493484	
522.8979	219.15	0.7704095154605717	-0.6114769513178872	
522.8979	227.29	0.7404077597869771	0.6762587156830602	
522.9524	219.15	0.7068817552443691	-0.7606197395271774	
522.9524	227.03	0.643835567966001	-0.9841743316393654	
523.0011	221.91	0.41200117513128526	-3.9206776935697585	
879.0461	222.17	0.4116162516521483	-4.550632718756137	
524.2995	162.67	0.559136267169117	-1.494453932360552	C24H48NO9P
662.1029	347.49	0.647961660906883	0.9604523227585166	C21H27N7O14P2,C21H27N7O14P2
888.5695	124.8	0.7088946338503455	0.752818999795142	C47H85O13P,C47H85O13P
664.1184	319.59	0.6949671712031136	0.8194648636810743	C21H29N7O14P2
578.8388	228.21	0.85031839311826	0.40951882511789983	
578.8931	227.95	0.5967996902590247	-1.2147662823264573	
579.0276	420.91	0.42568850811742903	2.988305150854622	C15H22N2O18P2,C15H22N2O18P2
580.031	420.91	0.45283073023855286	2.835037083340478	C15H22N2O18P2,C15H22N2O18P2
582.9191	219.02	0.8669675406854997	0.3405218377388453	
582.9191	227.29	0.9289857846803884	0.1524228197991513	
526.8559	204.84	0.8971140340705552	-0.23503512733406132	
526.8559	209.7	0.8523920122788542	-0.3949217362538275	
526.9071	205.23	0.5779258724125031	-1.3114716344233794	
526.9071	208.91	0.41200117513128526	-3.7780042416134196	
527.789	3.27	0.6019684031158705	-1.1726171608388671	
585.4319	24.35	0.43206672339276087	2.9631340986193186	
585.8654	2.62	0.5202508322664867	-2.0906749372877123	
586.4001	129.56	0.8863414192684972	0.28545900611959607	
587.0304	370.73	0.5776130427791046	1.3193091322731942	C15H24N2O17P2
588.0336	370.99	0.559136267169117	1.4930879143461715	C15H24N2O17P2
588.0757	378.35	0.7513673855860147	0.6562494672978817	C16H25N5O15P2
687.0078	222.17	0.5473133156079798	-1.5710489531109109	
588.41	129.69	0.8615735588191643	0.35553752434679803	
589.4126	129.69	0.896239694199028	0.248076527780083	
701.0237	222.17	0.41200117513128526	-4.1774221925293915	
534.8836	206.55	0.5425877138178872	1.590924891048634	
702.027	222.17	0.413570480818391	-3.34749066903674	
535.0375	362.06	0.8159407156687911	0.49997218663749854	C14H22N2O16P2
597.3051	157.68	0.8952716153220047	0.2635511255081601	C27H51O12P
597.3051	165.16	0.5633262571714079	-1.427675267041521	C27H51O12P
599.3209	161.09	0.9226186416507747	-0.16184497527454955	C27H53O12P
599.3209	165.16	0.5687944530915024	-1.3502047751082364	C27H53O12P
601.009	420.65	0.643835567966001	-0.991411912149695	C15H22N2O18P2,C15H22N2O18P2
536.8817	206.55	0.6468564652253922	0.9657503701326609	
537.0169	222.17	0.41200117513128526	-3.5665692011355183	
715.0395	222.17	0.4236414992762646	-3.0803298773888512	
716.0429	221.91	0.41200117513128526	-3.8764328669990773	
717.0445	221.78	0.36690868005727956	-5.019603224053947	
604.9558	219.28	0.47552192895412687	-2.5978984564514485	
604.9558	227.03	0.4895054135135266	-2.449673436869787	
605.0045	221.91	0.41200117513128526	-4.134815348277902	
538.0202	222.3	0.4236414992762646	-3.0041995793407406	
606.075	355.89	0.6019684031158705	1.1696162688251384	
539.0217	222.43	0.4895054135135266	-2.4336741738557253	
607.0782	355.76	0.6019684031158705	1.1613574443249306	
608.08	355.89	0.6019684031158705	1.154374825666262	
540.0543	347.36	0.643835567966001	0.9810733096181747	C15H21N5O13P2,C28H22Cl3NO4
611.1452	446.51	0.8998334243719014	0.2149720125983014	C20H32N6O12S2
541.8049	4.32	0.5089486890006983	-2.1941191800029918	
740.5478	28.28	0.5616786745416369	1.4465417638993807	
613.1408	365.48	0.6206508222194236	1.0642088372366507	C20H31N4O16P,C20H31N4O16P
744.8542	206.68	0.8853119021743304	-0.28912779309608594	
543.8006	4.06	0.5202508322664867	-1.9686684094804634	
746.8524	206.41	0.7627269295879822	0.6317544019967554	
613.8963	3.27	0.5202508322664867	-1.9161233765257788	
614.144	365.74	0.643835567966001	0.9986157868432356	C20H31N4O16P,C20H31N4O16P
619.0202	222.17	0.4236414992762646	-3.0826823786948987	
620.0236	222.17	0.4236414992762646	-3.2246780300087066	
620.9679	370.47	0.5202508322664867	-1.952314783601776	
761.3694	129.69	0.8819970535625921	-0.2964635402865535	
783.0272	221.91	0.4895054135135266	-2.4002139308434534	
