m/z	rtime	p-value	t-score	custom_id
132.9453	151.74	0.9984220835546526	-0.0034487350579879847	
132.9453	206.55	0.47898839173996177	-1.8151258914660136	
208.9731	28.68	0.4997638388420071	1.5604664329538815	C4H5NO7P
174.9979	28.02	0.6503909855766711	0.8256126783878011	
175.0353	319.99	0.4891977399152976	1.7151445767918196	
175.0433	299.5	0.8717600591886048	-0.27087014176347024	
209.082	35.24	0.4464772392678325	-2.7764518311382878	C11H14O4,C6H15ClN4O2
209.0968	31.96	0.46661873699846146	2.050440506283421	
209.1543	29.99	0.8556509153660933	-0.3087433795779465	C13H22O2
209.1543	34.06	0.7759965955242186	-0.4912311716238989	C13H22O2
209.8334	1.7	0.5686287006914572	1.1950146455861381	
175.839	142.49	0.6612707316147837	0.7868157001286485	
175.839	151.87	0.6409319280129518	0.8720424779567233	
209.9286	28.94	0.6145907829810605	1.0010008233986354	
210.0072	221.91	0.5929850684938692	1.0812591984070823	
210.1577	30.52	0.6145907829810605	-0.9978047644769644	
210.1577	33.93	0.9119599043492247	-0.1853966264582035	C13H22O2
210.8419	141.57	0.47464764762926714	1.9291800146765894	
210.8419	152.53	0.4062181236103755	6.252777726516087	
134.9425	152.0	0.43072121542059133	2.9476778767438487	
134.9425	206.68	0.5059377642356183	-1.5145760808759263	
176.0557	212.98	0.6212795545557206	-0.9404428665032347	C7H10O5
176.075	297.79	0.474955730803143	-1.9031140871420384	
176.075	313.81	0.458820947424649	-2.1179578407707385	
210.9912	301.21	0.5460915204832035	-1.2891552246717433	
210.9912	372.04	0.4870017761132611	-1.7727890973854128	
176.8359	142.36	0.6904338985841114	0.6820652908665314	
176.8359	151.87	0.9380546326957453	0.1287846809985915	
135.9015	141.04	0.6598583610625284	0.7951753958156506	
135.9015	153.18	0.586976839566658	1.1033264541866596	
211.0007	218.49	0.8425581947924142	-0.34036367193528544	
80.9641	181.11	0.6181914365915753	-0.9611731915555818	
82.9531	34.59	0.6029459538848895	1.033339204112529	
211.8849	153.31	0.5810014391970192	1.1246915799559087	
177.9123	141.57	0.8961776179016235	0.2200348389446981	
177.9123	152.79	0.8474220124402427	0.32448052489941454	
212.0536	184.66	0.456306283250553	-2.1908672841730636	
212.0576	211.67	0.515761715643622	-1.4427803724041972	
83.0492	247.18	0.4294038657899769	3.5094573688713977	
212.8389	141.44	0.4294038657899769	3.295281177463383	
212.8389	152.53	0.4294038657899769	3.3695139459454495	
84.0444	194.96	0.475694618974651	1.839435840699242	
84.0444	212.06	0.8435975360267914	0.33647906537691097	
84.9501	34.72	0.6914616444790117	0.6781946292350803	
87.0441	194.57	0.6357073590283394	0.8896146966381244	
138.8592	149.61	0.456306283250553	-2.251843168949778	
138.9059	1.44	0.5234917802782715	1.4113954296780362	
179.0554	282.3	0.6029459538848895	-1.030606037577768	C9H6N2O2
179.8401	141.7	0.7158005151453423	-0.6236388611854187	
179.8401	152.53	0.6801060497321958	-0.7321505827392796	
139.0002	241.27	0.4062181236103755	-7.03677209015163	
179.8819	367.18	0.4294038657899769	3.535390634637409	
213.8832	41.28	0.6897662569245999	0.6943441622995599	
213.8832	41.94	0.7873771638297977	-0.4628348962347375	
213.8832	43.52	0.8483231804094877	-0.3207735438075081	
214.0482	298.85	0.458820947424649	2.1486016699877646	C5H14NO6P
140.0108	298.71	0.8025368497099709	-0.42389605760617066	
180.8821	367.18	0.4464772392678325	2.7351320274627544	
215.0514	298.98	0.458820947424649	2.1442371329227834	C5H14NO6P
215.1034	288.87	0.5530501429650353	-1.2712452820230167	
93.0335	33.8	0.7176783879564457	0.6136990547452361	
215.1397	172.81	0.4891977399152976	-1.7176662351195282	C10H20N2O3
181.071	194.57	0.4294038657899769	-3.490703590741087	
215.8604	142.36	0.6353574698598732	0.8949237036658861	
215.8604	152.13	0.4294038657899769	3.4957748797907935	
181.8368	141.83	0.6678740773728189	-0.762203225637285	
181.8368	152.13	0.8289510548550625	0.37473011562493963	
181.9853	277.97	0.458820947424649	2.1145618624778084	
216.0513	298.98	0.49000775350506576	1.656054630272493	
142.9432	206.94	0.6211907497629537	-0.9526898316988601	
216.0986	307.64	0.458820947424649	-2.1281832210828053	C6H12N2O4
182.0454	33.93	0.6902778456518972	-0.6851041178604159	
182.0745	194.57	0.4294038657899769	-4.092330920626331	
96.921	141.96	0.7483141644156468	0.5429434417463102	
96.921	152.26	0.4294038657899769	3.4151405283579845	
143.0054	207.07	0.8158536025162006	-0.40267319262073376	
216.9185	366.92	0.9515871820676569	0.1027445299704405	C4H7Cl3O
96.9679	366.13	0.8882844986045152	0.23834698933592494	
96.9679	369.02	0.5546795961691741	1.2548497240322387	
183.0041	26.05	0.6688069950423001	-0.758366316698682	
183.0112	27.5	0.9215350426358037	-0.16127593993279907	
217.0126	194.3	0.4663921783460198	2.064246965801149	
217.0171	30.52	0.5352263683233277	1.343781272675624	C8H10O5S,C8H10O5S
217.0171	58.02	0.9215350426358037	-0.16493811319935656	
217.0481	194.57	0.4294038657899769	-3.627965353443543	
97.0648	27.37	0.950114471601293	-0.10670254513140048	
143.9776	206.68	0.5971742781915333	-1.0664101343770283	
143.9904	219.41	0.456306283250553	2.358963840316203	
143.9904	226.37	0.4891977399152976	1.7228116841947403	
217.0826	218.36	0.4475180778651238	-2.6726599130268274	C10H12O5
217.0826	361.67	0.456306283250553	-2.3348644809581036	C8H6O4
97.9762	206.68	0.6469972336347345	-0.8396165350483933	
217.1383	401.22	0.4475180778651238	-2.6424669619771417	C9H19N3O3
217.8497	141.04	0.6653225167790293	0.7696486681277024	
217.8497	151.08	0.6846658465521562	0.7194620706955683	
217.8497	153.18	0.5600235726538976	1.2291849468181917	
217.8577	142.23	0.5937280492755479	1.0785864399496319	
217.8577	152.0	0.6145907829810605	0.9973362362524811	
144.8687	142.23	0.5445430565288132	1.2996039558184584	
144.8687	152.26	0.4693011502656404	1.9958765722770453	
144.9036	353.4	0.49000775350506576	1.6464525134449606	
218.0221	208.38	0.456306283250553	-2.1921173115852857	C9H11NO3
98.948	23.29	0.7226838097020194	0.6038035420248014	
218.0515	194.57	0.4693011502656404	-1.9884599956817008	
218.0667	287.03	0.95968848952339	0.08318208855204043	C12H10N2S
218.0779	334.2	0.5730883865740625	-1.160864116539467	C7H13N3O5
218.086	361.8	0.456306283250553	-2.227317122169714	C8H6O4
144.9724	206.68	0.5679819272520791	-1.203193198769648	
218.103	182.16	0.6163721296336467	0.9740945895233495	C9H17NO5
144.9784	206.41	0.5530501429650353	-1.2695115087147824	
145.0246	194.83	0.49965849108188237	1.5704312639322773	
145.0246	214.56	0.42293614904080945	5.217422033956679	
218.9882	1.83	0.533696504469195	1.357850313072112	
145.9759	206.81	0.7158900327548778	-0.620573695479097	
146.0167	273.77	0.4294038657899769	4.210199389771007	
146.053	247.44	0.5059377642356183	1.5112407422735288	
146.058	277.31	0.9965376761655288	-0.007309557944386581	
219.0192	208.38	0.4294038657899769	3.2901067805080184	
146.0813	182.16	0.4294038657899769	3.313874564570939	
219.0451	194.83	0.4294038657899769	-3.277266470524629	
219.07	287.03	0.49965849108188237	-1.5734541833334053	C12H10N2S
146.8658	142.23	0.86718044899809	0.2834429110521307	
146.8658	152.26	0.4946062099169623	1.6076086753061303	
219.1063	182.16	0.456306283250553	2.248825896008499	C9H17NO5
101.0709	301.08	0.456306283250553	-2.3091168591475135	
185.0561	235.99	0.6212795545557206	-0.9456976388102539	C7H10N2O4
185.0561	354.32	0.8447798975003518	-0.3333925917518087	C7H10N2O4
219.8451	152.92	0.4997638388420071	1.5613196322014802	
185.0925	290.18	0.456306283250553	-2.2277227176575	C8H14N2O3
147.0652	277.44	0.6502581942575153	-0.8283670840523135	
147.0666	198.9	0.9092535285919797	-0.19315177154096544	
104.006	195.48	0.8643296103871501	-0.290239112850427	
148.8628	141.96	0.458820947424649	2.1581834205014983	
148.8628	152.26	0.4891977399152976	1.7173234302969873	
149.0268	273.77	0.47464764762926714	1.943439788713693	
187.0217	227.82	0.4464772392678325	-2.7223967776341	
187.0718	232.44	0.6155742772645787	0.990629214145121	C8H11NO4
187.0718	308.96	0.6469972336347345	-0.8422945423504296	
220.1465	26.18	0.6357073590283394	0.8894677096643057	
150.0301	273.77	0.4506038517693155	2.624829514878263	
150.0412	142.23	0.4294038657899769	-4.558211101847712	C5H5N5O,C5H13NS2
187.884	141.7	0.45876452965418574	2.1672765591646304	
187.884	152.53	0.5061711996224217	1.4884747524181017	
150.8858	141.57	0.5314183113015472	1.38006599405217	
150.8858	152.53	0.456306283250553	2.2715455478032203	
150.987	49.56	0.4062181236103755	5.92383077237179	
151.0253	119.42	0.4906231675816492	-1.6368631817592691	
188.0457	175.96	0.456306283250553	-2.438070839360551	
151.8732	151.48	0.474955730803143	1.8916634282852067	
220.845	141.31	0.86718044899809	0.282861528453509	
220.845	143.67	0.1321828250690287	14.176461263485264	
220.845	150.95	0.4294038657899769	3.315557262876778	
220.845	153.18	0.6612707316147837	0.7881405620980336	
152.0287	119.55	0.504175930047917	-1.5245352698313386	
188.0559	300.81	0.4997638388420071	1.5665586556910218	
188.067	315.39	0.6021989000947673	-1.0416479123367883	C6H11N3O4
188.067	339.84	0.475694618974651	-1.8628924049315647	C6H11N3O4
152.0547	214.03	0.45365135693667735	2.5505061606324384	
152.8828	141.57	0.653712472636769	0.81272461288693	
152.8828	152.53	0.4294038657899769	3.860086638113668	
108.9009	142.09	0.5404759221549704	1.3129898079186275	CaO2
152.995	194.43	0.458820947424649	-2.115464128279385	
152.995	212.45	0.533696504469195	-1.3614850729685195	
152.995	264.28	0.474955730803143	-1.9005291282866317	
221.0039	241.14	0.4464772392678325	-2.721355519996211	
188.981	193.65	0.4294038657899769	3.524994666131883	
221.1544	24.87	0.47464764762926714	1.9311995794328864	C14H22O2
221.8421	152.92	0.49965849108188237	1.5768578533785764	
189.0334	163.98	0.4294038657899769	-3.7549289123338467	
189.0591	300.68	0.5352263683233277	1.341640786499877	
222.044	192.07	0.9215350426358037	0.1608949086731151	
110.044	214.69	0.4062181236103755	6.357382340320054	
110.8979	141.96	0.7990501704578272	0.43442843548552157	
110.8979	152.26	0.5404759221549704	1.3085859027857538	
189.8812	141.7	0.5119339177152445	1.463523904083403	
189.8812	152.26	0.6502581942575153	0.8284355586773454	
222.0962	173.47	0.456306283250553	-2.402706390237206	
110.9747	38.0	0.45365135693667735	2.5046228921083333	
222.7975	141.04	0.660770495206823	0.7913192147689754	
222.7975	152.92	0.6902778456518972	0.6875724123546613	
154.8799	141.57	0.6145907829810605	0.9995551771418612	
154.8799	152.53	0.456306283250553	2.3069382849731888	
222.842	152.92	0.4294038657899769	3.0124686400647156	
111.027	380.18	0.5686287006914572	-1.184055145514398	
223.0281	141.57	0.6539343182375372	0.8102021511911128	
111.0553	164.11	0.4062181236103755	-7.235262216223411	
154.9648	259.03	0.4294038657899769	4.646079043596406	
190.0908	295.3	0.475694618974651	-1.8581613787013438	C7H14N2O4
223.1337	25.13	0.5830884948021945	1.118255969727945	C13H20O3
223.8391	140.91	0.9104124985339513	0.18987069001769477	
223.8391	143.67	0.456306283250553	2.3532362268385087	
223.8391	148.95	0.43800518581431075	2.8804419795360103	
223.8391	150.82	0.4729612068523043	1.9614000261623292	
223.8391	152.92	0.4693011502656404	2.023927203752079	
112.9362	349.46	0.5352263683233277	1.3459954011543438	
223.9786	1.44	0.49791294985193335	1.5937844064188524	
224.0229	222.17	0.6948353207456059	0.6685862999339507	
224.137	25.26	0.5949997749360758	1.07507929085849	C13H20O3
155.0453	163.85	0.4294038657899769	-4.263564091427844	
191.0556	377.56	0.838395480054078	0.3480723418126842	
155.0817	230.87	0.6469079828836953	-0.8545051330401289	
155.0817	260.6	0.5460915204832035	-1.2873318617855511	
225.0237	221.91	0.5059377642356183	1.5068021195609773	
156.0294	299.76	0.8678700919896418	-0.27899744326111003	
225.0991	363.64	0.43800518581431075	-2.8699104373398905	C9H14N4O3
114.9888	28.68	0.5600235726538976	1.2267714676688342	
115.0503	309.09	0.9480106535961167	-0.11241046886929947	
157.0247	217.44	0.5396586109650678	1.3205157525858722	
115.0866	293.46	0.5059377642356183	-1.5070757240104677	
157.8619	151.35	0.5579138081017037	1.2411355663440986	
157.9304	194.57	0.456306283250553	2.4391200460121985	
226.9364	206.81	0.49000775350506576	-1.6462868476696182	
116.0028	142.23	0.6155742772645787	-0.9883234728720399	
116.0028	152.0	0.7669116601333058	-0.5079563876694386	
116.006	301.08	0.6145907829810605	-0.9963350038595943	
157.9932	206.68	0.5971742781915333	-1.0663461405587047	
192.9548	207.73	0.8379117763347328	0.34989378897676293	
227.0647	276.39	0.5360402566824408	-1.3321839671955775	C13H12N2S
193.0647	275.21	0.4062181236103755	-5.915813537722548	
193.0864	25.92	0.691660314166106	0.6767115598441034	
193.8151	141.96	0.9215350426358037	0.16794606157192019	
193.8151	152.0	0.8376869982772706	-0.351374147078535	
117.074	212.06	0.4891977399152976	-1.7128049389873177	C6H14S
228.9963	379.4	0.973527900063677	-0.0500062094399018	
228.9963	396.37	0.6145907829810605	-1.0019088700667818	
158.988	206.68	0.6002144374925119	-1.0476792654026466	
118.0	142.23	0.7561004782197844	0.5264164987492965	
118.0	152.0	0.6212795545557206	-0.9400842256975634	
229.0828	361.14	0.9708050822746609	-0.05875313718099812	C9H14N2O5
194.9362	367.18	0.5061711996224217	-1.4908610478793414	
159.0766	293.59	0.47464764762926714	-1.9262159920466526	
119.0226	241.4	0.5713760552140619	-1.1779190708545266	
230.1144	277.7	0.4823625170582554	-1.796996254676058	C7H14N2O4
230.1144	281.25	0.7229734822730237	0.6003800342388167	C9H17N3O4
194.9881	222.17	0.5546795961691741	1.2533138088236602	
230.9314	1.96	0.49791294985193335	1.5966113766195964	
231.0282	194.3	0.456306283250553	2.32093816053598	
231.062	308.96	0.5686287006914572	-1.188603363055579	C8H12N2O6
159.9914	206.68	0.5530501429650353	-1.263868497401552	
231.0984	334.2	0.6029459538848895	-1.032241384831642	C11H11NO4
231.8103	39.97	0.6212795545557206	-0.9455959490340581	
160.0243	316.44	0.4294038657899769	3.102652706448343	
160.0607	170.45	0.9781064962641316	-0.04145799651198621	
160.0607	193.65	0.82146495395574	-0.3940777705250443	C9H5N3
195.9915	334.59	0.6155742772645787	0.9848838552965885	
160.0799	293.59	0.47898839173996177	-1.8149368199898657	
196.0612	380.18	0.901530647584112	-0.20885288774588553	C9H11NO4
196.8107	152.0	0.6786323021402171	-0.7355025766538608	
196.8764	152.92	0.5176617919897664	1.4277661742839065	
196.8848	367.45	0.456306283250553	2.4712441362953728	
196.8864	141.7	0.6325555403876427	0.9053146387632431	
196.8864	152.53	0.475694618974651	1.8378993343790122	
160.9921	207.07	0.586976839566658	-1.1053288251378095	
161.0449	242.59	0.4464772392678325	2.7573421210804967	
161.0449	245.61	0.456306283250553	2.2800929145284563	C6H10O5
121.0317	245.87	0.43800518581431075	2.8947018827194304	
161.8749	39.84	0.7950265613573905	-0.4409773121328611	
122.0213	219.68	0.510271570091987	1.4762907737815634	
122.0213	225.72	0.8752467686890499	0.26389112116433233	
162.0592	315.0	0.47464764762926714	-1.9271966813337684	C7H5NO3
233.0969	316.31	0.6694630784545543	-0.7561743597662582	C8H15N3O5
233.8081	39.84	0.7040673073881716	-0.6471159769768338	
233.8535	141.44	0.6469972336347345	0.8408481641605411	
233.8535	143.14	0.4464772392678325	2.7209199232163925	
233.8535	152.66	0.9998487737957668	0.00020572049675509594	
197.1541	27.89	0.533696504469195	1.3622221364035938	
197.7569	152.13	0.5730883865740625	-1.1616778830165797	
234.0811	372.17	0.456306283250553	-2.36863246900314	C8H14N2O6
124.0063	217.97	0.3571999533058773	-9.172594445829313	
234.8505	152.66	0.44345417360082573	2.843153730529184	
163.8959	141.44	0.4997638388420071	-1.5515506482358092	
163.8959	152.79	0.6502581942575153	-0.8286457529992458	
163.928	2.62	0.5975468138926789	1.0619269667102393	
198.0742	211.8	0.4693011502656404	-1.9965720100692124	C10H9N3
198.0742	219.81	0.4693011502656404	-2.0005607714861475	
198.8079	151.87	0.8001513537454155	-0.4300688427710097	
198.8735	141.04	0.6831185301696767	0.7241350484177193	
198.8735	152.66	0.7884107376457438	0.4533621481686727	
235.0196	195.22	0.8643296103871501	-0.29344244513223466	C10H8F2O3
235.1086	137.86	0.4870017761132611	-1.7694301786628188	C12H16N2O3
235.1086	142.09	0.826447626023868	0.3803990451705496	C12H16N2O3
235.1086	151.87	0.4693011502656404	-2.0163827213179597	C12H16N2O3
235.1086	182.16	0.8643296103871501	-0.2923400352432491	C12H16N2O3
164.8384	141.83	0.6325555403876427	0.9094375216291024	
164.8384	152.53	0.456306283250553	2.340440689247902	
235.8505	141.18	0.8334025625492714	0.3641263471122943	
235.8505	143.8	0.3571999533058773	9.472750875548972	
235.8505	152.92	0.7776119432201739	-0.48315843954276017	
235.926	2.62	0.5600235726538976	1.2291746163988215	
165.0185	260.34	0.7278655792248409	0.5876607696012727	
165.0185	261.79	0.9560740196614747	0.09360478731357313	
126.904	29.99	0.9092535285919797	-0.19319826765665613	
199.0067	31.96	0.9670954262586501	0.0662692551808988	
199.0219	241.27	0.6029459538848895	-1.0336255201462023	
236.0233	371.65	0.4294038657899769	-3.1425218993538926	
236.0604	192.6	0.4062181236103755	6.3223351327234765	
236.0604	195.88	0.45365135693667735	2.5734629054587232	
127.0754	194.57	0.456306283250553	2.2289989812527096	
236.8477	152.66	0.49000775350506576	1.6667400901119505	
199.072	214.56	0.4294038657899769	-4.573894760857296	
199.8495	41.28	0.6212795545557206	0.9377270772432289	
128.9585	206.68	0.636499073261017	-0.8865799631731479	C3H2N2S2
236.9987	28.02	0.8252724237178272	0.38550298668511773	C6H8Na2O7
128.9981	141.83	0.95968848952339	0.07998502305384533	
166.0502	47.72	0.4294038657899769	-4.26313209909323	C8H9NO3
237.0878	203.92	0.5352263683233277	-1.3385040866310747	C11H14N2O4
237.0878	217.84	0.456306283250553	-2.2490951965806714	C11H14N2O4
129.0377	324.98	0.456306283250553	2.3557143453762515	C6H10OS
166.8351	142.09	0.6564389838008975	0.8027185222985223	
166.8351	152.26	0.4693011502656404	2.0017067126130095	
237.9303	2.75	0.6860444715478595	0.7066617168825541	
237.9521	209.96	0.42293614904080945	5.076739716942334	
129.1023	244.56	0.49200789409834567	-1.6194680845662683	
129.1023	259.82	0.5810014391970192	-1.1263973031177914	
201.0876	307.38	0.4294038657899769	-3.1053959615190405	C8H14N2O4
130.9952	142.09	0.6469972336347345	0.8499813893980743	
201.124	194.43	0.475694618974651	-1.8503953820066696	C9H18N2O3
167.8333	142.36	0.535024202444942	1.3536799898788192	
167.8333	152.26	0.4294038657899769	4.163476609329691	
131.0533	184.39	0.47505200466405906	-1.8830381533241374	
202.0352	330.91	0.47053197796101165	-1.9699031352686405	
239.0771	282.43	0.475694618974651	-1.8273702301309744	C8H16O8
168.0295	362.19	0.4475180778651238	-2.6433527616910877	C8H6O4
132.0373	194.57	0.653712472636769	0.811796928657684	
202.0717	291.36	0.45365135693667735	2.516360731209171	C6H10O5
202.1273	194.3	0.475694618974651	-1.8495865750688787	C9H18N2O3
168.8313	152.26	0.4906412265265358	1.6244350880849436	
263.0973	199.16	0.4801967819007634	1.8091409111859462	
203.0015	30.65	0.4294038657899769	-3.202387070529441	C7H8O5S,C7H8O5S
263.8895	153.18	0.4294038657899769	3.4420616265879205	
240.952	206.68	0.5061711996224217	-1.4986320394781703	
203.0821	161.49	0.8600262684447684	-0.30060911769336945	C9H9NO2
241.0111	319.59	0.4294038657899769	-4.047401154344414	C6H11O8P
241.0496	277.44	0.5445430565288132	-1.2980229706751052	
203.7985	152.26	0.8874263944093176	-0.24067781688585219	
169.8332	153.31	0.5646061775425608	1.2150137210277314	
241.1082	27.23	0.6552415709892573	0.8060656845528507	
170.0426	254.93	0.4294038657899769	-3.2718155172564813	
204.0509	287.82	0.8025368497099709	-0.42391441592910123	
264.9503	141.18	0.6622802212923588	0.7765843626747875	
241.1444	28.02	0.6270905469234661	0.9248202801743379	
204.0854	161.62	0.848455326556779	-0.31941567796108594	C9H9NO2
204.1066	260.47	0.602894895202665	-1.0391025483131333	C8H16N2O4
264.9975	3.67	0.5820890857956752	1.1213996677542408	
170.8284	141.96	0.9119599043492247	0.18650153597711655	
170.8284	143.67	0.63444826988233	0.9002868971549083	
170.8284	152.0	0.9215350426358037	0.16245517536881707	
170.8357	148.69	0.6145907829810605	-0.9936868301169762	
170.8833	40.5	0.6902778456518972	-0.6834904860011017	
170.8833	43.39	0.5534491573266972	-1.2603929866915389	
265.0251	207.73	0.5686287006914572	1.184472957275768	
265.0831	261.13	0.5165279184659977	-1.4323767327672514	C12H14N2O5
265.0943	273.11	0.458820947424649	-2.1304097289396817	C11H14N4O4
265.1195	155.15	0.49854915418551315	-1.584665403307882	C13H18N2O4
265.148	25.53	0.6860444715478595	0.7072484516633896	
265.9197	367.05	0.7014092746323511	-0.6540570737520687	
205.0648	241.93	0.45365135693667735	-2.5257316040281936	C7H14N2O3S
171.0114	34.32	0.4294038657899769	3.5008524610700835	
242.0783	319.07	0.9062197307755427	0.20146837154301905	C9H13N3O5
242.1145	315.39	0.458820947424649	-2.1262221512184465	C9H18O7
242.1509	408.08	0.4891977399152976	-1.7235867056291685	C11H21N3O3
266.1515	25.53	0.6902778456518972	0.6915302182088356	
242.1761	34.59	0.4294038657899769	3.969961625857023	C14H24O3
266.804	141.57	0.4294038657899769	3.055653956600447	
266.804	152.66	0.06354878655281415	23.00559947572656	
242.9502	206.68	0.456306283250553	-2.287277683757404	
205.8392	141.7	0.7234122186260388	-0.5985572566154569	
205.8392	152.26	0.8047303762798254	-0.41979677840719737	
266.9951	213.77	0.6981976431811086	0.6614080403909852	
206.0573	357.47	0.5300147302104067	-1.3934598728529983	
206.0858	301.08	0.474955730803143	-1.887711349621119	
171.9647	194.57	0.6281309546166419	0.921893755101799	
171.9647	214.03	0.5314183113015472	1.3798474466146475	
206.9352	158.47	0.5871778975134965	-1.0950244499072324	
172.0145	34.32	0.4891977399152976	1.7344924760149851	
172.0145	227.56	0.458820947424649	2.135466716249599	
267.0988	234.02	0.9380546326957453	0.13123730516391507	C12H16N2O5
172.0354	270.35	0.42293614904080945	-5.192247052728146	
243.0986	357.34	0.7338832230689193	-0.573416678558697	C10H16N2O5
172.0608	380.18	0.95968848952339	-0.08168056214741398	
243.1794	34.59	0.4294038657899769	3.808741086430832	C14H24O3
172.0689	194.83	0.4294038657899769	3.437934553416698	C8H12O4
172.0689	215.47	0.5144838757828977	1.4470832310706128	
268.1022	234.02	0.475694618974651	-1.8720737306247022	C12H16N2O5
244.0316	192.33	0.464444407972388	-2.0816084883917343	
268.8011	141.44	0.45365135693667735	2.5052932289397023	
268.8011	152.79	0.4062181236103755	6.775485578776439	
172.8416	142.36	0.6868230329798028	0.7017246621855023	
172.8416	151.87	0.6469972336347345	0.8468535578391153	
244.1133	219.55	0.456306283250553	2.4182549509500038	
207.8363	141.7	0.6971283965124935	-0.6641243170627164	
207.8363	152.26	0.6860444715478595	-0.7064863560673024	
244.1414	385.17	0.456306283250553	-2.269871984998764	C9H19N5O3
244.1665	362.85	0.4906231675816492	-1.6267346997608079	C11H23N3O3
172.9671	148.69	0.7873771638297977	-0.4594493364360517	
208.8447	141.57	0.45717418341840504	2.178889127074772	
208.8447	152.66	0.4294038657899769	3.8680345496475206	
269.1397	25.66	0.6703697812510023	0.7536201143150346	
269.1397	29.2	0.9215350426358037	0.16053691636956888	C15H18N4O
269.1397	34.46	0.539110429542034	-1.3238088836049038	
245.0431	264.28	0.458820947424649	-2.1612919827516897	
245.0778	290.44	0.456306283250553	-2.3956767000507333	C10H13NO6
245.0778	306.33	0.731208669093372	-0.5794799593215243	C9H14N2O6
173.056	233.63	0.4997638388420071	1.5476378789899883	
245.1142	308.3	0.4294038657899769	-3.2609301694023087	
245.1142	313.68	0.4294038657899769	-2.982895447128908	C10H18N2O5
173.8419	142.62	0.6212795545557206	0.9377264430605154	
173.8419	151.87	0.7466938229021132	0.5475199787576316	
291.9508	44.96	0.6672604075650096	0.7643380814224239	
292.0109	222.17	0.6400294317517659	0.8763286154690749	C7H15Cl2N2O4P
292.0871	341.45	0.4294038657899769	-3.7669644282119523	
292.1305	193.38	0.5165279184659977	-1.4317654578129713	
292.1669	276.13	0.5454078796118	-1.2930652063183565	C15H23N3O3
270.7981	141.83	0.456306283250553	2.4267876007983653	
270.7981	152.79	0.4062181236103755	5.737014621309182	
246.0464	264.28	0.45717418341840504	-2.180856200655417	
246.0618	352.48	0.4294038657899769	-4.530904195833976	C10H14FNO3S
246.1007	214.42	0.4294038657899769	3.3558553302301743	C8H16O8
246.1095	307.64	0.456306283250553	-2.302813947883327	C9H17N3O5
174.0957	244.56	0.49362844950395285	-1.6140162375161173	C7H14N2O3
174.1069	364.95	0.4663921783460198	-2.063789893559477	
246.8478	141.44	0.4997638388420071	-1.5483141158393636	
174.8388	142.62	0.59933518596581	1.0519671050086759	
174.8388	151.87	0.6469972336347345	0.8467497679007979	
319.0945	250.73	0.4062181236103755	-7.097336952688361	
319.0945	253.35	0.4294038657899769	-3.4005247296973162	
271.0574	362.33	0.4294038657899769	-3.5529433847894456	C10H12N2O7
292.9831	28.02	0.5404759221549704	1.3127376842696106	
271.0816	364.95	0.4294038657899769	-3.6596005880655493	
271.0959	194.96	0.6195492767780678	-0.9567605959609832	C12H16N2O3S,C12H16N2O3S,C14H17ClO3,C13H17O4P,C9H14F2N2O5
271.0959	214.69	0.6622802212923588	0.7769751671118221	
271.0959	218.23	0.48923610237327275	-1.6903899095838701	C13H15ClN2O2
319.8272	153.45	0.4294038657899769	4.538744008088398	
247.0473	264.28	0.4861774732059746	-1.7837359289753216	C10H8N4O4
293.0119	221.91	0.533696504469195	1.3591973714893162	
247.0935	359.57	0.4870017761132611	-1.7661534671068468	C9H16N2O6
293.045	305.8	0.4891977399152976	1.7314077482710604	
293.045	391.61	0.06354878655281415	-20.780677614027695	
247.1015	214.42	0.4294038657899769	3.2033700607105664	
293.0541	366.53	0.475694618974651	-1.832217440941604	C9H13ClN6O2
293.0541	367.84	0.474955730803143	-1.8883567885811414	
247.1128	307.91	0.456306283250553	-2.3051360248281885	C9H17N3O5
293.0634	364.69	0.4294038657899769	-3.2457834043272653	
293.1144	284.53	0.6469972336347345	-0.8422674027084889	C14H18N2O5
247.1493	388.72	0.4294038657899769	-3.2558976164578746	
247.1493	389.9	0.45365135693667735	-2.525142248377315	C10H21N3O4
320.0271	276.79	0.9731304074510456	0.052287722027507345	
320.1727	243.9	0.7249916240241563	-0.5940211658296762	
247.9828	2.62	0.539110429542034	1.3232397755809289	
294.1179	284.53	0.6212795545557206	-0.9499393632172757	C14H18N2O5
320.9974	211.4	0.49933945112294226	-1.5806718189507931	
321.0234	276.92	0.9781064962641316	0.03872569526218221	
321.0493	277.84	0.7556826879202018	0.5293410596014677	C10H15N2O8P
272.9141	367.45	0.7338832230689193	-0.5735783722260218	H3O9P3
294.9345	314.34	0.4294038657899769	3.241761323023427	
294.9345	317.23	0.43072121542059133	2.944466763221255	
321.824	140.65	0.5785079134782475	-1.142627512223385	
321.824	153.45	0.59933518596581	-1.054282086360918	
273.0383	325.63	0.456306283250553	-2.475653354017875	C7H15O9P
295.0936	317.36	0.4294038657899769	-3.0322188297499415	C13H16N2O6,C12H25I
322.0091	192.33	0.475694618974651	-1.852136180737984	
295.1128	256.93	0.474955730803143	-1.905944891830604	C13H17N3O5
249.055	311.84	0.8293151066419271	-0.37302664344931197	C8H14N2O5S,C8H14N2O5S
295.1375	27.89	0.6512250969241441	0.8231025677399031	
273.1207	329.7	0.49383829670639623	-1.6113582547698022	C10H18N4O5
273.1347	28.42	0.7819739789306629	-0.4761195114630809	
249.0913	197.06	0.9172259709696463	-0.17723143878865316	C9H18N2O4S,C17H14O2
249.0913	201.42	0.5029185035194821	-1.5345886010846355	
295.2279	28.15	0.8766853083209407	0.2608019864762591	C18H32O3
273.8703	1.3	0.49000775350506576	1.6619350120283205	
295.8274	154.1	0.4294038657899769	3.681063840279672	
249.9418	3.93	0.5404759221549704	1.3166667308780013	
274.1199	162.41	0.474955730803143	-1.90645254796426	
250.0455	192.46	0.49000775350506576	1.6503777999386633	
296.0517	298.98	0.7764662027230153	0.48823707076053896	
296.097	317.36	0.44529760926739537	-2.8302581868103895	C13H16N2O6,C12H25I
323.9005	154.1	0.456306283250553	2.204198190184919	
297.7343	1.3	0.4997638388420071	1.5541121123210035	
275.0887	392.66	0.6325555403876427	-0.9055585153057416	C10H16N2O7
324.9136	206.68	0.5135989278167885	-1.4528407746438918	
251.9824	2.75	0.5460915204832035	1.2864308599801761	C8H8N2O3S
324.9912	366.92	0.4062181236103755	-6.461554476340086	
324.9912	367.58	0.08020680472941866	-17.83308331609621	
298.2469	27.89	0.6598583610625284	0.7954143408674187	C18H34O3
325.0339	364.3	0.4891977399152976	1.7228314868647139	C12H18O4S2,C15H15ClN2S,C11H15ClN2O5
325.0906	192.33	0.4896043708013586	-1.682357133265831	
252.107	178.59	0.533696504469195	-1.363051814563836	C12H16N2O4
276.092	387.14	0.586976839566658	-1.0968486873512617	C10H16N2O7
276.092	392.66	0.6181914365915753	-0.9615679245829805	C10H16N2O7
299.0706	161.49	0.9731304074510456	-0.05181357570368259	C12H16N2O5S
299.1137	36.43	0.6469079828836953	-0.8551742778636408	
276.9917	222.17	0.6502581942575153	0.8300172690975064	
299.8662	152.79	0.9731304074510456	0.05426290559306626	
277.0867	214.42	0.4294038657899769	4.848852448871509	
277.0867	295.43	0.49965849108188237	-1.5691826888796827	C10H18N2O5S,C18H14O3
277.0867	316.05	0.49000775350506576	-1.6635786938440331	C9H18O7
326.9888	324.06	0.4801967819007634	1.8058799554319755	
326.9888	326.95	0.48923610237327275	1.6969997363006535	
277.758	1.44	0.8944007244476758	-0.22427965002576392	
253.0865	287.03	0.4294038657899769	-3.4779441717573256	
253.0865	305.54	0.02522631646739126	-44.98244152915081	
299.9606	2.75	0.510271570091987	1.474521187238385	
300.0012	420.78	0.45365135693667735	2.5029071900254123	
253.1446	29.73	0.7573288604298222	-0.5235657108114276	C14H22O4
253.1446	34.06	0.7759965955242186	-0.49291391738606577	C14H22O4
253.8268	152.79	0.6604562497772742	-0.7930389382081747	
300.1066	182.69	0.5807791080020993	1.1336886438327216	
300.503	420.78	0.4662398620790498	2.0712835913652845	
300.8194	154.23	0.42293614904080945	5.295735197814692	
278.0436	208.38	0.45365135693667735	-2.5495302783603626	
278.055	159.39	0.4294038657899769	-3.7310255985086096	
253.9551	2.75	0.7873771638297977	-0.4600451165824472	
278.1147	190.46	0.4870017761132611	-1.7763939635145174	C13H17N3O4
278.1147	196.14	0.456306283250553	-2.3044979285716334	C12H16N2O3S,C12H16N2O3S,C14H17ClO3,C13H17O4P,C9H14F2N2O5
278.1147	198.77	0.5029185035194821	-1.531596005094782	C11H14N2O4
254.0799	182.29	0.589538591903582	1.088247429614903	C9H17NO5
328.0229	192.46	0.435018469731711	2.9237180249814148	
254.148	29.86	0.6285101864657798	0.9186246180465295	C14H22O4
254.148	33.93	0.7873771638297977	-0.46497866024165835	C14H22O4
254.8265	152.79	0.7004911614378151	-0.6569564443639776	
301.0034	420.78	0.5106482580874219	1.4698637591970556	
328.4841	146.33	0.4294038657899769	3.2273818669162093	
301.0224	209.57	0.5314183113015472	1.3783984356406367	
301.1307	201.16	0.4891977399152976	-1.7483679495016435	
254.9037	367.05	0.6868230329798028	-0.7028751556273908	
301.1519	293.46	0.4506038517693155	-2.6081222631851784	C12H22N4O5
254.9678	206.81	0.4891977399152976	-1.732140823011343	
301.8632	152.92	0.9922967136508533	-0.016951338980685567	
279.0987	284.4	0.5112138580846439	-1.466835220960747	C13H16N2O5
329.0225	192.07	0.474955730803143	1.886198155725722	
279.1352	157.42	0.49791294985193335	-1.5920566615387433	C14H20N2O4
279.1352	171.5	0.6469972336347345	-0.8497352489220613	C14H20N2O4
254.991	341.05	0.43072121542059133	2.9520639563986335	C6H9O9P
279.2331	27.1	0.6163721296336467	0.9796444224094407	C18H32O2
255.0883	121.52	0.4891977399152976	-1.7400517780387326	
279.8665	153.45	0.4294038657899769	3.7914278029634683	
330.0192	192.07	0.6620897625393437	0.781857644907524	
330.123	194.57	0.4294038657899769	-4.7409071337466155	
302.1003	160.04	0.4294038657899769	-3.634959030044358	
302.1003	316.83	0.7884107376457438	-0.4547233612322476	C13H22NO3PS
302.1003	318.94	0.8252724237178272	-0.3855957381083305	
302.1188	195.09	0.6860444715478595	0.7135457989209283	
302.1471	422.09	0.49000775350506576	-1.6631279339017229	C11H21N5O5
302.1553	212.06	0.5104288034545826	-1.4722485000028618	
302.1691	25.0	0.6357073590283394	0.8907036982993657	C15H26O6,C16H22N4O2
330.9191	141.31	0.47464764762926714	1.9342966827308081	
330.9191	146.46	0.4294038657899769	3.3808406976373293	
330.9191	147.11	0.4062181236103755	5.975469884324843	
330.9191	150.27	0.48923610237327275	1.6917920012605445	
330.9191	152.66	0.4062181236103755	6.10515334305664	
302.5336	356.15	0.5562405896294008	1.2489838933203279	
302.8268	370.07	0.7943470061504576	-0.4430616917272275	
330.956	210.75	0.4464772392678325	2.6855279548429145	
255.9712	206.81	0.4693011502656404	-2.027085581160852	
331.109	195.35	0.5314183113015472	1.3805047400781643	
331.109	214.42	0.4294038657899769	3.085751615783992	
331.1261	258.24	0.48923610237327275	-1.7088037316645868	C10H17N3O7
331.1261	369.55	0.4062181236103755	-6.818313536638869	
331.1261	383.47	0.4294038657899769	-3.1470784226583404	
256.1303	308.82	0.45365135693667735	-2.4992497102427715	
256.8219	152.79	0.6163721296336467	-0.9743644570816122	
281.1145	201.03	0.4693011502656404	-2.022705415315068	
281.1145	204.05	0.586976839566658	-1.1012157117401529	
281.8636	153.45	0.4464772392678325	2.714772896001119	
303.0963	173.47	0.43072121542059133	-2.9487408236892305	
303.1312	317.1	0.4475180778651238	-2.6643344640910716	C9H17N3O6
332.1253	282.04	0.8733617345366195	-0.2675674339585125	C16H19N3O5
303.1627	25.0	0.612023233509705	1.0104703044186851	
282.0845	171.63	0.4294038657899769	-3.0084828558731225	C10H13N5O5
256.9659	206.81	0.49000775350506576	-1.6665507231692154	
303.9136	1.57	0.6658705474917692	0.767605725267895	
332.9529	204.84	0.8681672060577279	0.27679591947767695	
332.9529	209.96	0.73066263167962	-0.581416777475814	
282.9578	30.25	0.5730883865740625	1.1667411444234852	
304.0163	184.53	0.475694618974651	-1.829132334258264	
333.0428	293.86	0.5352263683233277	-1.343163625220807	
333.0594	352.48	0.5807791080020993	1.1335067000689694	C9H19O11P
304.0787	375.59	0.5679819272520791	1.198161680817587	C12H14N2O5S
304.0869	358.52	0.6502581942575153	0.829507585335078	C13H21O4PS,C11H16N2O8,C17H14F2O3
283.0205	1.96	0.5975468138926789	1.0606826631900674	
304.1152	346.04	0.5061711996224217	-1.4892573518379366	
304.1305	166.11	0.4701685282441223	-1.9771776168228867	C15H19N3O4
333.1069	174.25	0.47464764762926714	-1.9462477021805473	
333.1069	178.59	0.4896043708013586	-1.6801333173126243	
257.078	312.9	0.6902778456518972	0.6853062266042094	C10H14N2O6
333.124	194.96	0.458820947424649	-2.1441350278323634	C22H16O3,C16H22Cl2N2O
333.7997	151.21	0.456306283250553	2.1946984865924613	
333.7997	153.58	0.4464772392678325	2.766916272337715	
283.088	171.63	0.4464772392678325	-2.811031484202613	C10H13N5O5
283.1106	23.16	0.5843392598466084	1.1147121420143058	C13H20N2O3S,C13H20N2O3S
283.1106	27.89	0.4891977399152976	1.7439470861700979	
283.119	34.46	0.4062181236103755	-6.201764607092365	C14H20O6
283.1641	176.09	0.4891977399152976	-1.7337566192965037	
283.1641	184.53	0.5530501429650353	-1.2628337590498009	
257.86	367.18	0.4294038657899769	3.276016518357825	
283.1917	27.89	0.6902778456518972	0.686301513467822	
257.9136	2.75	0.475694618974651	1.8294492710433405	
334.0629	352.48	0.5978388016343898	1.0587495394278572	C9H19O11P
283.8606	153.45	0.4294038657899769	4.873949961864416	
283.9134	2.62	0.6059504447021999	1.0242016314271989	
334.7983	153.84	0.73066263167962	0.581933171436646	
284.0413	380.32	0.8474220124402427	-0.3239203143915033	
258.0384	338.27	0.6902778456518972	-0.6841675647390989	
284.1618	243.9	0.4906231675816492	-1.6332092854409839	
258.0985	194.17	0.4294038657899769	4.889221721555662	C9H14O6
258.146	237.83	0.5686287006914572	-1.1934842661183827	C11H21N3O4
258.1573	389.24	0.42293614904080945	-5.252236905289446	
258.8189	152.79	0.6212795545557206	-0.9419026231794414	
285.0858	161.49	0.8979105858614607	-0.21603836845646038	
306.0264	222.17	0.8425581947924142	0.3392049411782595	
306.0402	266.54	0.533696504469195	1.3644204234624147	
335.0223	315.0	0.45365135693667735	-2.575152799528781	
335.0639	352.61	0.6469079828836953	0.8548410563091534	
335.0906	36.16	0.6868230329798028	-0.702850581585514	C16H18O5
335.1311	194.96	0.474955730803143	-1.9215643732355983	C22H16O3,C16H22Cl2N2O
335.1363	234.81	0.458820947424649	-2.106099150745131	C13H17N3O5,C16H16F3NO
306.7037	149.08	0.6711496737474754	-0.7506861832432787	
335.7966	140.49	0.558054328766669	1.235911248976305	
335.7966	143.67	0.5135989278167885	1.4549390093944161	
335.7966	145.51	0.49000775350506576	1.6545377233392444	
335.7966	151.21	0.45365135693667735	2.4980238669762445	
335.7966	153.58	0.4294038657899769	3.5555238413755625	
259.0688	225.32	0.4891977399152976	-1.734473400947373	C11H14N2O4
259.1048	335.77	0.5352263683233277	-1.3440908608231525	C7H13N3O5
259.13	305.15	0.475694618974651	-1.8317393367425647	C11H20N2O5
259.13	311.32	0.4294038657899769	-3.1957239758783094	C11H20N2O5
306.9392	321.56	0.4062181236103755	-5.8351631785300695	
259.1494	237.96	0.5572385472225294	-1.243946495846963	C11H21N3O4
259.8395	367.32	0.4294038657899769	3.8125321498590012	
336.1232	194.96	0.4294038657899769	-3.0884363361262333	
336.1365	194.96	0.475694618974651	-1.869792383923543	
307.0243	278.76	0.5735138415277486	1.1580277813366744	
307.0275	222.43	0.8789295297751525	0.25545481147685645	C14H12O6S
336.7961	153.84	0.5360166951809637	1.3339983604354413	
286.0683	375.59	0.8678700919896418	0.27837852571670674	
336.8759	321.69	0.6532065732189178	0.8150824364608806	
260.1041	183.48	0.4693011502656404	-1.9856076167699879	C13H15N3O3
308.0561	339.45	0.5061711996224217	1.4882190152093855	
260.8159	152.79	0.7121154308668186	-0.6321988987442202	
260.8395	367.32	0.458820947424649	2.1230541380297714	
308.1254	245.21	0.47464764762926714	-1.9341573162427126	C14H19N3O5,C15H15N7O
309.0399	290.31	0.5125208392942265	1.4604680747108139	
309.1095	314.34	0.4464772392678325	-2.753011831974643	C14H18N2O6
337.0825	374.14	0.48923610237327275	1.6857478082214763	
337.0875	36.16	0.706848922227298	0.6408024514822065	
309.1289	245.21	0.475694618974651	-1.828331352137571	C14H19N3O5,C15H15N7O
337.1429	25.0	0.5730883865740625	1.1702960996253866	C15H26O6,C16H22N4O2
261.0923	194.96	0.8563114700211082	0.30668579662254525	
261.0923	214.42	0.5324066082967861	1.3747857800589838	
337.7937	140.49	0.5530501429650353	1.2659361436479868	
337.7937	143.67	0.4906231675816492	1.629569379853083	
337.7937	151.21	0.4906231675816492	1.6411036813299902	
337.7937	153.58	0.4294038657899769	2.9978452898866466	
287.1477	404.51	0.45876452965418574	-2.1683496627194807	
261.8132	152.79	0.7873771638297977	-0.4630972511112387	
310.0911	217.84	0.4062181236103755	-8.031044691296481	
261.8909	151.48	0.5404759221549704	1.309596363875213	
261.9552	152.92	0.8252724237178272	0.38713450266069255	
338.0666	402.93	0.456306283250553	2.210318076115106	
261.9986	3.8	0.6155742772645787	0.9855248374230503	
288.1316	424.72	0.49965849108188237	-1.5727046607371986	
262.057	360.88	0.48923610237327275	-1.6911384153619005	C9H13NO8
338.7952	367.71	0.4906231675816492	1.6353546071089204	
262.0763	396.23	0.42293614904080945	-5.046865097196948	C9H14N2O7
338.9292	206.68	0.5852833254658417	-1.1116684631886284	
262.813	152.92	0.8335556771121244	-0.3604373129137346	
338.9687	205.5	0.5061711996224217	-1.49317487275688	
338.9687	208.65	0.46661873699846146	-2.0543771413542506	
338.9886	320.38	0.4464772392678325	-2.7835808665219224	
339.0793	212.59	0.5404759221549704	-1.3111120666424048	
288.9691	300.68	0.7226838097020194	0.602914201159049	
339.1375	25.0	0.5679819272520791	1.2033563660968	
339.1375	215.34	0.456306283250553	-2.36369383410105	
289.0101	420.91	0.6163721296336467	0.9750833819173537	
289.0445	321.43	0.5157720377040563	-1.4408332828961272	
289.0679	362.19	0.4464772392678325	-2.707899382489884	C10H14N2O8
289.0874	195.48	0.9567714972123283	0.09142023942368882	
289.0874	214.69	0.9670954262586501	-0.06705204261699797	C10H12N4O6,C14H12N4OS
289.1156	404.64	0.456306283250553	-2.3974250428195814	C10H18N4O6
348.8952	321.3	0.4294038657899769	-3.259776987305184	
289.5118	421.04	0.47464764762926714	1.9289186249986243	
339.9327	206.81	0.4891977399152976	-1.7224896679108812	
348.9914	1.96	0.9360953367111613	0.1388020532496143	
290.0714	362.19	0.4294038657899769	-3.3448825884604108	C10H14N2O8
290.0884	267.33	0.456306283250553	-2.2061788952592	C12H13N5O4,C11H17NO8
340.9271	206.68	0.5300147302104067	-1.3883407764509408	
312.9083	144.46	0.9015221980821261	-0.21007448661074551	
312.9083	150.4	0.8944007244476758	-0.22661779937576612	
290.9848	241.27	0.9781064962641316	0.03980239724043576	
291.0488	282.83	0.4062181236103755	-6.71139860236702	
291.0836	341.32	0.4294038657899769	-3.1385647025515353	
313.1132	276.92	0.8001513537454155	-0.43116603078019017	
313.8382	140.49	0.6212795545557206	0.9379887374919675	
313.8382	150.95	0.6211907497629537	0.9515013770571679	
313.8382	153.45	0.42293614904080945	5.404268329465181	
378.0978	288.87	0.456306283250553	-2.3335816615212575	C16H21NO5S
313.9764	3.93	0.5219493651565147	1.4179974344538098	
351.1319	272.45	0.8944007244476758	0.22466169266602048	
378.994	276.52	0.5686287006914572	1.1906124987732638	
379.0484	300.81	0.4906231675816492	-1.6398871378497	
352.8539	2.62	0.7862852514738734	0.46916448582974246	
379.1459	194.57	0.9781064962641316	-0.03885685282035048	
379.1459	214.56	0.4294038657899769	3.1458030347480586	
343.0912	348.01	0.43800518581431075	-2.906796691458983	
343.1299	162.41	0.48923610237327275	-1.7024451087945816	C18H20N2O5
352.945	206.68	0.5300147302104067	-1.3906817668365548	
352.997	341.19	0.4294038657899769	3.035647357697134	
315.1313	240.19	0.636573132958194	-0.884599479535675	
315.1368	27.1	0.504894667813424	1.519031448182152	C17H26O3
353.0492	36.95	0.45365135693667735	2.54648549947759	
380.885	3.27	0.6076851889494758	1.018626164636357	
380.9215	2.75	0.6400294317517659	0.8756542076460899	
353.8488	367.45	0.4294038657899769	3.684385021117766	
353.9484	206.68	0.6349960566029058	-0.8977217759368696	
354.0005	341.32	0.5760981574534156	1.1512330018416836	
354.0357	214.42	0.4294038657899769	3.7314551084563328	
354.0525	36.95	0.456306283250553	2.243871196726059	
354.0614	388.32	0.458820947424649	2.1053617277514856	
354.0726	319.46	0.7348739272631587	0.5696899251017049	C12H19N3O7
344.9304	218.89	0.95968848952339	0.08066426861226489	C8H11Cl3O7
344.9304	227.95	0.6723314078480961	0.747069131940954	C8H11Cl3O7
344.979	219.81	0.4294038657899769	3.6250482755256783	
344.979	225.59	0.4294038657899769	3.101678427955401	
382.1006	303.44	0.458820947424649	-2.1025970242766165	C14H17N5O8
315.9694	421.04	0.49854915418551315	1.584398094656137	
354.9429	206.68	0.5730883865740625	-1.1723661431237316	
354.9938	341.19	0.4294038657899769	3.0775678185133923	
316.1165	319.2	0.8643296103871501	-0.29018690694644567	C12H19N3O7
316.14	27.1	0.6526632224801288	0.8192138056618232	C17H26O3
316.1626	430.69	0.45365135693667735	-2.512325372091409	
382.9953	310.27	0.4693011502656404	2.01484169070659	
355.0446	36.69	0.6775708633233745	0.7382644453858407	
355.065	388.72	0.510271570091987	1.4758091808668925	
355.0761	319.2	0.9369167251447652	-0.136478614328347	C12H19N3O7
316.833	153.45	0.42293614904080945	5.048801575893346	
383.1042	303.44	0.4693011502656404	-2.027421822314313	C14H17N5O8
383.1495	275.21	0.4294038657899769	-3.9352790740708046	
383.8844	29.34	0.6902778456518972	0.6882845606425718	
355.9961	341.19	0.7669116601333058	-0.5070227114293903	
316.9699	420.78	0.4294038657899769	3.1490093657107825	
316.9963	208.52	0.456306283250553	2.231659076236893	
347.0401	317.36	0.458820947424649	2.10290636037584	
347.0697	364.43	0.5059377642356183	-1.5086096623464917	
347.0751	235.73	0.4294038657899769	-2.9831813577818305	
347.0751	236.38	0.49000775350506576	-1.647382222701385	
347.1209	280.86	0.47464764762926714	-1.9293517981192394	
317.0991	349.2	0.06354878655281415	-21.5690415330714	
347.1716	24.87	0.7020962988769544	0.6510988256486104	C16H28O8
317.1186	194.96	0.7556826879202018	0.5293742557930035	C11H20O10,C12H16N4O6
317.1186	319.2	0.6469079828836953	-0.8561840304805683	C12H19N3O7
317.1608	27.37	0.8961776179016235	0.21952778218969696	C19H23ClN2
357.0619	165.43	0.6612707316147837	-0.7879936944195072	C18H14O8
357.0619	169.92	0.4906231675816492	-1.6275169549375645	C18H14O8
317.4688	420.78	0.456306283250553	2.270711205581465	
317.8303	153.45	0.4294038657899769	4.448730654333189	
348.0607	302.78	0.4475180778651238	2.6399191730930416	
348.1742	24.87	0.6860444715478595	0.7088778395202383	C16H28O8
411.2253	25.13	0.5686287006914572	1.1869802912780356	
386.0337	345.26	0.49000775350506576	1.65970817963178	
318.0611	171.5	0.4294038657899769	-3.1314780315803987	C10H13N5O5
318.83	153.45	0.4294038657899769	3.59942465817251	
412.9995	315.0	0.456306283250553	-2.1917668937637167	
387.2083	194.43	0.6155742772645787	-0.9823091917012596	C24H30O2S
318.98	273.77	0.6181914365915753	0.9656579566922973	
358.9463	228.08	0.6155742772645787	-0.9848354475391083	
413.116	214.42	0.4294038657899769	3.219002587327526	
413.1237	357.34	0.456306283250553	-2.1889071597933714	C22H22O8
358.9948	222.17	0.6897662569245999	0.693877864522021	
388.0141	298.85	0.49791294985193335	1.5953865524921327	
388.0296	222.17	0.9609318027907118	-0.07706081937248899	
413.9049	204.31	0.7275019678075682	0.5893470409272458	
359.8773	153.58	0.4464772392678325	2.7096693924146367	
389.0149	298.85	0.8467532876818699	0.3275811153933343	
389.0309	222.3	0.9940667488731948	0.011961258248091524	
360.1602	121.12	0.5029185035194821	-1.5355175464570103	
415.1068	25.13	0.8425581947924142	-0.33903322506930844	
389.5164	355.24	0.4870017761132611	1.7734021144805165	
389.5164	356.29	0.5679819272520791	1.2022123159020173	
390.2401	24.87	0.5139268955127079	1.450055593303907	
361.0438	209.57	0.48923610237327275	1.7023004299191293	
361.0742	231.26	0.6181914365915753	-0.9606804809904496	
390.8941	204.44	0.4294038657899769	4.195245650180591	
390.8941	210.22	0.4464772392678325	-2.7015053249482164	
390.9063	2.75	0.49000775350506576	1.650801315542061	
450.8608	204.31	0.456306283250553	2.355920474649399	
450.8608	210.62	0.6285101864657798	0.9189362462944064	
362.1899	25.0	0.6325555403876427	0.9081631637700127	
391.0849	231.26	0.5892784959190027	-1.0901602445138256	
450.9221	206.68	0.5735138415277486	-1.1570307873573527	
391.2436	24.87	0.475694618974651	1.8277137473859852	
363.054	295.69	0.4693011502656404	-1.9857846687054925	
363.1834	25.0	0.6349960566029058	0.8967973066152054	C21H24N4O2
392.0689	182.29	0.4464772392678325	2.682143594582965	
451.9254	206.68	0.6145907829810605	-0.99551836870593	
452.0495	319.59	0.6235363302514044	-0.9315748057119628	C19H17ClFN3O5S
364.0878	171.63	0.4294038657899769	-3.3866207088729525	
452.9201	206.68	0.6325555403876427	-0.9044698613637598	
394.162	157.68	0.474955730803143	-1.9014606950717283	
418.9741	204.84	0.5971742781915333	1.0657013171978462	C14H14Cl3O6P
418.9741	209.96	0.6860444715478595	-0.7077437801416125	C14H14Cl3O6P
418.9949	1.83	0.6503909855766711	0.8260253192403064	
366.1505	214.95	0.464444407972388	-2.078917893058625	C15H23NO9
419.9132	228.61	0.6357073590283394	0.889090840649826	
395.0582	173.47	0.46661873699846146	-2.052423870712267	
366.8968	43.78	0.6171937448855364	-0.9714408014186526	
419.9861	163.85	0.5679819272520791	-1.2002038086961753	
419.9861	165.43	0.5352263683233277	-1.3371730252943963	
420.1114	386.75	0.4464772392678325	-2.704342937004395	
455.0136	222.17	0.9215350426358037	0.16312472696303246	
455.0466	260.21	0.6942768625879924	-0.6705795303204639	
421.2273	24.48	0.586976839566658	1.0974947222975182	C20H38O7S
456.0171	221.91	0.9215350426358037	0.16248774417737633	
456.1641	349.85	0.8447798975003518	-0.33255154443521034	C20H23N7O6,C20H23N7O6
422.2566	25.13	0.5686287006914572	1.1875178740266366	
457.0185	222.3	0.950114471601293	-0.10654487994169802	
422.8908	206.55	0.7226838097020194	-0.601967512122791	
368.8576	204.44	0.456306283250553	2.4410836966808773	
368.8576	210.49	0.6876326225353863	0.6993523728980633	
457.226	24.74	0.6469079828836953	0.8539981380091018	
457.226	26.97	0.4891977399152976	1.7497475575686379	C23H38O7S,C27H30N4O3
368.912	204.71	0.4294038657899769	3.388458808126646	
368.912	209.96	0.5300147302104067	1.3901164060764508	
369.0386	367.18	0.6846658465521562	-0.7206217673650518	
459.2266	26.97	0.475694618974651	1.8433605516480294	
459.2615	25.0	0.586976839566658	1.0985499720381255	C25H32N8O
424.155	130.08	0.474955730803143	-1.8982634071926687	C22H24ClN5O2
398.0045	276.65	0.7884107376457438	0.4543968605970285	
369.9621	245.34	0.5029185035194821	-1.535201074047364	
425.0359	302.92	0.46661873699846146	2.0491518477696338	
425.0692	178.72	0.5810014391970192	-1.127275961412659	C19H16F2O9
399.0463	349.2	0.4062181236103755	-5.745179077953132	C18H12N2O9
426.9333	219.02	0.6145907829810605	-0.994197639923773	
426.9333	227.29	0.6860444715478595	0.7095037421845208	
399.1443	307.51	0.456306283250553	-2.2807637741185562	C22H24O7
399.1443	312.24	0.42293614904080945	-5.392735090988093	C22H24O7
399.1443	317.88	0.4294038657899769	-3.8714403447379815	C22H24O7
427.015	313.68	0.4870017761132611	-1.7634086718059472	C17H12Cl3N5O2
373.0104	222.17	0.826447626023868	0.3810399757702084	
373.1925	214.95	0.5135989278167885	-1.4526073268054605	C16H23N5O5,C22H25N2OS,C20H23N5S
402.0082	310.79	0.474955730803143	1.8916081151807502	
428.8787	204.44	0.4294038657899769	3.8078211843830414	
428.8787	210.09	0.7226838097020194	0.6027418103136054	
428.9306	205.1	0.5810014391970192	1.128399035731068	
428.9306	209.7	0.8893667376681487	-0.23572074999332263	
374.0139	221.91	0.8341474953804064	0.35840797745532943	
429.1944	27.37	0.49791294985193335	1.5900355710517164	C22H26O8
465.1418	292.54	0.5962889610860822	-1.071550875010033	
465.1418	296.61	0.48573814969355816	-1.7873335110299504	
402.9952	421.31	0.42293614904080945	5.4386022616394	C9H14N2O12P2
430.0516	194.43	0.456306283250553	-2.47537289276075	
430.0516	214.56	0.43800518581431075	-2.8847314716824575	
465.9911	298.98	0.4464772392678325	2.683633895463416	
466.8345	204.58	0.43800518581431075	2.86615916837217	
466.8345	209.43	0.6181914365915753	0.9602182963449378	
466.8889	204.84	0.4294038657899769	3.0056284917563127	
466.8889	209.57	0.4870017761132611	1.7644096720932736	
375.015	222.17	0.474955730803143	1.9048131002862636	
375.1523	364.95	0.49000775350506576	-1.6490606910100227	
467.7866	2.75	0.48923610237327275	1.6856971844747322	
431.195	27.5	0.59933518596581	1.0505238291106855	
404.9514	219.02	0.4693011502656404	2.011408401469349	
404.9514	227.95	0.8334025625492714	-0.365093642430582	
432.0673	194.57	0.4693011502656404	-1.990868398837942	
376.2515	24.87	0.5679819272520791	1.2026015948191975	
376.8347	321.69	0.7776119432201739	0.4833421636914889	
469.029	222.17	0.86718044899809	-0.285024758100673	
469.7813	2.62	0.6552415709892573	-0.8057444768930881	
406.0224	302.92	0.456306283250553	2.2394323128403104	
376.9855	28.02	0.456306283250553	2.2167469127199326	
470.0326	222.17	0.7176783879564457	-0.6139055368561722	
377.0177	208.25	0.4294038657899769	4.458850099833747	
406.8679	204.84	0.4294038657899769	3.287915810283289	
406.8679	209.7	0.5165279184659977	-1.4343299779515652	
377.0455	161.36	0.5061711996224217	1.494327827004097	
377.0691	260.34	0.636573132958194	-0.8838277850988868	
434.0773	194.57	0.5572385472225294	1.2439540966285993	
434.0773	214.42	0.4294038657899769	4.271209778405402	
471.034	221.91	0.8284571900836779	-0.37656575752186405	
434.9482	205.76	0.7504427254394138	0.5388517315458311	
434.9482	207.07	0.5975468138926789	1.062688374848735	
435.0684	194.57	0.5600235726538976	1.2259824224749205	
435.0684	214.42	0.4294038657899769	2.998858332630488	
408.8627	320.91	0.6235363302514044	-0.9325940044623677	
490.2814	23.29	0.7873771638297977	0.46027174156086254	
436.2724	25.0	0.456306283250553	2.191827727008621	C19H39O6P
409.2362	29.2	0.6804469690712017	0.7291983728269902	
436.8699	228.61	0.4693011502656404	2.0119081092578814	
474.0313	319.59	0.993811878112724	0.013603348527583986	C19H17ClFN3O5S
436.9063	206.68	0.7884923197737438	-0.4520790082923512	
437.072	194.83	0.5300147302104067	1.3895296807611244	
437.072	214.56	0.4464772392678325	2.7298787357454755	
437.1874	195.22	0.456306283250553	-2.3938039813370233	
437.1874	198.51	0.456306283250553	-2.456564614137663	
474.9819	276.65	0.6469972336347345	0.8404931684358801	C18H15ClN2O6S2
475.1902	251.25	0.4294038657899769	-3.4825732177501054	
437.9097	206.68	0.8352492140063414	-0.3557716494646335	
544.8021	4.06	0.9515871820676569	-0.10083695050056989	
438.9043	206.81	0.6155742772645787	0.9828108719207876	
496.9861	264.28	0.48923610237327275	-1.6876051194671098	
440.1325	314.47	0.4506038517693155	-2.606514442908935	C19H19N7O6,C19H27N3O5S2,C19H19N7O6
440.8949	227.69	0.4693011502656404	2.015434435717782	
440.9084	29.34	0.6688069950423001	0.758758557611254	
440.9492	219.02	0.5730883865740625	1.1611474208771004	
440.9492	227.29	0.5061711996224217	1.4964489842833797	
440.9979	221.91	0.652860933308102	0.8168640638395355	
441.064	234.28	0.4997638388420071	-1.552651335947768	
548.8994	206.81	0.6860444715478595	-0.7148028187894552	
549.9026	206.81	0.47017373090224385	-1.9739196448595087	
550.0266	320.12	0.45365135693667735	-2.515318232105333	
500.916	227.82	0.5460915204832035	1.2850064957660328	
500.9707	219.02	0.9703133523312933	-0.06068256778211105	
500.9707	227.29	0.737753132475051	0.5645328392816528	
501.7535	2.62	0.7176651966413694	0.616091197977745	
443.0912	164.24	0.4506038517693155	-2.612758939831859	
443.2476	24.35	0.586976839566658	1.1065439556447578	
550.8976	206.68	0.456306283250553	-2.3277919454983063	
551.0325	222.17	0.7759965955242186	-0.49029094826141895	
480.9725	319.46	0.5730883865740625	1.163443306480538	
552.036	221.91	0.8153436777931425	-0.4045301845353361	
444.2496	24.35	0.48923610237327275	1.6884698482999652	
553.0376	222.17	0.6711496737474754	-0.7500169462294773	
504.8449	204.84	0.456306283250553	2.4004378159073405	
504.8449	208.52	0.7378371322277346	0.5620636226589537	
445.0532	365.74	0.7378371322277346	-0.5630018422306244	C11H20N4O11P2
505.7298	2.62	0.5785079134782475	1.1430461246661772	
484.3059	25.79	0.6633143109506253	0.7738261117198508	C29H43NO5
485.3382	127.85	0.7158900327548778	0.61976384602389	
446.8349	204.31	0.456306283250553	2.458060303274829	
446.8349	209.96	0.456306283250553	2.281281281579569	
486.3416	127.98	0.4294038657899769	3.436680547814715	
446.9393	241.67	0.533696504469195	-1.3660321353382414	
447.1346	30.65	0.6400294317517659	0.8747037978421822	
509.8328	4.06	0.6469079828836953	0.8569494473076683	
627.912	4.32	0.5783232806356915	1.1460416399181161	
628.057	356.02	0.5646061775425608	1.2163067313238018	
510.8818	204.31	0.4294038657899769	4.3781535488242245	
510.8818	210.49	0.6060353454090118	1.022630716258985	
489.2779	23.16	0.558054328766669	1.2371379491907781	
629.0602	356.29	0.8937042661056945	0.22881437104300759	
511.8284	3.93	0.5792692950509852	1.1398358767112529	
630.9023	206.15	0.4891977399152976	-1.7183959061350267	
630.9023	207.33	0.5534491573266972	1.2587751008747288	
563.3616	129.69	0.7057591242483247	0.643532657066521	
797.0427	222.17	0.95968848952339	0.0839213558289521	
798.0458	222.17	0.5300147302104067	-1.3917943239901442	
632.8609	206.81	0.9390492237176911	-0.12622611120049315	
633.0359	222.17	0.6929573733436475	-0.6736601537035412	
513.3692	129.69	0.6426498310714219	0.8681695346314344	
634.0392	222.17	0.8678700919896418	-0.2799941263703049	
564.8662	204.97	0.456306283250553	2.211276886044607	
564.8662	208.91	0.6860444715478595	0.7137519339504083	
565.048	370.73	0.5679819272520791	1.1979906766178838	C15H24N2O17P2
634.8591	206.55	0.456306283250553	-2.297489121343358	
635.0409	222.04	0.45884784768881964	-2.098881339891865	
635.0409	222.7	0.456306283250553	-2.350076900685215	
566.0515	370.73	0.5810014391970192	1.1262079133183491	C15H24N2O17P2
567.053	370.73	0.5730883865740625	1.1618461108240266	C15H24N2O17P2
568.2055	298.85	0.4294038657899769	3.554902872321019	
644.9892	247.97	0.456306283250553	-2.315293215960638	
644.9892	254.14	0.5061711996224217	-1.5021650156280775	
569.009	254.01	0.5029185035194821	-1.5300639178203377	
646.8768	206.68	0.5165279184659977	-1.434647594841006	
835.5351	128.51	0.9092535285919797	-0.19261424479236436	C43H81O13P,C43H81O13P
647.8797	207.2	0.7759965955242186	0.49004901868600814	
518.872	228.08	0.533696504469195	1.3666278453310272	
518.9093	205.89	0.9515871820676569	-0.10085974491216729	
518.9093	208.38	0.7342506221514995	-0.5717300084777647	
648.8754	206.68	0.6163721296336467	-0.9757855912813613	
571.8497	2.62	0.6912910476260582	-0.6796386069937214	
572.1473	404.11	0.456306283250553	2.230293821642567	
572.1473	409.66	0.6469972336347345	0.845817865378872	
521.0225	303.18	0.456306283250553	2.3272645685081317	
861.5511	127.06	0.6029459538848895	-1.030335797510204	C45H83O13P,C45H83O13P
862.5546	126.93	0.6021989000947673	-1.0423015383950318	C45H83O13P,C45H83O13P
865.0297	222.43	0.6615125809501018	0.7839540912693759	
574.3939	129.56	0.8772835397093014	-0.25881849670566925	
522.8979	219.15	0.5029185035194821	1.5290147266993677	
522.8979	227.29	0.5219854025865431	1.41603454476492	
522.9524	219.15	0.4294038657899769	3.1149755020072005	
522.9524	227.03	0.5454078796118	1.2947151855933547	
523.0011	221.91	0.7871592175570737	0.46681441567311127	
879.0461	222.17	0.6181914365915753	-0.9661885572668865	
524.2995	162.67	0.6325555403876427	-0.9087000158311377	C24H48NO9P
662.1029	347.49	0.5352263683233277	-1.348284420919739	C21H27N7O14P2,C21H27N7O14P2
888.5695	124.8	0.755932951249191	-0.5278220286808284	C47H85O13P,C47H85O13P
664.1184	319.59	0.9215350426358037	-0.16510862364507703	C21H29N7O14P2
578.8388	228.21	0.6526632224801288	0.8184288852191547	
578.8931	227.95	0.4997638388420071	1.5493513800718515	
579.0276	420.91	0.4294038657899769	3.0574204140025603	C15H22N2O18P2,C15H22N2O18P2
580.031	420.91	0.4997638388420071	1.55556544394759	C15H22N2O18P2,C15H22N2O18P2
582.9191	219.02	0.7884107376457438	-0.45644085161344533	
582.9191	227.29	0.9380546326957453	0.13225219967778762	
526.8559	204.84	0.5730883865740625	1.1636740437787763	
526.8559	209.7	0.586976839566658	1.0976434218587867	
526.9071	205.23	0.7422571350962673	0.5547925665159268	
526.9071	208.91	0.7234122186260388	0.5974037117656765	
527.789	3.27	0.8335556771121244	-0.3619153816280566	
585.4319	24.35	0.5530501429650353	1.2653468068003777	
585.8654	2.62	0.931352923565442	0.1463090422942999	
586.4001	129.56	0.8001513537454155	-0.42942961287509007	
587.0304	370.73	0.4801967819007634	1.8042081257280937	C15H24N2O17P2
588.0336	370.99	0.5352263683233277	1.339557994323353	C15H24N2O17P2
588.0757	378.35	0.504894667813424	-1.5199168483423398	C16H25N5O15P2
687.0078	222.17	0.8293151066419271	0.37188176950935975	
588.41	129.69	0.6622802212923588	0.7785154528100825	
589.4126	129.69	0.6615125809501018	0.7843248445187035	
701.0237	222.17	0.9480106535961167	0.11183648025487196	
534.8836	206.55	0.7158005151453423	-0.62317226827816	
702.027	222.17	0.7583465861109642	-0.5210031373490585	
535.0375	362.06	0.7468139661744252	-0.546177396733727	C14H22N2O16P2
597.3051	157.68	0.9380546326957453	0.1324857426918494	C27H51O12P
597.3051	165.16	0.777169408063916	-0.4861115034861012	C27H51O12P
599.3209	161.09	0.6804469690712017	-0.7299441218944229	C27H53O12P
599.3209	165.16	0.8335556771121244	-0.36037178513327106	C27H53O12P
601.009	420.65	0.6622802212923588	-0.7770223761526277	C15H22N2O18P2,C15H22N2O18P2
536.8817	206.55	0.45365135693667735	-2.523565764767644	
537.0169	222.17	0.95968848952339	0.08477394796483435	
715.0395	222.17	0.7134032370829311	-0.6291997748792783	
716.0429	221.91	0.7014092746323511	-0.6532656964678301	
717.0445	221.78	0.4464772392678325	-2.7768212003266464	
604.9558	219.28	0.475694618974651	1.8315340304980576	
604.9558	227.03	0.8464278250848427	0.3291950097829559	
605.0045	221.91	0.8474220124402427	-0.32314656622548527	
538.0202	222.3	0.8793833652050151	0.25366039547618735	
606.075	355.89	0.6181914365915753	0.9628089028427301	
539.0217	222.43	0.826447626023868	-0.38192454824462774	
607.0782	355.76	0.6029459538848895	1.0339094863223692	
608.08	355.89	0.7158005151453423	0.622267464408016	
540.0543	347.36	0.5807791080020993	-1.132740829315881	C15H21N5O13P2,C28H22Cl3NO4
611.1452	446.51	0.59933518596581	1.0529137745396309	C20H32N6O12S2
541.8049	4.32	0.6469972336347345	0.8431866994689716	
740.5478	28.28	0.475694618974651	1.850269474902202	
613.1408	365.48	0.456306283250553	-2.3656935938465127	C20H31N4O16P,C20H31N4O16P
744.8542	206.68	0.4294038657899769	-3.0965790957950685	
543.8006	4.06	0.558054328766669	1.237731900734849	
746.8524	206.41	0.4701685282441223	-1.9772991415118837	
613.8963	3.27	0.6212795545557206	0.9450529083357763	
614.144	365.74	0.451222850858393	-2.59868304312798	C20H31N4O16P,C20H31N4O16P
619.0202	222.17	0.9069835079749624	0.19924896002906162	
620.0236	222.17	0.9380546326957453	0.12943111595930742	
620.9679	370.47	0.4475180778651238	2.6440218720599553	
761.3694	129.69	0.8859208525514742	0.24385892800239833	
783.0272	221.91	0.9788611055873369	-0.036427194185575544	
