m/z	rtime	p-value	t-score	custom_id
69.0704	187.3	0.43143493899068375	1.6412787790209054	
135.0844	33.32	0.4293966091508826	-1.7539614301864657	C5H11NO3
218.9431	209.53	0.7131370197330378	-0.5673490835326562	
181.105	26.62	0.4695099740325757	-1.3294408930322164	C11H12O2
219.0716	246.3	0.42050457458393864	-1.860336833659573	
219.0975	361.29	0.38970954663492774	-2.7778081495354154	C8H14N2O5
136.9107	208.74	0.5286931314872365	-1.0839984532012616	
136.94	209.39	0.5410156471412622	-1.0419343464324509	H3O4P,C2H3KO2
136.9693	209.66	0.38970954663492774	-3.2198088838255035	
219.1127	27.8	0.41552233587384796	-1.9282900254712945	C12H14N2O2
219.1168	307.95	0.5533344512229958	-0.9997963576154063	C8H15N3O4
219.1168	318.33	0.7460069651451774	-0.489881001828751	C8H15N3O4
219.1338	232.57	0.4687477750637809	-1.3388359532324539	C9H18N2O4
219.1338	271.47	0.40360952008441314	-2.474526428500311	C9H18N2O4
137.0594	28.07	0.45220566508492166	-1.461707601323357	
219.1743	24.65	0.6290063657588535	0.7659005139398428	
137.0709	200.99	0.3738605994954733	4.586264083126395	C7H8N2O
137.0727	211.36	0.38970954663492774	3.12455155232961	
137.9433	209.39	0.5338717411806694	-1.056968366069263	H3O4P,C2H3KO2
138.0549	356.04	0.5533344512229958	0.9907731160157838	C5H4O2
138.0742	200.99	0.3738605994954733	4.336997219368873	C7H8N2O
138.9194	207.42	0.4293966091508826	1.7705901275306046	CK2O3
138.9194	212.15	0.8002876831632408	0.3731586219100646	
138.9381	209.39	0.5010925948325189	-1.1843776207360628	
138.9441	209.39	0.8660320475422199	-0.24942480764717737	
139.0753	201.25	0.22777936808179705	9.018990047318379	
139.0977	202.7	0.4293966091508826	1.6922593208906063	C6H10N4
220.0927	333.88	0.44509975084573516	-1.5661690592748279	C7H13N3O5
139.9146	207.42	0.4318309545130246	1.636149953048551	
139.9146	212.41	0.4595722983537864	1.414690085279041	
139.9415	209.26	0.5795964997891212	-0.9176111373093689	
220.1178	185.07	0.42811155331885975	1.8091103170536842	C9H17NO5
140.0106	265.26	0.38970954663492774	-2.7899061743293454	H3O4P,C2H3KO2
140.9362	209.13	0.5709811961258885	-0.943942237841077	
140.9424	209.39	0.5859847519601263	-0.8831245470975736	
220.9014	209.39	0.4665370666890152	-1.351264062571282	
220.9412	209.79	0.5891494528822138	-0.8758489475966676	
221.0178	318.59	0.575278438089901	0.9321129237608715	
221.0768	376.29	0.4505820278395977	-1.4733293091183535	C7H12N2O6
221.0956	252.61	0.3738605994954733	-4.306289431060537	C8H16N2O3S,C8H16N2O3S
221.1131	280.3	0.38970954663492774	-3.254348291350205	C8H16N2O5
77.9273	209.53	0.5402572540056092	-1.0444907528166938	
78.9562	206.9	0.40360952008441314	2.1664205882722385	
78.9562	212.94	0.4293966091508826	1.698796186343077	
221.8996	146.6	0.38970954663492774	3.126324981442999	
221.8996	156.84	0.4595722983537864	1.397766380302695	
221.9047	209.53	0.5093825184853523	-1.1487077561479941	
184.9797	242.58	0.8862506050207765	-0.20313074829831124	
80.9935	209.39	0.831441897040675	-0.3135323293462502	
81.9883	209.39	0.8675302616068302	-0.239663419000889	
82.9916	208.47	0.7141467852486756	-0.554326558471814	
222.8995	209.39	0.4595722983537864	-1.4032188868530748	
144.0477	201.65	0.6290063657588535	0.7635192058712916	
144.0655	356.3	0.7008306607928214	0.5963272554012052	C6H9NO3
223.0635	24.52	0.5904960607159807	-0.869132085579613	
84.9117	211.76	0.8570409444391325	0.2692178965533838	
85.0289	324.92	0.18554636576369857	14.795646200466463	
144.9275	206.64	0.4293966091508826	1.6993200427946407	
144.9275	213.33	0.4595722983537864	1.4009858040086922	
186.0761	356.3	0.7090016150455934	0.5743345941699123	C8H11NO4
186.0872	318.59	0.4644381021875107	-1.3602359055708686	
87.0445	282.94	0.3738605994954733	4.717654112234066	
87.0548	324.53	0.4293966091508826	1.7053012769686005	
187.0713	318.46	0.48043104041258466	-1.2647382412902948	C8H9NO4
187.0713	325.84	0.4413817452921288	-1.5891066630601516	C7H10N2O4
187.0713	355.22	0.679649829546201	-0.6470136742025469	C7H10N2O4
187.094	28.2	0.9328996147609728	-0.11914308702864927	C8H12O3
224.1109	177.59	0.5419862549085369	-1.0390115339717458	C11H14N2O3
146.0923	261.19	0.3738605994954733	-5.632396528444656	C5H11N3O2
146.1175	27.67	0.40360952008441314	-2.261740401220249	
146.1175	330.99	0.3738605994954733	4.085347876342602	C7H15NO2
187.144	27.67	0.2360108343850018	-8.7010317830017	
224.1572	26.88	0.4115298222760456	-1.9609791334840148	
224.1854	26.62	0.4595722983537864	-1.3995361787880403	
89.0965	26.23	0.6719397097348605	-0.6670325981141386	
147.0473	27.54	0.41552233587384796	-1.9191805688661803	C6H10O2S,C6H10O2S
225.0466	216.52	0.40360952008441314	2.2716214829486905	
188.0919	271.2	0.9578190697582208	-0.07393397389214712	C8H13NO4
147.1014	26.88	0.4115298222760456	-2.0326180406857968	C7H14O3
147.1208	27.67	0.40360952008441314	-2.3954426097114707	
189.0738	166.43	0.9020927005396755	0.1712321417665257	C11H9NO2,C6H10ClN5
91.0587	254.97	0.38970954663492774	-3.1217477114021075	C3H7NO2
189.1345	197.68	0.3738605994954733	-6.0757820557594115	C7H16N4O2
189.179	410.79	0.4293966091508826	-1.7631500158486377	C9H21N3O
190.0713	24.65	0.9578190697582208	-0.07614884535153947	C8H11NO2S,C8H11NO2S
190.0821	315.57	0.611758777114253	-0.8079546847049585	C6H11N3O4
190.0821	339.79	0.40360952008441314	-2.4237944159677554	C6H11N3O4
94.0655	168.92	0.38970954663492774	3.123447790342513	C6H7N
225.97	208.08	0.38970954663492774	-2.7157871836439433	
225.97	210.31	0.3913525861761062	-2.6716179317884454	
149.0575	324.66	0.40360952008441314	2.393994685490976	
190.1379	197.68	0.35899682099295993	-6.57483535372126	C7H16N4O2
97.0288	370.65	0.4472704419398087	1.5114404274681075	C5H4O2
97.0288	420.28	0.4115298222760456	2.0251867425452352	C5H4O2
226.0797	297.58	0.4674632104536624	-1.3464742783976842	C7H13N3O4
226.0797	332.04	0.42140220662727734	-1.8316713400924554	C7H13N3O4
190.9018	1.57	0.3738605994954733	4.320425273911004	
190.9926	274.49	0.38970954663492774	2.843075246889573	
149.096	25.18	0.7460069651451774	0.4900487080118225	
97.0652	27.28	0.8735348841122458	0.22937358017273551	
226.1648	28.2	0.4472704419398087	-1.5205474832102985	
191.1025	296.0	0.38970954663492774	-2.743543645905582	C7H14N2O4
226.1801	34.24	0.3738605994954733	4.676191673838873	
150.0645	324.79	0.40360952008441314	2.2535887847882106	
150.0773	205.06	0.46100117006366903	-1.383605049600925	C6H7N5
98.9846	265.26	0.4115298222760456	-2.06915484202567	H3O4P,C2H3KO2
227.066	310.71	0.9589047020668346	0.07128922473550277	
192.106	295.74	0.38970954663492774	-3.053646622159264	C7H14N2O4
192.1581	35.68	0.9020927005396755	0.16970646471546555	
227.1683	28.2	0.4746984643701613	-1.3040411911524534	
152.0373	252.61	0.3738605994954733	-4.345835898715756	C4H9NO3S
152.0566	146.73	0.3738605994954733	-5.338610338182799	C5H9NO2S,C5H9NO2S
152.0566	174.83	0.445815675096971	-1.5502657217940568	C5H5N5O,C5H13NS2
227.96	146.73	0.3810596929503291	3.767946190015681	
227.96	156.97	0.40360952008441314	2.386433015689087	
193.1436	34.37	0.3738605994954733	4.056527730356346	
153.0406	174.83	0.4115298222760456	-1.988659413872576	C5H4N4O2
153.0599	146.73	0.3802382443896676	-3.821800423425066	C5H9NO2S,C5H9NO2S
153.0599	174.83	0.4293966091508826	-1.721648828016059	C5H5N5O,C5H13NS2
228.1958	27.01	0.684343120260227	-0.6304217105228537	
194.0222	199.25	0.40360952008441314	-2.225301080279242	
154.0742	324.53	0.40360952008441314	2.127359132270149	
194.8549	207.16	0.43104144583355597	1.6596462134824146	
194.8549	212.81	0.3738605994954733	3.902205147462582	
229.1546	320.03	0.7945720279120685	0.3854796729111562	C11H20N2O3
195.0028	299.42	0.5780337565004325	0.9240520116072661	C3H9O6P
195.0798	252.61	0.06376270696907256	-24.996037855151805	
195.0798	275.7	0.3738605994954733	-4.9059553366536255	C14H10O
104.0579	168.4	0.4764618726679229	-1.286743825254133	
229.9564	146.73	0.3802382443896676	3.8464679420662686	
229.9564	157.5	0.40360952008441314	2.4033914947348474	
155.0871	146.34	0.48670443515594897	1.2414711139811967	
155.0871	166.03	0.6696215712121628	-0.6748112558937096	
230.1134	323.08	0.4293966091508826	-1.6965404081002053	
195.855	207.16	0.40360952008441314	2.290558843684694	
195.855	212.68	0.38970954663492774	3.4650539340928566	
156.042	211.49	0.5902654749263475	-0.8717608057883205	C3H10NO4P,C7H7O4
196.0091	274.35	0.35899682099295993	6.385758336550886	
105.0702	26.23	0.4115298222760456	2.0394928428966614	C8H8
196.0969	28.07	0.44658040576760505	-1.5424704957842075	
231.0546	221.11	0.40360952008441314	-2.3085085916426995	
157.0454	211.49	0.5286931314872365	-1.0833994398629592	C3H10NO4P,C7H7O4
231.1202	28.2	0.9020927005396755	-0.16990252759846053	C16H10O,C8H14N2O3S
106.9509	207.42	0.9602518639366554	-0.06828944587609158	
106.9509	211.36	0.44509975084573516	-1.5605854285465621	
231.1702	28.07	0.4490182343660861	-1.4878163296530391	C13H20O3
196.853	207.16	0.4115298222760456	1.9829582849729646	
196.853	212.68	0.38970954663492774	2.8718189670995113	
196.9612	209.39	0.5338717411806694	-1.058446728998441	
157.1083	364.97	0.40360952008441314	-2.27184458340795	
232.1291	281.89	0.3738605994954733	-5.8619381274862805	C7H14N2O4
197.1009	364.44	0.41552233587384796	-1.9220046933894777	
197.1145	146.47	0.40360952008441314	-2.128700503530467	
158.0401	211.36	0.5334833652601977	-1.0650412774170768	
158.0678	196.76	0.38970954663492774	2.7044249614520792	
158.0678	197.81	0.445815675096971	1.549477531110033	
232.8106	208.21	0.5804665697782926	0.9101292061417302	
232.8106	211.49	0.4115298222760456	2.0104921883270217	
198.0105	146.6	0.6842060626392443	-0.6318796668628236	
198.0105	157.1	0.6595434460603438	-0.701487537457328	
198.0526	299.55	0.6842060626392443	0.6322483257491331	C5H12NO5P,C9H9O5
233.0631	197.41	0.38970954663492774	-3.105139853168785	C13H12O2S
233.087	227.81	0.44181589522313996	-1.5794431320033109	
233.087	231.39	0.47494637089868635	-1.296022638734	
233.1494	33.84	0.46403669896185257	-1.3653037052692982	C10H20N2O4
233.8108	207.42	0.5338717411806694	1.0574945707705279	
233.8108	212.55	0.9952790144017741	0.0100882868898775	
159.0916	166.43	0.8675302616068302	0.24255780204307303	
234.0269	214.51	0.4472704419398087	-1.5118825906972935	
111.1171	25.7	0.5016958338779302	1.1817536040628867	
160.0756	27.93	0.42005156530121307	-1.8770501632613674	C8H6O
198.9594	209.39	0.5515792246085831	-1.0089933051956208	
198.9744	214.78	0.4873842298156553	-1.2320557938609322	
112.0508	163.67	0.40360952008441314	-2.1965111785843128	C4H5N3O
160.9013	207.16	0.5029638441144528	1.168493925806233	CK2O3
160.9013	212.81	0.41552233587384796	1.9141373049094048	
234.1963	199.25	0.40360952008441314	2.252728608894402	
234.8088	207.56	0.6314634538467034	0.7511877949222102	
234.8088	211.63	0.3738605994954733	4.0759514872389975	
161.0377	227.42	0.44181589522313996	1.5826899182245955	
234.917	209.39	0.4490182343660861	-1.486580212586421	
112.8959	209.0	0.43104144583355597	-1.671540208549412	
161.092	293.87	0.38970954663492774	-2.8391326908401586	C6H12N2O3
235.0923	371.96	0.4115298222760456	-2.0066904081110644	
235.1115	316.49	0.5859847519601263	-0.8851256619431814	C8H15N3O5
161.1284	213.33	0.3738605994954733	-6.032737329423049	C7H16N2O2
113.0541	163.67	0.40360952008441314	-2.156871349397592	C4H5N3O
235.1481	400.19	0.40360952008441314	-2.2265785609913267	C9H19N3O4
161.9354	207.42	0.7020216092308302	0.5929478611858123	
161.9354	212.15	0.7156307396972682	0.5509545046216662	
235.9203	209.26	0.4388928988160207	-1.601603768898255	
161.9927	207.82	0.923260729088789	0.13440074704220023	
161.9927	211.23	0.9670537541998329	0.054352479465064996	H2NaO4P
200.1029	307.95	0.5668672639840693	-0.9542826881060826	C8H13N3O3
162.05	221.77	0.40360952008441314	-2.145378760422584	
162.05	228.07	0.40360952008441314	-2.2686561522991866	
236.0224	214.51	0.4472704419398087	-1.510512395725032	
162.0953	293.87	0.3932091188814526	-2.625476603853839	C6H12N2O3
236.915	209.26	0.4644381021875107	-1.3604206866747999	
162.8994	207.16	0.38970954663492774	2.9526449577626823	
162.8994	212.94	0.45220566508492166	1.465194156859313	
201.061	227.55	0.4872397626987193	1.2390658508460053	C6H8N4O4
162.9977	242.58	0.8206076997178672	-0.33146396340406714	
201.0869	308.08	0.5984227978079039	-0.8427788391171148	C8H12N2O4
201.0869	344.25	0.4764618726679229	-1.2823342044668402	C8H12N2O4
163.0712	315.04	0.44509975084573516	-1.5570496052985234	C5H10N2O4
237.0902	252.61	0.38970954663492774	-3.5574932067066736	
237.1233	27.8	0.5067784168059857	-1.1572490731816902	C14H11NO2,C8H12N5OP,C6H15N3O4S
237.1334	26.23	0.8143374506042449	0.344309408340301	C13H11N3O
237.9184	209.53	0.4115298222760456	-1.9573737513961023	
117.0548	26.23	0.43104144583355597	-1.6569719179626694	
202.0862	27.8	0.43143493899068375	-1.6430009724584054	C12H11NO2,C7H12ClN5
238.045	299.42	0.532813398162973	1.0687386633733766	
117.1137	146.34	0.43104144583355597	1.6621189186280505	
117.1137	165.9	0.7932146742460453	-0.392803494798973	
164.0741	27.54	0.41552233587384796	-1.9156284110347783	C5H10N2O4
164.0741	315.04	0.44509975084573516	-1.557736479729634	C5H10N2O4
238.1267	27.8	0.5026340616521732	-1.172642818198126	C14H11NO2,C8H12N5OP,C6H15N3O4S
202.9692	207.42	0.763411149614019	0.4505580295605758	
202.9692	211.63	0.4764618726679229	1.2864161836429127	
202.9692	221.77	0.8858528044916434	0.2061446674057911	
118.0613	260.11	0.3738605994954733	4.584075391115091	C3H7N3O2
238.9131	209.39	0.4293966091508826	-1.733987829675039	
238.9194	209.66	0.38970954663492774	-2.7901516572228346	
119.0493	28.07	0.45004900917550034	-1.4783700654477046	C8H6O
239.038	253.92	0.06376270696907256	-23.32484316819857	
165.0545	211.1	0.40360952008441314	2.1754829290596063	C9H8O3
239.0483	299.55	0.5780337565004325	0.924940422235357	
203.0526	198.07	0.38970954663492774	-3.499041443596088	
203.0526	217.3	0.38970954663492774	-2.7553195306821743	
203.0766	214.51	0.4873842298156553	-1.2341858314433403	
203.0766	221.9	0.40360952008441314	-2.3437375581428532	
165.0772	27.54	0.4293966091508826	-1.6842409261498117	C5H10N2O4
239.1023	220.19	0.2879055901868763	-7.92425014350267	C11H14N2O4
239.1023	227.68	0.4926205193649981	-1.2132689741375853	
119.1261	201.12	0.4472704419398087	1.5294764011300301	C6H15NO
203.1026	307.69	0.4293966091508826	-1.702625442780221	C8H14N2O4
239.1278	25.96	0.7615100647517642	-0.4554580225907774	C13H18O4
120.0906	214.12	0.5286931314872365	-1.0803520758398362	
204.0243	242.71	0.7328098144592086	-0.5158976308556588	
204.0243	246.95	0.6633536022719106	0.6917461573104995	
120.1021	198.6	0.47744092261848625	1.2767766903467224	C5H13NO2
165.9302	207.95	0.5793341334053267	0.9207440859220539	
165.9302	212.28	0.45004900917550034	1.4777567407715833	
120.9663	208.08	0.8862506050207765	0.20002001842596037	H3O4P,C2H3KO2
120.9663	210.71	0.5853313545725158	0.8877748309923428	H2NaO4P
120.9873	221.51	0.40360952008441314	2.30770325505089	
121.0163	209.13	0.7761010857780294	-0.4235105237729737	
204.0866	356.04	0.5828746226312143	0.8994537604254444	C8H13NO5,C9H17NS2
204.0978	331.91	0.3932091188814526	-2.6362514717567564	C7H13N3O4
166.0145	366.97	0.39382827006808524	2.570430890405001	
121.0649	26.49	0.4595722983537864	-1.4119342718606418	C8H8O
166.0697	27.54	0.4293966091508826	-1.7507399027333275	
240.0953	308.08	0.4595722983537864	-1.397295472040563	
240.0953	317.8	0.7533518137454783	-0.4753529961644726	C8H15N3O4
121.9697	207.82	0.7464192725259081	0.4871685677133694	H3O4P,C2H3KO2
121.9697	211.76	0.813754957851213	-0.34618190810093874	H2NaO4P
204.9673	207.16	0.5902654749263475	0.8723214097644897	
204.9673	211.89	0.5286931314872365	1.0812270726507067	
122.9246	209.39	0.5804665697782926	-0.9116543182835595	
122.9645	207.95	0.9954233540568563	-0.0086702495406637	
122.9645	211.23	0.6540009596268693	0.711188528930878	
166.9506	208.61	0.4687477750637809	-1.333542590516511	
205.0682	197.41	0.7740353510402846	-0.4290494321838145	
205.0682	215.73	0.4472704419398087	-1.5180832898615249	
123.0442	211.1	0.4269313593816476	1.8145543357157181	C7H6O2
205.1182	261.32	0.66868589217432	-0.6785267375561599	C8H16N2O4
240.9667	224.0	0.38970954663492774	3.578145654766801	
123.0747	201.65	0.6949160602766974	0.6075068874016708	C4H4N2
123.0806	27.28	0.8603067168924595	-0.26263158390654445	
123.1291	2.1	0.42005156530121307	1.8879328817710277	C7H12O
241.1015	252.87	0.3738605994954733	-4.886466990236444	
241.1095	252.61	0.3738605994954733	-4.873418299853519	
205.9956	256.43	0.6837717697829974	-0.6366543413875312	
124.0587	32.92	0.6186924358231373	-0.7917074257758135	
168.0901	168.13	0.3738605994954733	-4.495029934345643	
168.0931	168.0	0.5236476975830938	-1.098906407948064	C9H11NO2
206.04	205.45	0.3932091188814526	-2.5877870706882633	
124.9227	209.53	0.6254238316796766	-0.7756876733797095	
241.1837	26.88	0.41552233587384796	-1.9286625213977473	C12H20O4
206.0716	197.55	0.5805076456080015	-0.9071808405384321	
168.1263	146.47	0.5562738593421598	-0.9788615285380885	
124.9998	319.51	0.7932146742460453	0.39108661658462796	C3H5ClO3,C2H5O4P
206.1004	165.9	0.8036797480712797	0.3655152843827301	C11H12N2O2
206.1216	261.32	0.6765721484471934	-0.656953754654487	C8H16N2O4
242.0182	213.07	0.3932091188814526	-2.5919030246788854	
126.0219	220.46	0.19807569173575817	-11.573644279327036	C2H7NO3S
169.0844	173.25	0.4293966091508826	1.7493800619713173	
242.0374	227.28	0.4480697038259187	1.493612254698901	
169.0858	27.8	0.4393379275842477	-1.5969131807688584	
242.0746	333.62	0.458444580078797	-1.4421230774928515	C7H13N3O5
242.0997	185.2	0.4984766298499791	1.191339227438815	C8H10N6O3
242.1047	252.61	0.3738605994954733	-5.193667085307548	
242.1128	253.0	0.38970954663492774	-3.1698704483613085	
206.9695	1.44	0.4285962556686577	1.7901614431468287	
242.2841	28.33	0.7176219583528237	0.5459800809827826	C16H35N
169.9857	220.98	0.38970954663492774	-3.2970291315055	
170.0599	165.9	0.7090016150455934	0.5773873769279617	C11H7NO
242.9617	206.77	0.3738605994954733	4.023947032312407	
242.9617	214.38	0.9816920021737093	-0.033350438631985904	
243.0159	212.41	0.3738605994954733	4.711289783216141	C7H4ClNO4
207.0798	243.24	0.3932091188814526	-2.6169393433211456	C7H14N2O3S,C15H10O
127.123	203.35	0.4595722983537864	1.3941853355274991	C7H14N2
128.1264	203.35	0.4687477750637809	1.3368053662701445	C7H14N2
207.1591	26.62	0.6170016020559579	-0.7954633424022215	
171.1379	25.7	0.4717308359170057	1.3231647878496722	
208.0694	198.2	0.4115298222760456	1.9760267255490893	
208.0694	217.04	0.3738605994954733	4.583365655339969	
244.0529	214.78	0.532813398162973	-1.0694067954575819	
244.0529	221.77	0.42140220662727734	-1.8356697689713686	
244.0529	228.2	0.4602961200594118	-1.3868476126375362	
244.0926	163.67	0.40360952008441314	-2.207351345078057	C9H13N3O5
208.1009	300.86	0.4371893064489477	-1.6090960038728912	C7H14N2O5
244.1291	315.57	0.43371301146802405	-1.6229801162195923	C10H17N3O4
130.0651	166.29	0.5954943895832601	0.8497338609188465	
244.9538	222.69	0.42140220662727734	-1.8430073987353404	
245.0203	277.02	0.4115298222760456	1.9871070582599208	
131.0492	168.13	0.5067784168059857	-1.1566819938011208	
131.0702	27.67	0.4746984643701613	-1.3078100165711597	C6H10O3
245.0959	163.67	0.40360952008441314	-2.1368053394641247	C9H13N3O5
245.113	357.49	0.7356422779048281	-0.5108368457251276	C8H13NO5,C9H17NS2
245.1357	201.91	0.6894387298355432	0.6198682921315471	
245.1858	27.8	0.42115048869736876	-1.8563991003741123	
174.0386	145.55	0.38970954663492774	-3.264741710495341	C5H9NO2S,C5H9NO2S
246.0971	163.8	0.40360952008441314	-2.122855484062676	
246.1195	257.09	0.6765721484471934	0.6573695869725198	
246.1195	294.92	0.6063670180354976	0.8211414345758623	
132.0655	301.52	0.45369290380312555	1.4569400088376974	
246.1447	274.62	0.5026340616521732	-1.1752355027655905	C10H19N3O4
246.152	36.07	0.3738605994954733	-5.17251402656891	C12H11N3
132.0808	27.93	0.7090016150455934	-0.5753399162728466	C9H9N
132.0808	166.29	0.9652420263142701	0.06036768646478467	
246.1811	362.48	0.44754862855930094	-1.4995723250079367	
246.1811	411.58	0.38970954663492774	-3.3525875594170964	C11H23N3O3
210.1416	28.2	0.43104144583355597	-1.6552027018511482	
133.0859	26.75	0.35899682099295993	-6.824197438119284	
247.0222	256.7	0.5533344512229958	-0.9911953973547889	
210.17	28.07	0.43104144583355597	-1.6559810769333392	
133.099	178.64	0.4115298222760456	-1.9804763700980037	
247.0579	265.39	0.40360952008441314	-2.267031918518032	C6H15O8P
175.1077	246.3	0.40360952008441314	-2.20439014801337	C7H14N2O3
247.1033	335.19	0.4293966091508826	-1.702103710026932	
133.1012	25.18	0.5499385139832138	-1.0179004485621255	
247.1287	330.47	0.8085413899559644	0.35435914959032566	C10H18N2O5
247.1481	274.88	0.43695805311524444	-1.6114758015042783	C10H19N3O4
247.1528	384.83	0.42140220662727734	-1.8400943871498947	
211.0769	217.17	0.38970954663492774	3.447111114334926	
247.1593	384.83	0.38970954663492774	-2.7852229392630234	C9H19N5O3
247.1844	362.08	0.44754862855930094	-1.5031200667126934	
247.1844	411.58	0.3738605994954733	-4.368511505383623	C11H23N3O3
134.0188	256.7	0.42811155331885975	-1.7958041523988058	
176.0294	187.7	0.5029638441144528	-1.1677095110575577	
248.0215	367.1	0.38970954663492774	2.7128201536945213	
248.034	32.66	0.7050280377433962	-0.5859496518186862	
248.0587	24.52	0.5533344512229958	-0.9879291393905556	
134.0812	41.72	0.40360952008441314	-2.4341335458639795	C5H11NO3
176.111	246.43	0.40360952008441314	-2.366113311098882	C7H14N2O3
134.106	178.77	0.41552233587384796	-1.9276555888743454	
248.124	308.08	0.4926205193649981	-1.2084314327070367	C9H17N3O5
176.1393	212.02	0.38970954663492774	-3.377328794926139	
248.2371	28.33	0.44181589522313996	1.5786334554535986	
279.8322	207.03	0.4115298222760456	1.996182068742379	
279.8322	212.94	0.38970954663492774	2.707477901945284	
249.0609	166.29	0.5668672639840693	0.9544186709348974	C10H8N4O4
249.082	261.32	0.7138474161989516	-0.5567026012199079	
249.0958	217.04	0.40360952008441314	2.3967695226159136	
212.8515	207.56	0.6894387298355432	0.6197612064355208	
212.8515	211.36	0.8064207844472816	-0.359405445600064	
249.108	345.47	0.883236759014925	0.21300873512277416	C9H16N2O6
249.108	359.32	0.42140220662727734	-1.8508371374676924	C8H7FN2O3
249.1194	304.93	0.7050280377433962	-0.5854008565043949	
249.1271	164.72	0.5533344512229958	-0.9880676523705765	
249.1271	308.08	0.48670443515594897	-1.2419676746093786	C9H17N3O5
280.0918	318.46	0.5338717411806694	1.0569411832290225	C8H20NO6P
280.1289	198.73	0.38970954663492774	-3.597487720015094	C13H17N3O4
280.1289	201.38	0.38970954663492774	-2.7952591074389397	C13H17N3O4
177.8881	208.61	0.4293966091508826	-1.731658412391275	
177.8881	210.18	0.40103214214341387	-2.533354702042472	
177.9667	209.26	0.629906491545376	-0.7588288261953345	
178.024	213.6	0.4695099740325757	-1.3290881207122112	
250.0933	35.29	0.7237670957270934	-0.5340332099435412	
250.0991	197.68	0.42811155331885975	1.7967315671938495	
250.0991	216.91	0.3738605994954733	3.894532414480506	
178.0903	298.37	0.40360952008441314	-2.1405233684717686	C6H12N2O4
281.0952	318.33	0.5533344512229958	0.9893552933734918	C8H20NO6P
250.884	207.42	0.5167273947412362	1.121254541943128	
250.884	211.63	0.5954943895832601	0.855837648813716	
281.113	285.04	0.38970954663492774	-3.3188885449107968	C13H16N2O5
281.1493	162.09	0.5286931314872365	-1.083414303804612	C14H20N2O4
281.1493	175.49	0.9235952916935518	0.13280352007751747	C14H20N2O4
281.2066	26.88	0.5562738593421598	-0.9781513298297599	C12H20O4
251.0427	243.37	0.40360952008441314	-2.4422453892531646	
251.0695	312.29	0.7138474161989516	-0.5568897184152605	C8H14N2O5S,C8H14N2O5S,C9H15O6P
251.1388	27.67	0.44754862855930094	-1.4980811527196	C11H20O6
179.0703	28.07	0.45023160650714605	-1.4757197943845677	C10H10O3
282.1188	205.06	0.4472704419398087	-1.52876601757958	
282.1422	239.53	0.43104144583355597	-1.6585611699053975	C11H21N3O4
252.0725	303.88	0.60043832178146	-0.837820619488906	
282.2789	29.38	0.8988698121977422	0.1785546760612042	C18H35NO
282.2789	35.02	0.9840215016533909	-0.028990563567871774	C18H35NO
252.1886	27.41	0.9069968478196591	0.1619743485989728	
179.881	213.99	0.38970954663492774	3.1148703853101467	
283.1174	28.07	0.5963177626974547	-0.847283868017569	C14H18O6
283.1287	203.22	0.3738605994954733	-4.064904528406908	C13H18N2O5
283.1287	206.64	0.40360952008441314	-2.4924444091420876	C13H18N2O5
180.0879	349.54	0.5149522167682531	-1.1317997622472462	C7H9N5O
215.1265	28.07	0.4595722983537864	1.3985275325639537	
253.1644	28.2	0.5167273947412362	-1.1218668670006005	
215.139	242.19	0.39382827006808524	-2.5750798082811786	C10H18N2O3
180.879	213.86	0.35460215713087717	7.094550281737152	
253.2385	199.25	0.4115298222760456	2.0192164779293256	
284.0733	248.66	0.6735636663694712	0.6635517384344665	C13H9F3N2O2
284.0987	174.96	0.43143493899068375	-1.6413683797698462	C10H13N5O5
284.121	28.07	0.47744092261848625	-1.2732840347238208	C14H18O6
284.121	218.09	0.38970954663492774	-2.9177454941998042	
216.0631	299.42	0.66868589217432	0.6772850422972205	C5H14NO6P
311.1235	314.65	0.4595722983537864	-1.4028327664521474	C14H18N2O6
311.143	247.09	0.4115298222760456	-1.9924387382674718	C15H15N3O4
284.2065	27.41	0.40360952008441314	-2.451851905918369	
254.1214	182.18	0.6699476168273798	-0.6721499892812406	C12H16N2O4
254.1598	175.75	0.47378406161950515	-1.3132629056309764	
216.8367	206.9	0.38970954663492774	2.8265003640107276	
216.8367	212.94	0.38970954663492774	2.989997976661169	
254.1961	26.62	0.5016958338779302	-1.1805978488389333	
254.1961	28.2	0.3802382443896676	-3.807308881655274	
284.9717	222.03	0.9661050788343807	0.056824915712053364	
284.9717	227.28	0.631405320293583	-0.7543209933811278	
254.9825	224.4	0.3738605994954733	5.454098346977529	
285.1023	174.96	0.4293966091508826	-1.7137958848398411	C10H13N5O5
312.1948	252.87	0.40360952008441314	-2.248273619475483	C20H25NO2
312.2375	27.41	0.3802382443896676	-3.788386967315906	
285.2099	27.41	0.40360952008441314	-2.264788533939683	
217.0616	276.23	0.2879055901868763	-7.780790420006019	
217.0664	299.42	0.66868589217432	0.6798022550444939	C5H14NO6P
312.9018	209.39	0.7534919841168214	0.47408854554285756	
217.0818	359.32	0.4595722983537864	-1.3991295025188697	
313.0767	235.85	0.38970954663492774	-2.853754150660677	C14H17ClN2O2S
255.9515	207.56	0.6236616956409865	0.7795293257417116	
217.1182	289.41	0.38970954663492774	-2.7373655870086746	C9H16N2O4
255.9862	224.4	0.3738605994954733	4.435984098279372	
256.0087	214.91	0.47744092261848625	-1.2720220106747293	
313.8994	207.95	0.9434510585255583	-0.1025686275239058	
313.8994	210.31	0.60043832178146	-0.8353322053565293	
286.1507	290.72	0.38970954663492774	-3.2163087628202005	
286.1759	245.08	0.38970954663492774	-3.354054739288881	
256.0902	316.22	0.9985519186656291	0.0021186101470559173	C8H15N3O5
286.2114	27.41	0.38970954663492774	-3.423211980017785	
256.0946	320.03	0.5286931314872365	-1.0840559032121335	C9H12N2O4S
256.1324	253.0	0.3738605994954733	-3.9322783419868195	C16H17NO2
314.0843	268.15	0.40360952008441314	-2.1832616378703795	
314.8134	207.29	0.44658040576760505	1.5405925959831865	
314.8134	212.94	0.5126022958143576	1.1407309327006458	
218.1134	308.08	0.5804665697782926	-0.9139009284042647	C8H15N3O4
218.1134	318.33	0.7539150648342039	-0.4702948530972606	C8H15N3O4
315.0795	341.23	0.66868589217432	0.682727559034861	C10H16N2O8
288.1803	26.23	0.47744092261848625	-1.272428108316107	
288.2894	28.2	0.4926205193649981	-1.2091141386996644	C18H33NO
288.8397	208.34	0.6314634538467034	-0.750387579457877	
288.8397	210.58	0.9578190697582208	-0.07435808716226487	
316.1264	196.23	0.42140220662727734	-1.8310198690036619	C17H18FN3S
316.1628	277.15	0.40360952008441314	-2.1149568619186527	C15H23N3O3
316.1864	255.23	0.3964317651911114	-2.553006702929299	
316.234	294.53	0.48670443515594897	-1.2437300346678979	
289.2063	304.01	0.47378406161950515	-1.3133134550873309	C12H25N5O3
257.9931	210.31	0.38970954663492774	-3.1697185165527193	
316.9199	209.53	0.52597767644397	-1.0934594091460568	
258.1446	308.74	0.5859847519601263	-0.8821358010490818	
290.1457	424.39	0.42005156530121307	-1.8909052751538322	C10H19N5O5
290.1595	27.28	0.8910827276180359	-0.19211418075680653	C11H20O6
344.0906	309.0	0.8544234853706416	-0.27493324047874557	C18H15O7
290.1708	34.89	0.4115298222760456	-2.039851623385766	
290.1708	48.68	0.8836011629761257	-0.2114024936315306	
290.1708	273.83	0.40360952008441314	-2.259021906944654	
317.1105	285.04	0.40360952008441314	-2.173552769778863	C14H18N2O5
344.2276	34.76	0.35899682099295993	6.489657334297206	
258.279	28.46	0.4115298222760456	1.967585849231136	
291.0214	265.39	0.41552233587384796	-1.9211056111527438	
291.0754	221.11	0.42897265479799684	-1.7870384991294757	
258.9356	207.16	0.5338717411806694	1.0600805662742567	
258.9356	213.2	0.5533344512229958	0.9948504785219293	
317.9233	209.53	0.4115298222760456	-2.0459950540232947	
258.9891	210.44	0.40360952008441314	2.349880468582289	
344.9841	221.51	0.7740353510402846	-0.42743052189957814	
318.0764	319.64	0.5795964997891212	-0.9176162804571386	
318.1058	257.49	0.38970954663492774	-2.8190317209852656	C13H17N3O5
291.9623	209.39	0.4115298222760456	-1.9851710412702317	
345.1054	348.49	0.42904680266758427	-1.7823884167694592	C9H19O11P
318.1907	25.96	0.5149522167682531	-1.1289057965318667	
318.1907	27.28	0.40360952008441314	-2.2416974382341475	
259.1131	319.51	0.8190113565977332	0.33579623903244216	C8H20NO6P
345.144	166.95	0.43104144583355597	-1.661978818146912	C18H20N2O5
318.8781	209.26	0.4057497360332684	-2.0958995886300964	C8H4Cl6
259.9922	210.58	0.47494637089868635	1.2992205812441466	
318.9177	209.0	0.6842060626392443	-0.6335983908353573	
292.1331	1.18	0.4595722983537864	-1.399139732299249	
292.1331	404.69	0.3738605994954733	-4.282192178425701	C10H18N4O6
292.1753	27.28	0.7213887528205336	0.5384807586646108	
292.2015	25.18	0.40360952008441314	2.3329067446357614	
292.9594	222.03	0.46611558032513	1.3536050335659484	
292.9594	227.55	0.4926205193649981	1.2117017945324364	
260.0269	299.42	0.5533344512229958	1.001696835017961	
346.0406	365.92	0.5737001003145331	-0.938252556222818	C9H14N3O8P
319.8817	209.26	0.4293966091508826	-1.74032923736824	C8H4Cl6
260.1138	319.51	0.8196878352720355	0.33379535587642384	C11H17NO6
293.0551	4.2	0.5954943895832601	-0.8498172282609386	C7H15O10P,C7H15O10P
293.0977	341.23	0.7008306607928214	-0.5957382360936528	C10H16N2O8
260.1491	26.49	0.7963513875833876	-0.3806898701612214	
260.1603	239.66	0.46842076188365395	-1.3415342370037175	C11H21N3O4
260.1967	329.91	0.4764618726679229	-1.2834050676705142	C12H25N3O3
320.2065	26.75	0.4115298222760456	-1.994988803728075	C13H26O6
320.876	209.26	0.45004900917550034	-1.479429750896245	
347.107	176.14	0.38970954663492774	-2.8591720187555527	C17H17Cl2N
260.9877	210.58	0.39609503856928024	2.5588938924909566	
294.1005	341.23	0.6917931732101963	-0.6152633725600574	C10H16N2O8
321.0377	166.03	0.3738605994954733	4.141906200499878	C12H17O4PS2
294.1445	196.23	0.4293966091508826	-1.7097787684347212	
294.1809	277.02	0.40360952008441314	-2.1148026790351295	C15H23N3O3
294.2272	25.7	0.5149522167682531	1.1286924618841114	
261.1189	335.46	0.4595722983537864	-1.395796178834525	C7H13N3O5
261.1443	305.33	0.60043832178146	-0.8367231333380079	C11H20N2O5
261.1443	311.37	0.5533344512229958	-1.0019449018622506	C11H20N2O5
294.9289	207.82	0.784815905438556	0.40723432728366915	
261.1637	239.92	0.4474378522923772	-1.508452172271193	C11H21N3O4
348.1696	217.44	0.3738605994954733	-4.312875187137553	
348.8064	207.56	0.38970954663492774	3.1996486556988164	C8H4Cl6
348.8064	211.76	0.5093825184853523	1.1479600675890371	
322.0698	374.32	0.40360952008441314	2.354933432500614	
295.0677	367.36	0.40360952008441314	-2.1950926738915095	
295.0775	364.58	0.4293966091508826	-1.7520498847967623	
262.1184	186.52	0.44754862855930094	-1.5062999754496895	C13H15N3O3
295.1286	285.18	0.38970954663492774	-3.127781699994963	C14H18N2O5
295.1844	277.02	0.40360952008441314	-2.1851799756593775	C15H23N3O3
322.874	209.39	0.40360952008441314	-2.1675791025579945	
295.9484	210.44	0.38970954663492774	-2.8344352888770947	
296.1238	257.75	0.38970954663492774	-2.9030819872858897	C13H17N3O5
296.1321	284.78	0.38970954663492774	-2.7572162794971162	C14H18N2O5
296.9257	28.98	0.7138474161989516	0.5633653216069674	
296.9278	207.29	0.5848098263719665	0.8897719573343202	
296.9278	211.76	0.44658040576760505	1.5396683965833182	
296.9454	210.31	0.40360952008441314	2.311235277191671	
263.0872	396.38	0.4602961200594118	-1.3866396301565	C9H14N2O7
263.0946	147.12	0.5331516429601594	-1.066893987695162	
263.0946	156.71	0.8669323422282861	-0.2460018085337943	C16H10FN3
350.2183	203.35	0.40360952008441314	-2.227624844468809	
350.2183	216.78	0.8857458867260288	-0.2074069067369359	
324.0587	366.18	0.7138474161989516	0.5621899486073848	C9H14N3O8P
297.0819	24.52	0.5533344512229958	-0.9966285558498855	
297.0819	182.31	0.6803352358877411	-0.6432291051433242	C9H14N4O6,C12H13F3N2O2,C11H16NO7
297.1078	317.67	0.4746984643701613	-1.305114218078576	C14H17NS2
324.2013	27.15	0.758973623369444	0.4611179736206708	
297.1267	257.75	0.38970954663492774	-3.2273345025037252	C13H17N3O5
350.9872	367.23	0.42140220662727734	-1.8388849933807194	
297.1588	252.61	0.3738605994954733	-5.96443063944902	C16H17NO2
351.0009	224.4	0.40103214214341387	2.528720393392444	
324.8971	242.19	0.6290063657588535	0.7642394641317994	
324.9874	242.45	0.4595722983537864	-1.4080831434145673	C4H6N4O12
325.0187	212.68	0.42050457458393864	1.8680187760271658	
297.9829	246.95	0.38970954663492774	2.789589381767727	
351.2219	203.35	0.40360952008441314	-2.4894805146747667	
351.2219	217.17	0.8081118673300295	-0.35602231742415646	
325.043	227.15	0.4595722983537864	1.4159212341772365	
325.043	310.58	0.6314634538467034	0.7496783835823111	C9H13N2O9P
297.9884	221.38	0.45877293811546943	1.4398269208742558	
325.0623	337.03	0.7090016150455934	-0.5773720496675819	C9H14N3O8P
325.0623	366.18	0.4293966091508826	-1.7594492709979097	C9H14N3O8P
298.0966	34.63	0.836631366442738	-0.30325350037069654	C11H15N5O3S
352.0043	224.66	0.3738605994954733	4.423461362779772	
298.1862	26.49	0.42005156530121307	-1.8759133667630048	C11H20O6
298.3466	28.07	0.8675302616068302	0.24120052141669285	C20H43N
265.1115	201.65	0.629906491545376	0.7599511040397621	
298.8396	206.9	0.4115298222760456	1.9637502375741422	
298.8396	213.2	0.5554227916459838	0.9831712119373018	
326.046	310.71	0.866604315130802	-0.24754963394024954	C9H13N2O9P
326.0561	222.03	0.38970954663492774	-3.220754949852555	
326.0561	227.81	0.40360952008441314	-2.40686899432794	
299.0435	248.0	0.8426973788338947	-0.2939831413281545	
299.1002	34.63	0.5804665697782926	-0.9096171876866628	C11H15N5O3S
265.9989	196.1	0.40360952008441314	-2.147801688842838	
327.1407	142.66	0.38970954663492774	-2.752990041986233	
327.201	36.21	0.40360952008441314	2.2135772342955913	
353.0055	224.66	0.38970954663492774	3.648156148772192	
266.0745	164.06	0.40360952008441314	-2.22959990290707	C9H13N3O5
299.2579	29.38	0.5828746226312143	-0.8967261371056279	
299.2579	35.29	0.8489640105865548	-0.28336121608065684	C19H30O2
353.1452	273.17	0.3802382443896676	-3.79156714049283	
266.115	201.65	0.6842060626392443	0.6316999386986528	
328.1532	253.92	0.38970954663492774	-3.5372851508385104	C19H21NO4,C12H26NO7P
328.2326	27.93	0.38970954663492774	-2.86253798201817	C13H26O6
353.92	321.24	0.4595722983537864	-1.4110393886524513	
300.066	319.9	0.5515792246085831	-1.0112819116375977	
267.0713	177.72	0.5515792246085831	-1.0104934677615476	C9H14O9,C8H9F3N4O3
267.078	164.19	0.4017388794999304	-2.5184508972142514	C9H13N3O5
300.1209	251.56	0.3738605994954733	-3.9152512959842745	C10H22NO7P
267.1078	201.78	0.5533344512229958	-0.9920217818030884	C11H14N4O4,C10H18O8
267.1078	273.96	0.3738605994954733	-5.056565025176886	C11H14N4O4,C10H18O8
267.1224	26.23	0.41434782076537185	1.9451694742579306	C13H11N3O
329.0054	366.84	0.40360952008441314	-2.3876089855436997	
267.1337	159.86	0.40360952008441314	-2.1273274132937043	C12H16N2O3
329.0152	364.58	0.42050457458393864	-1.862092685584791	
267.1716	25.05	0.40360952008441314	-2.4242386753857486	
267.18	27.41	0.40360952008441314	-2.252062734354829	
300.2895	29.38	0.8036797480712797	-0.36529874148643987	C18H37NO2
300.2895	35.02	0.6975815760431061	-0.6025764568530726	C18H37NO2
355.011	341.23	0.5954943895832601	0.8545058151454615	
300.946	208.08	0.908586856458154	0.15870098752934692	
300.946	210.71	0.9933201437852849	-0.013965748768598112	
355.9695	210.05	0.40360952008441314	-2.1484537169310474	
356.0147	340.84	0.5668672639840693	0.9531649309015814	
356.0495	324.92	0.38970954663492774	2.7986255965974225	
268.1266	274.88	0.4115298222760456	-2.033581700605132	C10H19N3O4
356.0755	388.37	0.38970954663492774	2.8801330653949613	C17H12ClF3N2O,C19H12O7
268.1374	159.6	0.7138474161989516	0.5594819198645051	C12H16N2O3
268.1753	26.1	0.4595722983537864	-1.4019646910447707	
356.8549	208.08	0.7138474161989516	0.5601289031671645	
331.0105	364.58	0.4293966091508826	-1.7186432834000107	
269.0395	265.39	0.4054904337554297	-2.104384553608615	
356.9664	210.58	0.4115298222760456	1.9621129807959172	
357.0078	341.23	0.6314634538467034	0.7487581711659944	
269.113	236.11	0.40360952008441314	-2.3751406618584796	C12H16N2O5
357.0553	352.59	0.7932146742460453	0.3903552289122051	C9H19O11P
302.1107	198.6	0.3738605994954733	-4.425983238434445	C13H17N3O4
302.1107	201.38	0.38970954663492774	-2.9587574737561892	C12H16N2O4
332.1213	247.09	0.38970954663492774	-3.121958206834554	C15H15N3O4
332.1925	275.7	0.4285364713726799	-1.7925544152377881	
302.1456	165.38	0.3932091188814526	-2.6310102330335408	
269.9571	242.19	0.5149258916231895	1.134233567230479	
332.3308	28.07	0.7740353510402846	0.42976980138425935	
332.3308	33.58	0.5804665697782926	0.9095655538547343	
357.9684	210.84	0.40360952008441314	-2.3147659279427457	
270.0014	224.4	0.40360952008441314	2.324710300564747	
302.2071	28.07	0.5286931314872365	-1.0798049694055034	
332.8937	209.26	0.4293966091508826	-1.6863997740972403	
270.1058	308.08	0.44658040576760505	-1.5404829464696375	C9H17N3O5
270.1164	236.11	0.4293966091508826	-1.693664422203495	C12H16N2O5
302.3051	28.33	0.38970954663492774	3.5688389014680717	C18H39NO2
270.1909	28.2	0.4873842298156553	-1.2306198147051253	
302.9042	209.0	0.8277771028238122	-0.32066342024154143	
333.1553	201.65	0.38970954663492774	-2.817928822855399	C16H20N4O4
270.3153	28.2	0.4115298222760456	-1.982334726999895	C18H39N
333.1916	284.13	0.38970954663492774	-2.8482709895886678	C17H24N4O3,C16H28O7
359.0066	340.84	0.5533344512229958	0.9923940151152809	
270.9772	229.52	0.4687477750637809	1.3342732446848766	
271.0023	224.53	0.38970954663492774	2.7145826840430343	
333.3343	28.07	0.5859847519601263	0.8838372628677799	
333.8971	209.13	0.445815675096971	-1.5483802915812632	
303.1448	203.88	0.38970954663492774	-2.96947554838678	C15H18N4O3,C14H22O7
334.0514	248.53	0.7843949840835381	-0.4088852930144365	
334.0514	256.3	0.22774383907036597	-9.251590606622925	
334.1394	282.81	0.40360952008441314	-2.336032241698701	C16H19N3O5
271.3187	28.33	0.7679892887954618	-0.4422033779613456	C18H39N
334.8916	209.26	0.4293966091508826	-1.6904413746833524	
334.9238	367.23	0.3905310211278802	2.6938160192288456	
304.1613	288.88	0.38970954663492774	-2.7837630619743448	C11H21N5O5
272.149	26.23	0.7843883345803238	0.41104234939271156	C14H20O5
304.2996	28.2	0.4595722983537864	-1.4110184579971499	
304.2996	33.84	0.38970954663492774	3.074741714167246	
304.8626	209.13	0.39382827006808524	-2.5761794836452236	
335.0452	168.0	0.48275085280670055	-1.2574219369440338	C12H14O9S,C15H12Cl2N4O
335.0734	352.59	0.7299695036562911	0.5209774807111636	C9H19O11P
335.0945	246.82	0.41552233587384796	-1.9206539051852394	C17H16ClFN2O2
361.0784	375.37	0.4115298222760456	2.0501571437915858	
361.1825	301.78	0.8562168905711787	-0.27142610273295475	
361.1978	256.83	0.3738605994954733	-4.216839316597878	C17H24N6O3
335.8949	209.39	0.43371301146802405	-1.6276768021078798	
361.2354	25.05	0.4115298222760456	2.0280639376966554	
335.9213	367.23	0.38970954663492774	3.0114815959134873	
305.165	289.01	0.40360952008441314	-2.433747753879923	C11H21N5O5
305.165	422.42	0.4293966091508826	-1.6927724713668497	C11H21N5O5
305.3029	28.07	0.5183478751944128	1.1148334976193341	
305.3029	33.84	0.38970954663492774	2.954179442939412	
336.0869	319.38	0.6307486370676488	0.7564310342481582	C11H17N3O7S,C19H13NO5
336.2016	27.54	0.6595434460603438	-0.700704444629396	
306.0806	176.14	0.38970954663492774	-2.963736578252403	C17H17Cl2N
306.0943	375.64	0.5904960607159807	0.8679774498969975	C10H15N3O8
306.1445	170.23	0.44754862855930094	-1.502802802993307	C15H19N3O4
306.1592	304.14	0.4984766298499791	-1.1906351250233063	C11H19NO8
306.1592	317.01	0.7468499946384574	-0.48549877057691054	C11H23N5O3S,C11H23N5O3S,C19H19N3O
336.8894	209.26	0.43104144583355597	-1.6746468688672627	
362.9561	221.77	0.4293966091508826	1.7075597968732878	
362.9561	227.81	0.4595722983537864	1.432383341112193	
336.9191	366.97	0.40103214214341387	2.5252536813449766	C6H12N2O4Se2
336.9854	224.26	0.3738605994954733	5.9437605954753385	
307.0843	176.14	0.38970954663492774	-2.973694888900402	C17H17Cl2N
274.1647	25.96	0.4746984643701613	-1.3030638710392228	
337.2733	27.93	0.6097097454078904	-0.8124995424468775	C21H36O3
274.1871	339.79	0.5954943895832601	-0.8563418765735233	C11H23N5O3
274.1871	379.97	0.38970954663492774	-3.2210653973683567	C11H23N5O3
337.8932	209.13	0.4293966091508826	-1.683931678366503	
274.9094	207.42	0.6803352358877411	0.6427622899731833	
274.9094	212.15	0.42811155331885975	1.8047751674090542	
337.9664	221.64	0.8738535076775332	0.2278349797806045	
274.9362	207.56	0.8862506050207765	-0.2033958469194394	
274.9362	209.53	0.614663263368198	-0.8002423400235998	
337.9889	224.66	0.3738605994954733	5.429388372144196	
363.9547	228.86	0.7176219583528237	0.5466274400646501	
308.1964	24.91	0.38970954663492774	3.2315404085402664	
364.0066	185.2	0.4293966091508826	1.7441787803205933	
275.0534	214.51	0.40360952008441314	-2.3459334214626946	
275.1347	329.25	0.4595722983537864	-1.4320357331558031	C10H18N4O5
308.8493	209.39	0.5026340616521732	-1.1732213266482867	
364.2326	27.28	0.3738605994954733	-4.011059612506763	
275.1906	339.66	0.5811854153525638	-0.9049124172810377	C11H23N5O3
275.1906	380.23	0.40360952008441314	-2.4747869183779048	C11H23N5O3
364.9523	221.77	0.575278438089901	0.9325749630427025	
364.9523	228.47	0.458444580078797	1.4437296515491616	
339.0965	374.45	0.40360952008441314	2.1685388776550396	
339.1856	297.05	0.4293966091508826	-1.707673880802013	C15H23N5O4
365.9636	27.28	0.49754800684045125	-1.1950500395754426	
339.2077	24.91	0.4293966091508826	1.7194094868336873	
339.289	27.93	0.6205229735947522	-0.7866307998365907	
339.9956	212.02	0.40360952008441314	-2.3157001037533873	
310.0247	227.15	0.4645714887724122	1.3582398759045686	
366.2132	278.33	0.3932091188814526	-2.587242164814145	
340.0807	402.72	0.38970954663492774	3.1997296237692483	
276.134	167.21	0.45220566508492166	-1.4629689834750739	
310.1395	247.09	0.38970954663492774	-2.833359457974884	C15H15N3O4
276.1553	425.44	0.8920911188597805	0.1887983422605106	C11H21N3O5
310.8506	207.29	0.9560891373862815	-0.08169009738690171	C8H4Cl6
310.8506	212.02	0.7451016170494219	0.4954250352761563	
340.9925	211.76	0.40360952008441314	2.4528987900217336	
277.0488	214.38	0.40360952008441314	-2.4469562007147734	
277.1029	387.32	0.4595722983537864	-1.415781108711775	C10H16N2O7
277.1029	392.57	0.4472704419398087	-1.519048020397023	C10H16N2O7
341.0281	249.19	0.3738605994954733	4.12477473780288	
368.0471	248.92	0.40360952008441314	2.137738362123659	
341.0977	179.69	0.4115298222760456	-1.9955173551449157	
341.0977	188.49	0.4926205193649981	-1.2099424671897776	
278.1167	243.76	0.4602961200594118	-1.3865806309669426	C10H19N3O4S,C18H15NO2
278.1599	27.28	0.4293966091508826	-1.7628814967659052	C13H11N3O
376.9929	341.23	0.5521694628260126	1.0067683073212597	
370.0318	367.76	0.4595722983537864	-1.4337659804447553	
410.8786	209.13	0.9020046070814437	-0.17321288339955346	
371.1009	24.52	0.611758777114253	-0.8070376024630975	
378.0574	388.5	0.4595722983537864	1.4090133885618266	C17H12ClF3N2O,C19H12O7
279.1007	287.7	0.38970954663492774	-3.264363303570707	
279.1007	296.0	0.4413817452921288	-1.5887248005838912	C10H18N2O5S
279.1007	316.22	0.5904960607159807	-0.868798448812492	C10H18N2O5S,C18H14O3
412.0062	319.11	0.5026340616521732	1.1709438433473884	
372.101	24.65	0.5562738593421598	-0.9790086062845321	
372.1898	303.49	0.4821668891573753	1.2599477119479816	C22H26O5,C20H23FN4O2
372.8288	209.39	0.6486003712269304	-0.7215108079098294	
379.2484	37.52	0.3738605994954733	3.9562926919017762	
379.2681	25.18	0.8862506050207765	-0.2007909112684639	
380.0169	318.33	0.4635953412480401	1.3739884008814387	
380.032	319.77	0.5848098263719665	-0.8899239253559317	
450.0668	370.65	0.6786531348499611	0.6528146683893642	
450.0668	373.01	0.7138474161989516	0.5651459795820691	
381.2782	25.05	0.38970954663492774	3.29568166609187	
414.8967	209.26	0.4764618726679229	-1.2831331085955	
374.9625	221.9	0.38970954663492774	3.2935986395414343	
452.9879	341.23	0.7460069651451774	0.4905386127798623	
453.1005	299.55	0.8670388599843243	-0.2447512581427743	C20H19FN4O4S
375.1983	288.23	0.38970954663492774	-2.7867259689129944	C22H30O3S
453.3428	30.82	0.575278438089901	-0.9321427757221162	
453.3428	34.89	0.4963186825003522	-1.198713043998943	
453.9464	210.05	0.38970954663492774	-3.2572079313018087	
454.0265	325.71	0.4293966091508826	1.750485351630889	
415.9005	209.39	0.44509975084573516	-1.5599029912619933	
382.9946	248.66	0.45004900917550034	1.4800146754164005	
382.9946	257.35	0.19807569173575817	-10.999881586053316	
454.2915	26.23	0.5421269276029007	1.0367633184263927	
454.2915	135.17	0.43143493899068375	-1.6469103157429865	
454.9434	210.31	0.4746984643701613	1.301867604437062	
454.9846	341.23	0.60043832178146	0.835063147058814	
491.2914	23.21	0.3932091188814526	-2.589936120562959	
455.9458	210.05	0.6947700946523727	-0.609016133685699	
416.2252	29.77	0.5502842890092868	1.0160852540187921	
492.2951	23.34	0.38970954663492774	-2.739984052718633	
384.1145	303.88	0.6045197024929999	-0.8274317326548061	C14H17N5O8
456.9419	210.18	0.38970954663492774	3.0313433151999543	
456.9651	222.03	0.763411149614019	0.44961488599835864	
456.9651	227.81	0.7739528304600714	-0.43182756910224834	
416.855	209.26	0.42050457458393864	-1.8628351270077894	
416.86	321.9	0.40360952008441314	-2.458774047682352	
416.8946	209.13	0.5515792246085831	-1.0097462261987002	
385.1284	277.67	0.5076229217097662	-1.1538137698715238	C17H19FN4O4
417.2452	233.22	0.4472704419398087	-1.5118636961958845	C17H32N6O6
494.3238	136.62	0.38970954663492774	-2.8657824130147467	C24H48NO7P,C24H48NO7P
386.7625	207.95	0.38970954663492774	3.0723967979746827	
386.7625	211.1	0.8910827276180359	0.19127694316311294	
418.8531	209.26	0.43143493899068375	-1.6408565142490301	
496.3393	125.72	0.40360952008441314	-2.246813989231055	
418.9884	224.53	0.35899682099295993	6.461889514145377	
419.1696	28.07	0.3738605994954733	-4.4487193369784235	C22H26O8
387.0844	168.26	0.47744092261848625	-1.2737907789648235	
387.1798	26.23	0.44509975084573516	1.5674476356435911	
497.3427	125.72	0.40360952008441314	-2.2028860421464382	
497.3427	136.36	0.47378406161950515	-1.3148783527301477	
419.9915	224.13	0.4926205193649981	1.2162791822968164	
498.858	208.74	0.6205229735947522	-0.7870431714096756	
420.3185	1.97	0.5826521677894215	0.9013547690895928	C26H42O4
388.1832	26.23	0.5765464990355933	0.9288461562572687	
388.2182	0.78	0.7141467852486756	0.5541420122642698	
499.9909	319.38	0.720405259064939	-0.5409463735706881	
388.2539	34.89	0.3738605994954733	4.308828187974253	
500.9913	224.26	0.38970954663492774	2.7566461388807877	
464.2611	305.85	0.3932091188814526	-2.6109809328650346	
501.9946	224.66	0.6947700946523727	0.6087946010268692	
502.3156	25.18	0.3738605994954733	4.234644696469045	
464.8906	221.51	0.913915925160286	0.1492561704437425	
502.9858	370.38	0.42140220662727734	1.842314256131528	
502.9961	224.0	0.6290063657588535	0.7674617667125816	
466.0131	378.0	0.7090016150455934	-0.5748496258075191	C10H15N5O11P2,C10H15N5O11P2
424.1016	416.47	0.8684142175188992	-0.237367594851413	C18H21N3O5S2,C14H21N3O10S
503.3186	25.18	0.801052739005033	0.3710378016059955	
391.0478	221.24	0.4318309545130246	1.634258809383997	
467.1402	254.32	0.06376270696907256	-24.20498082411217	
468.308	138.85	0.22774383907036597	-9.497399133840565	C22H46NO7P
469.9769	303.09	0.3738605994954733	4.321712813662701	
509.9829	319.51	0.6133990948532752	0.8033415403683556	
473.3175	24.65	0.8190113565977332	-0.3362881246513944	
430.302	302.44	0.40360952008441314	-2.1665242741327817	
511.0962	391.0	0.4115298222760456	-2.0201896463560587	C14H26N4O11P2
511.1196	297.05	0.5421269276029007	-1.0350820001941885	
430.8707	209.26	0.42140220662727734	-1.8379021883575928	
394.9047	207.82	0.6611487172868675	0.6972162633103238	
394.9047	211.89	0.4115298222760456	2.035636683810047	
431.1186	299.55	0.7267628526535128	0.5282710143152602	C20H19FN4O4S
512.8737	209.13	0.4746984643701613	-1.3013961311435602	
395.1558	197.41	0.419774699648417	1.896285396287292	C19H20N2O7
395.1558	217.17	0.42140220662727734	1.8379405234654926	C18H22O7S,C19H18N4O3S
431.8738	209.26	0.4115298222760456	-1.9682477793738715	
513.877	209.13	0.44181589522313996	-1.581465111266809	
514.8321	209.39	0.43143493899068375	-1.6461521366580072	
514.8714	208.74	0.9560891373862815	-0.08098103547139272	
514.8714	209.53	0.19807569173575817	-11.028343449176349	
515.007	224.53	0.40360952008441314	2.4921860010464836	
396.2939	25.18	0.3932091188814526	2.6002968080405493	
515.2124	319.11	0.9100880780670243	0.15554542941671332	
432.2801	35.16	0.40360952008441314	2.281294919206578	
432.8678	209.26	0.41552233587384796	-1.9250273638904765	
516.0103	224.53	0.38970954663492774	2.735835803632885	
433.0039	224.26	0.40360952008441314	2.1180090712193844	
433.2405	26.23	0.3738605994954733	-3.9290191424234315	
516.8302	209.13	0.4472704419398087	-1.5145542427426113	
477.2042	252.61	0.3738605994954733	-5.366233878908721	C21H29N6O5P
517.0116	224.0	0.43371301146802405	1.6224765239462637	
478.2071	252.87	0.3738605994954733	-4.876796212832152	C21H29N6O5P
434.0074	224.26	0.38970954663492774	3.400458722462138	
479.1985	252.61	0.3738605994954733	-5.611553598158091	C26H32ClFO5
479.2607	203.88	0.38970954663492774	-3.618192178928201	
479.2607	205.72	0.38970954663492774	-3.131495848365519	C27H36F2O5
434.8669	209.26	0.40360952008441314	-2.120195478402587	
480.2025	252.61	0.3738605994954733	-5.09022517793984	C26H32ClFO5
435.0087	224.26	0.4595722983537864	1.4316883469192534	
520.3324	35.68	0.4472704419398087	1.529638649641155	
520.3379	124.8	0.41552233587384796	-1.9198402645110095	
520.3379	131.24	0.38970954663492774	-2.760341637459787	
520.3379	133.21	0.40360952008441314	-2.4322386630283557	
520.3379	136.09	0.4293966091508826	-1.709973765805013	
520.8318	221.24	0.4293966091508826	1.721765779273561	
520.8318	229.65	0.40360952008441314	2.223107746941975	
399.2457	36.6	0.38970954663492774	3.4094680776987505	
399.7476	36.6	0.9862944969038038	0.02470225019323307	
482.3238	136.88	0.629906491545376	0.7596077093713689	C23H48NO7P,C25H43N3O6
482.3599	138.46	0.5644610267882088	0.9619089794908422	C24H52NO6P
522.355	134.52	0.6061330273822232	-0.8226301846108791	
400.0505	318.46	0.7050280377433962	0.5870513811097445	
523.3583	134.65	0.6097097454078904	-0.8135175815677981	
400.8811	209.53	0.4480697038259187	-1.4941706722544272	
524.371	123.23	0.6061330273822232	0.8227607761307064	C26H54NO7P
524.371	132.81	0.5533344512229958	0.9950170063756026	
438.8831	230.04	0.4115298222760456	1.9950124380877587	
438.9696	211.23	0.3932091188814526	2.6113622992891625	
401.1588	28.07	0.7539150648342039	-0.47188791062686697	C22H24O7
401.1588	307.95	0.40360952008441314	-2.166743503136711	C17H26N4O3S2,C15H26O12
401.1588	311.89	0.4121177332831199	-1.953296287610822	C22H24O7
401.1588	318.06	0.38970954663492774	-3.5056397978518397	C22H24O7
485.2889	25.18	0.3738605994954733	3.9586239336880618	
486.2924	25.31	0.46187617087572996	1.38028494714288	
486.3456	132.94	0.41737518307653443	1.9071026581179937	
488.0462	226.89	0.3913525861761062	2.6758561053254355	
441.1516	28.2	0.7932146742460453	-0.3911311811462561	C22H26O8
528.8476	209.26	0.40360952008441314	-2.283695852388113	
489.1141	391.0	0.4472704419398087	-1.5334772143136055	C14H26N4O11P2
529.851	209.26	0.4179152313680236	-1.9032853746426692	
404.2062	26.23	0.5197826091655772	1.1084185059147504	
490.1175	391.0	0.4293966091508826	-1.7355467891177554	C14H26N4O11P2
530.3468	25.31	0.4873842298156553	-1.2313562882523739	
444.0312	378.0	0.4635953412480401	-1.3677063123451834	C10H15N5O11P2,C10H15N5O11P2
530.8457	209.26	0.4057497360332684	-2.095808508340265	
404.973	223.87	0.3932091188814526	2.650479741341146	
405.009	370.65	0.47494637089868635	1.2945856494007324	
405.009	420.28	0.40360952008441314	2.2772766533579945	C9H14N2O12P2
444.96	221.77	0.38970954663492774	2.8531572590592202	
444.96	227.94	0.42005156530121307	1.8875868413927315	
405.2092	26.23	0.4926205193649981	1.212043992994274	
405.2092	292.43	0.7368582600168249	0.5080575625355463	C23H29FO5,C23H32O4S
445.2324	26.23	0.4293966091508826	1.720506566837155	
406.0433	227.15	0.42005156530121307	1.883071109661359	
445.9981	174.57	0.5907723997563051	-0.8663955476245165	
445.9981	176.8	0.38970954663492774	-2.743259875810573	
406.1315	258.27	0.3738605994954733	-4.119096030549515	C14H25NO11,C15H29NO6S2
538.9516	2.75	0.7945720279120685	0.38527349752083717	
538.9683	222.16	0.4115298222760456	2.067321327052195	
538.9683	227.28	0.7740353510402846	0.42752790177205563	
446.7834	207.95	0.3810596929503291	3.754422316965065	
446.7834	211.1	0.6262174725472989	0.7733515587571198	
532.8439	209.39	0.4115298222760456	-2.0723893590938327	
447.0672	365.92	0.9434510585255583	-0.10148267221184833	C11H20N4O11P2
407.0135	370.65	0.4455079046475315	1.5543791301826604	
407.0135	420.58	0.4115298222760456	2.0226907372181357	
533.3497	27.41	0.5570820500835706	0.9755890829336881	
407.2285	218.36	0.35899682099295993	-6.714967832300863	C19H34O9
408.8274	207.42	0.4595722983537864	1.424002498264457	
408.8274	211.49	0.42005156530121307	1.8761355358988763	
408.89	367.49	0.4115298222760456	2.0375912462735766	
543.3411	25.18	0.3738605994954733	4.903354037998478	
544.7603	208.08	0.836631366442738	0.3034581572898673	
544.7603	210.71	0.7138474161989516	0.5606116794365239	
671.0603	310.32	0.7941168585395669	0.38804596554072784	
672.005	224.13	0.40360952008441314	-2.2080607927894267	
782.5677	28.98	0.44860137601619776	-1.490803163491573	
782.5677	36.21	0.5031806717878476	-1.1659980260746945	
679.0128	224.26	0.38970954663492774	2.9322847198093873	
679.5142	224.13	0.6699476168273798	0.6723149455384941	
680.0161	224.66	0.38970954663492774	2.892126177849607	
784.5837	29.12	0.4393379275842477	-1.5981506597505308	
784.5837	36.6	0.4674632104536624	-1.3449477967096977	
681.018	224.13	0.38970954663492774	2.7321092153131348	
785.5872	28.98	0.43104144583355597	-1.6595120068825346	
785.5872	36.6	0.4644381021875107	-1.3600012432182507	
786.1636	312.94	0.883236759014925	0.21366114891819735	C27H33N9O15P2,C27H33N9O15P2
597.0099	224.26	0.4873842298156553	1.235289842761401	
786.5995	36.6	0.4595722983537864	-1.395054790159894	
682.4858	24.26	0.4687477750637809	-1.3347060047607782	
787.6032	29.12	0.42811155331885975	-1.8042175911190341	
787.6032	36.21	0.47494637089868635	-1.2937975103710202	
788.0015	223.87	0.4414795815664642	-1.5866744019235102	
788.0015	224.66	0.6633536022719106	0.6921013635078391	
685.4346	24.26	0.47744092261848625	-1.2769683908890943	
598.0133	224.66	0.40360952008441314	2.344896079571072	
598.0676	420.58	0.40360952008441314	2.135200268511832	
789.99	222.95	0.8675302616068302	0.2399461333857965	
789.99	225.97	0.40360952008441314	2.159205013171596	
686.0975	347.31	0.5197826091655772	-1.1094124610908775	C21H27N7O14P2,C21H27N7O14P2
599.0149	224.13	0.5334833652601977	1.0638196047000994	
599.0709	420.28	0.40360952008441314	2.3150406879849856	
688.1553	263.42	0.38970954663492774	-2.7837351456572548	C21H35N7O13P2S
795.0095	224.26	0.5644610267882088	0.9607486145312546	
692.4056	36.21	0.42904680266758427	1.783691573666787	C38H53N5O7
554.1754	24.39	0.66868589217432	-0.6773385291761949	
802.0173	224.53	0.8597841637158331	0.2644371202477445	
802.5189	224.66	0.6801541971275056	0.6451915741869841	
803.0198	224.4	0.679649829546201	-0.6474060005428903	
603.5218	207.82	0.7592199087216692	0.45970734350883385	
603.5218	210.84	0.679649829546201	0.6484078118745096	
604.3531	35.42	0.5461581846043635	1.0256382202560612	
555.1059	248.79	0.4293966091508826	-1.6945992155967224	
555.1059	250.11	0.22774383907036597	-9.413100806184962	
555.1059	256.04	0.38970954663492774	-3.4925969595935706	
808.1454	313.2	0.7843949840835381	-0.40927965170504677	C27H33N9O15P2,C27H33N9O15P2
696.4369	36.99	0.38970954663492774	3.4936179558451728	
810.5989	28.85	0.43104144583355597	-1.6661060117412199	
810.5989	36.21	0.4472704419398087	-1.5236995738860233	
608.0883	356.17	0.6314634538467034	0.7508890799603516	C17H27N3O17P2
608.3846	36.21	0.38970954663492774	3.5061512834224713	
609.0915	356.17	0.6073990320834352	0.8183878571704938	C17H27N3O17P2
818.0119	347.04	0.3905310211278802	-2.69069838963369	
610.093	356.04	0.5954943895832601	0.8510170867046357	C17H27N3O17P2
706.065	355.65	0.8354961582260492	0.30696781738283935	
610.8511	208.87	0.5149258916231895	-1.133887374156121	
824.484	36.6	0.4873842298156553	1.2367407588918082	
707.9869	222.95	0.9526092504224475	0.088010488330091	
707.9869	226.1	0.5843967792105513	0.8927424003002382	
708.5108	24.13	0.4305290024589702	-1.67794488352331	
708.8273	209.13	0.8624742790131924	-0.255438658115877	
708.8273	209.53	0.38970954663492774	-2.76316368340436	
829.0031	224.0	0.38970954663492774	2.7721499526377067	
830.006	224.26	0.40360952008441314	2.125092258609166	
611.8531	209.66	0.4293966091508826	-1.6826279075225639	
560.9495	28.85	0.40360952008441314	2.311579593630057	
612.1193	370.51	0.7580295351390329	0.4634988322479458	
830.9924	223.21	0.3932091188814526	-2.635046547385947	
830.9924	225.71	0.45679207839678765	-1.448807834161714	
709.5139	24.13	0.4293966091508826	-1.7305042760115232	
612.3159	134.26	0.3738605994954733	3.915293986899279	C37H42N2O6
612.8086	209.26	0.7299358686014669	-0.5220911346339522	
612.8491	208.87	0.5167273947412362	-1.1203321018387604	
710.5174	24.26	0.43371301146802405	-1.6250108217435246	
614.1615	446.72	0.40360952008441314	2.305590703231748	C20H32N6O12S2
836.011	224.0	0.19807569173575817	-12.052770040161802	
836.5123	224.13	0.38970954663492774	-3.0167498826228862	
615.1545	366.44	0.4293966091508826	-1.7680874173042154	C20H31N4O16P,C20H31N4O16P
615.1545	446.72	0.40360952008441314	2.3485879344688643	C20H31N4O16P,C20H31N4O16P
713.0065	224.0	0.934505105553789	-0.11582873381914904	
713.508	224.4	0.9578190697582208	-0.07711216534576021	
616.1573	366.05	0.38970954663492774	-2.7355778279566727	C20H31N4O16P,C20H31N4O16P
714.4677	24.52	0.5167273947412362	1.1211161536356493	
843.0187	224.26	0.4635953412480401	1.3715103282838772	
843.5202	224.92	0.9653065417682681	-0.05909260945901939	
715.3026	252.87	0.3738605994954733	-4.479249445460442	C30H50O19
844.022	224.53	0.3932091188814526	2.595629237785104	
564.3585	35.94	0.4595722983537864	-1.3947724275192208	
716.0244	146.2	0.5954943895832601	0.8534348966806518	
716.0244	156.84	0.48389731346243486	1.2538020149597255	
716.3053	252.87	0.3738605994954733	-3.947541112524683	C30H50O19
718.0219	146.34	0.40360952008441314	2.3838163750549137	
718.0219	156.71	0.4293966091508826	1.766873991046451	
720.0143	224.66	0.48998056386662875	1.2242557764416242	C15H25N5O20P4
720.958	370.78	0.38970954663492774	2.734523092568796	
721.0166	223.87	0.4635953412480401	-1.3701201764503126	C15H25N5O20P4
721.506	24.26	0.4635953412480401	-1.3707887791634903	
567.3544	134.52	0.4115298222760456	1.983710759373118	
721.9571	370.91	0.4293966091508826	1.6970928687298392	
622.9812	370.38	0.42050457458393864	1.8629735601879807	
722.5089	23.99	0.45175728522523584	-1.4691923873832284	
623.9808	370.65	0.4293966091508826	1.7705751302933228	
568.1843	313.86	0.4366982481538324	-1.6139237786027534	C20H35NO16
723.5121	23.99	0.44509975084573516	-1.5637140638877083	
624.976	370.65	0.42140220662727734	1.8299282860442543	
568.9228	324.13	0.7955631692846168	-0.38284278186353243	
625.1147	355.78	0.5429750969498796	1.0323810703452652	
724.8012	209.26	0.40360952008441314	-2.1435911368413274	
871.993	223.08	0.66868589217432	0.6789288434172007	
871.993	225.71	0.40360952008441314	2.1582931021655116	
873.0739	153.82	0.3738605994954733	4.381293408366411	
625.9664	323.08	0.7460069651451774	0.4918809196235916	
625.9843	222.69	0.7138474161989516	0.5569107104804516	
625.9843	226.1	0.4764618726679229	1.2859000199600592	
570.0491	226.76	0.4115298222760456	2.05273888928167	
626.0986	420.28	0.6513415796043603	0.7162817689136353	
570.5467	28.2	0.3738605994954733	-4.522127371018678	
570.5467	57.22	0.6290063657588535	-0.7638602487940299	
626.8244	209.13	0.4293966091508826	-1.7533302938822157	
627.8277	209.13	0.4115298222760456	-2.026377850468036	
877.0122	224.13	0.7461661164687955	0.4885903005033357	
877.0122	224.79	0.6894387298355432	0.6202440608105488	
628.8232	209.13	0.3913525861761062	-2.6799267362704975	
571.5501	28.33	0.8624742790131924	-0.2553033099675704	
630.07	355.78	0.5149522167682531	1.1292513155650608	C17H27N3O17P2
884.0199	224.26	0.3738605994954733	-5.790971981753345	
884.5217	224.13	0.679649829546201	0.6473035262236033	
631.0733	355.35	0.4472704419398087	1.5262805131619868	C17H27N3O17P2
635.8553	207.95	0.7739528304600714	-0.43288977178463617	
635.8553	211.1	0.8043136214463533	-0.36335717330865164	
736.4317	36.21	0.40360952008441314	2.1135576987913782	
636.9607	420.58	0.4595722983537864	1.3999812015042743	
637.1359	366.18	0.44754862855930094	-1.498336259889387	C20H31N4O16P,C20H31N4O16P
736.5417	23.99	0.38970954663492774	-2.795485932513609	
575.4905	208.61	0.6715230277108397	0.6687354177419552	
575.4905	210.44	0.7864587176226799	0.4039067793799381	
637.9594	420.58	0.4746984643701613	1.3055942977175106	
638.0113	224.4	0.7615628815686172	-0.4543162959403816	
638.5133	224.26	0.5533344512229958	-0.9938354799994341	
638.5133	224.79	0.4293966091508826	1.6955780419858653	
576.9747	28.72	0.4115298222760456	1.9656773013907267	
740.463	37.52	0.4115298222760456	2.059510848189767	C38H72NO8P
577.5184	28.07	0.47366549964595467	-1.3178385234759835	C37H68O4
918.0136	224.26	0.8617245102383937	0.25886311168812925	
741.1731	369.99	0.40360952008441314	-2.159575837064015	
925.0217	224.26	0.22774383907036597	9.398925462265804	
925.5231	224.26	0.3932091188814526	-2.597413169949803	
926.0248	224.26	0.38970954663492774	3.0311047272298204	
927.0263	224.26	0.4472704419398087	1.5122743415019169	
643.9776	5.81	0.8617245102383937	0.25852008305285606	
747.0001	223.87	0.47494637089868635	1.29595867189608	
581.041	420.58	0.49424925690676613	1.2039845158121698	C15H22N2O18P2,C15H22N2O18P2
748.0035	224.13	0.9985519186656291	-0.001969898451438022	
647.458	24.13	0.4115298222760456	-2.056312166466519	
748.9883	222.95	0.4472704419398087	-1.523898359320381	
748.9883	225.97	0.7267628526535128	-0.52765022320577	
749.2812	343.6	0.40582665559801007	-2.092590021244192	C28H48N2O21
749.4897	222.95	0.828205394445454	-0.31899688927906134	
749.4897	226.23	0.5828746226312143	0.8963797415596848	
648.3793	35.68	0.42811155331885975	1.7978267326013875	
648.4615	24.13	0.42050457458393864	-1.8711856319366795	
959.0146	223.87	0.5026340616521732	-1.1712782401092463	
959.0146	224.66	0.5795964997891212	0.9168088621671979	
751.5104	25.18	0.4115298222760456	1.959720489142719	
649.4647	24.13	0.38970954663492774	-3.020195355717351	
966.0229	224.66	0.8862506050207765	0.20106843105284128	
966.5237	224.26	0.40360952008441314	-2.4128276657800063	
582.9943	224.26	0.3738605994954733	4.508564173106192	
652.052	226.76	0.42811155331885975	1.8004646242169111	
753.6124	36.6	0.5828746226312143	-0.8965105825915899	
754.0079	224.4	0.5421269276029007	1.0362242204889993	
754.5094	224.4	0.4602961200594118	1.3886953032495517	
653.146	356.17	0.621670983380685	-0.7837334383535787	
584.0883	370.65	0.5026340616521732	1.1716909457151188	
585.0916	370.65	0.5207628092616237	1.1053765875013726	
758.5685	36.21	0.5296565166086712	-1.0768380359909642	C41H76NO7P
586.0931	370.78	0.4851519327285701	1.2490780672559154	
759.572	29.25	0.19807569173575817	-11.253316292992192	C43H78NO7P
664.0078	355.78	0.44509975084573516	1.5589577661502512	
664.1157	347.44	0.567186195618748	-0.9514506477554424	C21H27N7O14P2,C21H27N7O14P2
761.5165	224.26	0.5178817987011104	1.1169546299314792	
761.5876	36.73	0.518869989159179	-1.1126130596315231	C43H78NO7P
762.0191	224.4	0.40360952008441314	2.191505268599118	
762.9834	355.78	0.45220566508492166	1.4625096898204704	
763.0208	224.0	0.4388928988160207	1.6015980727668677	
664.9972	224.13	0.38970954663492774	2.9649812363034256	
763.1549	370.12	0.4293966091508826	-1.6825188821068875	
665.0382	370.51	0.4635953412480401	1.369205978951625	
665.1186	347.57	0.5954943895832601	-0.8497436255923161	C21H27N7O14P2,C21H27N7O14P2
665.4594	24.13	0.4851519327285701	-1.248602866749457	
666.0014	224.0	0.5805076456080015	0.9081152016881096	
666.1208	347.31	0.4674632104536624	-1.3452060334199467	C21H27N7O14P2,C21H27N7O14P2
666.1313	319.11	0.7539150648342039	0.47070536106583977	C21H29N7O14P2
666.9847	222.69	0.9185845385447101	0.1418341866917368	
666.9847	225.97	0.8472745690930371	0.2867298105814925	
667.1343	319.51	0.8001928983429256	0.37436418910880176	C21H29N7O14P2
589.0436	370.91	0.43143493899068375	1.6427513358814834	C15H24N2O17P2
768.5372	25.18	0.40360952008441314	2.4115272845322644	
769.5403	25.18	0.4318309545130246	1.6370453920021708	
590.0469	370.38	0.42005156530121307	1.8779537460432683	C15H24N2O17P2
590.089	378.26	0.4926205193649981	-1.2122399528449355	C16H25N5O15P2
780.458	36.6	0.4054904337554297	2.1025507533003887	
