m/z	rtime	p-value	t-score	custom_id
166.0515	1.84	0.8348261515751181	0.9170152745925927	
167.0894	24.51	0.7312678716261726	1.2458152148762403	C7H8O2
265.1066	27.15	0.8869101174900463	-0.6551747800902727	
265.1066	31.0	0.9804027003973281	-0.06125100021692079	
265.9621	20.04	0.9613345451711546	0.19767637186152168	
216.9226	22.14	0.44013965016269196	2.379206767722042	
217.1044	22.41	0.7225821771982747	-1.3627032201903317	
267.1223	30.74	0.9793096040694427	-0.06997194104893392	C14H18O5
267.1586	26.37	0.8670066925550097	-0.7775434506013607	
267.1814	24.38	0.9814806919868398	-0.05565253731421024	
268.1257	30.74	0.9352601675886179	0.3277444095753483	C14H18O5
170.0811	23.98	0.8099907779878227	1.0026114304663616	C6H8O3
268.176	24.51	0.8903884437937197	0.5829461329015548	
268.2116	24.51	0.17145993720342065	3.9798608043386303	
116.0622	38.75	0.7094676268289857	1.472272003328594	
268.2712	229.69	0.6350701582856287	-1.7144213228897247	
268.2712	234.45	0.8118431942429588	-0.984141563209246	C18H34O
268.2712	241.32	0.6722499318436084	-1.6078993938845003	C18H34O
170.1731	0.79	0.9185032303923043	-0.4311714016718995	
218.9196	22.14	0.4784257622603613	2.2460863475443795	
218.9817	22.8	0.9568152834117998	0.24251683202901406	
269.136	24.51	0.9793096040694427	-0.07478719296274254	
269.1388	26.37	0.3654793192048607	2.771642551219487	
219.1127	21.88	0.5202780964911662	2.105130686837654	
219.1127	24.51	0.8545147842485309	0.8702469770882597	
117.0741	23.33	0.8782151945657977	0.6816217925137472	
172.0942	21.49	0.9451144512054658	0.3053133751246417	
271.2052	284.25	0.7225821771982747	1.3523432693520465	
221.096	41.14	0.7782582454935061	-1.1135195219556968	
173.0783	22.41	0.8903884437937197	-0.6099999630605302	
119.0492	27.15	0.86594796664601	-0.7981546524654215	C8H6O
119.0492	30.74	0.9217285233492591	-0.37543417942154655	
173.096	36.26	0.15762460762711067	4.251175983355417	
173.096	243.95	0.14860807331017375	4.549638405435414	
222.0986	41.27	0.7782582454935061	-1.1215045740498741	
222.0986	93.83	0.4453114682357097	2.3568297985393807	
120.0809	24.51	0.7225821771982747	1.3466168284140836	
273.2573	610.1	0.9340666703022197	0.34329420734474336	
273.2573	611.02	0.9928082922587943	-0.020782702736867074	
273.9451	20.44	0.831580422737937	-0.9250874905883683	
274.0836	26.37	0.7225821771982747	-1.3128626021984353	
121.0649	30.74	0.9348516397523375	0.335572068316522	
174.938	22.67	0.9979065726707226	0.0027188009918775635	
274.1656	24.77	0.9632672322477298	-0.1613638708277731	
121.0843	24.77	0.7225821771982747	1.4119972247085897	
175.0014	23.06	0.7225821771982747	1.3634068598748592	
274.2737	34.15	0.86594796664601	-0.7936136036999429	C16H35NO2
274.9415	20.3	0.8647525594273919	-0.82080624508756	
275.0874	26.37	0.7819197365515846	-1.0890142508614384	
275.0999	21.36	0.9185032303923043	0.43724948293990235	
122.0686	30.74	0.33897464308857556	3.0590734488025224	
122.0686	65.67	0.7588067598222152	-1.1637664017768434	
175.119	1.58	0.6246997765392759	-1.7547598236554791	
175.119	24.51	0.9741850364494653	-0.12286496841528499	
224.1581	24.77	0.9613345451711546	0.17287278427769343	
176.0657	23.98	0.7286548971436837	1.2860506960100488	
275.9553	280.14	0.9505747503558589	0.2912884975788152	
225.1207	21.49	0.8869101174900463	0.639498055131907	
124.0587	23.33	0.8792950529628374	-0.6739643113642034	
277.9333	2.63	0.6313416593688749	1.7244389292493207	
226.0448	23.06	0.6930855850161861	1.5080746060461014	
177.1637	38.49	0.7856198999032418	1.078689455855362	C13H20
226.1549	0.66	0.831580422737937	-0.9416474795701707	
226.1913	0.79	0.8782151945657977	-0.6925332211683279	
226.9513	21.62	0.9878335331105944	0.0315308377782063	C6H4Cl2O5
278.9311	2.37	0.7225821771982747	1.4029559831190979	
278.9648	20.83	0.8085834068671099	-1.0122963014690733	
227.0419	22.93	0.5324201808308247	2.063522179173121	
279.1222	36.39	0.3654793192048607	2.6471557197104776	C15H18O5
227.1753	0.66	0.8670066925550097	-0.7761529256582925	
227.1753	24.51	0.8895006165882443	-0.6200689416661957	
179.0815	0.66	0.860953543285962	-0.8379042688575584	
227.9547	21.62	0.9741850364494653	0.13306663195493873	C6H4Cl2O5
228.2685	58.39	0.446499261140948	2.3497308373934462	
228.9556	21.62	0.9945888072261942	-0.009320118095001056	
280.2632	36.91	0.30846224678902484	-3.1822065055772772	C18H33NO
280.2632	48.91	0.5202780964911662	-2.0981141667825423	C18H33NO
281.1012	30.87	0.9878335331105944	0.032508744792042084	
281.1379	34.94	0.6022436313826677	1.9401373425838997	C15H20O5
281.2665	36.91	0.34068354252839483	-2.9192569956037984	C18H33NO
281.2665	48.78	0.5005505491757167	-2.1790447989502892	C18H33NO
129.0698	38.23	0.9185032303923043	-0.45060726030153925	
181.0096	22.01	0.6165347251287381	1.869867221450936	
129.1386	0.79	0.8647525594273919	-0.8265738108925939	
283.0939	24.38	0.974286717802215	0.12017568039579943	
283.1173	26.76	0.8287778367743908	-0.9609081266600078	
283.1173	29.39	0.8761968979449544	-0.7081017608754916	
232.112	44.68	0.3654793192048607	2.66728530047971	
232.1189	0.66	0.9613345451711546	-0.1661782906973552	
232.1447	0.66	0.7782582454935061	-1.1001094645468135	
232.8965	22.8	0.41859889928887944	2.43720695319396	
232.9173	20.04	0.907535592552607	0.49123916427897385	
284.1207	26.76	0.8348261515751181	-0.9182291104367815	
284.1207	29.65	0.8782151945657977	-0.6817976194572938	
182.0297	25.29	0.6246997765392759	1.7885178500384076	
131.0491	26.37	0.8287778367743908	-0.9588673713700686	
131.0491	47.07	0.9260202132940453	-0.3654968323774707	
182.0811	23.06	0.7466687151998675	1.2023052077979877	
284.2064	24.51	0.7856198999032418	1.071822726883911	
233.0783	22.8	0.7416590279647415	-1.22784779541938	
233.1508	0.66	0.9099956604272217	-0.48408158744174246	
284.2945	77.64	0.8118431942429588	-0.9886904488377813	C18H37NO
132.0031	21.88	0.8647525594273919	0.8275776273770287	
284.9099	22.01	0.41859889928887944	2.443484216671922	
285.1096	24.24	0.9156335265621289	-0.46691187963584146	
233.9128	22.14	0.8545147842485309	0.8694737290308266	
132.0888	38.36	0.7225821771982747	1.36906859843543	
285.2099	24.51	0.7225821771982747	1.389307887026345	
183.0781	23.06	0.9132171969406959	0.4740902105800006	
285.2979	77.51	0.7876682112243649	-1.0617675732374707	C18H37NO
133.1052	23.98	0.7293159795843088	1.2562335559616098	C6H13NO2
286.9068	22.14	0.3654793192048607	2.683930297214813	
286.9597	20.17	0.8953212255661835	-0.5728024318267421	
287.0888	24.24	0.7876682112243649	1.0656895204826151	
134.0683	36.26	0.86594796664601	-0.7926231601317599	
235.0751	33.63	0.8545147842485309	-0.8709830835598401	
184.0817	22.8	0.5486136099401772	2.0351376531367182	
184.8889	20.04	0.49304172405281105	2.1984997260409074	
236.1026	0.66	0.9202646514785807	-0.3964673354404611	
135.1167	38.36	0.8270273812645331	0.9645199869237971	C10H14
288.2893	34.42	0.00919028190030728	9.377939507969238	C17H37NO2
288.2893	36.39	0.010320266558145469	8.902493836896651	C18H33NO
135.1209	1.32	0.9366092469076533	0.32317749267036544	
135.1209	21.36	0.9941980555873088	0.011498284228899949	
236.1502	24.9	0.8743738933480302	-0.7187372319500073	
185.1648	0.79	0.9613345451711546	-0.17859227564168217	
289.2926	36.39	0.02642236807560829	6.85937249217343	C18H33NO
289.2926	42.45	0.3335704028308187	3.082910408535138	
290.1969	25.16	0.8869101174900463	0.6352021437645117	
136.1201	38.49	0.8869101174900463	0.6481535596479019	C10H14
237.1232	22.01	0.9613345451711546	0.2191928749309399	
237.1272	113.49	0.6165347251287381	1.8665135357922673	
137.0457	22.41	0.6246997765392759	1.8045775921141909	
291.1814	0.66	0.8670066925550097	-0.7870331585270239	
291.1925	32.05	0.9185032303923043	-0.44132867656921765	
186.1681	0.92	0.9613345451711546	-0.1943554600379287	
237.9547	2.24	0.6246997765392759	1.763562806884984	
237.9779	2.76	0.7169024159848891	1.4548702604253456	
238.1201	26.63	0.8869101174900463	-0.6556929721723882	
292.2125	27.02	0.9759339630241601	0.1147661294761658	
138.0489	22.41	0.41859889928887944	2.463105432595886	
238.2276	0.79	0.9211284825232506	-0.3823759693172185	
188.0705	24.77	0.5569786080986212	2.020835925713061	
239.1754	21.75	0.9645537635255333	-0.15793453421085987	
188.1756	22.8	0.7782582454935061	1.0987612995257048	
294.2789	215.36	0.8647525594273919	-0.8237697608333021	
294.2789	220.63	0.7968339076583422	-1.0397847210566478	
189.0522	22.8	0.7286548971436837	-1.2659178026717965	
189.0732	22.14	0.6246997765392759	1.8022534672283326	
294.9386	21.22	0.9613345451711546	-0.233140002064843	
189.112	108.45	0.30846224678902484	3.1853551581155233	C9H16O4
140.0679	21.22	0.7588067598222152	1.166699929101012	
140.0679	22.67	0.34150274229370264	2.898673361510909	
140.0679	189.41	0.9613345451711546	0.19463841899837275	
140.0679	194.79	0.8670066925550097	0.7732456168966803	
240.1804	24.51	0.4716895400196597	2.2816064607112176	
240.1804	27.81	0.5669041542354938	2.0048388281522693	
189.123	21.62	0.9563999090620507	0.2634044947541344	C6H13NO3
295.9419	20.7	0.9297726262826892	-0.35153120376253477	
140.1069	0.79	0.9348516397523375	-0.3350543399881036	
240.2683	78.69	0.15762460762711067	4.254832586562477	
240.9668	21.09	0.9741850364494653	0.12632396762295856	
241.1042	24.51	0.7876682112243649	-1.0617830354802773	
241.1838	24.51	0.42020697781592986	2.4289851473733646	
298.0829	26.37	0.7225821771982747	-1.3298682311163952	
141.1103	1.19	0.9613345451711546	-0.2064935316039166	
298.2737	36.91	0.3605980920484278	-2.81932679001248	C18H35NO2
298.2737	48.91	0.5202780964911662	-2.0958482357889423	C18H35NO2
299.0886	24.24	0.9772341652750094	0.1074662297485561	
299.1483	36.52	0.8903884437937197	0.5799625998412619	
242.9253	22.67	0.8990149253934199	-0.5352964579761954	
299.2771	36.91	0.30846224678902484	-3.1748999071142325	C18H35NO2
299.2771	49.17	0.5046205640561178	-2.1501354691558454	C18H35NO2
299.35	64.46	0.9185032303923043	0.4461855587109128	
243.1826	21.09	0.7187267762141202	-1.4440172678335887	
193.1012	38.75	0.8681603800848631	-0.7378129124736383	
193.1012	41.27	0.831580422737937	-0.9515942153676091	
300.9046	20.04	0.9613345451711546	0.16731967389660132	
243.6844	20.96	0.7286548971436837	-1.2843817114876108	
243.9415	22.01	0.6246997765392759	-1.740940559170119	
301.0945	26.63	0.7225821771982747	-1.3251996805732682	
301.1044	24.51	0.8990149253934199	-0.5124413605561752	
193.1699	0.79	0.9185032303923043	-0.4367228172090327	
244.0342	22.14	0.8782151945657977	0.699057937840561	
144.0476	24.38	0.7225821771982747	-1.3310455726472685	
244.2632	36.39	0.025944120626813567	7.023522049632481	
244.2632	41.14	0.30846224678902484	3.2858706177750325	
244.2632	43.76	0.15762460762711067	4.412870070009305	
303.1197	25.97	0.9185032303923043	-0.4125103067617738	
245.0993	22.27	0.8670066925550097	0.7544220049326595	
304.2124	25.71	0.831580422737937	0.9246656461683448	
304.2124	28.2	0.8731756372253703	0.7263196395758235	
246.1012	22.14	0.7856198999032418	1.071957297685252	
305.0992	24.51	0.8903884437937197	-0.617447419815411	
305.1355	26.37	0.7466687151998675	-1.2039858655049682	
196.0968	22.01	0.5998932233662391	1.9545323115647042	
246.2426	27.42	0.8877824188587312	-0.6247382904834832	
306.1917	24.77	0.9613345451711546	0.17509202532121096	
307.892	20.04	0.9352601675886179	-0.3310588017194409	
308.1429	69.34	0.6165347251287381	1.8934278397835487	
308.1965	37.04	0.7466687151998675	-1.193261739040364	
308.1965	41.01	0.3605980920484278	-2.8131241499643926	
147.0439	23.33	0.7807372322130159	1.0935371770955047	
308.2792	65.38	0.3761101271359569	2.592886116356768	
147.065	26.23	0.9260202132940453	-0.36090455596401644	
147.065	30.74	0.8990149253934199	0.5138123750728408	
248.237	36.52	0.7286548971436837	1.2636579641446388	
248.237	41.14	0.831580422737937	0.9287276222642554	
147.0764	23.85	0.6917445608577937	1.54779045177463	
249.1118	30.61	0.8869101174900463	0.651385226502755	
309.1459	69.6	0.9217285233492591	0.37777303728536343	
310.2225	25.16	0.7286548971436837	1.2907012678166325	
310.9124	22.93	0.9185032303923043	-0.44839944075016075	
148.1199	611.02	0.501736963598805	-2.1593792050778786	
198.0977	24.51	0.7225821771982747	1.3410706886081178	
311.0887	24.11	0.8869101174900463	0.6529220183533805	
311.1462	24.77	0.9804027003973281	0.06105433892907742	
311.1462	26.5	0.9772341652750094	-0.09534822955081709	
311.2771	214.7	0.7782582454935061	-1.1137081569507763	C19H35NO2
311.9292	22.14	0.8647525594273919	0.8241335376358279	
251.1427	66.98	0.7225821771982747	-1.417219667167157	
150.0582	23.98	0.7782582454935061	1.097636574990938	
312.3257	218.24	0.8099907779878227	-1.0077938166725229	
313.1044	24.24	0.8990149253934199	0.5243568090760158	
313.162	24.51	0.8903884437937197	0.5885684656213516	
199.1011	24.51	0.7466687151998675	1.210587321774799	
252.1706	0.66	0.8103747682154506	-0.9946101920575656	
313.329	217.98	0.7856198999032418	-1.0787777822609437	
199.1917	3.02	0.9563999090620507	0.27210510637794594	
314.1607	27.28	0.860953543285962	0.8448095416083565	
314.3323	218.24	0.7782582454935061	-1.0981901393451186	
152.0567	22.41	0.8681603800848631	-0.7418834151602228	
315.1739	79.08	0.7225821771982747	-1.398615625863791	
254.1604	24.51	0.7782582454935061	1.1207409457040656	
316.2116	21.75	0.6722499318436084	1.601503688790726	C14H26O5
316.2485	28.34	0.7444352930452895	1.217393553486548	
254.2476	29.91	0.9772341652750094	0.09467748267752656	
254.2476	36.52	0.7282995312230304	-1.2946136955471772	C16H31NO
254.2476	44.03	0.831580422737937	-0.9393129054637702	C16H31NO
254.2476	227.85	0.9185032303923043	0.4270054138666064	
254.8997	20.04	0.9741850364494653	-0.12143176446490755	
255.1205	28.07	0.8903884437937197	-0.5792851285438378	
317.1145	26.37	0.7225821771982747	-1.3111309942004463	
317.2149	21.62	0.6246997765392759	1.7633401513052454	C14H26O5
318.1916	25.29	0.9613345451711546	-0.17133432283310243	
318.1916	29.78	0.9613345451711546	0.18399725215429835	
203.0073	22.27	0.8782151945657977	0.6879205380765017	
318.2172	21.62	0.6165347251287381	1.8875979067146675	C14H26O5
203.1388	21.75	0.9563999090620507	0.26248543117078166	
319.0938	25.71	0.8990149253934199	-0.5434394282337259	
257.0571	26.37	0.7286548971436837	-1.2887694962825318	
257.0793	1.32	0.9563999090620507	-0.26326291796588525	
320.2073	25.97	0.9613345451711546	0.2248654110585175	
320.2433	26.89	0.9791451480866715	0.08701241269417558	
156.072	23.85	0.6123037943617092	1.9171102526738069	
204.9979	22.27	0.5202780964911662	2.100823040735966	
258.0605	26.37	0.7225821771982747	-1.38835054764075	
205.0971	0.66	0.9505747503558589	-0.2900298224114392	
205.0971	24.24	0.4650031581946016	2.297268324733095	
322.0772	2.1	0.6917445608577937	-1.523289684580369	
322.1865	27.55	0.9185032303923043	0.41956136585476766	
323.1461	25.03	0.9613345451711546	-0.19581541333121696	
259.0746	1.19	0.9741850364494653	-0.122449664043873	
259.105	21.49	0.8990149253934199	0.5500756725412116	
157.1698	22.67	0.8681603800848631	0.7415458341618305	
206.8938	22.27	0.4983364757438426	2.1866398233237585	
158.1368	0.79	0.8782151945657977	-0.687745865520546	
325.1618	25.29	0.930365293695129	-0.3492211430275916	
158.1651	0.92	0.86594796664601	-0.8005730890892837	
158.1651	23.85	0.9352601675886179	-0.3287702287943315	
207.1169	91.99	0.7225821771982747	-1.373769363149875	
326.1609	0.66	0.9772341652750094	0.10439038866641888	
158.9639	21.75	0.9556626777752314	0.2780523266283866	
158.9924	22.27	0.6734345685458882	1.5926041177570227	
261.0733	22.93	0.9814806919868398	0.04932493123573491	
261.1095	0.53	0.5178183604565035	2.1204229355873987	
261.1095	28.86	0.6848435403621311	1.5594428814861343	
159.0276	22.14	0.6374002706583342	1.7081436786167614	
261.1306	22.27	0.8990149253934199	-0.5467775652923346	
326.3415	224.31	0.7286548971436837	-1.2764186750336641	
327.1201	24.24	0.8903884437937197	-0.5923953644524212	
327.1376	41.66	0.9204672969620441	0.3862211205960648	
327.1411	24.64	0.9589265419361682	-0.2377182838017576	
327.1411	27.28	0.8903884437937197	-0.5890020435162252	
327.3366	213.12	0.9568152834117998	-0.24177781860014957	
327.3449	224.31	0.7588067598222152	-1.166825326003972	
328.2124	0.66	0.9174205056545948	-0.46251886546470694	
328.3401	213.25	0.8990149253934199	-0.555575127386938	
159.1491	1.19	0.9878335331105944	-0.03068582949868169	
159.9674	21.88	0.8782151945657977	0.6903461767809633	
329.1357	24.11	0.9568152834117998	-0.24501797036717352	
160.0309	22.14	0.4784257622603613	2.248513116970795	
209.0961	47.07	0.6722499318436084	1.6061387319274882	
329.1533	47.07	0.6246997765392759	1.7381315171982155	
330.1563	46.81	0.6246997765392759	1.7946531825427476	
330.2278	21.36	0.7353950210379321	1.2393975066636926	
330.3362	80.79	0.6441547047276315	1.6628487580256892	C20H43NO2
210.05	24.51	0.8103747682154506	0.9956690259871951	
210.0991	47.2	0.6246997765392759	1.7757989422337563	
331.1666	58.66	0.5928874116252644	1.9664624740067635	C17H26O4
331.3396	80.79	0.6441547047276315	1.6613188177043268	C20H43NO2
161.0919	21.62	0.9185032303923043	0.4380233179850761	
210.1964	0.92	0.9974997893844134	-0.004396611994338198	
332.2072	28.2	0.6841957396747631	1.5662607938127435	
332.2434	28.2	0.8782151945657977	0.6815628261492666	
210.9775	21.22	0.6246997765392759	-1.740024610890933	
369.1306	24.9	0.7695081340834707	1.1458764911992367	
369.169	30.74	0.9741850364494653	-0.12923789710251046	C15H29O8P,C22H24O5
369.1882	25.16	0.8990149253934199	-0.554321270089977	
369.1882	26.1	0.9488395400696128	-0.3000150253922125	
369.1882	28.73	0.86594796664601	-0.791059120713954	
369.1882	29.65	0.9724838022392684	-0.1443540912661683	
334.1861	26.63	0.9202646514785807	-0.4008797918617532	
334.2228	26.76	0.8670066925550097	0.783826187703759	
334.2945	36.91	0.9099956604272217	0.4798574875740158	
334.2945	49.57	0.8869101174900463	0.6431381855912656	
334.3374	78.56	0.13342546994324245	4.684322004718987	
369.8873	22.14	0.7588067598222152	1.1699037898303648	
162.1488	1.19	0.9772341652750094	0.09624340108977465	
211.1804	0.79	0.8869101174900463	-0.6315731877634605	
335.1894	26.63	0.9204672969620441	-0.3849785944575019	
164.0738	22.01	0.6246997765392759	1.8196174468134025	
336.2019	24.9	0.9568152834117998	0.24911507156110474	
336.2019	27.68	0.9284120391788568	-0.35711933667882495	
164.128	21.49	0.23894065604293052	-3.6226210641593624	
336.882	2.24	0.3335704028308187	3.082262807706087	
337.1043	24.51	0.8903884437937197	0.5828835934732146	
165.0546	23.06	0.5010711658622609	2.168447130537835	C9H8O3
372.8809	20.04	0.9185032303923043	0.4217672858683654	
372.8809	23.33	0.7579342768675523	-1.1767579556274625	
337.1615	26.89	0.9613345451711546	0.2048458608248189	
165.0909	317.86	0.34068354252839483	3.0323322321714308	
374.2111	46.81	0.44013965016269196	2.377647208336053	C20H33NO3
374.8816	20.04	0.8099907779878227	0.9997434415387632	
375.214	47.2	0.41859889928887944	2.4423253915545917	C20H33NO3
339.1411	26.63	0.836900081885146	-0.9120114650579109	
375.3214	88.71	0.8990149253934199	0.5146267115368809	
214.2527	36.39	0.77448523738417	1.1322656484362155	
421.2623	28.6	0.7929124614134633	1.0468369395436699	
376.9414	20.96	0.9793096040694427	-0.075287032184398	
340.2302	51.27	0.9741850364494653	0.1289527133459276	
377.2007	193.61	0.9878335331105944	0.030605067185112116	
340.3572	232.35	0.8038318887414176	-1.0277775335310226	C22H45NO
422.2746	26.76	0.8782151945657977	0.6937161991266267	
422.2746	33.37	0.7782582454935061	1.1159128047501352	
422.8815	21.75	0.34068354252839483	2.9825068027125208	
423.1409	26.76	0.7856198999032418	-1.073416750846984	
423.1409	33.1	0.9202646514785807	0.39614310668779323	C22H24O7
340.9306	20.44	0.8869101174900463	-0.6416968509151028	
378.2085	193.87	0.9793096040694427	-0.06797743278033203	
378.2119	27.28	0.950170639177884	-0.29617144028501885	
378.2119	33.37	0.9156335265621289	-0.4667806910028156	
378.2119	36.39	0.9568152834117998	-0.25015824583243795	
341.1357	24.77	0.9613345451711546	-0.1689258230595445	
341.1566	24.64	0.9613345451711546	0.22125374397877345	
341.1566	27.55	0.9424888009932375	-0.3093867421563984	
378.8997	22.67	0.8743738933480302	-0.7218934515589642	
424.254	26.89	0.7831477722822993	1.0844587064877897	
341.3606	232.35	0.8078587521619821	-1.0178292357346836	C22H45NO
424.8961	20.17	0.7916573193391366	-1.05050972511222	
425.135	30.61	0.7225821771982747	-1.3634402398291332	C22H26O6
425.1564	30.44	0.831580422737937	-0.9441225432981414	C22H26O7
379.2816	161.46	0.6441547047276315	-1.676104704908029	C21H40O4
379.2816	168.06	0.7225821771982747	-1.3063230197648832	C21H40O4
425.3773	202.31	0.8985467748343151	-0.5633261365327334	
215.1444	22.01	0.8074198772719535	1.0198672783191325	
379.9164	21.88	0.6722499318436084	-1.6148215238528885	
426.1388	30.87	0.6165347251287381	-1.8663534035372291	C22H26O6
426.1598	29.91	0.8681603800848631	-0.7436486420880795	C22H26O7
380.2083	194.27	0.8728490732972035	0.729332402962904	
342.9288	20.44	0.8990149253934199	-0.561190764062183	
380.2277	25.43	0.9613345451711546	0.19744251441175684	
380.2277	28.2	0.8903884437937197	-0.59161277317209	
380.3307	239.58	0.412247789801792	2.4823337456116708	
343.1149	24.51	0.9793096040694427	-0.06755717117629773	
343.1149	27.28	0.8985467748343151	-0.5656461236854783	
343.1321	41.53	0.8903884437937197	-0.600039907674679	
343.1689	53.51	0.6246997765392759	1.835377763729725	
343.1724	24.77	0.9772341652750094	-0.09668411698525069	
427.2509	283.99	0.9260202132940453	-0.36092754663477195	
381.2996	176.12	0.11530192422170935	4.90697169572921	
381.3147	243.95	0.03563191417888665	6.282556079362973	C27H40O
428.0364	1.97	0.7047396936600692	-1.4817221331422834	
428.253	283.34	0.9726871573388247	-0.1425066927370302	
344.1358	41.01	0.8820923044856988	-0.6680017622141392	
428.2572	145.65	0.7782582454935061	-1.1047984084569737	
344.1717	0.66	0.8554664401345335	-0.8585687579191387	
344.1717	53.38	0.7225821771982747	1.3901057761744993	
344.2072	29.12	0.7225821771982747	1.4027856865500994	
428.3366	64.85	0.84501104122518	-0.9012804804051805	
382.2043	194.01	0.7102307059119672	1.4666370154867763	
382.2433	25.43	0.9741850364494653	-0.13658261885695386	
382.2433	27.55	0.9185032303923043	-0.4292025799413191	
345.1305	24.24	0.9568152834117998	0.24454992122026628	
383.125	41.01	0.8743738933480302	-0.7237803753382511	
383.1479	27.02	0.8038318887414176	-1.0288924949410294	
430.2739	110.42	0.8990149253934199	-0.5093248733599063	
430.2739	189.54	0.7225821771982747	1.3952348548859612	
383.2787	65.12	0.8670066925550097	-0.7703080252573681	C22H38O5
383.3304	254.1	0.15762460762711067	4.263690095450863	C27H42O
346.2161	92.12	0.7225821771982747	-1.3063898385838557	
346.2161	96.1	0.8545147842485309	-0.8625496028429632	
430.9138	21.09	0.8670066925550097	-0.7538069702587848	
346.2228	26.37	0.8743738933480302	0.716705696976408	
346.2228	29.52	0.7782582454935061	1.0990529569304637	C17H31NO6
431.1781	200.87	0.7916573193391366	-1.0520328250692739	
431.217	30.87	0.9613345451711546	0.1807008808680846	C22H26O6
384.3104	65.8	0.8670066925550097	-0.7485716532697236	C22H41NO4
431.2464	21.49	0.34068354252839483	2.920056620665426	
384.3338	254.1	0.15762460762711067	4.374278960486734	C27H42O
431.3836	295.29	0.16486815597512358	4.081426097146894	
431.9163	21.09	0.9793096040694427	-0.07660367026042884	
384.7715	22.67	0.6917445608577937	1.5158454574931592	
346.952	20.7	0.7916573193391366	-1.0496871463548683	
432.1814	200.87	0.7856198999032418	-1.070372900239435	
385.1828	25.43	0.9613345451711546	-0.17885318007065518	
385.1828	28.2	0.8545147842485309	-0.8858533153747897	C17H31NO6
347.2187	91.73	0.7225821771982747	-1.3468777400648257	
347.2911	26.63	0.7225821771982747	-1.333495484916249	
432.3871	295.29	0.28845046578936956	3.3821424563408553	
385.2731	276.59	0.4650031581946016	-2.2972426912195503	
385.3421	197.98	0.37131057605805823	2.629541510430947	
385.3421	203.89	0.9793096040694427	-0.07571580271230305	
433.2406	30.87	0.7225821771982747	1.34346029476824	
434.2432	30.74	0.7225821771982747	1.3707442701118968	
434.2744	26.63	0.9204672969620441	0.3898716394523438	
434.2744	27.94	0.8831246168020983	0.6623642007131629	
434.3347	150.25	0.15762460762711067	4.2022322555941365	C27H44O4
348.0704	1.71	0.7225821771982747	-1.3386649129670667	
386.2535	0.66	0.7225821771982747	-1.3089156449474983	
386.2535	28.47	0.6537830097482616	1.648272625787486	
348.202	25.84	0.9793096040694427	-0.07081353924758468	
348.2383	26.37	0.9185032303923043	0.41607018665576556	
435.2447	30.74	0.6917445608577937	1.5213925356535702	
435.2622	193.87	0.9741850364494653	0.12148896262785676	
436.1963	27.15	0.7293159795843088	-1.2529954472202633	
436.1963	28.86	0.6165347251287381	-1.884509518293216	
482.2877	102.67	0.30846224678902484	-3.2528130515795683	C22H44NO8P
482.2956	27.55	0.8545147842485309	0.8793143584104905	
436.2538	26.37	0.6722499318436084	1.6066041585807387	
436.2538	30.17	0.6917445608577937	1.523556056893427	
349.8916	20.04	0.9793096040694427	0.08327850178790823	
387.1986	24.64	0.9185032303923043	0.41304031223546245	
436.3417	202.57	0.3654793192048607	2.68004003128427	
387.2526	58.0	0.9185032303923043	-0.440746357185797	C24H34O4
350.1721	51.27	0.6246997765392759	1.7446001294942064	
350.1774	145.65	0.7594367559551208	-1.1610127258939666	
350.1774	189.54	0.8990149253934199	0.5257410716468177	
482.9267	20.83	0.8990149253934199	-0.5429191659697488	
350.2173	27.42	0.9185032303923043	0.41738574748204244	
350.2534	26.89	0.8985467748343151	0.5646088097381554	
350.2534	27.94	0.7782582454935061	1.108312033744573	
483.2991	27.28	0.8869101174900463	-0.635328043359913	
351.1352	46.94	0.7506938993735028	1.185677154053371	
437.2581	193.74	0.9724838022392684	-0.1453497204089868	
437.3112	37.17	0.9568152834117998	-0.2459591057932456	
388.1829	30.87	0.8903884437937197	0.6110625096485351	C22H26O6
388.1902	41.53	0.7466687151998675	-1.1986265088392873	
437.345	202.18	0.30846224678902484	3.2073712744674205	
388.2266	53.38	0.6211777374319629	1.8489701752195051	C17H33O7P
437.8745	20.3	0.455546124443514	2.330858065855299	
437.8745	21.88	0.8990149253934199	0.5161114434824954	
485.2793	218.38	0.7286548971436837	-1.2804497146812999	
438.2613	193.87	0.9772341652750094	-0.10602663796906978	
438.2695	27.02	0.9340666703022197	0.3422392069545861	
485.3587	20.96	0.7225821771982747	-1.4100230802331344	
485.4673	265.84	0.7286548971436837	1.288198565645168	
439.1359	28.86	0.866610647507364	-0.7890175316219227	
388.3935	171.37	0.028318540706798054	6.609871317773922	
439.3181	153.17	0.2413203012769604	3.596629041853877	C27H44O3
439.3391	182.03	0.15762460762711067	-4.426145480976377	
486.3617	21.09	0.7466687151998675	-1.2060275513753809	
389.1855	30.74	0.8990149253934199	0.5360154470556352	C22H26O6
389.1937	41.27	0.8545147842485309	-0.8797741076077596	
352.8972	21.88	0.3759452921874728	2.610052225792336	
487.3156	213.25	0.3335704028308187	3.089301151412405	
487.3331	220.35	0.9613345451711546	0.21093576007724668	
440.8687	20.17	0.8871010854727568	0.6297228329591382	
441.1308	24.77	0.6722499318436084	1.6048330249609324	
441.1308	29.65	0.7225821771982747	-1.4057046907294484	C22H26O7
441.1516	27.28	0.86594796664601	-0.7959216389693992	
488.2498	24.38	0.9613345451711546	0.16517491996869274	
441.2371	0.53	0.8990149253934199	0.5084842663482744	
488.2878	218.9	0.7663451871179903	-1.1524876644049573	
488.3366	220.63	0.9613345451711546	0.20402989730215257	
353.352	218.38	0.8099907779878227	-1.000315306634344	
390.1883	30.74	0.9563999090620507	-0.2644283087382637	C22H26O6
441.2983	533.91	0.8545147842485309	-0.8707885267502194	
441.3546	209.68	0.17234156198331715	-3.932422631147798	C27H47NO2
390.285	28.99	0.9563999090620507	0.2601155192244516	
488.8718	21.75	0.3605980920484278	2.8248757206332837	
442.1547	27.28	0.86594796664601	-0.8131930521141235	
442.1547	154.09	0.9814806919868398	-0.05328212029113401	
442.1547	161.6	0.7005456966912273	1.4907710115582868	
442.2573	52.06	0.8990149253934199	0.5257289042068872	
442.2573	56.82	0.7286548971436837	1.266857072976014	
489.3124	175.73	0.6954230259920221	1.503255000758652	C23H48NO6P
489.3124	214.17	0.9563999090620507	0.2644719574053009	
489.3611	64.07	0.7286548971436837	-1.2751048601411121	
442.4041	254.62	0.6123037943617092	1.9135283629318405	
391.2837	201.65	0.4453114682357097	2.3597759200907507	
490.3156	174.91	0.8990149253934199	0.5117277861605425	C23H48NO6P
490.3156	194.53	0.8514892590284805	-0.8921361345567027	
490.3156	214.04	0.5315985061730029	2.07290741296912	
442.8692	20.17	0.86594796664601	0.7987304368110121	
490.3443	210.76	0.9185032303923043	0.4202649250138399	
443.1568	27.28	0.7416590279647415	-1.2274098312291604	
490.4612	274.9	0.3654793192048607	-2.7439808121501477	
392.2276	26.37	0.9202646514785807	-0.40369524194282747	
392.2276	28.6	0.9814806919868398	-0.0486748819009663	
443.3879	201.13	0.6246997765392759	-1.7663856339920645	C30H50O2
392.2537	36.91	0.3654793192048607	-2.6710387412006624	
392.2639	26.89	0.9613345451711546	0.1820023532197137	
392.2639	29.25	0.7916573193391366	1.0524060063542657	
392.2639	33.24	0.9613345451711546	0.21666760515599043	
392.2871	201.65	0.49220331974998865	2.2089975769896517	
444.2713	134.83	0.34068354252839483	-3.0041374732333654	
444.3316	64.46	0.8545147842485309	-0.8635611613796893	
490.8689	22.14	0.3654793192048607	2.6953402074607276	
444.9287	20.96	0.8670066925550097	-0.7577724191115884	
491.3347	27.15	0.9099956604272217	-0.4867176647219744	C26H45NO5S
491.3477	210.63	0.9804027003973281	-0.060517420127692324	
491.4647	274.9	0.3605980920484278	-2.807580194065351	
445.3349	64.46	0.7769299647388943	-1.1281521975371998	
393.2574	37.04	0.30846224678902484	-3.2487943212850086	
393.2574	41.01	0.6246997765392759	-1.7768217975411105	
492.2902	91.33	0.9814806919868398	-0.04928217239830691	
492.3381	27.15	0.8782151945657977	-0.683493292552427	C26H45NO5S
492.3445	181.9	0.8118431942429588	-0.9907947441131687	C30H45NO3
446.2168	26.89	0.6814294077886863	1.5760409515118372	
446.2168	33.37	0.9185032303923043	0.4256948763418266	
492.4249	222.07	0.907535592552607	-0.4931355244011239	
394.2161	162.65	0.8670066925550097	-0.7683858627553607	
394.2433	25.97	0.9724838022392684	-0.14388523789540267	
356.3519	140.22	0.8990149253934199	0.510272500565655	C22H45NO2
395.0262	22.01	0.7225821771982747	1.3434287689073108	
447.3828	269.52	0.9099956604272217	-0.48574586446149626	C29H50O3
356.9084	23.33	0.7225821771982747	-1.3198925794948206	
447.9038	22.01	0.9741850364494653	0.1258520026574925	
395.3994	249.46	0.8743738933480302	-0.7202898568683703	
448.2325	29.91	0.9613345451711546	0.1838393906361567	
448.2325	30.74	0.9632672322477298	0.16060555227434098	
357.1306	24.24	0.8647525594273919	0.8192046999457702	
357.1306	26.89	0.860953543285962	-0.8385825781853694	
357.1306	27.55	0.8869101174900463	-0.6323606953857829	
493.3883	294.77	0.9185032303923043	0.4543982662672588	C30H52O5
396.2316	194.01	0.9202646514785807	-0.39770066158033635	
396.2939	32.32	0.7417634630665512	-1.2234197384603243	
494.2958	28.07	0.8990149253934199	0.5473287636339589	
449.2357	30.87	0.9772341652750094	0.10402134240334857	
449.245	211.02	0.9185032303923043	-0.44090348280415276	
396.4194	286.21	0.7782582454935061	-1.1182146182263482	
449.3478	32.05	0.7731877763420929	-1.1405438094275067	
494.3917	293.98	0.9296640268617965	-0.3545919314305913	
397.183	25.29	0.9613345451711546	-0.1971073974778457	
397.183	28.07	0.8085834068671099	-1.0131629649211593	
450.2735	189.28	0.9185032303923043	0.4534811022758859	
397.2351	193.87	0.9528633965999938	-0.2854298335532167	
397.2709	0.66	0.9754848850507807	-0.11644797608260146	
450.3512	32.32	0.7293159795843088	-1.2543847713279521	
495.2995	28.2	0.6382616606292666	1.694481449105925	
495.2995	210.63	0.9204672969620441	0.3876187274025945	
495.2995	246.31	0.6211777374319629	1.852100980212431	
451.2571	0.79	0.9185032303923043	-0.4159472209421179	
496.3112	26.63	0.831580422737937	0.9270746825857501	
451.3543	32.32	0.7225821771982747	-1.3564546888027484	
452.2484	27.02	0.8990149253934199	0.5145750514082283	
452.2484	32.58	0.8990149253934199	0.5549991353724444	
398.2403	31.92	0.6165347251287381	-1.8646986919837327	
359.1462	24.24	0.9804027003973281	-0.06200279841727361	
498.415	263.71	0.9814806919868398	-0.053167107260018796	
498.9005	21.09	0.9185032303923043	-0.42893772181466716	
398.8899	20.3	0.86594796664601	0.8071087076914859	
398.8899	22.41	0.8670066925550097	0.7846828492401159	
453.2724	0.66	0.9790728207276198	-0.08823554281175301	
399.1434	28.86	0.8137362628124757	-0.9803462793325859	C22H22O7
499.9036	21.09	0.9741850364494653	0.13260414429613984	
399.1987	25.16	0.9613345451711546	-0.2152476124538189	
399.2499	0.79	0.8670066925550097	-0.7519580250430924	
399.2499	62.1	0.86594796664601	-0.7914044440627148	C25H34O4
360.1585	41.27	0.7466687151998675	-1.1940867330162288	
399.3253	193.22	0.04446243048723922	5.98156890706142	C27H42O2
454.1703	36.39	0.9563999090620507	-0.26709828124888974	C24H30O6
454.2644	27.15	0.8903884437937197	-0.5801417032014121	
454.2924	95.27	0.831580422737937	0.9347553547646041	C21H44NO7P
502.2921	65.8	0.7225821771982747	1.3263707421240745	C25H44NO7P
502.3733	83.02	0.6165347251287381	1.894163968493865	
400.3053	65.12	0.8647525594273919	-0.8200642832341348	
361.1923	210.76	0.9419872821643754	0.3110923281933297	
361.2343	0.79	0.9556626777752314	-0.27628515070209203	
361.2343	31.92	0.6246997765392759	-1.777031780214816	
503.3269	224.04	0.9185032303923043	0.44355607404558955	
503.3703	263.58	0.9793096040694427	0.07513750155835879	
456.289	193.87	0.9613345451711546	-0.20950551665831635	
456.3003	189.41	0.8869101174900463	0.6370931341393815	
361.3653	119.68	0.013425531414815143	8.309480872741018	
457.1256	26.89	0.8761968979449544	-0.7049452146535583	
457.2035	27.42	0.8782151945657977	-0.6997688763087504	
457.2035	32.45	0.9260202132940453	-0.36754466575687206	
401.159	27.15	0.8681603800848631	-0.7367347510599955	
457.2483	187.44	0.8869101174900463	-0.644836200797138	C20H42O7P2
457.2857	188.75	0.9352601675886179	0.32819646842809236	
457.2922	193.87	0.9185032303923043	-0.4112497626912076	
401.2642	224.18	0.7225821771982747	1.4123733163697891	
401.3087	64.99	0.8869101174900463	-0.6518460867081042	
401.3411	200.87	0.8287778367743908	-0.9581584863258765	C27H44O2
458.2896	188.75	0.8103747682154506	0.9968769806221567	
458.3048	219.03	0.8990149253934199	-0.5404528376132263	
362.217	26.63	0.9185032303923043	0.4351977595893493	
362.217	31.92	0.8877824188587312	0.6243330363768244	
402.1623	27.28	0.8871010854727568	-0.6285107247941635	
458.3471	84.6	0.5010711658622609	2.1666995593799503	C25H47NO6
505.3082	210.76	0.831580422737937	-0.9305653382497159	
458.4714	200.21	0.8903884437937197	0.5984025220711915	
362.3685	119.68	0.00626493395076281	10.384252724178355	
402.3445	193.09	0.8655593907789672	-0.8155648590643413	
505.389	209.16	0.9930261796374122	0.014779433760404241	C31H52O5
459.2652	177.83	0.9563999090620507	0.26735746356480206	
459.2652	198.51	0.9297726262826892	-0.35102339798879156	
505.8908	209.16	0.9260202132940453	-0.3609001446244777	
362.9259	21.09	0.9340666703022197	-0.341686754623068	
403.1743	24.51	0.7183252898390085	1.4467661015657243	
403.1743	31.0	0.831580422737937	-0.9341917964619612	C22H26O7
506.311	210.76	0.7742552153333173	-1.1377500220998413	
363.1715	234.85	0.15762460762711067	4.242995759376399	
363.1715	243.29	0.8903884437937197	-0.5923837172718661	
363.2209	26.76	0.9185032303923043	0.42401370533327537	
363.2209	192.43	0.41859889928887944	-2.448340316278909	
404.2061	30.87	0.9793096040694427	0.07599239846220368	
404.2639	27.94	0.8961699149384278	0.5706988603232922	
363.9293	21.09	0.9217285233492591	-0.37945305738796364	
461.3625	211.55	0.9132171969406959	-0.47454344014129896	C29H48O4
461.3625	221.15	0.9613345451711546	-0.1656075388079396	C29H45NO3
508.3028	112.04	0.860953543285962	-0.8423849258695988	
405.2094	30.74	0.6917445608577937	1.5416774370202857	
508.4718	275.03	0.3761101271359569	-2.5990073912432474	C32H61NO3
462.3056	28.47	0.9613345451711546	0.16855303067491656	C25H36O5
462.4149	203.1	0.8545147842485309	-0.8842252767065818	
462.4149	210.63	0.8038318887414176	-1.026546921079719	
364.2327	25.03	0.7466687151998675	1.1964100825549866	
364.2327	27.81	0.9185032303923043	0.4547237858512932	
364.2327	33.37	0.9217285233492591	0.3767020229413944	
509.3063	112.44	0.8362067575346445	-0.9141846044255924	
406.0421	21.62	0.7297884462505403	1.250635932751046	
406.2009	41.01	0.9202646514785807	-0.3996749304025548	
406.2122	30.74	0.7286548971436837	1.2675820055570626	
406.2433	27.94	0.6374002706583342	1.7059783321150248	C20H34O8
406.2433	33.89	0.7225821771982747	1.3886593206560656	
406.2433	36.39	0.6246997765392759	1.7749344237965163	
509.4753	274.9	0.3654793192048607	-2.6522345078253955	C32H61NO3
463.2771	34.94	0.9568152834117998	0.2560658008498133	
407.2044	41.79	0.939609695385053	-0.31603299858604983	
464.2188	193.48	0.9613345451711546	-0.1726208943747855	
408.2229	26.37	0.8761968979449544	-0.705854825563858	
464.2277	27.15	0.9204672969620441	0.3892587139958422	
364.9947	24.51	0.6246997765392759	1.760382044457236	
408.2589	28.2	0.9568152834117998	0.2501597233713988	
408.2924	110.16	0.9185032303923043	-0.4203124037769123	
464.2847	30.61	0.7856198999032418	1.0764002197410716	
464.4457	272.27	0.8681603800848631	-0.7380362229858158	
510.8556	20.17	0.5324201808308247	2.0597537808186948	
408.9185	20.44	0.8903884437937197	-0.6053737107787189	
409.1614	30.87	0.86594796664601	-0.7968275295482068	C22H26O6
409.2623	28.34	0.9793096040694427	0.068198268666525	
409.2803	37.04	0.36251014526339137	-2.7954645267480625	
409.2803	41.01	0.5010711658622609	-2.1647489175234815	
409.2958	110.42	0.8990149253934199	-0.5081031569792785	
465.2309	27.42	0.9340666703022197	0.3385298757085244	
465.2309	160.94	0.9568152834117998	-0.24279169243078888	
409.9204	20.57	0.8670066925550097	-0.763434033708134	
512.2041	154.35	0.902762925754169	0.5005873873280744	
366.2483	25.29	0.9741850364494653	0.12258859785070206	
366.2483	27.81	0.9741850364494653	0.12684104387109588	C19H30O6
512.3064	26.63	0.8903884437937197	-0.5845112905427383	
512.3064	92.38	0.7286548971436837	-1.261243355027648	C24H47O9P
410.1647	30.87	0.7225821771982747	-1.3171843112623887	C22H26O6
410.2111	161.86	0.30846224678902484	-3.2272412209148333	
410.2294	0.66	0.833548194988575	-0.9212675478545527	
410.2383	27.02	0.9204672969620441	0.3842513980147907	
410.2746	25.71	0.9903650782669631	-0.026148961150004136	
466.2644	27.68	0.9827784968766565	0.0450341228980831	
466.3007	27.55	0.9185032303923043	0.4538991136889336	
512.9163	21.09	0.9563999090620507	-0.2583678493525385	
367.2822	112.31	0.8990149253934199	-0.5380604903081827	
467.2686	27.94	0.9185032303923043	-0.4458662682101314	
468.3342	174.78	0.9613345451711546	0.1865043020437758	C23H48NO6P
468.3454	179.67	0.23730270090702976	3.646873190231845	C30H45NO3
515.134	36.52	0.7166074104114495	-1.4579422862462827	
515.328	198.64	0.8990149253934199	-0.5341348174510006	
515.8908	22.01	0.6841957396747631	-1.5627081559406457	
368.3883	266.5	0.4784257622603613	2.232958288658304	
413.1779	26.1	0.8681603800848631	-0.7366120949118407	
413.1949	36.52	0.9613345451711546	-0.1948422815499907	
413.3247	52.19	0.9563999090620507	-0.2691322798882563	
517.3429	235.24	0.17122707769377288	4.003677675899153	
517.3557	210.76	0.8903884437937197	0.5845295100330478	
518.3107	37.17	0.8990149253934199	-0.5106578447489609	
543.3887	192.96	0.02561570891830785	-7.172010289541182	
518.3686	176.12	0.02642236807560829	6.77984000642865	
518.3756	210.76	0.9174205056545948	0.4632464638523261	
518.4563	317.07	0.0003040763766216607	17.25427913517797	
414.9393	20.7	0.6995467515780435	-1.4942098142386162	
519.3593	305.51	0.86594796664601	-0.8006250953542426	
519.3666	176.25	0.17122707769377288	4.004274419941947	
519.3666	185.73	0.8820923044856988	0.6696625412077675	
519.379	210.76	0.9772341652750094	0.09545720539767659	
472.9009	20.44	0.8647525594273919	0.8196145915894474	
519.4598	317.07	0.0003040763766216607	18.333205797137666	
544.8933	20.7	0.8869101174900463	-0.6367190098275893	
415.1743	24.77	0.6441547047276315	1.6687866995683813	
473.3176	210.76	0.9217285233492591	0.37655060936690055	
415.2436	62.1	0.9741850364494653	-0.13126490997598067	
415.2793	233.27	0.9613345451711546	-0.2305591875755961	
546.1859	168.45	0.5202780964911662	-2.1043217544851864	
474.321	210.76	0.9202646514785807	0.39896743542424373	
520.3547	111.91	0.8990149253934199	-0.5149568491208895	
520.3819	210.76	0.937797076520264	-0.3198860005784165	
520.4355	277.38	0.9930261796374122	0.016552565725844667	
546.399	82.5	0.6009621826551558	1.9454750802367797	
546.399	176.12	0.014770781921749838	7.991854507605284	
546.4067	210.76	0.9185032303923043	0.41142255911446113	
475.1572	193.87	0.6722499318436084	1.6159165512805034	
475.1934	25.03	0.9848697402228992	0.0412273713324964	
521.3582	111.52	0.8670066925550097	-0.7652176621525404	
521.3712	208.63	0.9613345451711546	-0.18743625638384853	
475.3241	210.76	0.9505747503558589	-0.2928410368706429	
475.3776	278.17	0.9613345451711546	-0.20596190983995227	C30H50O4
475.4697	309.18	0.6246997765392759	-1.7881687658278058	
522.3267	29.65	0.9772341652750094	-0.09632255348611107	
547.4104	210.76	0.9613345451711546	-0.19155543335229538	
476.2439	30.3	0.9185032303923043	-0.44300207085044796	
476.2439	229.82	0.8782151945657977	-0.6940765596324519	
417.1583	283.99	0.6246997765392759	1.7347019395962642	
476.2848	29.78	0.6165347251287381	1.870266834786702	
417.255	210.76	0.8990149253934199	0.5562316298553063	
476.3281	305.23	0.9793039751679888	0.08539308923081251	
417.3359	151.85	0.13106433121660585	4.745964002214903	C27H44O3
476.906	20.44	0.86594796664601	-0.808032433801737	
477.2158	283.86	0.3605980920484278	2.840853202706861	
417.8789	20.04	0.8670066925550097	0.7631958475168115	
418.1618	283.86	0.5324201808308247	2.059507058851687	
418.2433	27.15	0.9941980555873088	0.010972487936116507	
418.2583	166.75	0.8985467748343151	0.5637592165371339	
418.2583	210.76	0.9568152834117998	0.2541319577611284	
478.1985	168.58	0.6009621826551558	-1.946528856630265	
418.3392	152.38	0.15762460762711067	4.142473110776294	C27H44O3
478.2188	203.23	0.9352601675886179	0.32885660964684293	
478.2738	75.67	0.8990149253934199	0.5477650440974684	
523.2993	186.0	0.7225821771982747	-1.310807035025809	
478.3007	28.2	0.8792950529628374	0.6768253573839588	
419.1696	25.03	0.5928874116252644	1.9680648307692223	
419.1696	27.15	0.8670066925550097	-0.7779836592621264	
419.2251	30.61	0.8903884437937197	-0.591447548036711	
419.2342	134.31	0.9613345451711546	-0.1732664373555687	
419.2342	194.01	0.7183252898390085	1.4490362162208528	
419.2342	243.69	0.7225821771982747	1.3938070168160732	
420.1729	27.28	0.860953543285962	-0.8405010506510586	
420.201	31.0	0.9563999090620507	-0.26148481136734714	
524.1934	219.69	0.9772341652750094	0.09829990792708863	
420.2318	177.04	0.86594796664601	-0.7978351437153464	
420.2318	186.52	0.8670066925550097	-0.767315869968695	
420.2954	32.05	0.28845046578936956	-3.39757192915489	
524.303	186.39	0.34068354252839483	-2.9504996742146212	
549.4151	207.58	0.9814806919868398	-0.04857801651703625	
480.2797	32.32	0.7225821771982747	1.3245782742442014	C26H37NO7
420.8849	21.88	0.3654793192048607	2.6483503817693075	
550.2544	58.0	0.9185032303923043	-0.43550083698308395	
525.3056	186.0	0.7286548971436837	-1.2713963644870039	
550.3655	210.76	0.7782582454935061	-1.1015730832781732	
550.9143	20.7	0.9613345451711546	-0.17229099673955472	
526.4463	264.11	0.9741850364494653	0.13337123542322857	
551.3683	210.89	0.6803138515537815	-1.5824908666231068	
604.2086	188.36	0.9613345451711546	-0.19178443724954902	
527.2899	151.72	0.6917445608577937	1.512038736562991	
527.2899	210.63	0.831580422737937	-0.9477932267142318	
604.4721	196.27	0.9878335331105944	0.03430863787800568	
527.4024	208.24	0.9613345451711546	-0.22673719451526655	
527.4495	263.58	0.9185032303923043	0.4115216238480277	
605.2118	188.49	0.9185032303923043	-0.4122918568750497	
605.3146	283.6	0.6441547047276315	1.673661781188194	
605.4753	196.4	0.9804027003973281	0.0648861469877624	
552.269	76.59	0.9741850364494653	-0.13542562553041843	
673.3385	304.04	0.34068354252839483	-2.976229938579168	
673.4228	209.03	0.7225821771982747	-1.306700582124759	
528.3029	26.23	0.9217285233492591	-0.3739559527835696	
605.5841	388.26	0.831580422737937	-0.9522892100397503	
606.188	108.19	0.9563999090620507	-0.2588967357006792	
606.3179	283.6	0.6382616606292666	1.7020160411869116	
607.3209	283.6	0.6830165259528924	1.571780227063192	
675.3519	282.94	0.6441547047276315	1.668615686051849	
530.2874	76.46	0.9547886706395808	-0.2818666088690084	C25H42NO7P
530.3217	95.27	0.4099205437478666	-2.4921659129493348	C25H50NO7P
553.8555	20.3	0.77448523738417	-1.1339179149847898	
530.4539	275.16	0.34080560257056347	-2.9093961865920783	C32H61NO3
554.2425	115.74	0.8761968979449544	0.708206721995995	
554.3164	31.4	0.9772341652750094	0.10564214572971496	
554.3414	193.48	0.7782582454935061	-1.111003783951392	
677.2626	203.23	0.9140901325278631	-0.47144547771972545	
678.3084	250.38	0.7455934802536445	-1.2144012495250274	
555.2542	229.69	0.45734122251714665	2.3229836600709555	
532.2066	193.48	0.9613345451711546	-0.17928704809250992	
532.3024	104.9	0.9568152834117998	-0.2551875541001113	
555.4444	204.15	0.7225821771982747	1.31094402384652	
679.448	257.12	0.8782151945657977	0.6882150850712409	
679.448	286.21	0.781291357974146	1.091310279092893	
532.384	63.28	0.8545147842485309	-0.8621955566994455	
532.3915	220.35	0.860953543285962	0.8470739384040673	
556.3026	83.02	0.8670066925550097	-0.7529611132091819	
533.2101	193.87	0.9613345451711546	0.19439621923132208	
680.4501	257.12	0.7782582454935061	-1.110831664678921	
680.4501	286.21	0.7225821771982747	1.3650861524412756	
533.3762	210.76	0.831580422737937	0.9268349368665435	C26H56NO6P
533.3873	63.28	0.7916573193391366	-1.0554292167389203	
556.8577	21.88	0.34068354252839483	2.921434924779643	
533.4728	308.4	0.3654793192048607	2.652306373752261	C32H63NO3
557.1509	36.65	0.9793039751679888	-0.08454844892348697	
680.868	20.7	0.8670066925550097	-0.779714145964065	
558.318	109.9	0.38547819289118385	-2.5649346349484503	C28H48NO8P
534.3702	194.66	0.9140901325278631	0.4707869307598383	
534.3702	214.3	0.34068354252839483	2.9190696143981403	
534.3702	234.85	0.05081900551477904	5.781251177014013	
612.8807	20.7	0.8903884437937197	-0.6093775335374928	
682.399	184.0	0.766816724278253	1.150260421596831	
558.8565	22.01	0.5302625069747873	2.078780104755903	
615.2633	193.22	0.8731756372253703	0.7269018003136021	
615.4547	204.81	0.8792950529628374	0.6761995235196551	
536.1099	36.52	0.8990149253934199	0.536210016858889	
615.9567	204.81	0.8990149253934199	0.5282510767753407	
616.2449	217.46	0.9613345451711546	-0.18235092120229343	
616.3175	218.64	0.8545147842485309	-0.8627368910884838	
617.3211	218.51	0.8903884437937197	-0.5870558982421987	
618.224	188.49	0.9613345451711546	-0.20355005122834577	
686.25	177.57	0.44013965016269196	-2.378406459756731	
686.25	182.29	0.7225821771982747	-1.306280507561822	
686.25	186.26	0.7225821771982747	-1.3234449340811323	
686.25	189.67	0.831580422737937	-0.9388770227520826	
618.4878	225.23	0.9814806919868398	-0.05241453746389069	C34H68NO6P
686.4625	226.01	0.9185032303923043	-0.4107134545260944	
686.4625	230.78	0.7169024159848891	-1.4528955278981919	
686.4625	235.51	0.8545147842485309	-0.8648122489421304	
537.2787	119.94	0.8903884437937197	-0.6075558805501203	
537.2787	120.74	0.9260202132940453	0.36627353807000707	
562.402	235.24	0.057902450240083954	5.592897575076404	
619.2277	188.49	0.8990149253934199	-0.5501734347866744	
563.2267	282.42	0.8820923044856988	0.6659855374730916	
620.4363	61.7	0.907535592552607	-0.49080347337254177	
563.4661	319.44	0.9772341652750094	-0.10067106096166487	
564.2955	83.94	0.6841957396747631	-1.5647088541989513	C28H47NO8
540.1698	196.01	0.9185032303923043	0.42133864370231955	
623.3252	283.6	0.6246997765392759	1.769188546482256	
623.3853	287.26	0.8903884437937197	0.5879283254912	
540.4257	175.99	0.8670066925550097	0.7497100694210168	
540.4257	257.51	0.6165347251287381	1.8862223209293474	
624.3286	283.6	0.6382616606292666	1.69649545397336	
624.3889	287.52	0.8743738933480302	0.7147629415579009	
624.4171	288.31	0.9930261796374122	0.017914962874597838	
540.8884	20.57	0.8903884437937197	0.583598211850631	
690.4701	198.37	0.47563151472483406	-2.266059669769728	C36H68NO9P
690.4701	202.18	0.6165347251287381	-1.8889013102398264	C36H68NO9P
690.4701	203.89	0.6814294077886863	-1.578565303543248	
624.8464	21.75	0.3761101271359569	2.588136309041522	
625.4096	231.7	0.7588067598222152	-1.1636776584101955	C31H61O10P
566.8878	21.09	0.8990149253934199	-0.5512651136332632	
692.2962	217.85	0.9505747503558589	-0.2902486669131374	C34H46ClN3O10
627.3612	209.03	0.7225821771982747	-1.3502255842365607	
692.3182	196.01	0.9613345451711546	-0.18928253059908232	
628.3649	208.9	0.7286548971436837	-1.261303009268838	
568.3565	186.0	0.7262576155801204	-1.3006176465344974	
568.4568	217.59	0.8792950529628374	-0.6749327899705532	
568.4568	257.25	0.6917445608577937	1.525710577853666	
692.8337	21.75	0.29557530113454283	3.345493828385527	
693.3001	217.59	0.9930261796374122	0.014829050905712259	C34H46ClN3O10
569.3324	283.6	0.8895006165882443	-0.6209836934389655	
569.3604	186.0	0.7286548971436837	-1.2658354829804501	
569.4348	196.27	0.9204672969620441	0.3862517828262843	
569.4348	225.23	0.9743050261404108	-0.1190213726455995	C40H56O2
569.4348	237.74	0.9202646514785807	0.4064711575861175	C40H56O2
569.4348	262.66	0.8903884437937197	0.6054181484444311	C40H56O2
569.4348	276.07	0.8743738933480302	0.7144238491800494	C40H56O2
569.4348	308.92	0.9772341652750094	0.10542053415770378	C40H56O2
694.3322	220.21	0.6917445608577937	-1.5366702174661793	
694.3322	222.73	0.3654793192048607	-2.7336720326132458	
694.3322	226.67	0.7023183359426518	-1.4865653471502764	
694.3322	231.04	0.6917445608577937	-1.511897425703	
694.3322	236.95	0.3654793192048607	-2.671054209076195	
694.3982	207.45	0.86594796664601	0.7976777378772056	
694.4431	188.1	0.9185032303923043	-0.44041770989254525	
630.2011	153.82	0.9204672969620441	-0.39255671238963413	
630.2011	161.33	0.9814806919868398	-0.047824182059930234	
630.2604	201.13	0.86594796664601	-0.7914497043977406	
570.4381	196.27	0.937797076520264	0.3191967825455533	
570.4381	225.23	0.9613345451711546	-0.2173463961450732	C40H56O2
570.4381	262.8	0.8990149253934199	0.5201002533052326	C40H56O2
570.4381	275.43	0.8761968979449544	0.7046449408567164	C40H56O2
695.3651	263.19	0.9556626777752314	-0.2764216814910119	
695.3651	270.96	0.9930261796374122	-0.01750520275235459	
695.4016	207.45	0.8782151945657977	0.6822553697632288	
695.4431	253.7	0.9613345451711546	-0.18006085139847375	
695.4431	262.4	0.3654793192048607	2.649113910414966	
748.379	214.57	0.9589265419361682	0.2370788120302181	
748.379	236.82	0.8670066925550097	-0.7645301425270566	
631.2638	201.39	0.8545147842485309	-0.8684817011953146	
631.2638	204.28	0.8670066925550097	-0.7489675173173427	
696.4047	207.58	0.8792950529628374	0.6743397402253768	
631.4828	196.01	0.860953543285962	0.8490330850065096	
631.4951	292.93	0.9568152834117998	-0.24493028834087407	
696.4745	257.64	0.831580422737937	0.9265310825854168	
696.4745	287.0	0.9297726262826892	0.35113271284322645	
571.331	295.03	0.34035351867789476	3.044643632305111	
571.4281	206.4	0.9260202132940453	-0.3636602623720703	
571.4415	196.27	0.8681603800848631	0.7370617605658639	
571.4415	225.23	0.9026234841627582	-0.5019311213060738	C40H56O2
571.4415	237.34	0.8990149253934199	0.5409742137539647	C40H56O2
632.2399	185.18	0.8655593907789672	-0.815575475428197	
632.2399	189.8	0.9099956604272217	-0.480041246763678	
632.2399	192.96	0.9202646514785807	-0.39603122852141487	
632.2399	195.06	0.9869011466222201	-0.037493010786661875	
632.2399	213.12	0.2367271194821018	3.668323112121379	
632.2399	217.46	0.9613345451711546	-0.22545428173920387	
632.2399	231.57	0.40502262728286287	-2.5186134617482105	
748.8546	20.57	0.9691973496176665	0.15123123402138045	
632.4984	292.53	0.8782151945657977	-0.6857232041266005	
632.5048	196.01	0.9528633965999938	-0.28517109657181533	
632.5048	237.47	0.9556626777752314	0.27922852874205284	
698.3414	185.18	0.9613345451711546	-0.1987324598998397	
633.2792	288.97	0.6917445608577937	-1.5352240004102335	
573.4358	119.94	0.950170639177884	0.2954680255015765	
634.3856	189.41	0.9793096040694427	0.06788446726630867	
751.3346	188.36	0.9613345451711546	0.21265914821511875	
634.8752	21.09	0.8990149253934199	-0.5259878465246716	
635.455	80.66	0.6246997765392759	1.7561011083791156	
752.3308	166.35	0.950170639177884	0.2950800380966642	
752.3376	188.49	0.9568152834117998	0.25304959626918927	
636.4589	194.92	0.47563151472483406	-2.2659877722906665	C33H66NO8P
636.4589	197.98	0.6246997765392759	-1.8028833076819635	C33H66NO8P
701.3538	194.4	0.6246997765392759	-1.773573665840027	
701.3538	197.06	0.7102307059119672	-1.4672709960062806	
701.3538	202.97	0.6246997765392759	-1.7362807713871589	
701.3538	209.03	0.28845046578936956	-3.402850441982316	
701.3538	212.99	0.4099205437478666	-2.501600874215539	
701.4727	193.61	0.8670066925550097	-0.7613977699252925	
637.3045	136.94	0.7588067598222152	-1.171165990664927	
637.4671	203.89	0.9613345451711546	0.1792306026393632	C33H66NO8P
702.3184	236.95	0.7225821771982747	-1.36391020076671	
702.3573	194.4	0.6734345685458882	-1.5947800920431223	
702.3573	197.19	0.6246997765392759	-1.7956823413288927	
702.3573	203.1	0.6246997765392759	-1.7837037666174904	
702.3573	204.94	0.49304172405281105	-2.199346377211468	
702.3573	209.42	0.34068354252839483	-3.00560992985543	
702.3573	212.73	0.6246997765392759	-1.7922887282136648	
702.3733	189.41	0.8545147842485309	0.8701929147005568	
702.8625	21.09	0.9022838203132137	-0.5034848263981442	
704.4854	202.31	0.15762460762711067	-4.169769851411352	C37H70NO9P
704.4988	134.83	0.9204672969620441	-0.3935137011677955	
576.4105	62.88	0.9185032303923043	-0.41824783747827504	
576.4176	242.9	0.9793096040694427	-0.07064243121116069	
577.4126	62.36	0.8903884437937197	-0.5979971973860735	
705.3286	205.07	0.8670066925550097	-0.7551243012120992	
642.4363	231.57	0.8871010854727568	-0.62755959012085	
644.2402	187.57	0.8647525594273919	-0.8192278723119767	
759.4391	155.95	0.9185643387595436	-0.4094835697154349	
759.4391	159.76	0.8990149253934199	0.558986107977009	
645.4986	225.62	0.9741850364494653	-0.13609573065159275	
580.493	305.51	0.9202646514785807	-0.4008713527851964	
646.5202	225.23	0.8761968979449544	0.710324158397801	C36H72NO6P
709.3238	217.59	0.9410769739692441	-0.31325289912933274	
647.4219	261.75	0.9790728207276198	0.08915303853767007	
647.5229	225.36	0.8869101174900463	0.6399704171460224	C36H72NO6P
760.821	21.75	0.3654793192048607	2.6922153750985425	
648.438	189.41	0.30846224678902484	3.2406404745334565	
582.3363	120.07	0.831580422737937	-0.9350430275967396	
762.4686	160.68	0.17234156198331715	-3.951905506508105	
762.4686	195.06	0.7829866147041877	1.0862960401060575	
650.306	288.7	0.7225821771982747	-1.3781179455515589	
583.4143	171.37	0.8990149253934199	0.5098642132803751	C40H54O3
583.4143	209.29	0.9099956604272217	-0.48308028638969935	C40H54O3
583.4143	224.31	0.8903884437937197	0.5790721688830801	C40H54O3
583.4757	242.63	0.9563999090620507	0.2737071486387486	
712.2415	222.34	0.6577158892890222	-1.6385525496263984	
712.2415	225.62	0.7466687151998675	-1.1938239385143368	
712.2415	229.3	0.860953543285962	-0.8391732600704443	
712.4774	36.78	0.15762460762711067	-4.153750415077997	
583.878	21.75	0.6917445608577937	-1.5354975293774344	
653.3361	214.3	0.9366092469076533	0.32280889689936065	
585.4297	164.75	0.860953543285962	-0.8406579516349184	
585.4297	209.42	0.86594796664601	0.81172537791558	C40H56O3
585.4297	231.57	0.6995467515780435	1.494831853009082	C35H62O4
586.4314	192.56	0.6246997765392759	-1.796765224032943	
586.4314	209.55	0.9613345451711546	0.22803361918545656	C40H56O3
586.4376	292.53	0.7466687151998675	1.208444586199004	
715.2828	217.59	0.8990149253934199	-0.5432974344429572	C34H46ClN3O10
587.4142	191.77	0.34068354252839483	-2.949745490264237	
587.441	292.53	0.8099907779878227	1.0070580371643558	
656.2753	222.07	0.24966285972234228	-3.553165012948988	
656.2974	197.98	0.8545147842485309	-0.860944548692848	
656.2974	200.08	0.7225821771982747	-1.3993207858648544	
656.2974	205.88	0.6165347251287381	-1.8783957357567664	
656.2974	209.16	0.6246997765392759	-1.7981822919943808	
656.2974	212.47	0.6441547047276315	-1.678174925427034	
716.3084	205.61	0.6441547047276315	-1.670501024876372	
716.3084	209.82	0.4650031581946016	-2.29633681939317	
716.3084	210.76	0.8869101174900463	-0.6317487633032025	
716.4251	189.15	0.8903884437937197	0.6160847215786824	
716.4633	195.06	0.6722499318436084	1.6033933786533383	C36H68NO9P
588.2137	188.23	0.7968339076583422	1.0410249645587693	
588.2137	198.64	0.6734345685458882	-1.5922228683833763	
588.2137	216.8	0.9185032303923043	-0.41523876517255226	
588.2137	222.07	0.4784257622603613	-2.2341236732532406	
657.2789	222.07	0.3654793192048607	-2.768374399212162	
657.2789	227.2	0.3654793192048607	-2.7224367478743243	
588.2866	194.27	0.7493719025623761	-1.1887833765350468	
588.444	292.66	0.8670066925550097	0.7758388946853408	
588.4773	255.15	0.8728490732972035	0.7293343821604886	
717.3292	206.01	0.6123037943617092	-1.9150295741604908	
717.3292	210.76	0.6327156022327298	-1.7199536589820197	
717.3292	214.44	0.7225821771982747	-1.3814332938219858	
717.4671	195.19	0.6246997765392759	1.7629614323137774	C36H68NO9P
589.4811	255.15	0.8990149253934199	-0.5441655248945935	
590.1927	153.82	0.831580422737937	-0.943003229990205	
590.1927	188.62	0.860953543285962	-0.8372712599237927	
590.1927	234.06	0.8670066925550097	-0.7604267515819007	
769.5427	31.92	0.44013965016269196	-2.375478604321123	
720.4951	283.99	0.9348516397523375	-0.3339301497295772	
770.8498	20.96	0.9204672969620441	-0.38795943182544684	
660.5344	237.47	0.7225821771982747	1.4105306247706035	
660.5344	262.66	0.8820923044856988	0.6667309702928719	
660.5344	263.32	0.831580422737937	0.9294187319352111	
720.8735	212.07	0.7293159795843088	1.257019818965498	
721.3578	215.22	0.7372509875513719	-1.2356776279347714	
661.2733	205.07	0.831580422737937	0.9402645442125661	
772.4876	219.56	0.7225821771982747	1.3801469188332562	
593.4416	205.61	0.9613345451711546	0.1734564345885929	
722.3629	215.36	0.7416590279647415	-1.2257057272951328	
663.282	168.85	0.7990789226296842	-1.035992101650812	
663.282	201.39	0.8869101174900463	-0.6333541992408616	
593.9433	205.88	0.9613345451711546	0.1686557403401664	
773.4915	220.08	0.4099205437478666	2.494148335713913	
594.4726	248.81	0.9340666703022197	0.3382427608822671	
594.4726	289.49	0.8869101174900463	-0.6339680552460164	C35H60O5
594.5096	295.03	0.7269729077185627	1.2979176223778466	C37H66O5
723.3031	154.35	0.8118431942429588	-0.9862057245741817	
723.3031	188.75	0.9814806919868398	-0.05314750954534758	
723.3663	215.22	0.6577158892890222	-1.6386138013038272	
664.2653	189.67	0.8903884437937197	-0.5899436370189951	
664.2653	198.77	0.8670066925550097	-0.7711202199848453	
724.5067	256.72	0.7225821771982747	1.4152984798365953	
724.5067	286.47	0.30846224678902484	3.1985548405916178	
596.5969	440.0	0.8990149253934199	-0.510083943519884	
776.4824	230.65	0.7225821771982747	-1.3103337344650128	
599.3894	21.09	0.6917445608577937	1.5268880856150588	
599.3894	23.85	0.6917445608577937	1.5264748346515322	
668.4444	237.74	0.9366092469076533	0.3236363958823732	
668.4444	249.2	0.8782151945657977	0.6902280615037582	
669.2408	203.89	0.7417634630665512	-1.2218897027452236	
669.2408	211.15	0.6441547047276315	-1.6615856089567724	
669.3759	207.45	0.34068354252839483	2.9219969569713564	C30H59O12P
777.4857	230.65	0.7225821771982747	-1.3107251902881607	
670.3781	207.32	0.6246997765392759	1.7367906469795271	C30H59O12P
728.5872	216.41	0.9613345451711546	0.19176647217458295	
602.209	219.56	0.8545147842485309	0.8817179046110948	
602.2303	181.51	0.9779030460508586	-0.0919529944419404	
602.2303	198.77	0.8743738933480302	-0.7171547547564726	
602.2303	217.19	0.8426196670990587	-0.9050594224188312	
672.4194	209.03	0.7225821771982747	-1.3932512368571557	
731.3086	177.43	0.41859889928887944	-2.4437492017433233	
731.3086	182.29	0.5106105547548675	-2.13427057871663	
731.3086	186.26	0.8099907779878227	-1.0058541772187066	
731.3086	190.33	0.7312678716261726	-1.245393967333017	
731.4145	282.94	0.9613345451711546	0.21017317494055066	
731.4244	230.65	0.7225821771982747	-1.372493665837023	
672.5759	68.03	0.8211915068137834	-0.9716425829183923	
732.4276	230.65	0.7225821771982747	-1.3501915471509545	
733.3243	172.94	0.7225821771982747	-1.4210873030190443	
734.326	172.94	0.7225821771982747	-1.4292349733308378	
734.3623	214.7	0.7782582454935061	-1.1189103781843817	
784.4518	195.19	0.5046205640561178	2.14664521866375	
785.4548	195.19	0.6246997765392759	1.7871900324306083	
737.3551	217.46	0.9793096040694427	0.07070716628732404	
738.3583	217.46	0.9613345451711546	-0.18203227868323343	
743.4006	271.88	0.9340666703022197	-0.3390170996705076	
743.4006	278.69	0.9772341652750094	0.09391431849952418	C34H63O15P
743.4821	283.86	0.9613345451711546	0.17422475975013338	
747.3758	214.83	0.9099956604272217	0.4821717014338175	
838.8375	20.96	0.8903884437937197	-0.586222163280628	
1009.2486	233.27	0.7876682112243649	-1.063094613486524	
1012.2587	209.42	0.8118431942429588	-0.9864301470522321	
1012.2587	224.31	0.7588067598222152	-1.1634028186877865	
1023.2639	243.82	0.4784257622603613	-2.240477481688064	
1026.2744	216.27	0.7286548971436837	-1.281669037595508	
1037.2796	255.01	0.3654793192048607	-2.6643322864359074	
1039.2702	224.04	0.8118431942429588	-0.9837346568746526	
1040.2905	224.31	0.3605980920484278	-2.8195928758666806	
1041.2939	224.31	0.3928984211661493	-2.5456104476405055	
851.3963	36.52	0.9185032303923043	-0.4358047199552814	
852.3999	36.52	0.9563999090620507	-0.25824308164849363	
1065.3096	283.6	0.9061007998365956	-0.4958981822738843	
1068.3214	243.16	0.6210269258372119	-1.8561967802411115	
1082.3367	255.01	0.7094676268289857	-1.472190188291268	
860.6664	212.6	0.9772341652750094	0.11171969269382376	
950.9396	711.33	0.9772341652750094	0.10685617055905876	
953.1856	202.71	0.77448523738417	-1.1345301960173098	
1110.3677	270.83	0.8903884437937197	0.61158482582831	
821.6616	308.79	0.8990149253934199	0.5105485492925497	
865.496	276.07	0.6917445608577937	-1.5232902825307182	
958.6352	332.45	0.8869101174900463	-0.6457211666825469	
823.5464	284.91	0.8475904586174583	-0.8973282718318111	
867.5117	286.08	0.8099907779878227	1.0025608980848335	
1167.7888	246.44	0.3759452921874728	2.6077866391484217	
1182.7795	244.34	0.8085834068671099	1.013597537208105	
1183.7834	244.6	0.8831246168020983	0.6635408780059862	
1196.8222	282.68	0.8670066925550097	0.772326565037698	
1197.8253	282.68	0.8647525594273919	0.8273104812997255	
1198.8282	283.07	0.8545147842485309	0.8761982896696272	
1199.834	283.07	0.8074198772719535	1.0201272457023145	
1286.6696	207.58	0.6917445608577937	1.5156233376679766	
1287.6731	207.58	0.6382616606292666	1.6933395729685343	
874.444	276.59	0.6123037943617092	-1.9226735813815017	
976.6466	227.06	0.9217285233492591	0.37366022993692916	
1242.8549	262.53	0.7466687151998675	-1.1945470025168652	
981.2168	216.41	0.9903650782669631	0.025070189638781527	
1342.9249	332.19	0.8577864334740187	0.854896686977332	
995.2329	224.18	0.3654793192048607	-2.7310007184493044	
995.6639	189.28	0.8990149253934199	-0.5217859575951332	
995.6776	103.72	0.8903884437937197	0.5834521644961088	
996.2361	224.31	0.4784257622603613	-2.2439767260030226	
1484.0598	339.15	0.8545147842485309	-0.8874163204968072	
1642.5654	598.81	0.28845046578936956	-3.379078576503769	
