m/z	rtime	p-value	t-score	custom_id
248.9604	21.49	0.8426308378002206	-0.6245411616005261	
249.051	23.33	0.4963671139159426	2.079401123934133	
249.1495	36.53	0.8426308378002206	-0.6033477106078832	C15H22O3
249.1495	68.27	0.8305333890891996	-0.9206143992918373	C15H22O3
249.9639	21.49	0.8803124671025363	-0.48712856435764984	
250.1527	36.4	0.8305333890891996	-0.763241325107432	C15H22O3
250.1527	68.53	0.7836565980142718	-1.1538956817935524	C15H22O3
250.9648	21.23	0.8426308378002206	-0.6339665210082054	
163.0605	24.25	0.9591532483757971	-0.2137676794492932	
209.0968	29.39	0.7836565980142718	-1.112544475037934	
209.0968	34.01	0.722818977228677	-1.430428802230774	
209.0968	36.4	0.8305333890891996	-0.7516638389703467	
164.0709	24.38	0.8305333890891996	0.8183620637521315	
252.9241	1.57	0.9968881991810675	-0.02882404138952624	
210.9098	2.35	0.9968881991810675	-0.034460120980604095	
210.9121	21.1	0.8512568640666365	-0.5851142010833621	
210.9121	23.59	0.722818977228677	1.429912180119173	
254.2489	255.37	0.8305333890891996	-0.9626108199304678	C16H33NO
113.9879	21.75	0.8354326752074749	-0.6884894650236164	
114.0164	22.8	0.4842127424989619	2.244892541627468	
114.9887	21.75	0.8426308378002206	-0.6112634112464548	
255.1968	36.53	0.8305333890891996	-0.8165279195347852	
212.9102	2.35	0.7389728368856585	1.3725543095514785	
212.9102	20.68	0.9481164720878648	-0.25972793411389555	
212.9102	23.46	0.8305333890891996	0.7915617438730037	
256.9201	1.17	0.7600478179058906	-1.2570534895213528	
213.9082	1.7	0.9968881991810675	-0.04934423005558453	
168.0658	23.72	0.9219484251831187	-0.3506136692505723	
170.9435	22.02	0.4842127424989619	2.238062098316132	
262.9763	21.36	0.8746692057377129	-0.5125014799060886	
262.9763	24.91	0.8746692057377129	-0.5145657018069448	
264.9346	22.8	0.8813526363378772	-0.4762700267489252	
265.9508	21.89	0.5418815832319197	-1.8347794967403632	
266.1515	36.79	0.6490767438244092	-1.5768721646659842	
216.9644	2.88	0.8305333890891996	-0.7808275067323375	
174.9464	1.57	0.9915165776492546	-0.12101406083040488	
268.9841	26.24	0.4842127424989619	-2.185028721873372	
128.9585	22.67	0.9481164720878648	-0.24372543957287404	
269.9866	26.24	0.5114673441182274	-2.0378258831536677	
218.9865	24.91	0.8354326752074749	-0.6618157436815421	
130.0864	1.83	0.7836565980142718	-1.136265991229917	
130.0864	23.86	0.9968881991810675	-0.04891221107420832	
130.9565	22.8	0.8954080586786456	-0.4175764590155032	
221.0526	22.02	0.5293621745156031	1.9371028610283731	C6H12O6
178.9723	1.96	0.9409972238546201	-0.295039738390273	
221.1543	59.17	0.7584491930947467	-1.2683209709745118	
276.0177	24.64	0.8305333890891996	0.8775651990268654	
133.0133	1.7	0.7548787560905497	-1.2882524230347232	
223.0498	22.41	0.519248109525468	1.9912754969598419	
278.8979	2.62	0.9332291490507744	-0.31430013759172915	
135.0302	22.15	0.9252879953100183	0.32607999730558945	
181.0008	22.8	0.6490767438244092	1.5736408434025861	
181.0711	22.02	0.9409972238546201	0.2958930558943355	
136.0477	26.9	0.8354326752074749	-0.6616125582709567	
281.2486	194.08	0.8305333890891996	-0.800024039794547	C18H34O2
181.9466	0.91	0.5379300392237626	1.857058364647014	
282.2521	194.21	0.8426308378002206	-0.6296670711685631	C18H34O2
282.2802	286.83	0.1503762744516632	-4.48145278699973	C18H37NO
283.1105	31.39	0.8305333890891996	0.9998550996632039	
283.1105	127.17	0.8305333890891996	0.7317479050122411	
283.1105	156.94	0.8305333890891996	0.8364047738534593	
283.1375	36.13	0.8803124671025363	-0.48951449883216247	
283.2836	286.83	0.1972425343129105	-4.071598310020984	C18H37NO
183.1385	35.59	0.8305333890891996	-0.7228284308925872	
226.9658	23.07	0.9606181700439054	0.20751352358831487	
139.0221	26.24	0.7836565980142718	1.1417716344854265	
184.8759	0.78	0.7420380797068586	-1.322135486200532	
227.9665	22.94	0.8910694818013789	0.4392514683754002	
228.9633	22.94	0.9989172864338798	0.008600307092537068	
185.1542	29.66	0.8305333890891996	-0.8205013369563777	
231.0815	22.02	0.519248109525468	1.9616366219670551	
293.9866	36.27	0.7615425130806105	-1.2376388697289147	
294.9533	20.42	0.8305333890891996	-0.8009195395685788	
294.9533	22.8	0.9974446170804175	0.01768666113665909	
294.9824	25.69	0.8305333890891996	0.8179726397345333	
295.9547	20.42	0.8354326752074749	-0.6746084430951457	
295.9547	22.94	0.9968881991810675	0.030672347564827042	
232.9865	21.23	0.8305333890891996	-1.0002833969536857	
296.8904	22.02	0.4963671139159426	2.1259655410348515	
296.9508	20.68	0.8426308378002206	-0.6043991641762514	
296.9508	22.94	0.9968881991810675	-0.09334465337024024	
298.1565	36.53	0.722818977228677	1.4471692952009214	
234.9139	1.7	0.8954080586786456	-0.4208882667680749	
298.8874	22.02	0.48745694605634166	2.1603078622404395	
299.0693	22.02	0.6423711790698291	1.6074805213185284	
299.1489	36.53	0.7313857625545169	1.4003554654700965	
300.9743	21.1	0.7836565980142718	-1.1183617467344904	
303.0699	26.37	0.8305333890891996	-0.9226752325020294	
192.1025	28.47	0.8954080586786456	0.41319000539088085	
237.0919	36.4	0.9481164720878648	-0.2683382098892721	C16H14O2
237.0919	39.81	0.9172458564655704	0.3663449639433552	C16H14O2
193.0864	25.69	0.9466600072917534	-0.2808257159929949	
193.0864	30.44	0.5379300392237626	-1.8571322689464724	
238.0953	36.53	0.9232059772325225	-0.3420971167925358	C16H14O2
149.0541	22.02	0.4842127424989619	2.2668317207658526	
238.9316	22.02	0.4842127424989619	2.2133532457402816	
239.0927	25.69	0.8305333890891996	-0.8638082916022125	
194.0816	36.4	0.987095404580759	0.14050655062798267	
306.9193	22.02	0.4842127424989619	2.23106264863471	
195.1385	35.33	0.8859787916181242	-0.4544588329538029	C12H20O2
240.9286	22.02	0.4842127424989619	2.303294091514682	
308.9163	22.02	0.4842127424989619	2.2575635400693184	
309.1532	36.53	0.5379300392237626	1.8460534010979681	
310.002	24.91	0.8354326752074749	0.6790735846107624	
311.223	36.4	0.7420380797068586	-1.329609179474608	
311.2958	222.8	0.8746692057377129	-0.5167608176827665	
312.9733	26.24	0.8426308378002206	0.60901430673936	
315.137	32.3	0.5689493212372926	1.7453554495648569	
316.9479	21.23	0.8354326752074749	-0.6674238703008617	
317.9513	21.23	0.8354326752074749	-0.6841282946078461	
246.8771	1.43	0.722818977228677	-1.4478716801739768	
246.9815	26.37	0.4842127424989619	-2.4481217439437253	
318.9522	21.23	0.86376908124794	-0.5539285751861255	
318.9809	28.21	0.8426308378002206	-0.6223896735500862	
368.8882	22.94	0.6554002074699632	1.5616708644208876	
368.9616	20.97	0.7836565980142718	-1.1792859688741373	
322.8933	22.8	0.4842127424989619	2.8407242797455647	
322.9142	20.03	0.9252879953100183	-0.3287319873354517	
324.8543	1.96	0.9968881991810675	-0.03249059946733033	
430.9281	20.42	0.8305333890891996	-0.7499688019839765	
431.9301	20.42	0.8305333890891996	-0.8586881182567003	
431.9301	22.54	0.8305333890891996	-0.7634906292420579	
326.27	286.83	0.12437020869364183	-5.069468931747004	C19H37NO3
432.8652	22.02	0.4842127424989619	2.265877161733965	
432.9261	20.42	0.8305333890891996	-0.9066604996530229	
432.9261	22.67	0.8305333890891996	-0.8198046772524494	
374.2451	32.04	0.7420380797068586	-1.3357930377635665	
374.9068	22.02	0.4842127424989619	2.2409008081580533	
375.2486	32.04	0.7420380797068586	-1.3518485513003573	
376.2515	31.91	0.8305333890891996	-0.8772890227110781	
434.8614	22.02	0.722818977228677	1.4229933706783873	
376.9036	21.89	0.4842127424989619	2.183253484962889	
436.315	253.13	0.86376908124794	-0.552802252492574	
436.8786	19.9	0.980464393365904	-0.16031360162370806	
436.8786	23.2	0.8305333890891996	0.81355049944582	
488.2445	219.52	0.9915165776492546	-0.1212275073704778	
488.3467	103.18	0.9968881991810675	-0.05913145844954711	
436.9492	20.97	0.7584491930947467	-1.2754827305635559	
330.9638	20.55	0.8746692057377129	-0.5134325600745588	
378.918	23.2	0.7389728368856585	-1.3681496968606401	
437.2407	31.91	0.7420380797068586	-1.3365274970289405	
379.9314	22.41	0.519248109525468	-1.977394476732138	
489.2531	215.03	0.9968881991810675	-0.06835520333042443	
489.2777	156.42	0.8354326752074749	0.693260940106272	
332.9221	22.8	0.8426308378002206	-0.6073672335673871	
438.2441	31.91	0.5379300392237626	-1.8476158347289902	
490.1115	152.44	0.4963671139159426	2.0969913831968303	
490.1992	194.86	0.9656455675453931	0.193751362562867	
490.995	22.15	0.9409972238546201	-0.2967341822930136	
439.0193	24.38	0.7836565980142718	1.152508200737214	
333.171	35.46	0.9725637145591943	0.17438595214047029	C19H26O5
439.3216	199.23	0.9606181700439054	-0.20682378297897713	C29H44O3
333.9383	21.89	0.519248109525468	-1.957310019230089	
440.325	199.23	0.9481164720878648	-0.2454370739206622	C29H44O3
491.2841	157.07	0.8847885785177766	0.46047299099176764	
492.1085	152.44	0.6023037322742478	1.6929393879898338	
334.8739	1.83	0.9944331854468914	0.11393476846888814	
492.3463	212.28	0.5581664594932646	-1.7794248473162857	C25H52NO6P
384.9355	21.1	0.8354326752074749	-0.6993981052226965	
441.3282	199.23	0.9103902346856677	-0.3851427665918161	C29H44O3
441.3375	212.41	0.4842127424989619	2.8145621030051204	C29H46O3
385.3073	217.81	0.9968881991810675	0.07708714973476719	
442.0902	192.89	0.86376908124794	-0.5476950454599976	
442.3409	212.41	0.4842127424989619	2.701583216321993	C29H46O3
493.1235	35.87	0.9968881991810675	0.05310580351187149	
442.8942	21.89	0.4842127424989619	2.2235214030364063	
385.9392	20.97	0.8305333890891996	-0.7103363926135152	
336.9419	23.33	0.9656455675453931	-0.18727237705457522	
443.2476	215.17	0.9662323551415332	0.18420993522575307	
443.3532	238.63	0.7866144095437525	-1.0845283723130754	C29H48O3
495.3094	200.96	0.4842127424989619	2.192504719150879	C29H46O5
444.0868	192.89	0.8305333890891996	-1.0025871332057992	
444.2496	215.17	0.9583123851919398	0.21854214943997502	
444.8912	21.89	0.4842127424989619	2.3535586529247547	
496.3128	200.96	0.4842127424989619	2.1776685887901452	C29H46O5
444.9732	36.13	0.4842127424989619	-2.325147623186753	
339.3016	218.08	0.9656455675453931	-0.18804747352168663	C22H38O2
445.2449	214.9	0.9466600072917534	0.28019820759154934	
446.0884	78.41	0.9979860442252114	0.012199032897188182	
446.1609	188.56	0.9252879953100183	-0.32893973300989	
497.082	26.9	0.8305333890891996	-0.7473562753198306	
446.9056	20.03	0.7836565980142718	-1.1421136890950752	
498.2849	192.63	0.8305333890891996	0.8892087301861583	
498.9161	20.55	0.8305333890891996	-0.7929288940958823	
390.0443	32.17	0.7389728368856585	1.3682606722909563	
390.2401	36.79	0.4842127424989619	-2.242918042799621	
390.881	22.54	0.6023037322742478	1.679994143391201	
390.9021	20.03	0.9968881991810675	0.046802289318492375	
447.064	36.4	0.7836565980142718	-1.124946404471421	
447.1647	30.99	0.7836565980142718	-1.163158608697241	C23H28O9
447.1647	188.56	0.8910694818013789	-0.43457981042987065	
499.0792	26.77	0.8305333890891996	-0.7457650791522411	
447.9723	37.71	0.9968881991810675	-0.0888193095446948	
448.138	31.12	0.7480797308468429	1.3033360486404413	
341.1183	33.09	0.7420380797068586	-1.3438284759249912	
341.1183	36.4	0.8305333890891996	-0.8323671981393557	
341.1183	40.07	0.9481164720878648	0.25056961596664634	
499.918	20.68	0.8305333890891996	-0.9289659085177232	
500.2081	159.96	0.28032993037488557	-3.639670532908275	
500.2455	193.95	0.8305333890891996	-0.7185228166215116	
500.3007	192.24	0.722818977228677	-1.4670759400005395	
500.8529	22.02	0.4842127424989619	2.1739216545255022	
392.8958	20.03	0.7836565980142718	-1.1220857678509357	
392.8958	23.59	0.8305333890891996	-0.9514132573763853	
501.862	20.03	0.7836565980142718	-1.1142218016121335	
393.8938	20.16	0.9103902346856677	-0.38955739664393807	
502.1018	192.5	0.9481164720878648	-0.24071107718870535	
502.2946	89.75	0.4842127424989619	-2.5368660427194722	C25H46NO7P
451.8439	1.17	0.9252879953100183	0.3255841618683757	
452.2785	94.76	0.722818977228677	1.4505795665722088	C21H44NO7P
394.8404	1.57	0.8305333890891996	1.0305651181853634	
502.8487	22.02	0.4842127424989619	2.560261604839386	
452.9229	20.97	0.8305333890891996	-0.7237960161761827	
395.8938	20.03	0.8305333890891996	-0.7205978554217294	
395.8938	23.59	0.8305333890891996	-0.7819093655737204	
453.1326	26.9	0.8305333890891996	-0.7258937355399876	
453.9262	20.97	0.8354326752074749	-0.675650490583339	
504.0986	192.5	0.9904848071873396	-0.12927837515133084	
454.1714	31.91	0.722818977228677	-1.4243544464051463	
504.937	20.97	0.7836475536436692	-1.1953444289625332	
454.9275	21.1	0.8910694818013789	-0.4366982609575713	
397.8893	20.03	0.9993026014322858	-0.0009057326794924374	
397.8893	23.2	0.9103902346856677	0.3847843771533281	
505.3328	220.57	0.8305333890891996	1.0100517588652953	
398.8866	20.03	0.9968881991810675	0.0539192411669927	
398.9511	20.55	0.8305333890891996	-0.8707221574514304	
455.1295	27.16	0.8512568640666365	-0.5877745281312733	
506.044	26.9	0.9968881991810675	0.06134719828416502	
456.1222	36.4	0.8305333890891996	-0.9715099671748918	
456.1693	32.04	0.6840419916859908	-1.5185534396704568	C22H26O10
400.1478	193.16	0.7836565980142718	1.1504519338950305	
400.9094	22.67	0.8354326752074749	-0.6623676770983278	
507.3091	199.23	0.9968881991810675	0.05910481719920258	C30H46O5
507.3692	216.11	0.8305333890891996	-0.7518553034430169	C30H52O6
507.3692	264.06	0.7480797308468429	-1.306932987704822	
349.2361	193.81	0.8663558737892572	-0.5372179669816571	C19H36O4
507.8761	20.16	0.8305333890891996	-0.7333979321466048	
458.0012	37.45	0.8954080586786456	-0.41341199393968214	
401.9256	22.02	0.519248109525468	-1.9939478996820512	
458.8684	22.54	0.5581664594932646	1.782665959158189	
509.325	212.41	0.4842127424989619	2.8125074986813696	C30H48O5
459.2616	31.91	0.8354326752074749	-0.6784116708398233	
510.3284	212.41	0.4842127424989619	2.3952815087074644	C30H48O5
459.3271	219.39	0.4842127424989619	2.3314674750861974	
510.8815	21.89	0.4842127424989619	2.28687686289118	
404.9292	20.03	0.8426308378002206	0.6230660721916713	
404.9292	23.07	0.7389728368856585	1.3606187199349378	
460.2131	188.56	0.8842679965508548	-0.468299068375599	
512.8787	21.89	0.4842127424989619	2.3740171651273414	
462.8786	20.03	0.8426308378002206	-0.6148740124909158	
462.8786	23.2	0.8348361086169925	-0.703259523322445	
463.1615	26.9	0.8426308378002206	-0.635267963537444	C23H28O10
464.8787	20.16	0.9968881991810675	-0.0696536561933037	
465.3044	205.29	0.0007642939211416636	13.53403056141177	C27H46O4S
514.1466	188.69	0.8910694818013789	-0.4376608169565365	
514.8927	20.16	0.8305333890891996	-0.9171266383498531	
514.8927	23.07	0.7468115190072033	-1.3131711890121966	
466.3077	205.29	0.0007642939211416636	13.698584327573995	C27H46O4S
409.3114	225.3	0.8305333890891996	-0.9862675765488268	C28H42O2
410.1767	192.76	0.9968881991810675	-0.05689366529782896	
410.2218	31.91	0.688667596753016	-1.5064858365557259	
466.8741	20.03	0.8512568640666365	0.5849260959220094	
466.9384	20.97	0.9831884564065623	-0.1475358814803506	
410.8649	23.72	0.8305333890891996	-0.7941873325214006	
515.122	30.99	0.6140317573858327	1.64961296339166	
516.0727	27.03	0.8305333890891996	-0.8496036824025279	
359.1537	215.03	0.9823806425292433	0.15541501799655077	
359.1655	36.27	0.7572371601177377	-1.2817527004406655	
411.2253	31.91	0.6490767438244092	-1.5737535528156326	
468.1821	193.29	0.9968881991810675	0.09709662228465517	
412.2185	31.91	0.7600478179058906	-1.2499762058093924	
468.8968	22.54	0.8354326752074749	-0.6738996300236078	
517.0768	26.9	0.7836565980142718	-1.166522304281632	
518.1428	193.81	0.9252879953100183	0.32948871424556725	
361.0016	24.38	0.4842127424989619	2.7691386911214297	
469.9132	21.89	0.519248109525468	-1.9612181286911101	
519.2135	202.27	0.9481164720878648	0.24702363635043498	C29H32N2O7,C28H37O7Cl,C27H31O2F7
362.9409	20.42	0.8305333890891996	-0.7489779350409767	
362.9409	22.8	0.9968881991810675	-0.05484105875914019	
520.9102	20.97	0.8305333890891996	-0.7569604350408076	
362.9701	28.21	0.6490767438244092	-1.5745667253973787	
472.1765	193.03	0.8305333890891996	-0.7554874713556332	
472.9169	20.29	0.8813526363378772	-0.47863945161999966	
363.9427	20.42	0.8426308378002206	-0.6371401728116827	
363.9427	22.8	0.9897459729898725	-0.1325589428565054	
521.3849	255.76	0.9961155348777274	-0.1081102124707936	
521.9135	20.97	0.8354326752074749	-0.6611405479234247	
364.8762	22.02	0.4842127424989619	2.2803443177049663	
417.1559	26.9	0.8305333890891996	-0.7828063815252113	
364.9377	20.42	0.8763168168470268	-0.505869436821065	
364.9377	22.67	0.9481164720878648	0.25238734474422914	
522.9148	20.68	0.8305333890891996	-0.7480108237143372	
522.9148	36.27	0.8305333890891996	-1.0132741424907892	
473.1797	192.89	0.8426308378002206	-0.6388146328204681	
418.071	188.04	0.9974446170804175	0.024674485647430022	
418.1593	26.9	0.8305333890891996	-0.7814147233450491	
365.1404	36.66	0.6278414471071324	1.6287670200544153	C22H22O5
524.1748	219.26	0.8305333890891996	0.8813926935582584	
420.2507	31.91	0.7584491930947467	-1.268007626526855	C20H40NO6P
475.2892	110.27	0.7836565980142718	-1.1468434934942302	
421.2269	68.92	0.8868530932221144	0.4511151731214973	C20H38O7S
421.2542	31.91	0.7605347543456081	-1.2454325210434538	C20H40NO6P
526.8555	22.41	0.5496047987325102	1.8127153809100722	
422.2568	31.91	0.8424750397222048	-0.6486534555719999	C20H40NO6P
422.3279	77.89	0.1503762744516632	4.426391132534272	C25H45NO4
422.9906	36.27	0.7836475536436692	-1.199173546978807	
528.2733	75.49	0.8842595517049461	-0.47071129824273605	
425.3064	186.99	0.6468243784152636	-1.5972857860323313	C28H42O3
426.1035	188.43	0.9974936296293587	0.015228738510114767	
548.1865	273.81	0.955167790876729	-0.22689384895636733	
548.1865	282.64	0.8305333890891996	0.8191288436146419	
529.2768	75.62	0.86376908124794	-0.5471906653919826	
530.0885	30.44	0.8910694818013789	-0.4417317721300191	
530.2889	104.36	0.86376908124794	-0.5539736921975552	
479.2242	215.03	0.9230338684751248	0.34465821761692056	
479.3743	262.88	0.8305333890891996	-0.8007054470846657	
530.866	20.16	0.8354326752074749	-0.6677515080902671	
530.866	23.2	0.8305333890891996	-0.7735471093380644	
480.1507	27.29	0.8305333890891996	-0.9093981014034155	
480.2734	102.39	0.4963671139159426	-2.104920558085915	C22H44NO8P
480.3777	262.88	0.8305333890891996	-0.7248481820487657	
427.3216	200.96	0.5114673441182274	2.0350440884505074	C28H44O3
531.0072	22.15	0.86376908124794	0.5552208234022412	
428.325	200.96	0.4963671139159426	2.108033905354168	C28H44O3
531.0916	30.86	0.9481164720878648	-0.25764741590049484	
531.2924	104.36	0.7836565980142718	-1.183724216607542	
429.1793	193.55	0.9968881991810675	-0.02797695998060046	C19H37O6P
429.3281	200.96	0.5379300392237626	1.8854163562839217	C28H44O3
429.3374	226.39	0.5176389922993202	-2.0113328494914366	C28H46O3
532.8665	20.03	0.9944331854468914	-0.11253939056256561	
533.0226	67.22	0.8803124671025363	-0.4870330138176196	
552.4636	273.28	0.479581840416791	-3.1587311842730723	C33H63NO5
533.291	205.29	0.001785462847896999	11.23160227313127	
534.8618	20.03	0.9993026014322858	-0.004384753766636912	
534.9263	20.68	0.8305333890891996	-0.9590575793860503	
600.854	20.03	0.9481164720878648	-0.24493755734099035	
600.854	22.94	0.7600478179058906	1.251456587362811	
553.8755	1.17	0.9968881991810675	0.05799282484962824	
553.8755	22.54	0.5581664594932646	-1.79434487500249	
485.0237	22.02	0.8305333890891996	0.8665602819933983	
535.0204	68.0	0.8922979724605777	-0.4308521187011413	
485.1662	193.81	0.9172458564655704	0.3643898119104209	
485.1662	202.4	0.8426308378002206	0.6437764015090709	
536.1695	193.16	0.7836475536436692	1.2004946181230698	
536.8845	21.36	0.8305333890891996	-0.7909609739712702	
536.8845	22.54	0.8305333890891996	-0.7608163899754092	
604.8723	21.36	0.8305333890891996	-0.8492050753545293	
604.8723	22.54	0.8305333890891996	-0.8971460285705767	
537.9009	21.89	0.5438699332378585	-1.826051481101989	
538.1425	202.27	0.9410180683669902	-0.2913150842532134	
556.875	22.41	0.4842127424989619	2.556241878420115	
666.8416	20.29	0.8305333890891996	-0.7153481167524635	
666.8416	23.07	0.8813526363378772	-0.47828003152160614	
539.0138	22.28	0.8305333890891996	-0.8940381573249949	
668.3187	262.35	0.7280945478986283	-1.4130477488091953	
558.1999	191.19	0.9379193060252711	-0.30666548981322783	
540.1643	193.03	0.86376908124794	-0.5594964850946788	
669.3221	262.35	0.722818977228677	-1.4363366140974145	
670.2975	190.14	0.9872085585327389	0.13797597263569467	
610.8093	19.9	0.9481164720878648	-0.24236618270119706	
559.4369	286.57	0.4842127424989619	-2.4343926058495855	
674.2522	201.09	0.7384955524320598	-1.384078437231847	
542.2639	195.39	0.8305333890891996	-0.866697127001226	
676.2801	276.96	0.4963671139159426	-2.0798881963905207	
677.2833	276.96	0.4842127424989619	-2.297641978373595	
677.2833	284.87	0.47743902806609195	-3.203022191423391	
561.3797	206.63	0.5379300392237626	1.9103474335665354	
678.2774	276.96	0.4842127424989619	-2.4154397000768713	
678.2774	285.27	0.4842127424989619	-2.661499187505563	
679.2808	276.3	0.7836565980142718	-1.1862221521704972	
679.2808	277.36	0.9915165776492546	-0.12084402740452917	
679.2808	285.27	0.4842127424989619	-2.397289655649514	
680.0163	188.43	0.9172458564655704	-0.3629504919914783	
563.0891	188.69	0.9168925249151149	-0.37423955563541683	
682.2341	195.0	0.7332903940316237	-1.3938007433877875	
682.2341	233.61	0.5581664594932646	-1.7779551230807602	
563.2967	201.35	0.4842127424989619	2.4192457770775544	C27H49O10P
729.2618	216.9	0.9968881991810675	-0.07579969286607731	
729.2618	286.83	0.07555682959717323	-5.970197205630305	
618.1693	107.52	0.9168925249151149	-0.3728487529620283	
565.0107	22.02	0.8763168168470268	0.5062080345684429	
732.5194	260.23	0.7866144095437525	-1.0973954674661626	C39H76NO9P
688.2685	210.96	0.8354326752074749	-0.6751817890128509	
688.2685	244.67	0.4842127424989619	-2.3632625757298578	
566.9034	20.42	0.8305333890891996	-0.7262002122955317	
734.8296	20.16	0.8305333890891996	-0.9439955509537693	
734.8296	22.94	0.8746692057377129	-0.5245992003481694	
736.2899	216.76	0.955167790876729	-0.22916532884899485	
736.2899	286.83	0.12437020869364183	-4.8581186911398415	
567.9054	20.29	0.8663558737892572	-0.5360455104180272	
737.2914	216.76	0.9481164720878648	-0.25628505009746805	
737.2914	286.83	0.14232005838319442	-4.640710697863807	
568.1127	214.9	0.5379300392237626	1.856277287804424	
694.2729	266.42	0.722818977228677	-1.4529516592769318	
738.2954	217.03	0.9181917049984692	-0.3595284663790967	
738.2954	287.23	0.4842127424989619	-3.1108847995794613	
568.8401	22.02	0.4842127424989619	2.3312419248061365	
626.1074	36.13	0.9968881991810675	0.03506614198547427	
696.186	108.04	0.8746692057377129	-0.520329889257439	
740.2402	188.17	0.7836565980142718	-1.1790075779589293	
740.2402	192.89	0.86376908124794	-0.5443583566834075	
570.1098	214.9	0.6140317573858327	1.6536353940713981	
570.8366	22.02	0.4842127424989619	2.289317345908013	
628.1982	107.65	0.9481164720878648	-0.26797191138493437	
628.2776	208.07	0.4842127424989619	2.1749803891140322	
697.189	107.65	0.9481164720878648	-0.24746603460633768	
629.2013	107.91	0.9409972238546201	-0.29371007689843864	
700.3086	253.13	0.884422205225783	-0.4633339523338202	
572.2442	201.35	0.7866144095437525	1.085203121956824	
572.9243	20.97	0.7615425130806105	-1.23636855153283	
631.0769	188.69	0.8305333890891996	0.9291760956920188	
632.2056	156.81	0.9823806425292433	0.15109459504208114	
747.1888	102.0	0.9219484251831187	0.34929743502417515	
701.0235	73.65	0.9252879953100183	0.33691573226396254	
701.3114	252.61	0.9968881991810675	0.04225809827887834	
634.2966	206.37	0.5686480478269903	1.7534113838196477	
702.2396	263.53	0.4842127424989619	-2.59076629707585	
634.8913	20.42	0.8305333890891996	-0.8959858069085485	
702.879	20.68	0.86376908124794	-0.554671670605911	
703.3002	276.3	0.4842127424989619	-2.294023982070054	
750.269	187.64	0.9481164720878648	-0.2623230271481191	
638.1528	215.17	0.8305333890891996	0.7171303672075614	
639.311	253.53	0.8305333890891996	-0.7128400222865446	
575.8638	20.03	0.8305333890891996	-0.9543406876367043	
754.216	214.77	0.7701991839244893	-1.2240483675975107	
754.216	219.26	0.8305333890891996	-0.8074078057519116	
754.216	262.88	0.8305333890891996	-0.8443695534219275	
754.216	273.81	0.8305333890891996	-0.7984414600268547	
754.2828	216.9	0.8813526363378772	0.47922340982033873	
754.2828	287.62	0.9172458564655704	0.36613965344169985	
708.2582	198.05	0.9823806425292433	-0.15088279121322135	
708.2582	255.37	0.7866144095437525	-1.0861702341039234	
640.912	20.97	0.7836565980142718	-1.1658133659900842	
709.2615	198.05	0.8512568640666365	-0.584119942085561	
710.2663	214.51	0.5379300392237626	-1.9046665855933747	
710.2663	219.13	0.8305333890891996	-0.9713739840039433	
756.2138	213.98	0.7389728368856585	-1.36100557578849	
756.2138	218.86	0.9968881991810675	0.07869391125908981	
756.2138	219.52	0.86376908124794	-0.5671917817738444	
756.2138	273.68	0.8305333890891996	-0.8655511819937398	C33H41O20
757.2168	214.51	0.6576071121893877	-1.5541428563416486	
757.2168	219.39	0.7420380797068586	-1.3225507225327384	
757.2168	263.14	0.8305333890891996	-0.9885313684947998	C33H41O20
577.2766	91.74	0.7600478179058906	-1.259675757191702	C27H47O11P
711.2694	214.51	0.6840419916859908	-1.5163097176365241	
711.2694	219.26	0.8305333890891996	-0.9741689703031705	
711.2694	262.35	0.8305333890891996	-0.8639689669113166	
711.2694	273.94	0.8305333890891996	-0.9555600884595039	
643.8514	20.16	0.8305333890891996	-0.7563901059536772	
578.1416	214.9	0.7836565980142718	1.1070185852189096	C30H27O12
712.2637	214.51	0.5689493212372926	-1.7414290017958767	
712.2637	219.0	0.8305333890891996	-1.0078524864409042	
712.2637	262.61	0.8305333890891996	-0.9307235171257072	
712.2637	273.68	0.8305333890891996	-0.906783577124639	
578.8692	21.89	0.4842127424989619	2.493725720286977	
646.2216	178.43	0.8305333890891996	-0.8545032353402937	
714.8448	21.89	0.4842127424989619	2.8965149993717603	
646.8571	21.75	0.4842127424989619	2.5125390699398045	
579.1435	214.9	0.8305333890891996	0.7976825405736259	C30H27O12
580.1388	214.9	0.9656455675453931	0.1881693939852525	
580.8666	21.89	0.4842127424989619	2.4724586616319377	
648.2491	247.2	0.5603197000592595	-1.7693951184217973	
648.2491	253.27	0.4842127424989619	-2.668164635095775	
648.8545	21.62	0.4842127424989619	2.3404724649276174	
581.5632	449.29	0.8398175411587194	0.6539894989118799	
650.8667	20.42	0.9007822037704543	-0.40488620853728513	
650.8667	22.8	0.8305333890891996	-0.7835185432858761	
582.1359	188.56	0.884422205225783	-0.46525776167137606	
720.295	262.88	0.7907554570607692	-1.0770282831731084	
720.295	293.54	0.25247963988118255	-3.76809367907786	
720.4889	281.85	0.86376908124794	-0.5437057446295167	C38H65NO9
721.2333	276.3	0.4963671139159426	-2.0913470920592427	
721.2333	284.35	0.6140317573858327	-1.6564962959122753	
721.2981	262.88	0.8305333890891996	-0.9698248349066989	
721.2981	293.41	0.12437020869364183	-4.870734382179931	
582.8796	20.29	0.7836565980142718	-1.1112852449319262	
582.8796	22.94	0.7420380797068586	-1.323643615452728	
583.2595	79.72	0.7508223445048544	-1.2964133199530203	
583.3143	102.79	0.8803124671025363	-0.49395330401572235	
724.8736	21.1	0.8305333890891996	-0.7994459706202106	
770.2105	217.29	0.9968881991810675	-0.043965784310569155	
770.2105	287.09	0.519248109525468	-1.969826534333075	
656.8858	21.1	0.8305333890891996	-0.7801590881777065	
770.8667	20.42	0.8803124671025363	-0.4972419028752683	
657.0921	192.89	0.8305333890891996	-0.8568249627512877	
726.261	217.29	0.9481164720878648	-0.27521046731344306	
726.261	286.96	0.16412568451377565	-4.283315456476037	
772.2088	217.29	0.9974446170804175	0.021166619208005576	C33H41O21
772.2088	287.09	0.5176114275927356	-2.0191160756549507	C33H41O21
657.8891	20.97	0.8305333890891996	-0.7780731974157896	
658.278	247.46	0.4842127424989619	-2.9952511139816758	
658.278	254.19	0.6023037322742478	-1.688086624398109	
658.278	258.65	0.7735222522954613	-1.2168727667383565	
586.2602	212.41	0.5379300392237626	1.8690252889125087	
727.2644	217.29	0.8803124671025363	-0.49246674887160236	
727.2644	286.96	0.19995431313516976	-4.002349287936062	
773.2117	217.03	0.9656455675453931	-0.18726512835530743	C33H41O21
773.2117	286.83	0.7836565980142718	-1.1126804229130458	C33H41O21
659.1079	219.39	0.8954080586786456	0.41510111498268104	
728.2585	217.29	0.955167790876729	-0.2254799139019915	
728.2585	286.83	0.12437020869364183	-5.062477160391159	
660.2374	191.58	0.7307122295634919	-1.4057401070356699	
774.1291	107.38	0.8847885785177766	-0.45814820953914	
587.2647	212.41	0.5114673441182274	2.03694944776546	
588.1707	215.03	0.9583123851919398	-0.21710813376824872	
588.2543	237.58	0.8305333890891996	-1.0006776962369546	
588.2543	243.89	0.9968881991810675	-0.03861085049871735	
588.2543	249.04	0.4963671139159426	-2.085233674046647	
588.898	20.97	0.8305333890891996	-0.7444525024746583	
661.2405	191.32	0.9219484251831187	-0.34823767169399183	
776.1299	107.65	0.9968881991810675	-0.038037539502498365	
589.1045	192.89	0.8426308378002206	-0.6254058503590378	
589.1726	215.03	0.9789702100331129	-0.16446173704878717	
589.4034	306.17	0.7836565980142718	-1.1051151050047785	
589.9013	21.1	0.8305333890891996	-0.8595264911112912	
590.9025	21.1	0.8426308378002206	-0.6191579792821946	
591.12	219.39	0.8925307367264889	0.42821905272801003	
810.08	195.82	0.5379300392237626	-1.862221167431427	
810.08	201.75	0.7836565980142718	-1.1062420253432674	
782.832	21.62	0.4842127424989619	2.4139891184126583	
887.5064	274.2	0.4842127424989619	-2.2403732187735077	C56H72O9
888.5095	274.07	0.4842127424989619	-2.50019710717038	C56H72O9
598.8538	20.16	0.8426308378002206	-0.6032180429665546	
598.8538	22.94	0.8305333890891996	-0.9855901730670104	
792.8611	20.97	0.8305333890891996	-0.9424641078599111	
794.5071	285.91	0.4842127424989619	-2.749301111071557	C44H75O10P
999.5312	218.08	0.8305333890891996	-0.7953945263374144	
920.4519	285.0	0.5379300392237626	-1.8645166072699164	
1027.2531	343.41	0.9968881991810675	0.0345488416529748	
1039.2259	223.33	0.5379300392237626	-1.9023649527988862	
928.8368	21.1	0.8305333890891996	-0.7825606811861732	
1119.7144	245.59	0.7866144095437525	-1.0859409871328058	
1175.7766	280.38	0.9968881991810675	0.07401479518669594	
1176.7804	280.38	0.9968881991810675	0.03575801052494988	
1177.7838	280.38	0.9974446170804175	-0.0177597692836732	
1178.7832	280.64	0.9968881991810675	0.03860985616457284	
1221.7823	280.93	0.9993026014322858	0.0012806261829339145	
1222.7856	280.24	0.9103902346856677	-0.38750766173240997	
1223.7892	280.51	0.9606181700439054	-0.20497265451720018	
860.8488	21.1	0.8305333890891996	-0.7466161217589958	
865.2172	214.9	0.6023037322742478	-1.6795437031774794	
