m/z	rtime	p-value	t-score	custom_id
69.0704	187.3	0.010644957683909745	-22.503631814528898	
135.0844	33.32	0.6130723735846382	-0.9643299214144182	C5H11NO3
218.9431	209.53	0.6780071396995412	0.7866108832966053	
181.105	26.62	0.10807226867884683	-4.066506384828956	C11H12O2
219.0716	246.3	0.010644957683909745	-24.653521582176932	
219.0975	361.29	0.08570464728495493	-4.557522224319701	C8H14N2O5
136.9107	208.74	0.8903364067220234	-0.2750372536217153	
136.94	209.39	0.06050040093056578	5.732592899236252	H3O4P,C2H3KO2
136.9693	209.66	0.7761238314742516	0.5362439214890987	
219.1127	27.8	0.07048529088196602	5.061348155115394	C12H14N2O2
219.1168	307.95	0.004592948153099146	-44.60396513155988	C8H15N3O4
219.1168	318.33	0.0035827649726037593	-55.42952889306537	C8H15N3O4
219.1338	232.57	0.015471316338854669	-14.543063733803097	C9H18N2O4
219.1338	271.47	0.9375609039651591	0.15365394176085714	C9H18N2O4
137.0594	28.07	0.7071572612027797	0.7132339855808153	
219.1743	24.65	0.97646093376542	-0.06156203387945458	
137.0709	200.99	0.5491637235689839	1.1292681540439122	C7H8N2O
137.0727	211.36	0.28932656663772405	2.1550500262088996	
137.9433	209.39	0.06404549074422161	5.4378313264189	H3O4P,C2H3KO2
138.0549	356.04	0.9110420217255771	0.23225139769371902	C5H4O2
138.0742	200.99	0.6130723735846382	0.9634213767746972	C7H8N2O
138.9194	207.42	0.9529811232446225	-0.12059064176689595	CK2O3
138.9194	212.15	0.6767820813649457	-0.7906304643938553	
138.9381	209.39	0.054508883647643454	6.016895585327818	
138.9441	209.39	0.08179253280630619	4.6641617178315045	
139.0753	201.25	0.9563594963884949	-0.1128865173078464	
139.0977	202.7	0.05686581230800199	-5.893543410681356	C6H10N4
220.0927	333.88	0.015218369834789563	-14.893016278861515	C7H13N3O5
139.9146	207.42	0.5328864334992377	1.176820511803755	
139.9146	212.41	0.10602557824924451	4.119021502770995	
139.9415	209.26	0.11631144348276586	3.926778451611177	
220.1178	185.07	0.020495146812023857	-12.168692213619265	C9H17NO5
140.0106	265.26	0.06665363397735165	-5.313501144380255	H3O4P,C2H3KO2
140.9362	209.13	0.06923696828909692	5.167461641738984	
140.9424	209.39	0.37306595643300877	1.766848982542955	
220.9014	209.39	0.11479947375109484	3.9519540039340377	
220.9412	209.79	0.6912401726813697	0.7545851090085538	
221.0178	318.59	0.09941436673352387	-4.236672514998933	
221.0768	376.29	0.054508883647643454	-6.026196396765995	C7H12N2O6
221.0956	252.61	0.04480658239387568	-6.724729879983588	C8H16N2O3S,C8H16N2O3S
221.1131	280.3	0.004592948153099146	-44.56497655152327	C8H16N2O5
77.9273	209.53	0.0474212605372041	6.502394923733321	
78.9562	206.9	0.698079530498206	0.7377960225275776	
78.9562	212.94	0.1631039517493329	3.2004749884705914	
221.8996	146.6	0.1258242131122224	3.733234449912215	
221.8996	156.84	0.624831915508875	0.925551343753335	
221.9047	209.53	0.06195412066424686	5.642542867588881	
184.9797	242.58	0.3826559724432063	-1.7322256797540214	
80.9935	209.39	0.026443915216525508	9.616351824313323	
81.9883	209.39	0.015471316338854669	14.498361947131269	
82.9916	208.47	0.9450141823557311	0.13803419944193124	
222.8995	209.39	0.25490082379369466	2.3424748398454107	
144.0477	201.65	0.18547125685100943	-2.9432808561676307	
144.0655	356.3	0.7725276430129074	-0.5524454592587594	C6H9NO3
223.0635	24.52	0.7421759522262596	0.6203457187569952	
84.9117	211.76	0.29089344000695544	2.1448757625791863	
85.0289	324.92	0.24273145768861962	2.462130694833512	
144.9275	206.64	0.564362420409795	1.0870585717917316	
144.9275	213.33	0.3586343612346386	1.820765067626799	
186.0761	356.3	0.9906348297152502	-0.026122661287872277	C8H11NO4
186.0872	318.59	0.058964339370099095	-5.796225168729865	
87.0445	282.94	0.6840806570818422	0.7695144126641636	
87.0548	324.53	0.026578526026510323	9.504187278239844	
187.0713	318.46	0.028425203187232927	-8.81896341284709	C8H9NO4
187.0713	325.84	0.24155651406118375	-2.4730567898114235	C7H10N2O4
187.0713	355.22	0.11018804485581744	-4.031005753308462	C7H10N2O4
187.094	28.2	0.478147212249485	1.3433978860830453	C8H12O3
224.1109	177.59	0.046451682992895524	-6.584801730429861	C11H14N2O3
146.0923	261.19	0.8660583394041446	-0.3337482495815909	C5H11N3O2
146.1175	27.67	0.0624475938019662	-5.563473145070067	
146.1175	330.99	0.06805446485163401	-5.225196183377075	C7H15NO2
187.144	27.67	0.3384294173715323	-1.9090232049253255	
224.1572	26.88	0.35064842890978937	1.8560973139707928	
224.1854	26.62	0.17784212785447784	3.0151051528693045	
89.0965	26.23	0.7128145203401006	0.6903204061163455	
147.0473	27.54	0.4550304426029852	-1.4309243781862886	C6H10O2S,C6H10O2S
225.0466	216.52	0.26745693851726665	2.266578586287942	
188.0919	271.2	0.8963547097036385	0.2626943387091319	C8H13NO4
147.1014	26.88	0.30325575339897487	2.0742772879944464	C7H14O3
147.1208	27.67	0.03332111659053714	-7.9153163034372245	
189.0738	166.43	0.20843448474157739	-2.7395692237864764	C11H9NO2,C6H10ClN5
91.0587	254.97	0.7055641309358188	-0.7166336317183801	C3H7NO2
189.1345	197.68	0.5523850134941282	-1.116737659706164	C7H16N4O2
189.179	410.79	0.15631284756921263	-3.2925171537913207	C9H21N3O
190.0713	24.65	0.7086365813920391	0.7028945660197828	C8H11NO2S,C8H11NO2S
190.0821	315.57	0.07081178909744798	-5.021730550876622	C6H11N3O4
190.0821	339.79	0.04048691869549515	-7.104819135757041	C6H11N3O4
94.0655	168.92	0.5818891987357159	-1.0448457617138058	C6H7N
225.97	208.08	0.19817249317125754	-2.817215762265188	
225.97	210.31	0.18547125685100943	-2.9416691380532747	
149.0575	324.66	0.1959960507293126	2.8413094150945475	
190.1379	197.68	0.6384674543328814	-0.8859869937177121	C7H16N4O2
97.0288	370.65	0.4740147311908944	-1.3668203121107745	C5H4O2
97.0288	420.28	0.8269245304236595	0.4195683512078067	C5H4O2
226.0797	297.58	0.12386279435928563	-3.7760267680844315	C7H13N3O4
226.0797	332.04	0.04554701239026035	-6.672074493171514	C7H13N3O4
190.9018	1.57	0.12386279435928563	3.770933432645245	
190.9926	274.49	0.026758353288194953	9.35834620932195	
149.096	25.18	0.46615758932513995	1.3927274262206761	
97.0652	27.28	0.015218369834789563	15.096177514594398	
226.1648	28.2	0.2090011127184925	2.725772243105128	
191.1025	296.0	0.010644957683909745	-26.08571531767475	C7H14N2O4
226.1801	34.24	0.9967190037428302	-0.008717199739800672	
150.0645	324.79	0.21768300308504715	2.6496907194354913	
150.0773	205.06	0.017922178855005785	-13.279816489369324	C6H7N5
98.9846	265.26	0.07012221406560709	-5.10064136721302	H3O4P,C2H3KO2
227.066	310.71	0.20843448474157739	2.7344336690131934	
192.106	295.74	0.010644957683909745	-24.491295470093977	C7H14N2O4
192.1581	35.68	0.7509358876489143	0.5962146946368306	
227.1683	28.2	0.5657573259851065	1.080660001206981	
152.0373	252.61	0.07309214463819837	-4.926408091194852	C4H9NO3S
152.0566	146.73	0.4740147311908944	-1.366305222266211	C5H9NO2S,C5H9NO2S
152.0566	174.83	0.4339908919030692	-1.519609729759538	C5H5N5O,C5H13NS2
227.96	146.73	0.7427395739217978	0.6151499417763416	
227.96	156.97	0.6547495619277373	-0.8336598935474612	
193.1436	34.37	0.043804275745329524	-6.866295969501534	
153.0406	174.83	0.4373529489439647	-1.500273772105384	C5H4N4O2
153.0599	146.73	0.4403648724774754	-1.4861255598774532	C5H9NO2S,C5H9NO2S
153.0599	174.83	0.4339908919030692	-1.5324976314728915	C5H5N5O,C5H13NS2
228.1958	27.01	0.9197720125823844	0.19267005331784617	
194.0222	199.25	0.957250077064661	0.10581946307685776	
154.0742	324.53	0.261564170583417	2.306735259717031	
194.8549	207.16	0.5657573259851065	1.0793617928155819	
194.8549	212.81	0.09378404348336389	4.364051559332168	
229.1546	320.03	0.02622957282481515	-9.709975679467753	C11H20N2O3
195.0028	299.42	0.03632863307108786	-7.513644838283867	C3H9O6P
195.0798	252.61	0.19574896941271144	-2.8580005505609316	
195.0798	275.7	0.12295816118205602	-3.7969410032228907	C14H10O
104.0579	168.4	0.06286879113280819	-5.495122919890222	
229.9564	146.73	0.6060268427283577	0.9866893604005172	
229.9564	157.5	0.7969649017209578	-0.4825139791846223	
155.0871	146.34	0.5069809830570768	1.2593942617236145	
155.0871	166.03	0.7223606745740805	-0.6651767899755437	
230.1134	323.08	0.10807226867884683	-4.069206073966157	
195.855	207.16	0.9717570754103853	-0.07463313932630046	
195.855	212.68	0.11464956118039869	3.959376399961522	
156.042	211.49	0.2325883230087943	-2.5340584926737226	C3H10NO4P,C7H7O4
196.0091	274.35	0.4306337874676055	-1.5488401412345814	
105.0702	26.23	0.33132768224587167	1.941999653313013	C8H8
196.0969	28.07	0.8175360735963443	0.43813145645689494	
231.0546	221.11	0.698803095572304	0.7320079276538759	
157.0454	211.49	0.1959960507293126	-2.8442207964835005	C3H10NO4P,C7H7O4
231.1202	28.2	0.22275416488034724	2.613988776853797	C16H10O,C8H14N2O3S
106.9509	207.42	0.8156705560568474	0.44645171782533605	
106.9509	211.36	0.4534336018266043	-1.438209043134718	
231.1702	28.07	0.049122963661024956	-6.343041496057875	C13H20O3
196.853	207.16	0.957250077064661	0.105970612512925	
196.853	212.68	0.08635623904870782	4.538152127076307	
196.9612	209.39	0.462062579337359	1.4107512156741413	
157.1083	364.97	0.7761238314742516	-0.5399710652253028	
232.1291	281.89	0.0240362230449172	-10.260036206661058	C7H14N2O4
197.1009	364.44	0.8169263986959941	0.4427899823135446	
197.1145	146.47	0.539581746266396	1.1608259290857592	
158.0401	211.36	0.1888045042569642	-2.916209897521445	
158.0678	196.76	0.9909558280459416	-0.024472974390257182	
158.0678	197.81	0.5772693635114973	1.0536954841038926	
232.8106	208.21	0.9727013551434639	0.0706525717309059	
232.8106	211.49	0.5657573259851065	-1.0814989222748945	
198.0105	146.6	0.8827438689842123	0.2893996213136891	
198.0105	157.1	0.7913250044931709	-0.497887984926762	
198.0526	299.55	0.021857483382515978	-11.81940162906369	C5H12NO5P,C9H9O5
233.0631	197.41	0.6796861631189464	-0.7830057469688967	C13H12O2S
233.087	227.81	0.0029732156001334746	-74.32879002017836	
233.087	231.39	0.05664296703754787	-5.912885913907543	
233.1494	33.84	0.036365984673413954	-7.493527517896976	C10H20N2O4
233.8108	207.42	0.6767086945284433	-0.7921040369307667	
233.8108	212.55	0.5184224513881707	-1.2310957405073797	
159.0916	166.43	0.24994932078916884	-2.389598222180168	
234.0269	214.51	0.8731692693837756	-0.313169152215002	
111.1171	25.7	0.79684404632239	-0.4838092415149444	
160.0756	27.93	0.2503205334536322	2.3853691695886785	C8H6O
198.9594	209.39	0.8767862033480124	0.30279537789047434	
198.9744	214.78	0.9025847223918746	-0.2443007610595857	
112.0508	163.67	0.7446339445756021	-0.6104752546014153	C4H5N3O
160.9013	207.16	0.6547495619277373	0.8317818909569923	CK2O3
160.9013	212.81	0.47696753414771564	1.3588797746831367	
234.1963	199.25	0.40926528434037274	1.631143941536625	
234.8088	207.56	0.6002757982828856	1.002254803750496	
234.8088	211.63	0.9001758426848688	0.25069248478112727	
161.0377	227.42	0.8906964911166857	0.2734250429863579	
234.917	209.39	0.16783307717820997	3.1289739930869525	
112.8959	209.0	0.5013941236745951	1.2842666627695234	
161.092	293.87	0.009079265244651203	-28.989224883091396	C6H12N2O3
235.0923	371.96	0.02312249219852907	-10.898738621740645	
235.1115	316.49	0.01991536609205144	-12.45899505608089	C8H15N3O5
161.1284	213.33	0.8525263263742153	0.3580202570687036	C7H16N2O2
113.0541	163.67	0.7345600376678795	-0.6380294757790187	C4H5N3O
235.1481	400.19	0.028651027611979747	-8.712223199308525	C9H19N3O4
161.9354	207.42	0.8712556451593151	0.3213496087016143	
161.9354	212.15	0.3826559724432063	1.7336793714535759	
235.9203	209.26	0.16662052625930185	3.1458585640350676	
161.9927	207.82	0.7456243193364702	-0.6073403330978543	
161.9927	211.23	0.8537469396179278	0.354664285086874	H2NaO4P
200.1029	307.95	0.010644957683909745	-23.51748253266962	C8H13N3O3
162.05	221.77	0.1569668989337468	-3.2788308202624905	
162.05	228.07	0.13229443346743053	-3.618041929741237	
236.0224	214.51	0.8986390729730656	-0.2559232743662046	
162.0953	293.87	0.006908007827593558	-33.8204427661213	C6H12N2O3
236.915	209.26	0.15528688693294998	3.3210240485811426	
162.8994	207.16	0.5348403324567425	1.1705316585852557	
162.8994	212.94	0.5069809830570768	1.2617019469894428	
201.061	227.55	0.9172462264834838	-0.21610102268434805	C6H8N4O4
162.9977	242.58	0.5147167812878369	-1.2407512279947746	
201.0869	308.08	0.013023124499972782	-20.07089089002786	C8H12N2O4
201.0869	344.25	0.08743014585528297	-4.510841095709499	C8H12N2O4
163.0712	315.04	0.049122963661024956	-6.337192926600171	C5H10N2O4
237.0902	252.61	0.17871432005069862	-3.0018898319218024	
237.1233	27.8	0.07012221406560709	-5.118987420719194	C14H11NO2,C8H12N5OP,C6H15N3O4S
237.1334	26.23	0.6226402794366792	0.931429789983261	C13H11N3O
237.9184	209.53	0.14362368650068227	3.462298313836866	
117.0548	26.23	0.44455184141090187	1.4699441873751322	
202.0862	27.8	0.0624475938019662	5.546779173680202	C12H11NO2,C7H12ClN5
238.045	299.42	0.02312249219852907	-11.031125778585906	
117.1137	146.34	0.5218594606691319	1.2149605389180704	
117.1137	165.9	0.6836546862474713	-0.7733345119123987	
164.0741	27.54	0.6186168875449327	-0.9412368166272872	C5H10N2O4
164.0741	315.04	0.06286879113280819	-5.517643361656498	C5H10N2O4
238.1267	27.8	0.0624475938019662	-5.550080656107106	C14H11NO2,C8H12N5OP,C6H15N3O4S
202.9692	207.42	0.7829784637690824	0.5175951246054049	
202.9692	211.63	0.9503182925312279	-0.12636856222781304	
202.9692	221.77	0.5684115033137721	1.0696087923864528	
118.0613	260.11	0.015218369834789563	14.875103818141692	C3H7N3O2
238.9131	209.39	0.14396095279545984	3.454679078746356	
238.9194	209.66	0.478147212249485	1.3398825056045631	
119.0493	28.07	0.3319627974687978	1.93797408625852	C8H6O
239.038	253.92	0.06665278228430144	-5.3260297024047984	
165.0545	211.1	0.3263046305123621	1.967917327735265	C9H8O3
239.0483	299.55	0.03892964351082402	-7.218760164200649	
203.0526	198.07	0.6547495619277373	-0.8335463578870542	
203.0526	217.3	0.478147212249485	1.3486068994620877	
203.0766	214.51	0.26745693851726665	-2.2664698586364205	
203.0766	221.9	0.3941314695116538	-1.6930064299874277	
165.0772	27.54	0.6675869294869339	-0.8088549161458481	C5H10N2O4
239.1023	220.19	0.39595081829747875	-1.6800313150748891	C11H14N2O4
239.1023	227.68	0.07815801283957069	-4.785253848823681	
119.1261	201.12	0.698608571390888	0.7334723387439145	C6H15NO
203.1026	307.69	0.026578526026510323	-9.41581624850333	C8H14N2O4
239.1278	25.96	0.8060906624647971	-0.4661563908957007	C13H18O4
120.0906	214.12	0.0671804282998611	-5.275612553745033	
204.0243	242.71	0.5069809830570768	-1.263455723220543	
204.0243	246.95	0.06665363397735165	5.29940969239613	
120.1021	198.6	0.08014504481251322	4.727131460497178	C5H13NO2
165.9302	207.95	0.7962211865436325	-0.48690183478340726	
165.9302	212.28	0.7185211643902234	-0.6732868404035175	
120.9663	208.08	0.6910544482666009	0.7560485552116106	H3O4P,C2H3KO2
120.9663	210.71	0.7185211643902234	0.6727921072322575	H2NaO4P
120.9873	221.51	0.7566126152132494	0.5839899630218525	
121.0163	209.13	0.5471992924044823	1.137934019362775	
204.0866	356.04	0.5218594606691319	-1.2203313441866654	C8H13NO5,C9H17NS2
204.0978	331.91	0.04413114469732882	-6.818705168863668	C7H13N3O4
166.0145	366.97	0.1688833455124179	3.1060932394730054	
121.0649	26.49	0.48964109426009467	-1.3128983210230774	C8H8O
166.0697	27.54	0.6186168875449327	-0.9461560933174744	
240.0953	308.08	0.03632863307108786	-7.523792020964474	
240.0953	317.8	0.005606671588647717	-37.87699942757516	C8H15N3O4
121.9697	207.82	0.9178387009520329	0.20977107778864487	H3O4P,C2H3KO2
121.9697	211.76	0.6186168875449327	-0.9401318000109236	H2NaO4P
204.9673	207.16	0.8714883349981484	0.3180618734107895	
204.9673	211.89	0.4403648724774754	-1.4822508030348525	
122.9246	209.39	0.07012221406560709	5.094731974716469	
122.9645	207.95	0.7421759522262596	0.618289384463012	
122.9645	211.23	0.83883277617432	-0.3894369185929067	
166.9506	208.61	0.2530384955398876	-2.3682774774345967	
205.0682	197.41	0.8345721544861807	0.40109466604495786	
205.0682	215.73	0.5069809830570768	1.2605504114052686	
123.0442	211.1	0.4473482525909317	1.4597978456949636	C7H6O2
205.1182	261.32	0.029194048989089692	-8.472820525546446	C8H16N2O4
240.9667	224.0	0.6048566813267291	0.9911320688947242	
123.0747	201.65	0.16625418706923703	-3.1556084098750046	C4H4N2
123.0806	27.28	0.6547495619277373	-0.8397458924028337	
123.1291	2.1	0.8364917443749903	0.39466667964375074	C7H12O
241.1015	252.87	0.024466874377702147	-10.128162022040957	
241.1095	252.61	0.06195412066424686	-5.643069534679447	
205.9956	256.43	0.5218594606691319	1.213401791853562	
124.0587	32.92	0.506272982914282	1.2694837339515594	
168.0901	168.13	0.142853013910597	-3.47953559117132	
168.0931	168.0	0.3263046305123621	-1.9659797604504496	C9H11NO2
206.04	205.45	0.25427060697311193	-2.3550764511872835	
124.9227	209.53	0.028425203187232927	8.905491154198534	
241.1837	26.88	0.30325575339897487	2.070455403701816	C12H20O4
206.0716	197.55	0.957250077064661	0.10795105241671078	
168.1263	146.47	0.12305987371748991	3.790649537902821	
124.9998	319.51	0.02312249219852907	-10.779502725881967	C3H5ClO3,C2H5O4P
206.1004	165.9	0.38427000586098814	-1.7257998233386656	C11H12N2O2
206.1216	261.32	0.15008083917400697	-3.380546729410233	C8H16N2O4
242.0182	213.07	0.15631284756921263	3.2934121651075845	
126.0219	220.46	0.13020177126366303	3.6454427765989483	C2H7NO3S
169.0844	173.25	0.83883277617432	-0.3886861011647481	
242.0374	227.28	0.9300835821514533	-0.16809790750781609	
169.0858	27.8	0.023301212242321998	10.408325734354662	
242.0746	333.62	0.015218369834789563	-15.187349374933437	C7H13N3O5
242.0997	185.2	0.060777667593672174	-5.702175489218065	C8H10N6O3
242.1047	252.61	0.0474212605372041	-6.497001331142938	
242.1128	253.0	0.06665363397735165	-5.3032452195453335	
206.9695	1.44	0.03189181597939548	8.133643985290309	
242.2841	28.33	0.9181242874801046	-0.19646031810281903	C16H35N
169.9857	220.98	0.20917166237808732	2.717843508020996	
170.0599	165.9	0.33132768224587167	-1.9434683672041886	C11H7NO
242.9617	206.77	0.4194842684274372	1.584478086121985	
242.9617	214.38	0.6186168875449327	0.9407077270734537	
243.0159	212.41	0.2090011127184925	2.7221798508088537	C7H4ClNO4
207.0798	243.24	0.015218369834789563	-17.593510659871573	C7H14N2O3S,C15H10O
127.123	203.35	0.05351844322315658	-6.114694090271342	C7H14N2
128.1264	203.35	0.045939329225997944	-6.628940933579796	C7H14N2
207.1591	26.62	0.2717606163411447	2.2362032050833163	
171.1379	25.7	0.8175360735963443	0.43765361152827986	
208.0694	198.2	0.11860824306281877	3.8867273646457736	
208.0694	217.04	0.24713148640614277	2.428503832514864	
244.0529	214.78	0.9962450120566541	-0.011224120685267075	
244.0529	221.77	0.20755031159118528	-2.7520712322764473	
244.0529	228.2	0.1938428224488247	-2.8770699383082494	
244.0926	163.67	0.7761238314742516	-0.5362078985470916	C9H13N3O5
208.1009	300.86	0.005462807808398201	-39.949000465485184	C7H14N2O5
244.1291	315.57	0.07013170951680893	-5.078530403041158	C10H17N3O4
130.0651	166.29	0.5218594606691319	1.218978141002651	
244.9538	222.69	0.8307252817211772	-0.4135081472589864	
245.0203	277.02	0.5002810860552306	1.2881081213024985	
131.0492	168.13	0.09941436673352387	-4.2323782836112	
131.0702	27.67	0.06513184281237669	5.386274543539319	C6H10O3
245.0959	163.67	0.779150621694967	-0.5310603704704665	C9H13N3O5
245.113	357.49	0.04473241356626634	-6.754764244397212	C8H13NO5,C9H17NS2
245.1357	201.91	0.6547495619277373	-0.8413099710493247	
245.1858	27.8	0.028912953016479993	-8.541417647694688	
174.0386	145.55	0.97646093376542	0.059642052420029595	C5H9NO2S,C5H9NO2S
246.0971	163.8	0.8027102311835523	-0.4727096266724257	
246.1195	257.09	0.7520622179320411	0.5935483610052791	
246.1195	294.92	0.9638146227266977	0.09318716803546812	
132.0655	301.52	0.12386279435928563	3.766040817012704	
246.1447	274.62	0.025010787043786363	-10.010517130074245	C10H19N3O4
246.152	36.07	0.43534574085311406	-1.5063410488479492	C12H11N3
132.0808	27.93	0.4676533299097493	1.3868394264224304	C9H9N
132.0808	166.29	0.20843448474157739	-2.7361023669044107	
246.1811	362.48	0.015218369834789563	-16.480450567888973	
246.1811	411.58	0.02312249219852907	-10.645988996168583	C11H23N3O3
210.1416	28.2	0.16386069694074318	3.188204936981219	
133.0859	26.75	0.24394666181297092	2.4510953755570477	
247.0222	256.7	0.3540743217927208	1.8427722588395081	
210.17	28.07	0.26745693851726665	2.2645756232451575	
133.099	178.64	0.015218369834789563	-16.146989595790473	
247.0579	265.39	0.12128418139219005	-3.842963735593068	C6H15O8P
175.1077	246.3	0.022006785754972637	-11.702290133403174	C7H14N2O3
247.1033	335.19	0.03457828026160415	-7.734570445858621	
133.1012	25.18	0.8897892171413069	0.2783508609928606	
247.1287	330.47	0.028425203187232927	-8.90928094670231	C10H18N2O5
247.1481	274.88	0.022006785754972637	-11.673371605373255	C10H19N3O4
247.1528	384.83	0.19341241074265883	-2.883162717025656	
211.0769	217.17	0.20413790514221924	2.778273976929504	
247.1593	384.83	0.010644957683909745	-23.361335951566883	C9H19N5O3
247.1844	362.08	0.06395666230332811	-5.451952412829805	
247.1844	411.58	0.022502048609074073	-11.246864548967164	C11H23N3O3
134.0188	256.7	0.2732222894064306	2.228060066149459	
176.0294	187.7	0.18409876954522514	2.96127224166715	
248.0215	367.1	0.4005132386934291	1.657893262901523	
248.034	32.66	0.9239569480181956	-0.18422793510618957	
248.0587	24.52	0.9706823197604432	0.07932098371771944	
134.0812	41.72	0.3706459095826063	-1.777145548024021	C5H11NO3
176.111	246.43	0.037609387526311926	-7.3893581058123905	C7H14N2O3
134.106	178.77	0.015218369834789563	-14.933276357571799	
248.124	308.08	0.012690820351253683	-20.54956798844604	C9H17N3O5
176.1393	212.02	0.7093190664034066	0.7007682363860053	
248.2371	28.33	0.34495821343571	1.876594844832206	
279.8322	207.03	0.4148709620548069	1.5986946086879161	
279.8322	212.94	0.17062590695172788	3.084540701506243	
249.0609	166.29	0.5992671621077617	1.0089682987381052	C10H8N4O4
249.082	261.32	0.05797937517733426	-5.842025881471344	
249.0958	217.04	0.25427060697311193	2.352747195232817	
212.8515	207.56	0.9962450120566541	-0.013959595329473712	
212.8515	211.36	0.7332812004169669	0.6420955990822534	
249.108	345.47	0.08019590690167036	-4.719022637261353	C9H16N2O6
249.108	359.32	0.07012221406560709	-5.11792867416084	C8H7FN2O3
249.1194	304.93	0.049122963661024956	-6.353986402728708	
249.1271	164.72	0.0624475938019662	-5.551428301693976	
249.1271	308.08	0.015218369834789563	-16.678418561113805	C9H17N3O5
280.0918	318.46	0.0624475938019662	-5.551710898064372	C8H20NO6P
280.1289	198.73	0.07012221406560709	-5.107573250958572	C13H17N3O4
280.1289	201.38	0.015218369834789563	-16.227456942660854	C13H17N3O4
177.8881	208.61	0.5255793125482048	1.1982038135480457	
177.8881	210.18	0.8246045953302519	0.42561248249168293	
177.9667	209.26	0.9178387009520329	0.20297333138091983	
178.024	213.6	0.15664072401604565	-3.2856529485258936	
250.0933	35.29	0.5513299177307774	1.1212608906866353	
250.0991	197.68	0.7080854774177052	0.7093785051442876	
250.0991	216.91	0.2325883230087943	2.53264483250979	
178.0903	298.37	0.957250077064661	-0.10542499698784889	C6H12N2O4
281.0952	318.33	0.0624475938019662	-5.596003427850686	C8H20NO6P
250.884	207.42	0.2122116847696614	2.6946562659893614	
250.884	211.63	0.24960057679911457	2.3960243432229382	
281.113	285.04	0.010644957683909745	-22.734156014232465	C13H16N2O5
281.1493	162.09	0.033665007393687524	-7.844541314444922	C14H20N2O4
281.1493	175.49	0.028425203187232927	-8.832205130736499	C14H20N2O4
281.2066	26.88	0.6547495619277373	-0.8409949857841564	C12H20O4
251.0427	243.37	0.028425203187232927	-8.885887696905584	
251.0695	312.29	0.25529606332850585	2.3382709760965636	C8H14N2O5S,C8H14N2O5S,C9H15O6P
251.1388	27.67	0.06996439982545756	-5.13961462059046	C11H20O6
179.0703	28.07	0.9710497609290695	0.07763692019699289	C10H10O3
282.1188	205.06	0.02249474080581204	-11.34235925008732	
282.1422	239.53	0.04427254014681551	-6.796392985397827	C11H21N3O4
252.0725	303.88	0.02312249219852907	-10.760234214706983	
282.2789	29.38	0.6273437120158292	-0.9192025359464613	C18H35NO
282.2789	35.02	0.6415840548880793	-0.8740035478098002	C18H35NO
252.1886	27.41	0.9216876343519015	0.18834519732205943	
179.881	213.99	0.07786504430317165	4.806259689818768	
283.1174	28.07	0.24960057679911457	2.3986370435002833	C14H18O6
283.1287	203.22	0.015218369834789563	-15.224627596945847	C13H18N2O5
283.1287	206.64	0.12242101338063331	-3.8140217766977087	C13H18N2O5
180.0879	349.54	0.05441685336515222	-6.043537781405025	C7H9N5O
215.1265	28.07	0.5523850134941282	1.1176202442076362	
253.1644	28.2	0.4339908919030692	1.525308589032651	
215.139	242.19	0.01742552598864417	-13.490791184735517	C10H18N2O3
180.879	213.86	0.38563264770167144	1.7189543320066645	
253.2385	199.25	0.028651027611979747	8.66567690870157	
284.0733	248.66	0.7055178731906733	0.7180396691686535	C13H9F3N2O2
284.0987	174.96	0.44760267061995196	-1.455111687323026	C10H13N5O5
284.121	28.07	0.3941314695116538	1.6900674148789863	C14H18O6
284.121	218.09	0.7913413492160668	-0.4967281310178953	
216.0631	299.42	0.025108264057469912	-9.925645559696774	C5H14NO6P
311.1235	314.65	0.10805768054501413	-4.07802269110989	C14H18N2O6
311.143	247.09	0.023301212242321998	-10.447252087897487	C15H15N3O4
284.2065	27.41	0.3149177271089014	2.0195872870220595	
254.1214	182.18	0.028027277706961357	-9.061392365460842	C12H16N2O4
254.1598	175.75	0.02711725067322913	-9.227909667228538	
216.8367	206.9	0.7151996263871655	0.6847349718472614	
216.8367	212.94	0.4740147311908944	1.3678467703957067	
254.1961	26.62	0.5432361348991857	1.1503041342484293	
254.1961	28.2	0.8537469396179278	0.3519111271297404	
284.9717	222.03	0.9270445184434971	-0.17788025991064468	
284.9717	227.28	0.6892562201654484	-0.7597854702521809	
254.9825	224.4	0.2779251228334318	2.205034613781487	
285.1023	174.96	0.5177306358570546	-1.2337983914223298	C10H13N5O5
312.1948	252.87	0.5015187506013046	1.281339530501405	C20H25NO2
312.2375	27.41	0.8814476723492016	-0.29565060220724726	
285.2099	27.41	0.32530159772049794	1.9775755993746769	
217.0616	276.23	0.029580190317680416	-8.412486867870784	
217.0664	299.42	0.028425203187232927	-8.777711544145854	C5H14NO6P
312.9018	209.39	0.892557165419383	-0.26873174187399496	
217.0818	359.32	0.09378404348336389	-4.36292838038077	
313.0767	235.85	0.015471316338854669	-14.398921539119254	C14H17ClN2O2S
255.9515	207.56	0.8900138686947854	0.27660117929410516	
217.1182	289.41	0.028425203187232927	-8.762960205042154	C9H16N2O4
255.9862	224.4	0.5491637235689839	-1.1275761027477893	
256.0087	214.91	0.30325575339897487	2.0697951695197743	
313.8994	207.95	0.4403648724774754	1.4839760080166462	
313.8994	210.31	0.5218594606691319	1.219723868444584	
286.1507	290.72	0.015218369834789563	-15.785633095068343	
286.1759	245.08	0.019083808033157675	-12.781105578443652	
256.0902	316.22	0.038778291909499676	-7.261142253010174	C8H15N3O5
286.2114	27.41	0.12478420430906226	3.7502506245652625	
256.0946	320.03	0.9813610545367105	-0.047066263537013306	C9H12N2O4S
256.1324	253.0	0.028386388513296865	-8.973689840429989	C16H17NO2
314.0843	268.15	0.9994333805100848	0.0014807719375796481	
314.8134	207.29	0.9166245213353728	-0.22184361035077832	
314.8134	212.94	0.7404890914251682	-0.625343462251543	
218.1134	308.08	0.012113551948562288	-21.200725301649168	C8H15N3O4
218.1134	318.33	0.08359404504494791	-4.618818438313118	C8H15N3O4
315.0795	341.23	0.8308917526689744	-0.41215356335885805	C10H16N2O8
288.1803	26.23	0.597434842063269	1.0146479277836982	
288.2894	28.2	0.5867004460704621	1.0344197053771378	C18H33NO
288.8397	208.34	0.9178387009520329	-0.2010694952937736	
288.8397	210.58	0.9770057266382874	0.055728887066831906	
316.1264	196.23	0.010644957683909745	-22.86677891217713	C17H18FN3S
316.1628	277.15	0.01980202851147003	-12.551968532290998	C15H23N3O3
316.1864	255.23	0.034958757782772985	-7.668516201396878	
316.234	294.53	0.06803677093973173	-5.234238994634968	
289.2063	304.01	0.03861797086592775	-7.288148230599245	C12H25N5O3
257.9931	210.31	0.17784212785447784	-3.016741423974061	
316.9199	209.53	0.5992671621077617	1.0051586547599825	
258.1446	308.74	0.017922178855005785	-13.20584436269802	
290.1457	424.39	0.016144826115906338	-14.013922653390184	C10H19N5O5
290.1595	27.28	0.14533162352611553	3.437301835735676	C11H20O6
344.0906	309.0	0.1390451851031595	3.5250317460939447	C18H15O7
290.1708	34.89	0.015218369834789563	-15.55692924291258	
290.1708	48.68	0.015218369834789563	-16.14821241677121	
290.1708	273.83	0.07073562604179645	-5.039174008762733	
317.1105	285.04	0.010644957683909745	-22.988873304396442	C14H18N2O5
344.2276	34.76	0.835070130818087	-0.39764395278394826	
258.279	28.46	0.30325575339897487	2.0773379140044015	
291.0214	265.39	0.4339908919030692	1.5266859256860161	
291.0754	221.11	0.7799960090379415	0.5242278775798114	
258.9356	207.16	0.7743651349646392	-0.5445625879051736	
258.9356	213.2	0.6547495619277373	-0.8377300778398191	
317.9233	209.53	0.38427000586098814	1.7243166374054018	
258.9891	210.44	0.8823088325073728	0.29225072498171206	
344.9841	221.51	0.6230160834623361	0.9295865492206437	
318.0764	319.64	0.5635268973142269	-1.0925019601585448	
318.1058	257.49	0.032851702175859816	-7.9898061953420445	C13H17N3O5
291.9623	209.39	0.16625418706923703	3.152494667538048	
345.1054	348.49	0.09685160713870367	-4.292267757657833	C9H19O11P
318.1907	25.96	0.3400929006768854	1.8990302374233183	
318.1907	27.28	0.9269114979317349	-0.179216070351174	
259.1131	319.51	0.02249474080581204	-11.47274048497137	C8H20NO6P
345.144	166.95	0.028027277706961357	-9.040269513561999	C18H20N2O5
318.8781	209.26	0.24553166394611414	2.4411332592477795	C8H4Cl6
259.9922	210.58	0.9178387009520329	-0.21222428842537014	
318.9177	209.0	0.6123035293916802	0.970425276604538	
292.1331	1.18	0.2078173484577845	2.7473775038596515	
292.1331	404.69	0.1279127660779337	-3.689940292247644	C10H18N4O6
292.1753	27.28	0.4306337874676055	1.550033454306518	
292.2015	25.18	0.698608571390888	0.7338283656130417	
292.9594	222.03	0.6441422761789022	0.8677203393530353	
292.9594	227.55	0.7398847860005766	-0.6273227086111843	
260.0269	299.42	0.26602037354734626	-2.280965209519384	
346.0406	365.92	0.08064038798574563	4.702460728798844	C9H14N3O8P
319.8817	209.26	0.6764021235680547	0.7937574133130917	C8H4Cl6
260.1138	319.51	0.02249474080581204	-11.311144462650516	C11H17NO6
293.0551	4.2	0.8439365253786342	0.3780640133920895	C7H15O10P,C7H15O10P
293.0977	341.23	0.5491637235689839	-1.1263330003248462	C10H16N2O8
260.1491	26.49	0.24713148640614277	2.429085394739475	
260.1603	239.66	0.04760918413171586	-6.45193833214828	C11H21N3O4
260.1967	329.91	0.028651027611979747	-8.648986378714197	C12H25N3O3
320.2065	26.75	0.33577872922296187	1.9242554799075942	C13H26O6
320.876	209.26	0.25490082379369466	2.3461777338401775	
347.107	176.14	0.5627031655722604	-1.0952331577375218	C17H17Cl2N
260.9877	210.58	0.5341002452304778	1.1732304908666555	
294.1005	341.23	0.5227461293881294	-1.2103787791952605	C10H16N2O8
321.0377	166.03	0.9770057266382874	-0.055845640078126896	C12H17O4PS2
294.1445	196.23	0.015218369834789563	-16.652299314988547	
294.1809	277.02	0.026443915216525508	-9.627090605048915	C15H23N3O3
294.2272	25.7	0.874151840430505	0.30961792431313556	
261.1189	335.46	0.028651027611979747	-8.619274962849545	C7H13N3O5
261.1443	305.33	0.02312249219852907	-10.764046838050497	C11H20N2O5
261.1443	311.37	0.07235906855825089	-4.954823498205056	C11H20N2O5
294.9289	207.82	0.9678896139732202	0.08421697686602145	
261.1637	239.92	0.04320752999063704	-6.914500205594619	C11H21N3O4
348.1696	217.44	0.5489412043331411	-1.1335646475382393	
348.8064	207.56	0.30088239907606074	2.1032114721811728	C8H4Cl6
348.8064	211.76	0.2802184842117245	2.1939037300129187	
322.0698	374.32	0.12242101338063331	3.818004970229444	
295.0677	367.36	0.1959960507293126	2.83709581780866	
295.0775	364.58	0.8986390729730656	0.2547074420847194	
262.1184	186.52	0.06066408681600062	-5.716489967649025	C13H15N3O3
295.1286	285.18	0.013096086445670016	-19.749430547592354	C14H18N2O5
295.1844	277.02	0.026578526026510323	-9.410179723654	C15H23N3O3
322.874	209.39	0.29837244183735634	2.1157786835558126	
295.9484	210.44	0.46615758932513995	-1.391434412482924	
296.1238	257.75	0.02312249219852907	-10.583755776792232	C13H17N3O5
296.1321	284.78	0.015471316338854669	-14.41629715458631	C14H18N2O5
296.9257	28.98	0.7080854774177052	0.7106385223216489	
296.9278	207.29	0.9994333805100848	0.0029312889126247616	
296.9278	211.76	0.9178387009520329	-0.19914531582194056	
296.9454	210.31	0.7340138967659882	-0.6399352247784713	
263.0872	396.38	0.015218369834789563	-14.889018833223217	C9H14N2O7
263.0946	147.12	0.15008083917400697	3.3843807644252855	
263.0946	156.71	0.16961448020140013	3.096881361716558	C16H10FN3
350.2183	203.35	0.9873944556715264	-0.03412863794644943	
350.2183	216.78	0.04320752999063704	-6.9191885320174045	
324.0587	366.18	0.6937536809792066	0.7474507862824398	C9H14N3O8P
297.0819	24.52	0.6715492717694729	0.8019289706385597	
297.0819	182.31	0.04760918413171586	-6.448785613091785	C9H14N4O6,C12H13F3N2O2,C11H16NO7
297.1078	317.67	0.02312249219852907	-10.582897770284413	C14H17NS2
324.2013	27.15	0.8827438689842123	0.2896233343691293	
297.1267	257.75	0.02312249219852907	-10.515845228765587	C13H17N3O5
350.9872	367.23	0.19817249317125754	2.8172739703697904	
297.1588	252.61	0.03332111659053714	-7.911217863524021	C16H17NO2
351.0009	224.4	0.7637787570694972	0.5686645578941817	
324.8971	242.19	0.5870145307834704	-1.0325895507158138	
324.9874	242.45	0.40926528434037274	-1.6271105518644369	C4H6N4O12
325.0187	212.68	0.2703953316490114	2.2440107027540748	
297.9829	246.95	0.15528688693294998	3.3177907845538335	
351.2219	203.35	0.9770057266382874	0.05530823176184602	
351.2219	217.17	0.026578526026510323	-9.49985444024114	
325.043	227.15	0.7601039654410309	-0.5747524826819403	
325.043	310.58	0.16778060498267042	3.133129677701733	C9H13N2O9P
297.9884	221.38	0.8714883349981484	-0.3172144052120905	
325.0623	337.03	0.12726350825162988	3.7069655112004987	C9H14N3O8P
325.0623	366.18	0.7743651349646392	0.5442660887954354	C9H14N3O8P
298.0966	34.63	0.4403648724774754	1.4824674689576856	C11H15N5O3S
352.0043	224.66	0.7331468733691359	0.6434434520692796	
298.1862	26.49	0.5255793125482048	1.198969544752234	C11H20O6
298.3466	28.07	0.4550304426029852	1.4300993883190596	C20H43N
265.1115	201.65	0.17062590695172788	-3.0819779706779498	
298.8396	206.9	0.7743651349646392	-0.5485315861025112	
298.8396	213.2	0.5069809830570768	1.2621871914362912	
326.046	310.71	0.1606300604459418	3.2333582794950373	C9H13N2O9P
326.0561	222.03	0.21624794014307278	-2.6634205896955963	
326.0561	227.81	0.1684176879717636	-3.117038604503323	
299.0435	248.0	0.025108264057469912	9.949047975806405	
299.1002	34.63	0.27605893910429535	2.214605229345379	C11H15N5O3S
265.9989	196.1	0.2214252293693339	-2.6238848299210815	
327.1407	142.66	0.25427060697311193	-2.3576300496732374	
327.201	36.21	0.660497120321348	0.8215745816246275	
353.0055	224.66	0.9278021500282068	0.17572909516445787	
266.0745	164.06	0.9329161225358646	0.16156904903272293	C9H13N3O5
299.2579	29.38	0.024466874377702147	10.122769742651744	
299.2579	35.29	0.7021331829630857	0.7249762467272844	C19H30O2
353.1452	273.17	0.006908007827593558	-32.78952611058997	
266.115	201.65	0.16071672741096138	-3.2276514054696617	
328.1532	253.92	0.6186168875449327	0.9426637991663169	C19H21NO4,C12H26NO7P
328.2326	27.93	0.5992671621077617	1.0067388139040803	C13H26O6
353.92	321.24	0.9390875412179601	-0.14697642510102665	
300.066	319.9	0.7235476000776062	-0.6612144011285314	
267.0713	177.72	0.04473241356626634	-6.742917306568075	C9H14O9,C8H9F3N4O3
267.078	164.19	0.9678896139732202	0.08434351016668966	C9H13N3O5
300.1209	251.56	0.8686348912639941	-0.32929459238604253	C10H22NO7P
267.1078	201.78	0.40926528434037274	-1.6263699988408649	C11H14N4O4,C10H18O8
267.1078	273.96	0.022402293104384075	-11.545719684808018	C11H14N4O4,C10H18O8
267.1224	26.23	0.4339908919030692	1.5192900690032625	C13H11N3O
329.0054	366.84	0.12242101338063331	3.813617250594403	
267.1337	159.86	0.026761552952578743	-9.328199423891187	C12H16N2O3
329.0152	364.58	0.22701230006301737	2.5813570460694097	
267.1716	25.05	0.6539030411372413	-0.8471377126082146	
267.18	27.41	0.23867471506278018	2.492123778856631	
300.2895	29.38	0.6298030120171537	-0.9104291168183455	C18H37NO2
300.2895	35.02	0.7180815365475929	-0.6769074751520707	C18H37NO2
355.011	341.23	0.8314094315937332	-0.4103449173707789	
300.946	208.08	0.9529811232446225	0.11932926060334252	
300.946	210.71	0.7829784637690824	-0.5168642964683656	
355.9695	210.05	0.06286879113280819	-5.496203374995111	
356.0147	340.84	0.7704033472306345	-0.55641001479572	
356.0495	324.92	0.8986390729730656	-0.25496477505791765	
268.1266	274.88	0.033447321299413656	-7.881436959165419	C10H19N3O4
356.0755	388.37	0.0624475938019662	5.547533223246666	C17H12ClF3N2O,C19H12O7
268.1374	159.6	0.7601039654410309	-0.5747169175274897	C12H16N2O3
268.1753	26.1	0.6330057848722966	0.8993157341241023	
356.8549	208.08	0.7761238314742516	-0.5375116086922599	
331.0105	364.58	0.2426525448148209	2.4652202447271927	
269.0395	265.39	0.16386069694074318	-3.186662008790614	
356.9664	210.58	0.9001758426848688	-0.24928453733341313	
357.0078	341.23	0.83883277617432	-0.3882272776355711	
269.113	236.11	0.022502048609074073	-11.2065518069988	C12H16N2O5
357.0553	352.59	0.8015655293078849	0.47534548793776693	C9H19O11P
302.1107	198.6	0.03542602226520431	-7.615217338262751	C13H17N3O4
302.1107	201.38	0.015218369834789563	-17.560340602189825	C12H16N2O4
332.1213	247.09	0.02249474080581204	-11.375170157194075	C15H15N3O4
332.1925	275.7	0.45972265801429957	-1.4187356081473794	
302.1456	165.38	0.1682097080966251	-3.122350073430681	
269.9571	242.19	0.8439365253786342	-0.3776269699833456	
332.3308	28.07	0.8175360735963443	-0.4374483616372088	
332.3308	33.58	0.8688814275469575	-0.3266889514602815	
357.9684	210.84	0.1606300604459418	-3.2323157129013493	
270.0014	224.4	0.7198570304633778	0.6697849939059402	
302.2071	28.07	0.02677295932333336	-9.29744130344069	
332.8937	209.26	0.26712677142060776	2.2740209370666773	
270.1058	308.08	0.05474122992520584	-5.9964385772110695	C9H17N3O5
270.1164	236.11	0.03425227788911906	-7.7787641949468584	C12H16N2O5
302.3051	28.33	0.5992671621077617	1.0064254246685402	C18H39NO2
270.1909	28.2	0.22589749495908767	2.5946796508350003	
302.9042	209.0	0.4339908919030692	1.5206439919889507	
333.1553	201.65	0.13020177126366303	-3.6581006215274994	C16H20N4O4
270.3153	28.2	0.9001758426848688	-0.2485603944255792	C18H39N
333.1916	284.13	0.045939329225997944	-6.624245383729262	C17H24N4O3,C16H28O7
359.0066	340.84	0.8714883349981484	-0.3164759400430042	
270.9772	229.52	0.6395412530814462	-0.8800491322831319	
271.0023	224.53	0.6384674543328814	0.8848716636435718	
333.3343	28.07	0.8473047886435179	-0.3693142322775062	
333.8971	209.13	0.24154209059242615	2.475866669860972	
303.1448	203.88	0.957250077064661	0.1089901017718749	C15H18N4O3,C14H22O7
334.0514	248.53	0.8508285054003875	0.3619483826229216	
334.0514	256.3	0.9717570754103853	0.07430356969931054	
334.1394	282.81	0.06909764392928494	-5.179601734749881	C16H19N3O5
271.3187	28.33	0.6836546862474713	-0.7725294884635906	C18H39N
334.8916	209.26	0.2530384955398876	2.369855139865887	
334.9238	367.23	0.21698229183284656	2.6564499162050508	
304.1613	288.88	0.03888216476728926	-7.238035535361758	C11H21N5O5
272.149	26.23	0.49942347749634286	1.2912127675846086	C14H20O5
304.2996	28.2	0.3013745809114095	-2.0957824129791462	
304.2996	33.84	0.23178862733613223	-2.5450601459942184	
304.8626	209.13	0.356610337103676	1.829283369850553	
335.0452	168.0	0.13470442460057663	-3.5832046173679473	C12H14O9S,C15H12Cl2N4O
335.0734	352.59	0.30497019750095794	-2.0616242031163843	C9H19O11P
335.0945	246.82	0.9178387009520329	-0.20063926921741157	C17H16ClFN2O2
361.0784	375.37	0.1780415391262481	3.010155020718838	
361.1825	301.78	0.12006200615710752	-3.863260735548454	
361.1978	256.83	0.026564469480977106	-9.568787941046837	C17H24N6O3
335.8949	209.39	0.3283114747301856	1.957600020083495	
361.2354	25.05	0.2362858370754013	2.5118720584729686	
335.9213	367.23	0.3941314695116538	1.6916746305756445	
305.165	289.01	0.06513184281237669	-5.3796212227977325	C11H21N5O5
305.165	422.42	0.015218369834789563	-16.633177295697894	C11H21N5O5
305.3029	28.07	0.28932656663772405	-2.152896611685789	
305.3029	33.84	0.21134525768521525	-2.7025406909958587	
336.0869	319.38	0.025327555994385034	-9.861259134656578	C11H17N3O7S,C19H13NO5
336.2016	27.54	0.10694801691290783	4.099764538939051	
306.0806	176.14	0.4625009832287182	-1.4067141208101779	C17H17Cl2N
306.0943	375.64	0.019083808033157675	12.790295657641467	C10H15N3O8
306.1445	170.23	0.04760918413171586	-6.461772295965401	C15H19N3O4
306.1592	304.14	0.3811552804570633	-1.7398812440696316	C11H19NO8
306.1592	317.01	0.07152620309060582	-4.99573476437463	C11H23N5O3S,C11H23N5O3S,C19H19N3O
336.8894	209.26	0.322831938114419	1.987539260253905	
362.9561	221.77	0.7798314046139834	-0.5290164729125755	
362.9561	227.81	0.6120975430318426	-0.972042642304715	
336.9191	366.97	0.26745693851726665	2.2630032693255453	C6H12N2O4Se2
336.9854	224.26	0.43801007097323524	1.497188405302126	
307.0843	176.14	0.4005132386934291	-1.6602915223562877	C17H17Cl2N
274.1647	25.96	0.3553077689664793	1.8349179523831196	
337.2733	27.93	0.8345721544861807	-0.3994252763359552	C21H36O3
274.1871	339.79	0.02312249219852907	-10.609352546324196	C11H23N5O3
274.1871	379.97	0.020495146812023857	-12.23703256113548	C11H23N5O3
337.8932	209.13	0.6547495619277373	0.8311983215087088	
274.9094	207.42	0.4473482525909317	1.4591104913855035	
274.9094	212.15	0.6323278211749292	-0.9015905365922516	
337.9664	221.64	0.020495146812023857	-12.142671937756806	
274.9362	207.56	0.6500468805653767	0.8552754480681978	
274.9362	209.53	0.9178387009520329	-0.20828081496820258	
337.9889	224.66	0.30088239907606074	2.1024296974651406	
363.9547	228.86	0.7761238314742516	-0.5364058313044748	
308.1964	24.91	0.4550304426029852	1.4318380936093733	
364.0066	185.2	0.8246045953302519	0.42576401437335804	
275.0534	214.51	0.8602564054075196	-0.3423555680585646	
275.1347	329.25	0.03469510943012005	-7.707020277917773	C10H18N4O5
308.8493	209.39	0.3706459095826063	1.7787517095165581	
364.2326	27.28	0.8156705560568474	0.4455614644259871	
275.1906	339.66	0.026578526026510323	-9.455214509084154	C11H23N5O3
275.1906	380.23	0.0018455913461471972	-109.79479710125459	C11H23N5O3
364.9523	221.77	0.09685160713870367	-4.2972211895363746	
364.9523	228.47	0.3263046305123621	-1.9667217149382812	
339.0965	374.45	0.10209277648478461	4.184253092407154	
339.1856	297.05	0.015218369834789563	-16.730318788225983	C15H23N5O4
365.9636	27.28	0.4426710683732159	1.4756229659190803	
339.2077	24.91	0.9962450120566541	-0.012550391512517503	
339.289	27.93	0.4531927190575415	-1.4403070615732492	
339.9956	212.02	0.34125272976794696	1.8915396176319241	
310.0247	227.15	0.9853749023933845	-0.040476510661363374	
366.2132	278.33	0.02312249219852907	-10.662929322677824	
340.0807	402.72	0.44760267061995196	-1.4550349098874336	
276.134	167.21	0.015218369834789563	-17.022585836682833	
310.1395	247.09	0.8125519577915614	-0.45303554936262985	C15H15N3O4
276.1553	425.44	0.8345721544861807	0.39997773133876774	C11H21N3O5
310.8506	207.29	0.23243536985434607	2.539038081561188	C8H4Cl6
310.8506	212.02	0.354550761680753	1.8390275335724917	
340.9925	211.76	0.5236155582074802	1.204557317635405	
277.0488	214.38	0.7550263533112356	-0.5884195105071411	
277.1029	387.32	0.7080854774177052	0.7048399162983887	C10H16N2O7
277.1029	392.57	0.7599700585719126	0.5771975854680164	C10H16N2O7
341.0281	249.19	0.30182405889696196	2.0901585165734855	
368.0471	248.92	0.8473047886435179	-0.36933624376807367	
341.0977	179.69	0.1519000759496417	-3.3557881744579157	
341.0977	188.49	0.8345721544861807	-0.40386122139661385	
278.1167	243.76	0.11796647718812353	-3.9001747499338983	C10H19N3O4S,C18H15NO2
278.1599	27.28	0.39555681902996476	1.68467913091676	C13H11N3O
376.9929	341.23	0.9529811232446225	0.12044318062115932	
370.0318	367.76	0.04413114469732882	6.820562789325165	
410.8786	209.13	0.9627106820361732	0.09702575121920205	
371.1009	24.52	0.9172462264834838	0.21497922630518673	
378.0574	388.5	0.07235906855825089	4.952055119211477	C17H12ClF3N2O,C19H12O7
279.1007	287.7	0.1224356755635469	-3.808312184811219	
279.1007	296.0	0.016433155221384763	-13.844474007999155	C10H18N2O5S
279.1007	316.22	0.015218369834789563	-15.729516366976899	C10H18N2O5S,C18H14O3
412.0062	319.11	0.31714116816938626	-2.010159783668719	
372.101	24.65	0.8986390729730656	0.25663922329508027	
372.1898	303.49	0.3400837109488802	1.9010848296893506	C22H26O5,C20H23FN4O2
372.8288	209.39	0.5405590197766845	1.1576038682839143	
379.2484	37.52	0.5236155582074802	-1.204859249992085	
379.2681	25.18	0.9962450120566541	-0.011554596961115174	
380.0169	318.33	0.5084357818944762	-1.255236069418169	
380.032	319.77	0.7153716373477474	-0.6822491905157532	
450.0668	370.65	0.3586343612346386	1.8158131920778087	
450.0668	373.01	0.24900582178122083	2.408548829540247	
381.2782	25.05	0.5142921032301071	-1.2429780344825712	
414.8967	209.26	0.5642644633527799	1.0889902814495807	
374.9625	221.9	0.7829784637690824	0.5173740657044864	
452.9879	341.23	0.7151996263871655	-0.6843980470984946	
453.1005	299.55	0.015483331398283963	-14.302985566780434	C20H19FN4O4S
375.1983	288.23	0.03806272073071976	-7.341732571369689	C22H30O3S
453.3428	30.82	0.4339908919030692	-1.5379757616374303	
453.3428	34.89	0.6048566813267291	-0.9923040050912177	
453.9464	210.05	0.07081178909744798	-5.022634745043523	
454.0265	325.71	0.614667918039606	-0.9554696445129995	
415.9005	209.39	0.7080854774177052	0.7080266258612623	
382.9946	248.66	0.7830978687019343	0.5155668196968479	
382.9946	257.35	0.5283006416162792	1.1877122963629967	
454.2915	26.23	0.6281621514229356	-0.9166974851434423	
454.2915	135.17	0.049122963661024956	-6.3276172868914236	
454.9434	210.31	0.9172462264834838	-0.21709412959856422	
454.9846	341.23	0.8767862033480124	0.3031543056216523	
491.2914	23.21	0.6210330170593876	0.935156902765467	
455.9458	210.05	0.015218369834789563	-17.732156628255545	
416.2252	29.77	0.7509358876489143	-0.5964671991328379	
492.2951	23.34	0.7456243193364702	0.6068290181944517	
384.1145	303.88	0.015218369834789563	-14.939053652579625	C14H17N5O8
456.9419	210.18	0.8246045953302519	-0.42485239802391545	
456.9651	222.03	0.9178387009520329	0.2047174629972902	
456.9651	227.81	0.9809458125599315	-0.04882901844788859	
416.855	209.26	0.3972658141921284	1.6749492972624334	
416.86	321.9	0.7153716373477474	-0.6818153319052435	
416.8946	209.13	0.39978697333708874	1.6669238185405815	
385.1284	277.67	0.028425203187232927	-8.777148927325415	C17H19FN4O4
417.2452	233.22	0.4622662417377738	-1.4087631313355438	C17H32N6O6
494.3238	136.62	0.25853604145080417	-2.321946830094381	C24H48NO7P,C24H48NO7P
386.7625	207.95	0.478147212249485	1.3416407864998758	
386.7625	211.1	0.478147212249485	1.3416407864998738	
418.8531	209.26	0.31389531978012974	2.025111957601658	
496.3393	125.72	0.7118062520091522	-0.6941096500805466	
418.9884	224.53	0.15631284756921263	3.297181223314009	
419.1696	28.07	0.06286879113280819	5.514093042978497	C22H26O8
387.0844	168.26	0.2043543188341139	-2.773809446069326	
387.1798	26.23	0.2472534387914941	2.4240444388870444	
497.3427	125.72	0.7109100446408897	-0.6973848151716313	
497.3427	136.36	0.15008083917400697	-3.3763007205392306	
419.9915	224.13	0.8897892171413069	0.27803932719428603	
498.858	208.74	0.6186168875449327	0.9449520934313277	
420.3185	1.97	0.614667918039606	-0.9561365333093613	C26H42O4
388.1832	26.23	0.30325575339897487	2.0811249880749703	
388.2182	0.78	0.0033099716714441525	-62.645359992837626	
499.9909	319.38	0.7894555456908955	0.5014868745708889	
388.2539	34.89	0.9294447030852242	-0.17022107508553194	
500.9913	224.26	0.6298389122524963	0.9091160323039947	
464.2611	305.85	0.028651027611979747	-8.624605506343768	
501.9946	224.66	0.629526419916041	0.91210764710433	
502.3156	25.18	0.8714883349981484	0.3174026524835047	
464.8906	221.51	0.3057169816695802	2.0568902529447977	
502.9858	370.38	0.7407016401191857	0.6238948919667007	
502.9961	224.0	0.9329161225358646	0.16089944290435704	
466.0131	378.0	0.6130723735846382	-0.9627674340303963	C10H15N5O11P2,C10H15N5O11P2
424.1016	416.47	0.09169324805097867	4.412453752480522	C18H21N3O5S2,C14H21N3O10S
503.3186	25.18	0.5611786432663628	1.099144029822923	
391.0478	221.24	0.2151836835163368	-2.6752444765818963	
467.1402	254.32	0.5974863808630199	1.013243982206237	
468.308	138.85	0.18547125685100943	-2.943402128392005	C22H46NO7P
469.9769	303.09	0.8136940388634964	0.4504101419246743	
509.9829	319.51	0.30325575339897487	-2.0743124997834688	
473.3175	24.65	0.5013941236745951	1.2830497123346363	
430.302	302.44	0.02312249219852907	-10.671189748258874	
511.0962	391.0	0.5218594606691319	1.2162857337970092	C14H26N4O11P2
511.1196	297.05	0.16237842157229862	3.210220476448185	
430.8707	209.26	0.37557336194574437	1.7582927669020634	
394.9047	207.82	0.5405590197766845	1.1563432061261323	
394.9047	211.89	0.8060906624647971	-0.46569457242925033	
431.1186	299.55	0.030539612751749934	-8.298808572268436	C20H19FN4O4S
512.8737	209.13	0.40926528434037274	1.624224677129146	
395.1558	197.41	0.7503255107808687	0.5993434086447603	C19H20N2O7
395.1558	217.17	0.2472534387914941	2.422630268204244	C18H22O7S,C19H18N4O3S
431.8738	209.26	0.3706459095826063	1.7796586231508031	
513.877	209.13	0.8345721544861807	-0.4025833970566081	
514.8321	209.39	0.7649685719128073	0.5651646358869603	
514.8714	208.74	0.7649685719128073	0.5647798081343256	
514.8714	209.53	0.2649364521572284	2.2878507572742994	
515.007	224.53	0.7367974681427745	-0.6326667428051681	
396.2939	25.18	0.7128145203401006	0.6900419571254345	
515.2124	319.11	0.014775287908651078	-18.708046953525237	
432.2801	35.16	0.4160620661198711	1.594165852118303	
432.8678	209.26	0.37219803992795614	1.7710737969157264	
516.0103	224.53	0.8175360735963443	0.43894428734200575	
433.0039	224.26	0.8503924914035805	0.36418906564285297	
433.2405	26.23	0.79684404632239	0.48470225784140847	
516.8302	209.13	0.478147212249485	1.350028796878755	
477.2042	252.61	0.05392137255246871	-6.083059645314395	C21H29N6O5P
517.0116	224.0	0.9461633796190673	-0.13300104889427025	
478.2071	252.87	0.07933320599849737	-4.751956163631638	C21H29N6O5P
434.0074	224.26	0.7080854774177052	0.706060952737006	
479.1985	252.61	0.06404549074422161	-5.430667524177712	C26H32ClFO5
479.2607	203.88	0.2090011127184925	-2.7218943105307907	
479.2607	205.72	0.19574896941271144	-2.8559285697461507	C27H36F2O5
434.8669	209.26	0.4339908919030692	1.5310226386753498	
480.2025	252.61	0.13020177126366303	-3.6507879030512913	C26H32ClFO5
435.0087	224.26	0.6932536936304682	0.7493522374714761	
520.3324	35.68	0.0624475938019662	5.549573146747888	
520.3379	124.8	0.8537469396179278	-0.35189447964014187	
520.3379	131.24	0.6395412530814462	-0.8782918914375867	
520.3379	133.21	0.9390875412179601	-0.15043950733142317	
520.3379	136.09	0.4339908919030692	-1.5200456353108593	
520.8318	221.24	0.06806689648646927	5.216351113433893	
520.8318	229.65	0.26925217983231897	2.2533642833098906	
399.2457	36.6	0.4339908919030692	1.5270389033355016	
399.7476	36.6	0.6384674543328814	0.8873442502942718	
482.3238	136.88	0.5218594606691319	1.2140147954397578	C23H48NO7P,C25H43N3O6
482.3599	138.46	0.0903937244684918	-4.448778781181389	C24H52NO6P
522.355	134.52	0.2368089062158598	-2.5065705592809318	
400.0505	318.46	0.6377858646861825	0.8896369543964225	
523.3583	134.65	0.26307470246375814	-2.2979866955964656	
400.8811	209.53	0.698608571390888	0.7353021161728729	
524.371	123.23	0.43534574085311406	-1.5074915955559305	C26H54NO7P
524.371	132.81	0.7185211643902234	-0.6738448241945262	
438.8831	230.04	0.21624794014307278	2.664330294906841	
438.9696	211.23	0.22701230006301737	2.5804341313974306	
401.1588	28.07	0.16542248035040044	3.1685052806635516	C22H24O7
401.1588	307.95	0.032851702175859816	-8.01861671206434	C17H26N4O3S2,C15H26O12
401.1588	311.89	0.0993300048502478	-4.245655843648952	C22H24O7
401.1588	318.06	0.05392137255246871	-6.07486073325487	C22H24O7
485.2889	25.18	0.7939473250821529	-0.4910257491426923	
486.2924	25.31	0.6130723735846382	0.9658570229528323	
486.3456	132.94	0.21835858414183076	2.6430947794469275	
488.0462	226.89	0.8767862033480124	-0.30498251773390256	
441.1516	28.2	0.9873944556715264	-0.03423823878116925	C22H26O8
528.8476	209.26	0.4106741418335602	1.615600787984174	
489.1141	391.0	0.8712556451593151	-0.3219834379133742	C14H26N4O11P2
529.851	209.26	0.4306337874676055	1.5523610392332872	
404.2062	26.23	0.3384294173715323	1.908068692809246	
490.1175	391.0	0.892557165419383	-0.26888072131564666	C14H26N4O11P2
530.3468	25.31	0.8439365253786342	0.3770787370766039	
444.0312	378.0	0.3586343612346386	-1.8181161316603063	C10H15N5O11P2,C10H15N5O11P2
530.8457	209.26	0.3586343612346386	1.8170642621006972	
404.973	223.87	0.30622752611238124	2.052974216964632	
405.009	370.65	0.5282129615464003	-1.1892717679490086	
405.009	420.28	0.58227565445855	1.042891192764835	C9H14N2O12P2
444.96	221.77	0.6130723735846382	-0.9635694654087437	
444.96	227.94	0.478147212249485	-1.352057756782948	
405.2092	26.23	0.5061717122813183	1.2711426397347352	
405.2092	292.43	0.40926528434037274	-1.6207120923084777	C23H29FO5,C23H32O4S
445.2324	26.23	0.6836546862474713	0.7736597284933863	
406.0433	227.15	0.6840806570818422	-0.7703810208530653	
445.9981	174.57	0.46306228339953026	1.4039964484564293	
445.9981	176.8	0.13693761065395016	3.5509205226115745	
406.1315	258.27	0.027641108653897805	-9.139191459779669	C14H25NO11,C15H29NO6S2
538.9516	2.75	0.25321571009178245	2.364949610201421	
538.9683	222.16	0.7577722209405375	0.5812864643440963	
538.9683	227.28	0.6621217645553842	-0.8179928069526164	
446.7834	207.95	0.15964267394772855	3.2484034899536276	
446.7834	211.1	0.9967190037428302	-0.008134593389017874	
532.8439	209.39	0.43534574085311406	1.5065587894522976	
447.0672	365.92	0.08359404504494791	-4.606522336357409	C11H20N4O11P2
407.0135	370.65	0.40926528434037274	-1.6216257981457631	
407.0135	420.58	0.24313995523041454	2.457523825373247	
533.3497	27.41	0.6547495619277373	-0.8426617407039922	
407.2285	218.36	0.028738873655066447	-8.586995656841298	C19H34O9
408.8274	207.42	0.478147212249485	1.3416407864998738	
408.8274	211.49	0.478147212249485	1.341640786499869	
408.89	367.49	0.39595081829747875	1.680513497955126	
543.3411	25.18	0.9294447030852242	0.17009627451496037	
544.7603	208.08	0.44760267061995196	1.4537637218339692	
544.7603	210.71	0.9306271292868658	0.1662235209001512	
671.0603	310.32	0.15547305085844618	3.3120403348377523	
672.005	224.13	0.9633047202065338	0.09505131069275212	
782.5677	28.98	0.7427395739217978	-0.6141902156356976	
782.5677	36.21	0.9169395067721796	-0.2200213956433718	
679.0128	224.26	0.565244307677969	1.0842417300670364	
679.5142	224.13	0.15910304792369717	-3.2568856861729634	
680.0161	224.66	0.7281619552598005	-0.6537335745619273	
784.5837	29.12	0.694768858348364	-0.74482751653771	
784.5837	36.6	0.7743651349646392	0.5459114990267305	
681.018	224.13	0.629526419916041	-0.9123310810097242	
785.5872	28.98	0.7118062520091522	-0.6937886976658755	
785.5872	36.6	0.9678896139732202	-0.0854135569144688	
786.1636	312.94	0.9178387009520329	-0.20483705887087114	C27H33N9O15P2,C27H33N9O15P2
597.0099	224.26	0.9278021500282068	0.17456710202580702	
786.5995	36.6	0.8125519577915614	-0.45355013685336876	
682.4858	24.26	0.8439365253786342	-0.3802043453649921	
787.6032	29.12	0.5527818945674768	-1.114702842981627	
787.6032	36.21	0.8322421069856409	-0.4081288967525856	
788.0015	223.87	0.8688814275469575	-0.32718216890529356	
788.0015	224.66	0.9178387009520329	-0.20119963321027448	
685.4346	24.26	0.9166245213353728	0.22158904670153384	
598.0133	224.66	0.9727013551434639	0.07115825463315234	
598.0676	420.58	0.30325575339897487	2.0697001871223897	
789.99	222.95	0.02312249219852907	10.552313930738569	
789.99	225.97	0.7080854774177052	0.7053546894871164	
686.0975	347.31	0.06748596431974789	5.25828695480781	C21H27N7O14P2,C21H27N7O14P2
599.0149	224.13	0.5440639974574117	1.1474858857625134	
599.0709	420.28	0.5328864334992377	1.1767703366102025	
688.1553	263.42	0.24960057679911457	-2.3970747448606815	C21H35N7O13P2S
795.0095	224.26	0.8537469396179278	-0.35326997759185635	
692.4056	36.21	0.3481345169082486	1.8653415757852023	C38H53N5O7
554.1754	24.39	0.8269245304236595	0.4199163599474661	
802.0173	224.53	0.5236155582074802	-1.2046701864643528	
802.5189	224.66	0.5491637235689839	-1.127960224285146	
803.0198	224.4	0.6547495619277373	-0.8373699964641917	
603.5218	207.82	0.7296364593795605	-0.6493891853194065	
603.5218	210.84	0.4740147311908944	1.3680219214177136	
604.3531	35.42	0.142853013910597	3.4785663219155563	
555.1059	248.79	0.7939473250821529	-0.4913694560643915	
555.1059	250.11	0.5642644633527799	1.0885693630331996	
555.1059	256.04	0.4906074756514344	1.309543306406104	
808.1454	313.2	0.614667918039606	0.9551566948470742	C27H33N9O15P2,C27H33N9O15P2
696.4369	36.99	0.3384294173715323	-1.9105993729271864	
810.5989	28.85	0.7421759522262596	-0.617435780301644	
810.5989	36.21	0.9758274516366043	-0.06451851142156323	
608.0883	356.17	0.5466964389795472	1.1401778791131147	C17H27N3O17P2
608.3846	36.21	0.6978288319693157	0.7393434779217593	
609.0915	356.17	0.39982264472084844	1.6650171757092747	C17H27N3O17P2
818.0119	347.04	0.032851702175859816	7.9978579718655265	
610.093	356.04	0.6547495619277373	0.8331658385396207	C17H27N3O17P2
706.065	355.65	0.16542248035040044	-3.1666230757231104	
610.8511	208.87	0.6120975430318426	0.9743105935057486	
824.484	36.6	0.9178387009520329	-0.20512192822245143	
707.9869	222.95	0.6484232432948324	0.8601428688631892	
707.9869	226.1	0.22885558740544026	2.5674875216026036	
708.5108	24.13	0.7743651349646392	-0.5444927634274842	
708.8273	209.13	0.4740147311908944	1.3722124894714849	
708.8273	209.53	0.6265179429414884	0.9217214209227439	
829.0031	224.0	0.9172462264834838	-0.21685151466014316	
830.006	224.26	0.478147212249485	1.3533345261355074	
611.8531	209.66	0.874151840430505	-0.3098960192713832	
560.9495	28.85	0.6810019527469963	0.7799225231221183	
612.1193	370.51	0.32069601243427553	1.9965110038537353	
830.9924	223.21	0.46615758932513995	1.3926481570928835	
830.9924	225.71	0.6500468805653767	0.8557410736520388	
709.5139	24.13	0.8060906624647971	-0.4648770779266304	
612.3159	134.26	0.32545553554634116	1.9749726625391697	C37H42N2O6
612.8086	209.26	0.4005132386934291	1.6595624959418633	
612.8491	208.87	0.3306706037132277	1.9481843730662967	
710.5174	24.26	0.7859121941145132	-0.5095731989044499	
614.1615	446.72	0.1959960507293126	-2.846704767462044	C20H32N6O12S2
836.011	224.0	0.42830541512135994	-1.56086289863648	
836.5123	224.13	0.99013996057094	-0.028005739106503908	
615.1545	366.44	0.2312746546241336	2.550447458554372	C20H31N4O16P,C20H31N4O16P
615.1545	446.72	0.1959960507293126	-2.8376088776516952	C20H31N4O16P,C20H31N4O16P
713.0065	224.0	0.28370804175192044	-2.178367939570629	
713.508	224.4	0.6345102044084219	-0.8958002598212521	
616.1573	366.05	0.4350986138950608	1.5151704944674236	C20H31N4O16P,C20H31N4O16P
714.4677	24.52	0.403798779601903	1.6481005473417139	
843.0187	224.26	0.9181242874801046	-0.19652445033001392	
843.5202	224.92	0.9123172099101307	-0.22945157650851253	
715.3026	252.87	0.028912953016479993	-8.52355705520296	C30H50O19
844.022	224.53	0.9178387009520329	0.19950298447246617	
564.3585	35.94	0.13020177126366303	3.6454754413538275	
716.0244	146.2	0.9197720125823844	-0.19199993047227104	
716.0244	156.84	0.9994333805100848	0.0007708006546968075	
716.3053	252.87	0.0474212605372041	-6.499655663041936	C30H50O19
718.0219	146.34	0.6395412530814462	0.8791919215679419	
718.0219	156.71	0.5675800210087087	1.072321407782807	
720.0143	224.66	0.48250868906681793	-1.329779508073454	C15H25N5O20P4
720.958	370.78	0.13353456868951205	3.600155772968589	
721.0166	223.87	0.1684320113877135	-3.1132211833680694	C15H25N5O20P4
721.506	24.26	0.7290898557567655	-0.651300622306354	
567.3544	134.52	0.6528567802071712	0.8499068009642818	
721.9571	370.91	0.07073562604179645	5.045521676100987	
622.9812	370.38	0.07815801283957069	4.78711845739181	
722.5089	23.99	0.7015820590405943	-0.7269356142536364	
623.9808	370.65	0.3012362214724558	2.098938240876037	
568.1843	313.86	0.15008083917400697	-3.3813249982442093	C20H35NO16
723.5121	23.99	0.7799316498091075	-0.5269503778840073	
624.976	370.65	0.11295753610806493	3.9874658134016436	
568.9228	324.13	0.1431187251020705	-3.471566583648547	
625.1147	355.78	0.7799316498091075	0.5254545106290515	
724.8012	209.26	0.5196986858632193	1.2273361453001028	
871.993	223.08	0.4306337874676055	-1.5487463405086113	
871.993	225.71	0.4339908919030692	-1.5289354090356926	
873.0739	153.82	0.6004850270582307	1.000612981593149	
625.9664	323.08	0.9390875412179601	0.1480693142008135	
625.9843	222.69	0.07235906855825089	4.952302362290934	
625.9843	226.1	0.12725230708644708	3.711969277828943	
570.0491	226.76	0.7894555456908955	0.5024960424916696	
626.0986	420.28	0.5491637235689839	1.130586836077923	
570.5467	28.2	0.41153521828795336	1.6100438900625207	
570.5467	57.22	0.615896812434878	0.9519793560064022	
626.8244	209.13	0.4280276056494425	1.5632189099358615	
627.8277	209.13	0.4403648724774754	1.4842835609601521	
877.0122	224.13	0.614667918039606	-0.9567875032350606	
877.0122	224.79	0.97646093376542	-0.06072578722111835	
628.8232	209.13	0.44667171825405844	1.4637757810623186	
571.5501	28.33	0.4339908919030692	1.5306406384496927	
630.07	355.78	0.09599924995365255	4.318763555869051	C17H27N3O17P2
884.0199	224.26	0.5257060202723923	-1.195159598359014	
884.5217	224.13	0.4041350635005687	-1.645489119911743	
631.0733	355.35	0.24900582178122083	2.406834718189076	C17H27N3O17P2
635.8553	207.95	0.5069809830570768	-1.2609348338300268	
635.8553	211.1	0.5459795627154409	-1.1427936719886795	
736.4317	36.21	0.6892562201654484	0.760721706621922	
636.9607	420.58	0.08359404504494791	4.6122529126376905	
637.1359	366.18	0.05351844322315658	6.122850703189332	C20H31N4O16P,C20H31N4O16P
736.5417	23.99	0.7231712797297297	-0.6628971503963986	
575.4905	208.61	0.6547495619277373	0.8353539718196478	
575.4905	210.44	0.48634466784600905	1.3207848336536405	
637.9594	420.58	0.6086588726696703	-0.981282763880092	
638.0113	224.4	0.6054343048730668	-0.9889211789223322	
638.5133	224.26	0.6120975430318426	-0.9722828449991404	
638.5133	224.79	0.19574896941271144	-2.855091895301623	
576.9747	28.72	0.3902381095436664	-1.7053883699250414	
740.463	37.52	0.34036209851545784	-1.8962054522139753	C38H72NO8P
577.5184	28.07	0.4614811510438919	-1.4135221732410026	C37H68O4
918.0136	224.26	0.22589749495908767	-2.591914608153911	
741.1731	369.99	0.25490082379369466	-2.3438306154558717	
925.0217	224.26	0.9563594963884949	-0.11251947603384112	
925.5231	224.26	0.8986390729730656	-0.25399584680733944	
926.0248	224.26	0.8823088325073728	-0.29329766786117195	
927.0263	224.26	0.7559283995777915	-0.5860583895621706	
643.9776	5.81	0.7421759522262596	-0.6172652747315898	
747.0001	223.87	0.8508285054003875	-0.3613502210957209	
581.041	420.58	0.46615758932513995	1.3917968307310626	C15H22N2O18P2,C15H22N2O18P2
748.0035	224.13	0.43534574085311406	-1.510833683539546	
647.458	24.13	0.13693761065395016	-3.553884063174965	
748.9883	222.95	0.6931903990046706	-0.7506413518956123	
748.9883	225.97	0.6441422761789022	-0.8688207098452322	
749.2812	343.6	0.07013170951680893	-5.0804005412681645	C28H48N2O21
749.4897	222.95	0.8085626789096437	0.46051176029746227	
749.4897	226.23	0.9962450120566541	0.013099724899018065	
648.3793	35.68	0.1776814223118637	3.0233636682815894	
648.4615	24.13	0.1279127660779337	-3.691978547770065	
959.0146	223.87	0.09137606914105673	-4.424505920983395	
959.0146	224.66	0.24900582178122083	-2.410631168445438	
751.5104	25.18	0.7885909984603812	0.5049035235044117	
649.4647	24.13	0.1776814223118637	-3.0234783453860214	
966.0229	224.66	0.3013745809114095	-2.0939605512178954	
966.5237	224.26	0.4127055387235858	-1.605528952280265	
582.9943	224.26	0.5672699807132314	1.0741708226133708	
652.052	226.76	0.9457312153759805	-0.1347436423118585	
753.6124	36.6	0.6323278211749292	0.9024487944459167	
754.0079	224.4	0.2703953316490114	-2.2462417543988167	
754.5094	224.4	0.6395412530814462	0.8819427052126527	
653.146	356.17	0.22885558740544026	2.565371371411853	
584.0883	370.65	0.4403648724774754	-1.4902326840182618	
585.0916	370.65	0.6307517359453909	-0.9064792258083508	
758.5685	36.21	0.9390875412179601	0.14887249995059607	C41H76NO7P
586.0931	370.78	0.3540743217927208	-1.842351322920072	
759.572	29.25	0.5672699807132314	-1.0746426416472283	C43H78NO7P
664.0078	355.78	0.08162204939471274	4.674617199553328	
664.1157	347.44	0.40926528434037274	1.6214181451591323	C21H27N7O14P2,C21H27N7O14P2
761.5165	224.26	0.6767820813649457	-0.7895723228185909	
761.5876	36.73	0.9178387009520329	-0.20925012948543587	C43H78NO7P
762.0191	224.4	0.7055178731906733	-0.7178866932078248	
762.9834	355.78	0.9457312153759805	0.13541470528077137	
763.0208	224.0	0.9870934789804454	0.036959094316177964	
664.9972	224.13	0.7850575542217277	0.5118400348341589	
763.1549	370.12	0.478147212249485	-1.340088284947735	
665.0382	370.51	0.9882352211392087	-0.03178434926329251	
665.1186	347.57	0.4113229540614531	1.612303288166734	C21H27N7O14P2,C21H27N7O14P2
665.4594	24.13	0.7799316498091075	-0.5262916389542941	
666.0014	224.0	0.9758274516366043	-0.06409148079544379	
666.1208	347.31	0.3426782046255196	1.885307041657112	C21H27N7O14P2,C21H27N7O14P2
666.1313	319.11	0.23867471506278018	2.4921326794874092	C21H29N7O14P2
666.9847	222.69	0.4339908919030692	1.5308989194175247	
666.9847	225.97	0.43534574085311406	1.5121572624692128	
667.1343	319.51	0.5257060202723923	1.196271332260099	C21H29N7O14P2
589.0436	370.91	0.031133237106459627	8.22259928721361	C15H24N2O17P2
768.5372	25.18	0.7350929017494513	0.6361427506996928	
769.5403	25.18	0.3384294173715323	1.909433148014911	
590.0469	370.38	0.24960057679911457	2.393739286887094	C15H24N2O17P2
590.089	378.26	0.3809739196839099	-1.7422433696291642	C16H25N5O15P2
780.458	36.6	0.8469256269908055	0.3720790438482121	
