m/z	rtime	p-value	t-score	custom_id
132.9453	151.74	0.9994999574118176	-0.6758899849690889	
132.9453	206.55	0.9994999574118176	0.7194760506434985	
208.9731	28.68	0.9994999574118176	1.3917559915765112	C4H5NO7P
174.9979	28.02	0.9994999574118176	-0.7339635927704042	
175.0353	319.99	0.8683880775717582	-3.312207528717541	
175.0433	299.5	0.9994999574118176	0.014493498893719264	
209.082	35.24	0.9994999574118176	-1.3929552744603257	C11H14O4,C6H15ClN4O2
209.0968	31.96	0.9994999574118176	2.283190024616764	
209.1543	29.99	0.9994999574118176	0.8985812827113381	C13H22O2
209.1543	34.06	0.9994999574118176	1.0063742832703644	C13H22O2
209.8334	1.7	0.8683880775717582	-3.5973208500477276	
175.839	142.49	0.9994999574118176	-0.586323550590737	
175.839	151.87	0.9994999574118176	0.04679074992774541	
209.9286	28.94	0.9994999574118176	0.2805187992007929	
210.0072	221.91	0.9994999574118176	0.20926977405115016	
210.1577	30.52	0.9994999574118176	1.392447790862366	
210.1577	33.93	0.9994999574118176	1.5097948667775312	C13H22O2
210.8419	141.57	0.9994999574118176	0.3504862258945179	
210.8419	152.53	0.9994999574118176	0.34964532673068394	
134.9425	152.0	0.9994999574118176	0.5709801389609537	
134.9425	206.68	0.9994999574118176	0.9057054613337904	
176.0557	212.98	0.9994999574118176	0.7650990463400172	C7H10O5
176.075	297.79	0.9994999574118176	0.06513799084073611	
176.075	313.81	0.9994999574118176	0.2590218788395278	
210.9912	301.21	0.9994999574118176	-0.5945735072637495	
210.9912	372.04	0.9994999574118176	-0.8938293906722906	
176.8359	142.36	0.9994999574118176	0.2333579880244807	
176.8359	151.87	0.9994999574118176	-1.315380141248139	
135.9015	141.04	0.9994999574118176	-1.0752432255492173	
135.9015	153.18	0.9994999574118176	-0.6509925466449389	
211.0007	218.49	0.9994999574118176	-0.821810778309321	
80.9641	181.11	0.9994999574118176	-0.5894877987219417	
82.9531	34.59	0.9994999574118176	-0.2696947396173526	
211.8849	153.31	0.9994999574118176	0.9605464349747571	
177.9123	141.57	0.9994999574118176	-1.152473624256262	
177.9123	152.79	0.9994999574118176	-0.7594577998844949	
212.0536	184.66	0.9994999574118176	-0.45181335580823695	
212.0576	211.67	0.9994999574118176	-0.15927723556953244	
83.0492	247.18	0.9994999574118176	-0.38400709899786944	
212.8389	141.44	0.9994999574118176	1.7737609656000795	
212.8389	152.53	0.9994999574118176	-0.6148896155521765	
84.0444	194.96	0.9994999574118176	-0.5247112509177738	
84.0444	212.06	0.9994999574118176	0.30767374927508223	
84.9501	34.72	0.9994999574118176	-0.35092953371350144	
87.0441	194.57	0.9994999574118176	-0.5176486110654809	
138.8592	149.61	0.9994999574118176	0.21169781185328354	
138.9059	1.44	0.9994999574118176	0.47244407421107504	
179.0554	282.3	0.9994999574118176	-0.29882046498656023	C9H6N2O2
179.8401	141.7	0.9994999574118176	0.008317183761542076	
179.8401	152.53	0.9994999574118176	-0.688696320262878	
139.0002	241.27	0.9994999574118176	-1.542078408110446	
179.8819	367.18	0.9994999574118176	0.9589966054035616	
213.8832	41.28	0.9994999574118176	-0.6407419936632475	
213.8832	41.94	0.9994999574118176	-0.547630822031622	
213.8832	43.52	0.9994999574118176	-0.5510872990895448	
214.0482	298.85	0.9994999574118176	0.8362240729292953	C5H14NO6P
140.0108	298.71	0.9994999574118176	-1.2073683191445141	
180.8821	367.18	0.9994999574118176	0.8619232839641675	
215.0514	298.98	0.9994999574118176	0.7426587443592849	C5H14NO6P
215.1034	288.87	0.9994999574118176	-0.4164747189574164	
93.0335	33.8	0.8683880775717582	3.1944308510330814	
215.1397	172.81	0.9994999574118176	0.26314061786706777	C10H20N2O3
181.071	194.57	0.9994999574118176	-0.38960902915134293	
215.8604	142.36	0.9994999574118176	0.5249818196759402	
215.8604	152.13	0.9994999574118176	0.19308964420449584	
181.8368	141.83	0.9994999574118176	-2.6492711778142715	
181.8368	152.13	0.9994999574118176	-2.023991070323241	
181.9853	277.97	0.9994999574118176	2.011849551536497	
216.0513	298.98	0.9994999574118176	0.7103318199612227	
142.9432	206.94	0.9994999574118176	-0.41069375420985915	
216.0986	307.64	0.9994999574118176	0.47820076321132887	C6H12N2O4
182.0454	33.93	0.9994999574118176	-0.6002013792961938	
182.0745	194.57	0.9994999574118176	-0.2579573782544587	
96.921	141.96	0.9994999574118176	-0.3739259715104114	
96.921	152.26	0.9994999574118176	-0.2290407722114018	
143.0054	207.07	0.9994999574118176	-0.34927104281586147	
216.9185	366.92	0.9994999574118176	-2.022554597809094	C4H7Cl3O
96.9679	366.13	0.9994999574118176	-1.617021647367862	
96.9679	369.02	0.9994999574118176	0.26177167728770623	
183.0041	26.05	0.9994999574118176	-2.14456134814822	
183.0112	27.5	0.9994999574118176	-1.7582083832083837	
217.0126	194.3	0.9994999574118176	-0.0941985921868256	
217.0171	30.52	0.9994999574118176	1.3880981077041992	C8H10O5S,C8H10O5S
217.0171	58.02	0.9994999574118176	0.6609396019408679	
217.0481	194.57	0.9994999574118176	0.14105785029317539	
97.0648	27.37	0.9994999574118176	0.03709640331948672	
143.9776	206.68	0.9994999574118176	-0.4819947869472941	
143.9904	219.41	0.9994999574118176	-0.07172626316834407	
143.9904	226.37	0.9994999574118176	-0.6122720616315707	
217.0826	218.36	0.9994999574118176	-0.1400115985891368	C10H12O5
217.0826	361.67	0.9994999574118176	1.0488049711823766	C8H6O4
97.9762	206.68	0.9994999574118176	0.267829569791069	
217.1383	401.22	0.9994999574118176	0.5396925249153136	C9H19N3O3
217.8497	141.04	0.9994999574118176	0.03559775530924149	
217.8497	151.08	0.9994999574118176	-0.711137053987227	
217.8497	153.18	0.9994999574118176	0.10845074913916092	
217.8577	142.23	0.9994999574118176	0.9999086403119417	
217.8577	152.0	0.9994999574118176	-1.5082854003706994	
144.8687	142.23	0.9994999574118176	-0.2441901051803767	
144.8687	152.26	0.9994999574118176	-0.5762279950879564	
144.9036	353.4	0.9994999574118176	-0.5482900539371685	
218.0221	208.38	0.9994999574118176	0.08360344112203032	C9H11NO3
98.948	23.29	0.9994999574118176	-0.5296706248910221	
218.0515	194.57	0.9994999574118176	-0.009550772371707338	
218.0667	287.03	0.9994999574118176	-0.11518284154916685	C12H10N2S
218.0779	334.2	0.9994999574118176	0.1293101996204773	C7H13N3O5
218.086	361.8	0.9994999574118176	0.8526711174315434	C8H6O4
144.9724	206.68	0.9994999574118176	-0.6126023382285193	
218.103	182.16	0.9994999574118176	0.9714091166881537	C9H17NO5
144.9784	206.41	0.9994999574118176	-0.3314148831127674	
145.0246	194.83	0.9994999574118176	0.14296083950691874	
145.0246	214.56	0.9994999574118176	1.4139424748308524	
218.9882	1.83	0.9994999574118176	0.7755372758841428	
145.9759	206.81	0.9994999574118176	-0.307428063851792	
146.0167	273.77	0.9994999574118176	0.3912457346912354	
146.053	247.44	0.9994999574118176	1.1297529314704284	
146.058	277.31	0.9994999574118176	0.9181142247041664	
219.0192	208.38	0.9994999574118176	0.023459577825903116	
146.0813	182.16	0.9994999574118176	0.45370144114570526	
219.0451	194.83	0.9994999574118176	-0.06124419767068666	
219.07	287.03	0.9994999574118176	-0.176573470684878	C12H10N2S
146.8658	142.23	0.9994999574118176	-0.7319253542117977	
146.8658	152.26	0.9994999574118176	-0.993925103979715	
219.1063	182.16	0.9994999574118176	0.2681702676128797	C9H17NO5
101.0709	301.08	0.9994999574118176	-0.1939086080754283	
185.0561	235.99	0.9994999574118176	-0.018467556062433638	C7H10N2O4
185.0561	354.32	0.9994999574118176	1.0921068903394828	C7H10N2O4
219.8451	152.92	0.9994999574118176	-0.12762566006347956	
185.0925	290.18	0.9994999574118176	0.49068473897549925	C8H14N2O3
147.0652	277.44	0.9994999574118176	0.511430344718369	
147.0666	198.9	0.9994999574118176	0.184674362763507	
104.006	195.48	0.9994999574118176	-0.8849620716113924	
148.8628	141.96	0.9994999574118176	1.1557020207142794	
148.8628	152.26	0.9994999574118176	-0.8275235971773026	
149.0268	273.77	0.9994999574118176	0.09219226796751202	
187.0217	227.82	0.9994999574118176	-0.9717826866382219	
187.0718	232.44	0.9994999574118176	-0.8253343419911773	C8H11NO4
187.0718	308.96	0.9994999574118176	-0.8946675471474154	
220.1465	26.18	0.9994999574118176	0.31971588792457933	
150.0301	273.77	0.9994999574118176	0.35990509073274535	
150.0412	142.23	0.9994999574118176	0.4575062680734332	C5H5N5O,C5H13NS2
187.884	141.7	0.9994999574118176	0.28590836930471114	
187.884	152.53	0.9994999574118176	-0.7271275847079833	
150.8858	141.57	0.9994999574118176	-0.10051068399022656	
150.8858	152.53	0.9994999574118176	-1.0460218647393458	
150.987	49.56	0.9994999574118176	1.130491089224435	
151.0253	119.42	0.9994999574118176	0.1048566827406871	
188.0457	175.96	0.9994999574118176	0.4079811787180277	
151.8732	151.48	0.9994999574118176	0.6508803252802452	
220.845	141.31	0.9994999574118176	-0.034345221841168554	
220.845	143.67	0.9994999574118176	-1.0813816245878187	
220.845	150.95	0.9994999574118176	-0.22851342773706626	
220.845	153.18	0.9994999574118176	-0.17333395738708104	
152.0287	119.55	0.9994999574118176	-0.12243746624901476	
188.0559	300.81	0.9994999574118176	0.28414001633690994	
188.067	315.39	0.9994999574118176	0.7819856694431906	C6H11N3O4
188.067	339.84	0.9994999574118176	0.15135081959215418	C6H11N3O4
152.0547	214.03	0.9994999574118176	-0.4601567482016838	
152.8828	141.57	0.9994999574118176	-0.23342159217958428	
152.8828	152.53	0.9994999574118176	-0.8668946551427669	
108.9009	142.09	0.9994999574118176	0.4232509587388374	CaO2
152.995	194.43	0.9994999574118176	-0.7699481725588042	
152.995	212.45	0.9994999574118176	0.6420555019097776	
152.995	264.28	0.9994999574118176	0.7764460497128657	
221.0039	241.14	0.8093610875986924	-4.560432939762235	
188.981	193.65	0.9994999574118176	-1.1784603028482945	
221.1544	24.87	0.9994999574118176	1.0105904653968425	C14H22O2
221.8421	152.92	0.9994999574118176	-0.30781126884512416	
189.0334	163.98	0.9994999574118176	-1.4805379827144884	
189.0591	300.68	0.9994999574118176	-0.5859354892006667	
222.044	192.07	0.9994999574118176	-1.2005892762134251	
110.044	214.69	0.9994999574118176	0.3908821349756495	
110.8979	141.96	0.9994999574118176	0.15686131289842659	
110.8979	152.26	0.9994999574118176	0.7480528077225447	
189.8812	141.7	0.9994999574118176	0.4973149612188169	
189.8812	152.26	0.9994999574118176	-0.11797628226461004	
222.0962	173.47	0.9994999574118176	0.7751220843934759	
110.9747	38.0	0.9994999574118176	0.14084390667551938	
222.7975	141.04	0.9994999574118176	-2.0310566351547443	
222.7975	152.92	0.8683880775717582	-3.6722355151892674	
154.8799	141.57	0.9994999574118176	-0.8635538440600725	
154.8799	152.53	0.9994999574118176	-1.2117528166956737	
222.842	152.92	0.9994999574118176	0.39865122378000567	
111.027	380.18	0.9994999574118176	0.027397844211616836	
223.0281	141.57	0.9994999574118176	-0.7791273943714998	
111.0553	164.11	0.9994999574118176	-1.1232573852997396	
154.9648	259.03	0.9994999574118176	-0.36580219819381776	
190.0908	295.3	0.9994999574118176	-0.11084828995767415	C7H14N2O4
223.1337	25.13	0.9994999574118176	-0.12243978133847462	C13H20O3
223.8391	140.91	0.9994999574118176	-0.006076500045162417	
223.8391	143.67	0.9994999574118176	-0.6292767322437187	
223.8391	148.95	0.9994999574118176	-0.044267253927557704	
223.8391	150.82	0.9994999574118176	-0.42573422932312593	
223.8391	152.92	0.9994999574118176	0.1887872722669707	
112.9362	349.46	0.9994999574118176	-0.5239368453928717	
223.9786	1.44	0.9994999574118176	-0.27513747791658144	
224.0229	222.17	0.9994999574118176	-0.40658095005450884	
224.137	25.26	0.9994999574118176	-0.05293270191012382	C13H20O3
155.0453	163.85	0.9994999574118176	-1.3703014871413628	
191.0556	377.56	0.9994999574118176	1.207412125188746	
155.0817	230.87	0.9994999574118176	-0.04748388984423758	
155.0817	260.6	0.9994999574118176	-0.3373295004921032	
225.0237	221.91	0.9994999574118176	0.02746314761813921	
156.0294	299.76	0.9994999574118176	-0.16374312797406818	
225.0991	363.64	0.9994999574118176	0.1706020161554433	C9H14N4O3
114.9888	28.68	0.9994999574118176	0.3084553223629634	
115.0503	309.09	0.9994999574118176	-0.1836981747377469	
157.0247	217.44	0.9994999574118176	0.47720035865286703	
115.0866	293.46	0.9994999574118176	-0.5058231232280157	
157.8619	151.35	0.9994999574118176	0.15592543504678733	
157.9304	194.57	0.9994999574118176	-0.0755350039954131	
226.9364	206.81	0.9994999574118176	-0.8846331642661793	
116.0028	142.23	0.9994999574118176	-2.7746951850323067	
116.0028	152.0	0.8093610875986924	-4.533077159574614	
116.006	301.08	0.9994999574118176	-0.18372354541147687	
157.9932	206.68	0.9994999574118176	-0.3423191461834771	
192.9548	207.73	0.9994999574118176	-0.8317784034216921	
227.0647	276.39	0.9994999574118176	0.7063310785031524	C13H12N2S
193.0647	275.21	0.9994999574118176	-0.5297737969670545	
193.0864	25.92	0.9994999574118176	-0.15921919121128836	
193.8151	141.96	0.9994999574118176	-0.42458151597605986	
193.8151	152.0	0.9994999574118176	-2.1404398103142315	
117.074	212.06	0.9994999574118176	-0.1816448745491967	C6H14S
228.9963	379.4	0.9994999574118176	-0.7263238006565327	
228.9963	396.37	0.9994999574118176	0.27377218388490515	
158.988	206.68	0.9994999574118176	-0.5438548028786396	
118.0	142.23	0.8683880775717582	-3.4086433793022985	
118.0	152.0	0.9994999574118176	-2.4030559699800995	
229.0828	361.14	0.9994999574118176	0.10462231245394604	C9H14N2O5
194.9362	367.18	0.9994999574118176	-0.5138291512155084	
159.0766	293.59	0.9994999574118176	0.24840403153926027	
119.0226	241.4	0.9994999574118176	-1.5276702458748868	
230.1144	277.7	0.9994999574118176	0.11844730924104081	C7H14N2O4
230.1144	281.25	0.9994999574118176	0.7590192375004726	C9H17N3O4
194.9881	222.17	0.9994999574118176	-0.13151074706990717	
230.9314	1.96	0.9941804724671948	-3.016075185254271	
231.0282	194.3	0.9994999574118176	0.46537786823027766	
231.062	308.96	0.9994999574118176	-0.09920560287382643	C8H12N2O6
159.9914	206.68	0.9994999574118176	-0.3926956778441234	
231.0984	334.2	0.9994999574118176	0.01229974282597488	C11H11NO4
231.8103	39.97	0.9994999574118176	-0.9468977994172072	
160.0243	316.44	0.9994999574118176	2.0942724393176873	
160.0607	170.45	0.9994999574118176	0.4943824720385136	
160.0607	193.65	0.9994999574118176	-0.08859657673843217	C9H5N3
195.9915	334.59	0.9994999574118176	-1.97687832046661	
160.0799	293.59	0.9994999574118176	0.07306232278693703	
196.0612	380.18	0.9994999574118176	0.6738128836963544	C9H11NO4
196.8107	152.0	0.9994999574118176	-2.2933257697001337	
196.8764	152.92	0.9994999574118176	1.820640234318462	
196.8848	367.45	0.9994999574118176	0.2625263757660622	
196.8864	141.7	0.9994999574118176	1.0343515587707641	
196.8864	152.53	0.9994999574118176	0.5100189323992246	
160.9921	207.07	0.9994999574118176	0.29857976478291254	
161.0449	242.59	0.9994999574118176	1.11620621758419	
161.0449	245.61	0.9994999574118176	1.4340425971280784	C6H10O5
121.0317	245.87	0.9994999574118176	0.18415892691083555	
161.8749	39.84	0.9994999574118176	-0.936998056401778	
122.0213	219.68	0.9994999574118176	-0.4195023242770145	
122.0213	225.72	0.9994999574118176	-0.7197614748106196	
162.0592	315.0	0.9994999574118176	-0.14236757463670835	C7H5NO3
233.0969	316.31	0.9994999574118176	0.13666011506807832	C8H15N3O5
233.8081	39.84	0.9994999574118176	-1.202376568732153	
233.8535	141.44	0.9994999574118176	0.42837738827148497	
233.8535	143.14	0.9994999574118176	1.0518307714201778	
233.8535	152.66	0.9994999574118176	-0.43510666828988737	
197.1541	27.89	0.9994999574118176	0.23797267657191395	
197.7569	152.13	0.9994999574118176	-1.3901669516495345	
234.0811	372.17	0.9994999574118176	0.5846583426742039	C8H14N2O6
124.0063	217.97	0.9994999574118176	0.10167491891946523	
234.8505	152.66	0.9994999574118176	0.8565865986044776	
163.8959	141.44	0.9994999574118176	-1.1841768213338384	
163.8959	152.79	0.9994999574118176	-1.2307821964672965	
163.928	2.62	0.9994999574118176	-1.4536483061973589	
198.0742	211.8	0.9994999574118176	-0.37611315495665104	C10H9N3
198.0742	219.81	0.9994999574118176	-0.2493591111257339	
198.8079	151.87	0.9994999574118176	-1.9500852454457787	
198.8735	141.04	0.9994999574118176	-0.32650166873617076	
198.8735	152.66	0.9994999574118176	0.7936241162095004	
235.0196	195.22	0.9994999574118176	-2.0578347220107864	C10H8F2O3
235.1086	137.86	0.9994999574118176	0.5162969579444581	C12H16N2O3
235.1086	142.09	0.9994999574118176	-0.05461631129311724	C12H16N2O3
235.1086	151.87	0.9994999574118176	-0.7380111915799027	C12H16N2O3
235.1086	182.16	0.9994999574118176	0.5675023624166896	C12H16N2O3
164.8384	141.83	0.9994999574118176	-0.6255423750676126	
164.8384	152.53	0.9994999574118176	-1.0874730704917563	
235.8505	141.18	0.9994999574118176	0.5961091064689064	
235.8505	143.8	0.9994999574118176	1.7630855205155274	
235.8505	152.92	0.9994999574118176	0.16963410556994163	
235.926	2.62	0.9994999574118176	-2.5864300988230693	
165.0185	260.34	0.9994999574118176	-0.9377293034349838	
165.0185	261.79	0.9994999574118176	0.5292199340862356	
126.904	29.99	0.9994999574118176	-0.5953233018432282	
199.0067	31.96	0.9994999574118176	-0.3408577754145062	
199.0219	241.27	0.8093610875986924	-4.801720921646731	
236.0233	371.65	0.9994999574118176	-0.0135706118191585	
236.0604	192.6	0.9994999574118176	-1.2275209805229395	
236.0604	195.88	0.9994999574118176	-0.574132275871426	
127.0754	194.57	0.9994999574118176	0.08289916735804899	
236.8477	152.66	0.9994999574118176	1.2067865031910179	
199.072	214.56	0.9994999574118176	1.5219417802160622	
199.8495	41.28	0.9994999574118176	1.046220673798921	
128.9585	206.68	0.9994999574118176	-0.5904718156185841	C3H2N2S2
236.9987	28.02	0.9994999574118176	-1.8858549796522044	C6H8Na2O7
128.9981	141.83	0.9994999574118176	-1.6826965422853573	
166.0502	47.72	0.9994999574118176	-0.46475196803049595	C8H9NO3
237.0878	203.92	0.9994999574118176	-1.0501393097130096	C11H14N2O4
237.0878	217.84	0.9994999574118176	-0.6004518122012191	C11H14N2O4
129.0377	324.98	0.9994999574118176	0.314173174512764	C6H10OS
166.8351	142.09	0.9994999574118176	-0.07099661342245918	
166.8351	152.26	0.9994999574118176	-1.3681074043443253	
237.9303	2.75	0.9994999574118176	-2.702734643549262	
237.9521	209.96	0.9994999574118176	1.5095924785801218	
129.1023	244.56	0.9994999574118176	0.2584518641736722	
129.1023	259.82	0.9994999574118176	-0.34112809243499675	
201.0876	307.38	0.9994999574118176	0.20858154878770255	C8H14N2O4
130.9952	142.09	0.9994999574118176	-0.7819591011007313	
201.124	194.43	0.9994999574118176	0.2043673185327648	C9H18N2O3
167.8333	142.36	0.9994999574118176	-0.060173068113218584	
167.8333	152.26	0.9994999574118176	-0.49123963387066627	
131.0533	184.39	0.9994999574118176	-0.538915739831269	
202.0352	330.91	0.9994999574118176	0.5188878212758641	
239.0771	282.43	0.9994999574118176	-0.3381557249201086	C8H16O8
168.0295	362.19	0.9994999574118176	-1.009570124499765	C8H6O4
132.0373	194.57	0.9994999574118176	-0.5639109427410823	
202.0717	291.36	0.9994999574118176	0.9901086353613674	C6H10O5
202.1273	194.3	0.9994999574118176	0.1328817405830925	C9H18N2O3
168.8313	152.26	0.9994999574118176	-1.3426375442468124	
263.0973	199.16	0.9994999574118176	-0.3683900679160054	
203.0015	30.65	0.9994999574118176	0.8000745337309146	C7H8O5S,C7H8O5S
263.8895	153.18	0.9994999574118176	0.4264315584158961	
240.952	206.68	0.9994999574118176	-0.7822065379292596	
203.0821	161.49	0.9994999574118176	0.726361174197322	C9H9NO2
241.0111	319.59	0.9994999574118176	-2.3166235364820285	C6H11O8P
241.0496	277.44	0.9994999574118176	-0.07375546304062364	
203.7985	152.26	0.9994999574118176	-1.2998374174488523	
169.8332	153.31	0.9994999574118176	1.5927337479601844	
241.1082	27.23	0.9994999574118176	-0.6132706916217899	
170.0426	254.93	0.9994999574118176	-0.4277799575195159	
204.0509	287.82	0.9994999574118176	0.06763105318274754	
264.9503	141.18	0.9994999574118176	0.839430980445364	
241.1444	28.02	0.9994999574118176	-0.5686039486555495	
204.0854	161.62	0.9994999574118176	0.3894771920400237	C9H9NO2
204.1066	260.47	0.9994999574118176	-0.009909540785824457	C8H16N2O4
264.9975	3.67	0.8683880775717582	-3.3835437175351673	
170.8284	141.96	0.9994999574118176	-0.33711541469212347	
170.8284	143.67	0.9994999574118176	-1.016636110224002	
170.8284	152.0	0.8683880775717582	-3.2091358529767184	
170.8357	148.69	0.9994999574118176	-1.4486241259033088	
170.8833	40.5	0.9994999574118176	-1.2437938170351395	
170.8833	43.39	0.9994999574118176	-1.1703596786844719	
265.0251	207.73	0.9994999574118176	-1.0908288633276828	
265.0831	261.13	0.9994999574118176	0.39984862761369133	C12H14N2O5
265.0943	273.11	0.9994999574118176	-0.2604259736635046	C11H14N4O4
265.1195	155.15	0.9994999574118176	0.3523983475147449	C13H18N2O4
265.148	25.53	0.9994999574118176	-1.101707545627757	
265.9197	367.05	0.9994999574118176	-2.8531197028294253	
205.0648	241.93	0.9994999574118176	0.290646309694486	C7H14N2O3S
171.0114	34.32	0.9994999574118176	0.7634884970876383	
242.0783	319.07	0.9994999574118176	-0.7905891347578989	C9H13N3O5
242.1145	315.39	0.9994999574118176	0.024056107630810678	C9H18O7
242.1509	408.08	0.9994999574118176	-0.5488936872163728	C11H21N3O3
266.1515	25.53	0.9994999574118176	-1.0328393898445467	
242.1761	34.59	0.9994999574118176	-0.20258389533293927	C14H24O3
266.804	141.57	0.9994999574118176	0.9772016409242809	
266.804	152.66	0.9994999574118176	0.869653869030055	
242.9502	206.68	0.9994999574118176	-0.5980257284076309	
205.8392	141.7	0.8683880775717582	-3.311990978654309	
205.8392	152.26	0.9994999574118176	-1.3490747077195595	
266.9951	213.77	0.9994999574118176	-0.12102118330144263	
206.0573	357.47	0.9994999574118176	0.20886064825958248	
206.0858	301.08	0.9994999574118176	0.08748487979507952	
171.9647	194.57	0.9994999574118176	-0.7350720539270237	
171.9647	214.03	0.9994999574118176	-0.057160983202232084	
206.9352	158.47	0.9994999574118176	-2.5861201828271407	
172.0145	34.32	0.9994999574118176	0.5482938785954689	
172.0145	227.56	0.9994999574118176	1.5915007095533529	
267.0988	234.02	0.9994999574118176	0.34431967517616446	C12H16N2O5
172.0354	270.35	0.9994999574118176	0.18273821158807846	
243.0986	357.34	0.9994999574118176	0.5215021111782034	C10H16N2O5
172.0608	380.18	0.9994999574118176	0.9695073023612526	
243.1794	34.59	0.9994999574118176	0.21750519953520536	C14H24O3
172.0689	194.83	0.9994999574118176	0.4645264991088272	C8H12O4
172.0689	215.47	0.9994999574118176	1.0176382800882655	
268.1022	234.02	0.9994999574118176	0.3092837998733603	C12H16N2O5
244.0316	192.33	0.9994999574118176	0.4508827742941845	
268.8011	141.44	0.9994999574118176	0.6214011178616128	
268.8011	152.79	0.9994999574118176	0.556565036127588	
172.8416	142.36	0.9994999574118176	0.05464406189721548	
172.8416	151.87	0.9994999574118176	-0.7659702633835689	
244.1133	219.55	0.9994999574118176	0.6725384612219325	
207.8363	141.7	0.9994999574118176	-2.1719138884365576	
207.8363	152.26	0.9994999574118176	-0.7266560890707853	
244.1414	385.17	0.9994999574118176	0.36934049093445226	C9H19N5O3
244.1665	362.85	0.9994999574118176	0.5916745630709607	C11H23N3O3
172.9671	148.69	0.9994999574118176	2.803122814391112	
208.8447	141.57	0.9994999574118176	0.82262149583276	
208.8447	152.66	0.9994999574118176	-0.08417966563589588	
269.1397	25.66	0.9994999574118176	-0.9014018203355058	
269.1397	29.2	0.9994999574118176	1.0784963816908055	C15H18N4O
269.1397	34.46	0.9994999574118176	0.44475785550266383	
245.0431	264.28	0.9994999574118176	0.25366818498060684	
245.0778	290.44	0.9994999574118176	0.24105518192441597	C10H13NO6
245.0778	306.33	0.9994999574118176	-0.38638944279868354	C9H14N2O6
173.056	233.63	0.9994999574118176	1.235879065070959	
245.1142	308.3	0.9994999574118176	0.6679100037081988	
245.1142	313.68	0.9994999574118176	1.0707278844354742	C10H18N2O5
173.8419	142.62	0.9994999574118176	0.5455839637000188	
173.8419	151.87	0.9994999574118176	-0.7991420394846762	
291.9508	44.96	0.9994999574118176	0.6488854433495138	
292.0109	222.17	0.9994999574118176	0.704577513408635	C7H15Cl2N2O4P
292.0871	341.45	0.9994999574118176	0.5644910472271051	
292.1305	193.38	0.9994999574118176	0.34869562191962744	
292.1669	276.13	0.9994999574118176	0.11568156301100828	C15H23N3O3
270.7981	141.83	0.9994999574118176	0.5409910961607916	
270.7981	152.79	0.9994999574118176	0.7557249207185607	
246.0464	264.28	0.9994999574118176	0.009878440571529958	
246.0618	352.48	0.9994999574118176	-0.946248091261529	C10H14FNO3S
246.1007	214.42	0.9994999574118176	-0.17249160739517513	C8H16O8
246.1095	307.64	0.9994999574118176	0.42061498353135335	C9H17N3O5
174.0957	244.56	0.9994999574118176	0.17839500180443302	C7H14N2O3
174.1069	364.95	0.9994999574118176	-0.3048923992327792	
246.8478	141.44	0.9994999574118176	-2.0778171261994713	
174.8388	142.62	0.9994999574118176	0.18882285528136866	
174.8388	151.87	0.9994999574118176	-0.829912023738627	
319.0945	250.73	0.9994999574118176	-1.8735473030380636	
319.0945	253.35	0.9994999574118176	0.10798181768313404	
271.0574	362.33	0.9994999574118176	0.13630080372033393	C10H12N2O7
292.9831	28.02	0.9994999574118176	0.7449757058009957	
271.0816	364.95	0.9994999574118176	0.5978584067570518	
271.0959	194.96	0.9994999574118176	-2.6723546280684016	C12H16N2O3S,C12H16N2O3S,C14H17ClO3,C13H17O4P,C9H14F2N2O5
271.0959	214.69	0.9994999574118176	-0.67845347678889	
271.0959	218.23	0.9994999574118176	0.18409364833293834	C13H15ClN2O2
319.8272	153.45	0.9994999574118176	0.9161246053239059	
247.0473	264.28	0.9994999574118176	0.1260807304209104	C10H8N4O4
293.0119	221.91	0.9994999574118176	-0.002731795306462045	
247.0935	359.57	0.9994999574118176	0.8978886182183545	C9H16N2O6
293.045	305.8	0.9994999574118176	1.0706413681786873	
293.045	391.61	0.9994999574118176	-1.520797446838326	
247.1015	214.42	0.9994999574118176	0.22748177944077894	
293.0541	366.53	0.9994999574118176	0.4587865167023421	C9H13ClN6O2
293.0541	367.84	0.9994999574118176	1.1362951018926686	
247.1128	307.91	0.9994999574118176	0.5411825046356658	C9H17N3O5
293.0634	364.69	0.9994999574118176	0.9288935044193862	
293.1144	284.53	0.9994999574118176	0.7109231281645416	C14H18N2O5
247.1493	388.72	0.9994999574118176	0.22486439905641709	
247.1493	389.9	0.9994999574118176	0.36934140790935577	C10H21N3O4
320.0271	276.79	0.9994999574118176	1.0565418776260744	
320.1727	243.9	0.9994999574118176	0.06703179651196173	
247.9828	2.62	0.9994999574118176	-2.133263229532764	
294.1179	284.53	0.9994999574118176	0.4941967764042038	C14H18N2O5
320.9974	211.4	0.8683880775717582	-3.6417315794998792	
321.0234	276.92	0.9994999574118176	0.8126245891453207	
321.0493	277.84	0.9994999574118176	-0.028032255181404432	C10H15N2O8P
272.9141	367.45	0.9994999574118176	0.0016227056789592917	H3O9P3
294.9345	314.34	0.9813703589069126	3.0560964755015187	
294.9345	317.23	0.9994999574118176	2.589422327976878	
321.824	140.65	0.9994999574118176	-1.7380135617882992	
321.824	153.45	0.9994999574118176	-1.6655281968885636	
273.0383	325.63	0.9994999574118176	-2.092554911648981	C7H15O9P
295.0936	317.36	0.9994999574118176	0.436831485103943	C13H16N2O6,C12H25I
322.0091	192.33	0.9994999574118176	0.5902027455707042	
295.1128	256.93	0.9994999574118176	0.032493397013087705	C13H17N3O5
249.055	311.84	0.9994999574118176	0.699099500670912	C8H14N2O5S,C8H14N2O5S
295.1375	27.89	0.9994999574118176	0.1553016010055325	
273.1207	329.7	0.9994999574118176	0.3636194084098017	C10H18N4O5
273.1347	28.42	0.9994999574118176	-0.6188186630738091	
249.0913	197.06	0.9994999574118176	0.48329385933789504	C9H18N2O4S,C17H14O2
249.0913	201.42	0.9994999574118176	0.1687991791810594	
295.2279	28.15	0.9994999574118176	-0.6433395878932607	C18H32O3
273.8703	1.3	0.9994999574118176	-1.2122970110065527	
295.8274	154.1	0.9994999574118176	2.650079790263435	
249.9418	3.93	0.9994999574118176	-2.2053722706463152	
274.1199	162.41	0.9994999574118176	0.33445773828796393	
250.0455	192.46	0.9994999574118176	-0.05115760961163449	
296.0517	298.98	0.9994999574118176	-1.6746891658078378	
296.097	317.36	0.9994999574118176	0.6629070110703271	C13H16N2O6,C12H25I
323.9005	154.1	0.9994999574118176	1.2464721477022915	
297.7343	1.3	0.9994999574118176	-1.2792741969538912	
275.0887	392.66	0.9994999574118176	0.6568847014858556	C10H16N2O7
324.9136	206.68	0.9994999574118176	-1.1230592553784546	
251.9824	2.75	0.9994999574118176	-2.3123123365176577	C8H8N2O3S
324.9912	366.92	0.9994999574118176	-0.696361553754139	
324.9912	367.58	0.9994999574118176	-0.9108844863022794	
298.2469	27.89	0.9994999574118176	-0.7625585232259593	C18H34O3
325.0339	364.3	0.9994999574118176	1.0452211201384736	C12H18O4S2,C15H15ClN2S,C11H15ClN2O5
325.0906	192.33	0.9994999574118176	-0.9421456760776273	
252.107	178.59	0.9994999574118176	0.2333992487569207	C12H16N2O4
276.092	387.14	0.9994999574118176	-0.11475769991515775	C10H16N2O7
276.092	392.66	0.9994999574118176	0.7157395567118112	C10H16N2O7
299.0706	161.49	0.9994999574118176	0.6141817507794839	C12H16N2O5S
299.1137	36.43	0.9994999574118176	0.6225835099143355	
276.9917	222.17	0.9994999574118176	-0.16764920130598568	
299.8662	152.79	0.9994999574118176	-0.8343558078771293	
277.0867	214.42	0.9994999574118176	-0.14284287333298917	
277.0867	295.43	0.9994999574118176	0.488406902045218	C10H18N2O5S,C18H14O3
277.0867	316.05	0.9994999574118176	0.8285248758924351	C9H18O7
326.9888	324.06	0.9994999574118176	0.7787493489607501	
326.9888	326.95	0.9994999574118176	0.2734137898747332	
277.758	1.44	0.9994999574118176	-0.5434160136232341	
253.0865	287.03	0.9994999574118176	-1.7321076733872482	
253.0865	305.54	0.9994999574118176	-2.2921197232470902	
299.9606	2.75	0.9994999574118176	-1.6647759364359562	
300.0012	420.78	0.9994999574118176	0.10586173276161709	
253.1446	29.73	0.9994999574118176	0.4357225529296061	C14H22O4
253.1446	34.06	0.9994999574118176	0.8373734305771865	C14H22O4
253.8268	152.79	0.9994999574118176	-1.439921997354016	
300.1066	182.69	0.9994999574118176	-0.3005924174782151	
300.503	420.78	0.9994999574118176	0.15435668233516525	
300.8194	154.23	0.9994999574118176	1.4625410547852757	
278.0436	208.38	0.9994999574118176	0.22553240966192065	
278.055	159.39	0.9994999574118176	-0.9516720935168821	
253.9551	2.75	0.9994999574118176	-1.7498120703488196	
278.1147	190.46	0.9994999574118176	0.1068014531755365	C13H17N3O4
278.1147	196.14	0.9994999574118176	0.08654841199904033	C12H16N2O3S,C12H16N2O3S,C14H17ClO3,C13H17O4P,C9H14F2N2O5
278.1147	198.77	0.9994999574118176	0.3548002153190225	C11H14N2O4
254.0799	182.29	0.9994999574118176	0.5221031578633111	C9H17NO5
328.0229	192.46	0.9994999574118176	1.2372250697441474	
254.148	29.86	0.9994999574118176	1.975209209396935	C14H22O4
254.148	33.93	0.9994999574118176	1.4132440352897926	C14H22O4
254.8265	152.79	0.9994999574118176	-1.3867453847828874	
301.0034	420.78	0.9994999574118176	-0.33257803750843223	
328.4841	146.33	0.9994999574118176	0.896087346965429	
301.0224	209.57	0.9994999574118176	0.23505018279766693	
301.1307	201.16	0.9994999574118176	1.260273977992891	
254.9037	367.05	0.9994999574118176	-0.2411214295946396	
301.1519	293.46	0.9994999574118176	-0.3809648881540295	C12H22N4O5
254.9678	206.81	0.9994999574118176	-0.7355269634158585	
301.8632	152.92	0.9994999574118176	-0.31174005078462785	
279.0987	284.4	0.9994999574118176	0.6857206336064643	C13H16N2O5
329.0225	192.07	0.9994999574118176	1.1242469243250994	
279.1352	157.42	0.9994999574118176	0.575105074117499	C14H20N2O4
279.1352	171.5	0.9994999574118176	0.1285901503464639	C14H20N2O4
254.991	341.05	0.9994999574118176	-0.2221060614705096	C6H9O9P
279.2331	27.1	0.9994999574118176	1.3756404441497687	C18H32O2
255.0883	121.52	0.9994999574118176	0.24312586579238257	
279.8665	153.45	0.9994999574118176	0.49124238224923356	
330.0192	192.07	0.9994999574118176	0.2534538948483871	
330.123	194.57	0.9994999574118176	0.770560901444557	
302.1003	160.04	0.9994999574118176	-1.2933583662179755	
302.1003	316.83	0.9994999574118176	0.3320059660928336	C13H22NO3PS
302.1003	318.94	0.9994999574118176	-0.6224726514699971	
302.1188	195.09	0.9994999574118176	-0.8572725080096195	
302.1471	422.09	0.9994999574118176	-0.3320883322011337	C11H21N5O5
302.1553	212.06	0.9994999574118176	-0.6280468249767625	
302.1691	25.0	0.9994999574118176	-0.8758917724459265	C15H26O6,C16H22N4O2
330.9191	141.31	0.9994999574118176	1.3109386233574838	
330.9191	146.46	0.9994999574118176	0.8470795406278364	
330.9191	147.11	0.9994999574118176	1.136302007185387	
330.9191	150.27	0.9994999574118176	2.687227898568493	
330.9191	152.66	0.9994999574118176	2.211735532254204	
302.5336	356.15	0.9994999574118176	0.435133190643343	
302.8268	370.07	0.9994999574118176	-0.345943971594399	
330.956	210.75	0.9994999574118176	0.737335641967446	
255.9712	206.81	0.9994999574118176	-0.5659383580069695	
331.109	195.35	0.9994999574118176	-0.49525197115835456	
331.109	214.42	0.9994999574118176	1.4006698049625856	
331.1261	258.24	0.9994999574118176	-0.33470692152069775	C10H17N3O7
331.1261	369.55	0.9994999574118176	0.7646879105625186	
331.1261	383.47	0.9994999574118176	0.5750326518264228	
256.1303	308.82	0.9994999574118176	-0.5264261103346752	
256.8219	152.79	0.9994999574118176	-1.53518804471799	
281.1145	201.03	0.9994999574118176	0.08823434731180402	
281.1145	204.05	0.9994999574118176	0.055043679141820276	
281.8636	153.45	0.9994999574118176	0.2217555842767154	
303.0963	173.47	0.9994999574118176	0.20158477249405435	
303.1312	317.1	0.9994999574118176	0.8780709247601813	C9H17N3O6
332.1253	282.04	0.9994999574118176	0.8936670601357026	C16H19N3O5
303.1627	25.0	0.9994999574118176	-0.8971549750125788	
282.0845	171.63	0.9994999574118176	-1.153408371322931	C10H13N5O5
256.9659	206.81	0.9994999574118176	-0.4730600797870453	
303.9136	1.57	0.9994999574118176	-1.6550305783737769	
332.9529	204.84	0.9994999574118176	-2.431416265583149	
332.9529	209.96	0.8683880775717582	-3.5816042464396296	
282.9578	30.25	0.9994999574118176	0.7851028204210735	
304.0163	184.53	0.9994999574118176	0.10727626249181639	
333.0428	293.86	0.9994999574118176	0.44833930439112213	
333.0594	352.48	0.9994999574118176	1.3632006205377993	C9H19O11P
304.0787	375.59	0.9994999574118176	0.5571625632866198	C12H14N2O5S
304.0869	358.52	0.9994999574118176	1.4183669631741858	C13H21O4PS,C11H16N2O8,C17H14F2O3
283.0205	1.96	0.9994999574118176	-0.32459232296237456	
304.1152	346.04	0.9994999574118176	0.26174303630544116	
304.1305	166.11	0.9994999574118176	-0.43619928102282673	C15H19N3O4
333.1069	174.25	0.9994999574118176	-0.5710514331957777	
333.1069	178.59	0.9994999574118176	-0.17014426343438446	
257.078	312.9	0.9994999574118176	0.5789024404299132	C10H14N2O6
333.124	194.96	0.9994999574118176	0.4893274035071719	C22H16O3,C16H22Cl2N2O
333.7997	151.21	0.9994999574118176	0.780141188274667	
333.7997	153.58	0.9994999574118176	0.3487070917546499	
283.088	171.63	0.9994999574118176	-0.8862086927912302	C10H13N5O5
283.1106	23.16	0.9994999574118176	-0.15116119455439567	C13H20N2O3S,C13H20N2O3S
283.1106	27.89	0.9994999574118176	-0.017102709510966426	
283.119	34.46	0.9994999574118176	-0.518879081356569	C14H20O6
283.1641	176.09	0.9994999574118176	-0.023023911753046168	
283.1641	184.53	0.9994999574118176	-0.5842277035817465	
257.86	367.18	0.9994999574118176	1.2605184640276348	
283.1917	27.89	0.9994999574118176	-1.1879596722775994	
257.9136	2.75	0.9994999574118176	-1.9848832177710656	
334.0629	352.48	0.9994999574118176	1.1800623027683226	C9H19O11P
283.8606	153.45	0.9994999574118176	0.6843484375469238	
283.9134	2.62	0.9994999574118176	-1.1982313531275783	
334.7983	153.84	0.9994999574118176	1.7036666447490763	
284.0413	380.32	0.9994999574118176	0.7700609901943991	
258.0384	338.27	0.9994999574118176	0.03315239896063851	
284.1618	243.9	0.9994999574118176	-0.48447942883634365	
258.0985	194.17	0.9994999574118176	0.3666712169572466	C9H14O6
258.146	237.83	0.9994999574118176	0.42801490021872324	C11H21N3O4
258.1573	389.24	0.9994999574118176	0.35806238191225875	
258.8189	152.79	0.9994999574118176	-2.084049253809765	
285.0858	161.49	0.9994999574118176	0.12265721349795564	
306.0264	222.17	0.9994999574118176	-0.008703121468997087	
306.0402	266.54	0.9994999574118176	2.354997987664509	
335.0223	315.0	0.9994999574118176	0.8006086955604486	
335.0639	352.61	0.9994999574118176	0.9824356786321892	
335.0906	36.16	0.8683880775717582	3.3583239083259917	C16H18O5
335.1311	194.96	0.9994999574118176	-0.07023077928627511	C22H16O3,C16H22Cl2N2O
335.1363	234.81	0.9994999574118176	0.0072926633790265216	C13H17N3O5,C16H16F3NO
306.7037	149.08	0.9994999574118176	-0.9143079182403793	
335.7966	140.49	0.9994999574118176	1.0808494586039723	
335.7966	143.67	0.9994999574118176	0.9948822919021556	
335.7966	145.51	0.9994999574118176	0.6867238292219163	
335.7966	151.21	0.9994999574118176	0.7353777913434869	
335.7966	153.58	0.9994999574118176	0.6808365862792056	
259.0688	225.32	0.9994999574118176	-0.10403749086289506	C11H14N2O4
259.1048	335.77	0.9994999574118176	-0.5822135519705244	C7H13N3O5
259.13	305.15	0.9994999574118176	0.621600296717227	C11H20N2O5
259.13	311.32	0.9994999574118176	0.662361054090163	C11H20N2O5
306.9392	321.56	0.9994999574118176	-0.7054325958636726	
259.1494	237.96	0.9994999574118176	-0.8475792267941438	C11H21N3O4
259.8395	367.32	0.9994999574118176	0.2805073102568791	
336.1232	194.96	0.9994999574118176	0.2763855374262409	
336.1365	194.96	0.9994999574118176	-0.8102501461198218	
307.0243	278.76	0.9994999574118176	0.7306199714604427	
307.0275	222.43	0.9994999574118176	0.30896629675433035	C14H12O6S
336.7961	153.84	0.9994999574118176	0.977467584684565	
286.0683	375.59	0.9994999574118176	0.2844275889570812	
336.8759	321.69	0.9994999574118176	1.5302658515472352	
260.1041	183.48	0.9994999574118176	-0.15213254856148564	C13H15N3O3
308.0561	339.45	0.9994999574118176	0.9102935423874178	
260.8159	152.79	0.9994999574118176	-1.3318673213065042	
260.8395	367.32	0.9994999574118176	-0.07992991818574448	
308.1254	245.21	0.9994999574118176	0.37962686508204363	C14H19N3O5,C15H15N7O
309.0399	290.31	0.9994999574118176	1.8377771976724917	
309.1095	314.34	0.9994999574118176	0.7717839251158699	C14H18N2O6
337.0825	374.14	0.9994999574118176	1.8227768057641858	
337.0875	36.16	0.9994999574118176	0.6006235192533727	
309.1289	245.21	0.9994999574118176	0.33917718754618353	C14H19N3O5,C15H15N7O
337.1429	25.0	0.9994999574118176	-0.09561153210477565	C15H26O6,C16H22N4O2
261.0923	194.96	0.9994999574118176	-2.1366960956123586	
261.0923	214.42	0.9994999574118176	-1.2508199260053048	
337.7937	140.49	0.9994999574118176	0.49237169728669755	
337.7937	143.67	0.9994999574118176	0.9837806434158338	
337.7937	151.21	0.9994999574118176	0.1800858596020685	
337.7937	153.58	0.9994999574118176	0.4390875851999611	
287.1477	404.51	0.9994999574118176	0.2828729407328316	
261.8132	152.79	0.9994999574118176	-1.218287812126808	
310.0911	217.84	0.9994999574118176	0.7254457677876106	
261.8909	151.48	0.9994999574118176	-0.37389142961324917	
261.9552	152.92	0.9994999574118176	0.08369399513111825	
338.0666	402.93	0.9994999574118176	0.43987775336682505	
261.9986	3.8	0.8478161642372292	-4.3562874762264245	
288.1316	424.72	0.9994999574118176	-0.45240486639503497	
262.057	360.88	0.9994999574118176	-0.5296408979690028	C9H13NO8
338.7952	367.71	0.9994999574118176	1.5572510111440565	
262.0763	396.23	0.9994999574118176	0.2981086552228917	C9H14N2O7
338.9292	206.68	0.9994999574118176	-1.2995429536870695	
262.813	152.92	0.9994999574118176	-0.9323443085340196	
338.9687	205.5	0.9994999574118176	-2.056947928610952	
338.9687	208.65	0.8683880775717582	-3.7036497677809352	
338.9886	320.38	0.9994999574118176	0.9334756525270222	
339.0793	212.59	0.9994999574118176	1.2148365499338858	
288.9691	300.68	0.9994999574118176	-0.07239415541783827	
339.1375	25.0	0.9994999574118176	-0.1480420672610265	
339.1375	215.34	0.9994999574118176	0.5399996171439639	
289.0101	420.91	0.9994999574118176	0.6738878086173089	
289.0445	321.43	0.9994999574118176	-1.3752728568963117	
289.0679	362.19	0.9994999574118176	0.07600734986516873	C10H14N2O8
289.0874	195.48	0.9994999574118176	-0.4413997503618951	
289.0874	214.69	0.9994999574118176	2.497347796749469	C10H12N4O6,C14H12N4OS
289.1156	404.64	0.9994999574118176	0.19915402184286624	C10H18N4O6
348.8952	321.3	0.9994999574118176	-0.5880042801993951	
289.5118	421.04	0.9994999574118176	-0.2651477180363679	
339.9327	206.81	0.9994999574118176	-1.736065428187487	
348.9914	1.96	0.9994999574118176	0.28406168447320207	
290.0714	362.19	0.9994999574118176	-0.7312085542049067	C10H14N2O8
290.0884	267.33	0.9994999574118176	0.3978269723318373	C12H13N5O4,C11H17NO8
340.9271	206.68	0.9994999574118176	-0.517316766735469	
312.9083	144.46	0.9994999574118176	-0.6632660252758444	
312.9083	150.4	0.9994999574118176	-0.6885605065714594	
290.9848	241.27	0.9994999574118176	-0.5749262562895524	
291.0488	282.83	0.9994999574118176	-1.3831424003231432	
291.0836	341.32	0.9994999574118176	0.18192270952254186	
313.1132	276.92	0.9994999574118176	0.8123860726951347	
313.8382	140.49	0.9994999574118176	0.10418239430965473	
313.8382	150.95	0.9994999574118176	-0.812776123589168	
313.8382	153.45	0.9994999574118176	0.8781752168478556	
378.0978	288.87	0.9994999574118176	1.1762028856498086	C16H21NO5S
313.9764	3.93	0.9994999574118176	-1.0133382758568947	
351.1319	272.45	0.9994999574118176	0.5301537341200125	
378.994	276.52	0.9994999574118176	1.234371495521252	
379.0484	300.81	0.9994999574118176	0.05959852299239675	
352.8539	2.62	0.8683880775717582	-4.110173158382055	
379.1459	194.57	0.9994999574118176	-1.850069621614382	
379.1459	214.56	0.9994999574118176	0.011769798484332565	
343.0912	348.01	0.9994999574118176	1.8898223650461363	
343.1299	162.41	0.9994999574118176	-0.09795151669227707	C18H20N2O5
352.945	206.68	0.9994999574118176	-0.5861254971424638	
352.997	341.19	0.9994999574118176	0.0803734209190672	
315.1313	240.19	0.9994999574118176	1.3775606545335555	
315.1368	27.1	0.9994999574118176	0.1488079074413713	C17H26O3
353.0492	36.95	0.9994999574118176	1.6101720267883335	
380.885	3.27	0.8683880775717582	-3.2823075842416674	
380.9215	2.75	0.8683880775717582	-3.206375570630419	
353.8488	367.45	0.9994999574118176	1.1228686329076099	
353.9484	206.68	0.9994999574118176	-1.02672299551166	
354.0005	341.32	0.9994999574118176	-0.05081287457699905	
354.0357	214.42	0.9994999574118176	0.018573884570207366	
354.0525	36.95	0.9994999574118176	1.5063998723221659	
354.0614	388.32	0.9994999574118176	0.5870756962560948	
354.0726	319.46	0.9994999574118176	1.2332767878521578	C12H19N3O7
344.9304	218.89	0.9994999574118176	-1.1018824212645961	C8H11Cl3O7
344.9304	227.95	0.9994999574118176	-0.3461003657177617	C8H11Cl3O7
344.979	219.81	0.9994999574118176	-0.2855136213751589	
344.979	225.59	0.9994999574118176	0.4176263335624741	
382.1006	303.44	0.9994999574118176	-0.38200396173608653	C14H17N5O8
315.9694	421.04	0.9994999574118176	0.009096878383006683	
354.9429	206.68	0.9994999574118176	-0.8494371346324877	
354.9938	341.19	0.9994999574118176	0.034881961288600744	
316.1165	319.2	0.9994999574118176	-1.189852790511881	C12H19N3O7
316.14	27.1	0.9994999574118176	-0.33839656471592205	C17H26O3
316.1626	430.69	0.9994999574118176	0.1903332523996059	
382.9953	310.27	0.9994999574118176	0.9601237114666102	
355.0446	36.69	0.9994999574118176	1.791837705200259	
355.065	388.72	0.9994999574118176	0.6355949691415438	
355.0761	319.2	0.9994999574118176	1.021499653553195	C12H19N3O7
316.833	153.45	0.9994999574118176	0.9668903047886985	
383.1042	303.44	0.9994999574118176	-0.29497835927417904	C14H17N5O8
383.1495	275.21	0.9994999574118176	0.743362216580286	
383.8844	29.34	0.9994999574118176	-1.4170849905751075	
355.9961	341.19	0.9994999574118176	-1.4809957597122865	
316.9699	420.78	0.9994999574118176	0.2005876878219138	
316.9963	208.52	0.9994999574118176	-0.47687418692085404	
347.0401	317.36	0.9994999574118176	1.870761323904593	
347.0697	364.43	0.9994999574118176	0.6443355029508688	
347.0751	235.73	0.9994999574118176	-0.6997963602818879	
347.0751	236.38	0.9994999574118176	0.049688373092135606	
347.1209	280.86	0.9994999574118176	0.769938303844115	
317.0991	349.2	0.9994999574118176	-1.4631710686846062	
347.1716	24.87	0.9994999574118176	-0.8715643605081987	C16H28O8
317.1186	194.96	0.9994999574118176	-1.548850179029894	C11H20O10,C12H16N4O6
317.1186	319.2	0.9994999574118176	-1.3389823075028897	C12H19N3O7
317.1608	27.37	0.9994999574118176	-1.8999530103201605	C19H23ClN2
357.0619	165.43	0.9994999574118176	0.36864181320120804	C18H14O8
357.0619	169.92	0.9994999574118176	-0.2878976929150493	C18H14O8
317.4688	420.78	0.9994999574118176	0.3936145109578603	
317.8303	153.45	0.9994999574118176	0.7996324926966141	
348.0607	302.78	0.9994999574118176	0.9963466947467118	
348.1742	24.87	0.9994999574118176	-0.9991710654356472	C16H28O8
411.2253	25.13	0.9994999574118176	1.5258134661073022	
386.0337	345.26	0.9994999574118176	0.84751053979283	
318.0611	171.5	0.9994999574118176	-0.7199385523945632	C10H13N5O5
318.83	153.45	0.9994999574118176	0.8174067618011889	
412.9995	315.0	0.9994999574118176	0.9883961689473317	
387.2083	194.43	0.9994999574118176	0.3749596464974135	C24H30O2S
318.98	273.77	0.9994999574118176	-0.04836303318529021	
358.9463	228.08	0.9994999574118176	-1.7855101975750853	
413.116	214.42	0.9994999574118176	0.6743986836417302	
413.1237	357.34	0.9994999574118176	-0.07233584747622607	C22H22O8
358.9948	222.17	0.9994999574118176	0.5265450249011562	
388.0141	298.85	0.9994999574118176	0.02014279131016384	
388.0296	222.17	0.9994999574118176	0.31453571179052064	
413.9049	204.31	0.9994999574118176	0.4095150829311964	
359.8773	153.58	0.9994999574118176	1.5501513876117228	
389.0149	298.85	0.9994999574118176	-0.33167248746321154	
389.0309	222.3	0.9994999574118176	0.7008821478454279	
360.1602	121.12	0.9994999574118176	0.4065189772811585	
415.1068	25.13	0.9994999574118176	-2.021110407575635	
389.5164	355.24	0.9994999574118176	0.36981580833136396	
389.5164	356.29	0.9994999574118176	1.2635529445826263	
390.2401	24.87	0.9994999574118176	1.876432600617672	
361.0438	209.57	0.9994999574118176	0.3972633551016649	
361.0742	231.26	0.9994999574118176	0.057616538020813894	
390.8941	204.44	0.9994999574118176	0.061394443148213976	
390.8941	210.22	0.8683880775717582	-3.906827325146375	
390.9063	2.75	0.9994999574118176	-1.0613558229197972	
450.8608	204.31	0.9994999574118176	0.9098403947927284	
450.8608	210.62	0.9994999574118176	-1.079113033479515	
362.1899	25.0	0.9994999574118176	-0.8579506125308588	
391.0849	231.26	0.9994999574118176	-0.4344774615973501	
450.9221	206.68	0.9994999574118176	-0.7217179299747986	
391.2436	24.87	0.9994999574118176	1.0706687024600137	
363.054	295.69	0.9994999574118176	-0.009039694076828302	
363.1834	25.0	0.9994999574118176	-0.6270954501290651	C21H24N4O2
392.0689	182.29	0.9994999574118176	0.544921602533373	
451.9254	206.68	0.9994999574118176	-0.5568371659091127	
452.0495	319.59	0.9994999574118176	1.26004372249028	C19H17ClFN3O5S
364.0878	171.63	0.9994999574118176	-1.129786721666729	
452.9201	206.68	0.9994999574118176	-1.0494943805485724	
394.162	157.68	0.9994999574118176	0.044155299323142265	
418.9741	204.84	0.9994999574118176	-2.5480918748035957	C14H14Cl3O6P
418.9741	209.96	0.9994999574118176	-2.389770071578183	C14H14Cl3O6P
418.9949	1.83	0.9994999574118176	-0.9066885862417597	
366.1505	214.95	0.9994999574118176	0.848965939093651	C15H23NO9
419.9132	228.61	0.9994999574118176	-0.2932830977845007	
395.0582	173.47	0.9994999574118176	1.3452553777365537	
366.8968	43.78	0.9994999574118176	-1.3097610362689345	
419.9861	163.85	0.9994999574118176	-0.0006586325333196537	
419.9861	165.43	0.9994999574118176	-0.35217414189283364	
420.1114	386.75	0.9994999574118176	0.21546081310729645	
455.0136	222.17	0.9994999574118176	0.34081603802199073	
455.0466	260.21	0.9994999574118176	0.3126653584445471	
421.2273	24.48	0.9994999574118176	1.1008091701128113	C20H38O7S
456.0171	221.91	0.9994999574118176	-0.0727327158120929	
456.1641	349.85	0.9994999574118176	0.9042065213586331	C20H23N7O6,C20H23N7O6
422.2566	25.13	0.9994999574118176	-1.8801344098055788	
457.0185	222.3	0.9994999574118176	0.34993646677858264	
422.8908	206.55	0.8093610875986924	-4.797616677074065	
368.8576	204.44	0.9994999574118176	1.7014680790254726	
368.8576	210.49	0.9994999574118176	-0.4882434777435385	
457.226	24.74	0.9994999574118176	0.1801867381955745	
457.226	26.97	0.9994999574118176	0.9105497415977846	C23H38O7S,C27H30N4O3
368.912	204.71	0.9994999574118176	1.2781700691957414	
368.912	209.96	0.9994999574118176	0.13855996328519063	
369.0386	367.18	0.9994999574118176	-0.013085187234317876	
459.2266	26.97	0.9994999574118176	1.0681806164617973	
459.2615	25.0	0.9994999574118176	0.10849137418648581	C25H32N8O
424.155	130.08	0.9994999574118176	0.3636830705728668	C22H24ClN5O2
398.0045	276.65	0.9994999574118176	0.9419323679447609	
369.9621	245.34	0.9994999574118176	-0.15836613150898962	
425.0359	302.92	0.9994999574118176	0.8490992929693393	
425.0692	178.72	0.9994999574118176	0.5037432846852935	C19H16F2O9
399.0463	349.2	0.9994999574118176	-0.8308958688795993	C18H12N2O9
426.9333	219.02	0.9994999574118176	-1.5579462923493745	
426.9333	227.29	0.9994999574118176	-0.2687615626919564	
399.1443	307.51	0.9994999574118176	-0.6417611864778011	C22H24O7
399.1443	312.24	0.9994999574118176	-0.6098060463529609	C22H24O7
399.1443	317.88	0.9994999574118176	-2.3844780544266873	C22H24O7
427.015	313.68	0.9994999574118176	0.3696250306754132	C17H12Cl3N5O2
373.0104	222.17	0.9994999574118176	0.3687766498658655	
373.1925	214.95	0.9994999574118176	-0.22082996371166017	C16H23N5O5,C22H25N2OS,C20H23N5S
402.0082	310.79	0.9994999574118176	0.8681223769821378	
428.8787	204.44	0.9994999574118176	1.7331539879795663	
428.8787	210.09	0.9994999574118176	-0.2703057670528289	
428.9306	205.1	0.9994999574118176	0.0020550470691155865	
428.9306	209.7	0.9994999574118176	-1.6115207521783934	
374.0139	221.91	0.9994999574118176	0.32028280736859605	
429.1944	27.37	0.9994999574118176	0.6304213419714799	C22H26O8
465.1418	292.54	0.9994999574118176	-0.9192836693254975	
465.1418	296.61	0.9994999574118176	-1.6285781020290258	
402.9952	421.31	0.9994999574118176	0.3017988221790775	C9H14N2O12P2
430.0516	194.43	0.9994999574118176	-0.36699767993439153	
430.0516	214.56	0.9994999574118176	0.5441455439855647	
465.9911	298.98	0.9994999574118176	1.8559896804606573	
466.8345	204.58	0.9994999574118176	1.110666885463996	
466.8345	209.43	0.9994999574118176	0.5594244986737046	
466.8889	204.84	0.9994999574118176	1.5279827329045126	
466.8889	209.57	0.9994999574118176	0.21145001916778927	
375.015	222.17	0.9994999574118176	1.763217564355414	
375.1523	364.95	0.9994999574118176	1.1654069600085428	
467.7866	2.75	0.9994999574118176	-0.7550048505597985	
431.195	27.5	0.9994999574118176	0.84686423467343	
404.9514	219.02	0.9994999574118176	0.9053506457777186	
404.9514	227.95	0.9994999574118176	-1.1184062924421083	
432.0673	194.57	0.9994999574118176	-0.6598118751185422	
376.2515	24.87	0.9994999574118176	-0.002053492078349059	
376.8347	321.69	0.9994999574118176	1.4863719136152487	
469.029	222.17	0.9994999574118176	0.2901672787029559	
469.7813	2.62	0.8093610875986924	-7.023160582820396	
406.0224	302.92	0.9994999574118176	0.9596640234255338	
376.9855	28.02	0.9994999574118176	0.6395716378139816	
470.0326	222.17	0.9994999574118176	-0.05182134283481808	
377.0177	208.25	0.9994999574118176	-0.72628372131948	
406.8679	204.84	0.9994999574118176	1.4860725923823037	
406.8679	209.7	0.9994999574118176	-1.9113686284400158	
377.0455	161.36	0.9994999574118176	1.1340398018204751	
377.0691	260.34	0.9994999574118176	0.020780366876089314	
434.0773	194.57	0.9994999574118176	-0.8925932664204799	
434.0773	214.42	0.9994999574118176	0.21525364342480952	
471.034	221.91	0.9994999574118176	0.8111979155213244	
434.9482	205.76	0.9994999574118176	-1.7602398484634223	
434.9482	207.07	0.9994999574118176	-0.74392978511115	
435.0684	194.57	0.9994999574118176	-0.5208942433196663	
435.0684	214.42	0.9994999574118176	0.32883323112317586	
408.8627	320.91	0.9994999574118176	-0.7383973957436991	
490.2814	23.29	0.9994999574118176	-0.2288620251032647	
436.2724	25.0	0.9994999574118176	0.37846792092938825	C19H39O6P
409.2362	29.2	0.9994999574118176	-0.12705009268634704	
436.8699	228.61	0.9994999574118176	0.5562030001410126	
474.0313	319.59	0.9994999574118176	0.7182734696062559	C19H17ClFN3O5S
436.9063	206.68	0.9994999574118176	-0.7455984348783338	
437.072	194.83	0.9994999574118176	-0.6195291190174703	
437.072	214.56	0.9994999574118176	0.20380769577611343	
437.1874	195.22	0.9994999574118176	-0.33141314923863474	
437.1874	198.51	0.9994999574118176	-0.03189782243599381	
474.9819	276.65	0.9994999574118176	1.2465732759267782	C18H15ClN2O6S2
475.1902	251.25	0.9994999574118176	-0.9769477561074709	
437.9097	206.68	0.9994999574118176	-1.6401930491088157	
544.8021	4.06	0.9994999574118176	-2.0747374986754616	
438.9043	206.81	0.9994999574118176	-0.33142283135248746	
496.9861	264.28	0.9994999574118176	-0.003594284005911433	
440.1325	314.47	0.9994999574118176	0.18706037436800024	C19H19N7O6,C19H27N3O5S2,C19H19N7O6
440.8949	227.69	0.9994999574118176	0.20709251697456282	
440.9084	29.34	0.9994999574118176	-1.1483584750908273	
440.9492	219.02	0.9994999574118176	0.3554468179362678	
440.9492	227.29	0.9994999574118176	-0.2909456916155544	
440.9979	221.91	0.9994999574118176	0.4372375260776587	
441.064	234.28	0.9994999574118176	0.29863826965877804	
548.8994	206.81	0.9994999574118176	-0.9117823736882601	
549.9026	206.81	0.9994999574118176	-1.2909006181404397	
550.0266	320.12	0.9994999574118176	1.6122734810614676	
500.916	227.82	0.9994999574118176	-0.20298066826429242	
500.9707	219.02	0.9994999574118176	-1.2943440393024923	
500.9707	227.29	0.9994999574118176	-0.5429522929159404	
501.7535	2.62	0.9994999574118176	-2.7346873015095996	
443.0912	164.24	0.9994999574118176	0.022396562348402618	
443.2476	24.35	0.9994999574118176	0.7718649519364391	
550.8976	206.68	0.9994999574118176	-2.1487900649648686	
551.0325	222.17	0.9994999574118176	0.271299034832343	
480.9725	319.46	0.9994999574118176	0.8693691482459021	
552.036	221.91	0.9994999574118176	0.12795299150937547	
444.2496	24.35	0.9994999574118176	0.8387561584185981	
553.0376	222.17	0.9994999574118176	0.1957515950514765	
504.8449	204.84	0.9994999574118176	0.8751399380371645	
504.8449	208.52	0.9994999574118176	0.18805162430040465	
445.0532	365.74	0.9994999574118176	-0.20414654685660835	C11H20N4O11P2
505.7298	2.62	0.9994999574118176	-1.86420396367983	
484.3059	25.79	0.9994999574118176	0.6112803472919323	C29H43NO5
485.3382	127.85	0.9994999574118176	1.7801532520126078	
446.8349	204.31	0.9994999574118176	1.3973401159575787	
446.8349	209.96	0.9994999574118176	1.0435363874287569	
486.3416	127.98	0.9994999574118176	1.7827945984019566	
446.9393	241.67	0.9994999574118176	-0.24562803844257108	
447.1346	30.65	0.9994999574118176	0.26777594300108243	
509.8328	4.06	0.8093610875986924	-5.080595840879858	
627.912	4.32	0.9994999574118176	-2.9562171486098356	
628.057	356.02	0.9994999574118176	1.4419611134222723	
510.8818	204.31	0.9994999574118176	1.8346715252266526	
510.8818	210.49	0.9994999574118176	0.06977856177329038	
489.2779	23.16	0.9994999574118176	-0.2798084816111815	
629.0602	356.29	0.9994999574118176	0.2639994465109992	
511.8284	3.93	0.8683880775717582	-3.413409368297932	
630.9023	206.15	0.9994999574118176	-2.12712417857739	
630.9023	207.33	0.9994999574118176	-0.5597578902372247	
563.3616	129.69	0.8683880775717582	-3.7102985267820983	
797.0427	222.17	0.9994999574118176	0.7409828328490555	
798.0458	222.17	0.9994999574118176	0.20617588554909433	
632.8609	206.81	0.9994999574118176	-1.4716124296601554	
633.0359	222.17	0.9994999574118176	0.2904670383789118	
513.3692	129.69	0.9994999574118176	-2.5799059107905493	
634.0392	222.17	0.9994999574118176	-0.0008458199950654501	
564.8662	204.97	0.9994999574118176	0.69072970302248	
564.8662	208.91	0.9994999574118176	-0.009290891999149672	
565.048	370.73	0.9994999574118176	0.3169593163954981	C15H24N2O17P2
634.8591	206.55	0.9994999574118176	-1.1911494870483499	
635.0409	222.04	0.9994999574118176	0.2111152659288676	
635.0409	222.7	0.9994999574118176	-1.6157162121421011	
566.0515	370.73	0.9994999574118176	0.30911316159493846	C15H24N2O17P2
567.053	370.73	0.9994999574118176	0.3076006885571365	C15H24N2O17P2
568.2055	298.85	0.9994999574118176	0.9025939596084858	
644.9892	247.97	0.9994999574118176	-0.26546077100670734	
644.9892	254.14	0.9994999574118176	0.8034719869378804	
569.009	254.01	0.9994999574118176	0.8699419042614885	
646.8768	206.68	0.9994999574118176	-1.6640495687665058	
835.5351	128.51	0.9994999574118176	0.31476558579502134	C43H81O13P,C43H81O13P
647.8797	207.2	0.9994999574118176	1.1494933088983552	
518.872	228.08	0.9994999574118176	0.10302207392638227	
518.9093	205.89	0.9994999574118176	-0.15885570360794654	
518.9093	208.38	0.9994999574118176	-1.8221336411464346	
648.8754	206.68	0.9994999574118176	-1.269312001630965	
571.8497	2.62	0.8093610875986924	-4.630262441104648	
572.1473	404.11	0.9994999574118176	0.2597731914193302	
572.1473	409.66	0.9994999574118176	0.48510444109965845	
521.0225	303.18	0.9994999574118176	0.8456017027971884	
861.5511	127.06	0.9994999574118176	0.2820848216322403	C45H83O13P,C45H83O13P
862.5546	126.93	0.9994999574118176	0.5127358359216068	C45H83O13P,C45H83O13P
865.0297	222.43	0.9994999574118176	0.5593795747197774	
574.3939	129.56	0.9994999574118176	-0.8359109105614905	
522.8979	219.15	0.9994999574118176	0.8677199144398785	
522.8979	227.29	0.9994999574118176	-0.9213281847803577	
522.9524	219.15	0.9994999574118176	1.1495783533101582	
522.9524	227.03	0.9994999574118176	-0.6031067576058746	
523.0011	221.91	0.9994999574118176	0.0016448051088644652	
879.0461	222.17	0.9994999574118176	-0.7110848838270706	
524.2995	162.67	0.9994999574118176	-0.17504788958681416	C24H48NO9P
662.1029	347.49	0.9994999574118176	0.14003654355083892	C21H27N7O14P2,C21H27N7O14P2
888.5695	124.8	0.9994999574118176	0.751090344349204	C47H85O13P,C47H85O13P
664.1184	319.59	0.9994999574118176	0.38961271673630005	C21H29N7O14P2
578.8388	228.21	0.9994999574118176	-0.3097071578007879	
578.8931	227.95	0.9994999574118176	0.20257905018337583	
579.0276	420.91	0.9994999574118176	0.08235030517008801	C15H22N2O18P2,C15H22N2O18P2
580.031	420.91	0.9994999574118176	-0.015665092807056313	C15H22N2O18P2,C15H22N2O18P2
582.9191	219.02	0.9994999574118176	-0.8931157235562573	
582.9191	227.29	0.9994999574118176	-1.6769941283758758	
526.8559	204.84	0.9994999574118176	1.343606109009496	
526.8559	209.7	0.9994999574118176	0.8550685093476414	
526.9071	205.23	0.9994999574118176	-1.0104872453819327	
526.9071	208.91	0.8683880775717582	-3.5015158218109406	
527.789	3.27	0.9994999574118176	-1.9433708082168875	
585.4319	24.35	0.9994999574118176	0.6668894706134114	
585.8654	2.62	0.8093610875986924	-5.223797902147017	
586.4001	129.56	0.9994999574118176	-1.3097590140159172	
587.0304	370.73	0.9994999574118176	0.7404385612214266	C15H24N2O17P2
588.0336	370.99	0.9994999574118176	0.2797524584237907	C15H24N2O17P2
588.0757	378.35	0.9994999574118176	0.08564575476939773	C16H25N5O15P2
687.0078	222.17	0.9994999574118176	0.12632107182379604	
588.41	129.69	0.9994999574118176	-2.0919643702445927	
589.4126	129.69	0.9994999574118176	-1.5217063828086705	
701.0237	222.17	0.9994999574118176	0.19175696106323814	
534.8836	206.55	0.9994999574118176	-1.3118872830066728	
702.027	222.17	0.9994999574118176	0.2349010820081688	
535.0375	362.06	0.9994999574118176	-0.05765866630350812	C14H22N2O16P2
597.3051	157.68	0.9994999574118176	2.2762329133706807	C27H51O12P
597.3051	165.16	0.9994999574118176	-0.05549645774808839	C27H51O12P
599.3209	161.09	0.9994999574118176	0.6914604598432124	C27H53O12P
599.3209	165.16	0.9994999574118176	-0.010142354501765207	C27H53O12P
601.009	420.65	0.9994999574118176	-0.3528522575123439	C15H22N2O18P2,C15H22N2O18P2
536.8817	206.55	0.9994999574118176	-1.0277305521572133	
537.0169	222.17	0.9994999574118176	0.35303245272472233	
715.0395	222.17	0.9994999574118176	0.26038975632280664	
716.0429	221.91	0.9994999574118176	0.9190982206855538	
717.0445	221.78	0.9994999574118176	0.5433943772232007	
604.9558	219.28	0.9994999574118176	0.8063302885761695	
604.9558	227.03	0.9994999574118176	-0.49753573633886183	
605.0045	221.91	0.9994999574118176	-0.13105842279266153	
538.0202	222.3	0.9994999574118176	1.411653802941116	
606.075	355.89	0.9994999574118176	0.22174814401926357	
539.0217	222.43	0.9994999574118176	0.6997991376415089	
607.0782	355.76	0.9994999574118176	0.12791276766545182	
608.08	355.89	0.9994999574118176	0.11779049910541967	
540.0543	347.36	0.9994999574118176	0.004454772999654701	C15H21N5O13P2,C28H22Cl3NO4
611.1452	446.51	0.9994999574118176	-0.07408942709698361	C20H32N6O12S2
541.8049	4.32	0.9994999574118176	-2.6810700657860402	
740.5478	28.28	0.9994999574118176	0.8999390998094219	
613.1408	365.48	0.9994999574118176	-0.3094921764690598	C20H31N4O16P,C20H31N4O16P
744.8542	206.68	0.9994999574118176	-1.652713058238707	
543.8006	4.06	0.9994999574118176	-2.8712709587097063	
746.8524	206.41	0.9994999574118176	-0.21716437837817312	
613.8963	3.27	0.8683880775717582	-3.3475388046314327	
614.144	365.74	0.9994999574118176	-0.08762260468755532	C20H31N4O16P,C20H31N4O16P
619.0202	222.17	0.9994999574118176	0.8380284283224918	
620.0236	222.17	0.9994999574118176	0.8713198780103206	
620.9679	370.47	0.9994999574118176	0.42700803465610415	
761.3694	129.69	0.9994999574118176	-2.6252254091517235	
783.0272	221.91	0.9994999574118176	0.36801424913742387	
