m/z	rtime	p-value	t-score	custom_id
166.0515	1.84	0.4733212496486145	-1.396166215674911	
167.0894	24.51	0.15297376678063077	-4.314108952195625	C7H8O2
265.1066	27.15	0.29714920928545485	-2.502204220363254	
265.1066	31.0	0.22160203679880533	-3.275490782790307	
265.9621	20.04	0.6865790758841824	0.700003069272255	
216.9226	22.14	0.5664444629615534	1.06642381509745	
217.1044	22.41	0.8504974381297706	-0.322503585999733	
267.1223	30.74	0.5834777637405542	-0.9862475693528202	C14H18O5
267.1586	26.37	0.7704153348715007	-0.5131244875604837	
267.1814	24.38	0.926414032107145	-0.14211114334538924	
268.1257	30.74	0.5357180826389639	-1.1643300876971536	C14H18O5
170.0811	23.98	0.666711655174725	0.7525374516165126	C6H8O3
268.176	24.51	0.6402533407060064	0.8068798063458221	
268.2116	24.51	0.36101686162022806	-2.07566704094195	
116.0622	38.75	0.9428175817994641	0.10880011590629762	
268.2712	229.69	0.38028727724331746	-1.8939920413567366	
268.2712	234.45	0.4537786164291703	-1.4714113652583112	C18H34O
268.2712	241.32	0.25775634505138356	-2.8275068428374577	C18H34O
170.1731	0.79	0.7634164022476299	0.5280440914444133	
218.9196	22.14	0.5716198375566589	1.0310281947152897	
218.9817	22.8	0.40753994122788606	-1.7247254894613868	
269.136	24.51	0.5515437629783988	-1.1060682681195877	
269.1388	26.37	0.580041471380746	0.9971455571795448	
219.1127	21.88	0.4903550503219882	-1.3261703168120256	
219.1127	24.51	0.5609226206886588	-1.0836048698020477	
117.0741	23.33	0.8031152241025431	-0.4343585974187498	
172.0942	21.49	0.6831879154738242	-0.707203753923442	
271.2052	284.25	0.949133898302347	0.09598660596998877	
221.096	41.14	0.32750469928633713	-2.297838253719926	
173.0783	22.41	0.8270386686413934	0.37128482945470787	
119.0492	27.15	0.39620849975583033	-1.8054965215558099	C8H6O
119.0492	30.74	0.3225766986612642	-2.330992552948498	
173.096	36.26	0.19732482054348605	-3.5535556489635125	
173.096	243.95	0.06786114801973693	7.697415307272225	
222.0986	41.27	0.22487515705715086	-3.2322403138133633	
222.0986	93.83	0.7394121016842993	0.5717234220049753	
120.0809	24.51	0.15945715419321177	-4.206269090316243	
273.2573	610.1	0.38455217863364544	-1.8587327444623758	
273.2573	611.02	0.12926910614911277	-4.868699459769642	
273.9451	20.44	0.85899599827959	0.3050896873913674	
274.0836	26.37	0.3075888668823432	2.4372949667316526	
121.0649	30.74	0.7028485380185359	-0.6646545009725018	
174.938	22.67	0.13457977488726888	-4.676909342298658	
274.1656	24.77	0.9051520656035916	-0.20746513600068037	
121.0843	24.77	0.16758252324384362	-4.025003605358253	
175.0014	23.06	0.238396004513528	-3.037346505697505	
274.2737	34.15	0.610717065114742	-0.8996714747187685	C16H35NO2
274.9415	20.3	0.7110725118341984	0.6414061217069723	
275.0874	26.37	0.6104638718369587	-0.9029553983952024	
275.0999	21.36	0.8108088797908082	0.4198724192359946	
122.0686	30.74	0.4384939183248842	1.572227282485923	
122.0686	65.67	0.6997701594468555	-0.6701207037533324	
175.119	1.58	0.9084730731742385	-0.17951405455039698	
175.119	24.51	0.04861832939872156	-9.261985369372848	
224.1581	24.77	0.30190851915840017	-2.474043930056144	
176.0657	23.98	0.07780269378544162	-6.736754871962943	
275.9553	280.14	0.2958740214572598	2.5208744761144386	
225.1207	21.49	0.38455217863364544	-1.8659445699069312	
124.0587	23.33	0.7341418586374678	0.5863062685965844	
277.9333	2.63	0.3983309368831283	1.789246934491988	
226.0448	23.06	0.2689796248053331	-2.7288937657537824	
177.1637	38.49	0.9914184837463481	-0.012871030707526241	C13H20
226.1549	0.66	0.32117319696637414	-2.359352870270655	
226.1913	0.79	0.35900222590553027	-2.0892367357014816	
226.9513	21.62	0.1316040164837131	-4.804349425342869	C6H4Cl2O5
278.9311	2.37	0.4384939183248842	1.5698112570312628	
278.9648	20.83	0.7841283044309356	-0.4760736963559233	
227.0419	22.93	0.3983309368831283	1.7877647180212388	
279.1222	36.39	0.6670355866175678	0.7509277418357525	C15H18O5
227.1753	0.66	0.18099818804468185	-3.772720161850978	
227.1753	24.51	0.6144338051022696	0.882058385532389	
179.0815	0.66	0.36769018984803953	2.0257325165962716	
227.9547	21.62	0.14431999101381168	-4.490343186836591	C6H4Cl2O5
228.2685	58.39	0.009727237403934006	29.509300806475924	
228.9556	21.62	0.07780269378544162	-6.683382497476501	
280.2632	36.91	0.04887890213004483	-9.18113417667829	C18H33NO
280.2632	48.91	0.05729183756192469	-8.511756330630295	C18H33NO
281.1012	30.87	0.9311129859642806	0.1318585283432514	
281.1379	34.94	0.6013937993163334	0.9298694947900575	C15H20O5
281.2665	36.91	0.03576845013645349	-11.369038139255531	C18H33NO
281.2665	48.78	0.06786114801973693	-7.617092206227136	C18H33NO
129.0698	38.23	0.3617116868777129	-2.0643564882333854	
181.0096	22.01	0.8108088797908082	-0.41430791964958996	
129.1386	0.79	0.8889473179918455	0.2399282259514356	
283.0939	24.38	0.1669344607861355	-4.050262180976344	
283.1173	26.76	0.2786207740801772	-2.6516313386961237	
283.1173	29.39	0.27758056953995475	-2.6597781779613583	
232.112	44.68	0.5682124130770044	1.053248511715936	
232.1189	0.66	0.6303006440766824	-0.8343303742110172	
232.1447	0.66	0.3547375707874181	-2.129476107646712	
232.8965	22.8	0.8635419966991018	0.2926172376327646	
232.9173	20.04	0.44077142924938084	1.5505159503104764	
284.1207	26.76	0.43193767132932465	-1.606382191268853	
284.1207	29.65	0.2865406753678346	-2.578747094231522	
182.0297	25.29	0.7721604144129465	-0.5096713948080622	
131.0491	26.37	0.666711655174725	0.7542148464991858	
131.0491	47.07	0.6298118308659526	0.8385453621320073	
182.0811	23.06	0.5137825518042854	-1.2555729824098716	
284.2064	24.51	0.7037521705699363	-0.662263816737418	
233.0783	22.8	0.24086397680867272	-3.0132617971658138	
233.1508	0.66	0.4445001457941176	-1.530434662886572	
284.2945	77.64	0.043759293878128554	-9.988563797027703	C18H37NO
132.0031	21.88	0.4041920572047109	-1.7584711556725663	
284.9099	22.01	0.6192718705631468	0.8642466170502827	
285.1096	24.24	0.03199800215209628	-13.56181781095623	
233.9128	22.14	0.4219779680877449	1.6715627370683088	
132.0888	38.36	0.46142641468897283	-1.4393495480873306	
285.2099	24.51	0.567972855936825	-1.054933988334281	
183.0781	23.06	0.3225766986612642	2.336638668853788	
285.2979	77.51	0.07738814828908627	-6.922436272972468	C18H37NO
133.1052	23.98	0.17383659550679428	-3.907606539731632	C6H13NO2
286.9068	22.14	0.6793922283176413	0.717336898241853	
286.9597	20.17	0.7341418586374678	0.5869601264964465	
287.0888	24.24	0.005736509337582847	-44.65984310623967	
134.0683	36.26	0.847212469475406	-0.33451850293750873	
235.0751	33.63	0.3844283071002845	-1.8698695538223595	
184.0817	22.8	0.35900222590553027	2.085111612915242	
184.8889	20.04	0.7777848468019826	-0.49868820456593627	
236.1026	0.66	0.8488686265110917	-0.3268439683253613	
135.1167	38.36	0.9447644212180489	-0.10504635054597292	C10H14
288.2893	34.42	0.42277275426503386	-1.6678207260988631	C17H37NO2
288.2893	36.39	0.4094203169042813	-1.7146985109362556	C18H33NO
135.1209	1.32	0.9084787493914549	-0.17567653602500588	
135.1209	21.36	0.3850002377209165	1.853272863089419	
236.1502	24.9	0.4384939183248842	1.568487908126885	
185.1648	0.79	0.22239121919556637	-3.264697552083105	
289.2926	36.39	0.8005510340368233	0.4399527325285954	C18H33NO
289.2926	42.45	0.9074446134410026	-0.1864819751329193	
290.1969	25.16	0.85619949964477	-0.31060634770266177	
136.1201	38.49	0.7988944147841464	-0.44763309375101584	C10H14
237.1232	22.01	0.9598561003708416	-0.07556019877499136	
237.1272	113.49	0.12695328499124545	5.035732338121334	
137.0457	22.41	0.9084730731742385	-0.1817138014654471	
291.1814	0.66	0.3509578636893728	-2.1682886046283296	
291.1925	32.05	0.22808590392581823	3.183108453800206	
186.1681	0.92	0.12494986200947171	-5.1211223713546135	
237.9547	2.24	0.19298428701093687	3.591370154868858	
237.9779	2.76	0.5344709937271852	1.176090361265346	
238.1201	26.63	0.8108088797908082	-0.4167994458345991	
292.2125	27.02	0.7272087534864149	-0.6028667125728335	
138.0489	22.41	0.8635419966991018	-0.2936379424277487	
238.2276	0.79	0.3721711581633522	-1.9383763957459788	
188.0705	24.77	0.6104638718369587	-0.901397769291443	
239.1754	21.75	0.8845970007355138	0.2523183268680818	
188.1756	22.8	0.12926910614911277	-4.848155541645533	
294.2789	215.36	0.4903550503219882	-1.3277078446556643	
294.2789	220.63	0.9729813442188212	-0.05210844668037461	
189.0522	22.8	0.7839350540337441	-0.4774273733615769	
189.0732	22.14	0.12926910614911277	4.876728812908438	
294.9386	21.22	0.10921650550457276	-5.555632402291113	
189.112	108.45	0.6038801017266047	0.9234016569968901	C9H16O4
140.0679	21.22	0.4498498083922952	-1.4916130668376597	
140.0679	22.67	0.5515437629783988	-1.1072131115457322	
140.0679	189.41	0.3691391199798985	-2.002719657449608	
140.0679	194.79	0.11562090669022937	-5.357921039021942	
240.1804	24.51	0.13457977488726888	-4.692196055082933	
240.1804	27.81	0.9984334314409093	0.0021310829431211435	
189.123	21.62	0.3691391199798985	-1.992175056395326	C6H13NO3
295.9419	20.7	0.16772993246875537	-3.995935961124526	
140.1069	0.79	0.49035447462690684	-1.3347385246812298	
240.2683	78.69	0.7374899240096124	-0.5786580640557493	
240.9668	21.09	0.10921650550457276	-5.517411281217144	
241.1042	24.51	0.5492789827391505	1.1192251320508768	
241.1838	24.51	0.04861832939872156	-9.248543202187298	
298.0829	26.37	0.2671305448246351	2.7518213936583376	
141.1103	1.19	0.9084787493914549	0.17502780301452173	
298.2737	36.91	0.035651612818582284	-11.466905108039068	C18H35NO2
298.2737	48.91	0.0476046299647093	-9.530649248204519	C18H35NO2
299.0886	24.24	0.16410049531877588	-4.088465464051932	
299.1483	36.52	0.5674112404652555	1.05715647681141	
242.9253	22.67	0.14859938655445457	-4.392791243164426	
299.2771	36.91	0.08311423848172693	-6.41682793939009	C18H35NO2
299.2771	49.17	0.07302611059089782	-7.23009080146617	C18H35NO2
299.35	64.46	0.4384939183248842	-1.574946398713299	
243.1826	21.09	0.8202483304144381	0.3899345172499135	
193.1012	38.75	0.5384800682106313	-1.1554062065177038	
193.1012	41.27	0.2604392110437312	-2.802548986595673	
300.9046	20.04	0.6303006226666045	0.8354858472106129	
243.6844	20.96	0.7374899240096124	0.5756317147911777	
243.9415	22.01	0.9057798677751718	0.19904083036037168	
301.0945	26.63	0.3528146577981873	2.1415789861085006	
301.1044	24.51	0.2009081533660282	-3.515589063751337	
193.1699	0.79	0.3691391199798985	-1.977350562423541	
244.0342	22.14	0.6793922283176413	-0.7182171810012534	
144.0476	24.38	0.8351821434456087	-0.35583806318939	
244.2632	36.39	0.576712075852345	-1.0081999396441976	
244.2632	41.14	0.5347808277586664	-1.1673435507813947	
244.2632	43.76	0.9317140285979244	-0.12822245270526267	
303.1197	25.97	0.6815157959216642	-0.7110683696442845	
245.0993	22.27	0.9809645804369164	-0.03656237345566217	
304.2124	25.71	0.8934192092849482	-0.22959354248028443	
304.2124	28.2	0.39885331343260205	-1.7844103338088109	
246.1012	22.14	0.9057798677751718	0.1948819672988153	
305.0992	24.51	0.31714115021249967	-2.387867129017377	
305.1355	26.37	0.6447440082204355	-0.7964245920313116	
196.0968	22.01	0.2689796248053331	-2.7238644726311563	
246.2426	27.42	0.31810185780933925	-2.373137708835633	
306.1917	24.77	0.8479820566723514	0.331307506923933	
307.892	20.04	0.8827320336966695	-0.2558755557298715	
308.1429	69.34	0.2607136835866162	2.7971736587319276	
308.1965	37.04	0.6166318082975079	0.872779834714677	
308.1965	41.01	0.4813722441139029	1.3678248203211372	
147.0439	23.33	0.44124959053045354	1.5458809818288568	
308.2792	65.38	0.860483418282169	-0.3012900330780336	
147.065	26.23	0.8270386686413934	0.37096897591540684	
147.065	30.74	0.6745989930548685	-0.7342574317978047	
248.237	36.52	0.7176775794310571	0.62239803987172	
248.237	41.14	0.7693866175677534	0.5167000887052627	
147.0764	23.85	0.6360398970511404	-0.8210003660789437	
249.1118	30.61	0.5908323061279521	-0.9649020143345984	
309.1459	69.6	0.2594675091900288	2.8111859355981457	
310.2225	25.16	0.6836247309180086	0.7054537519881358	
310.9124	22.93	0.1883287894231994	-3.6526524099590585	
148.1199	611.02	0.18099818804468185	-3.7772731782781164	
198.0977	24.51	0.638482693564354	0.8161578065355372	
311.0887	24.11	0.17697002256506134	-3.8731278971314516	
311.1462	24.77	0.3516711193981452	-2.1550363367825445	
311.1462	26.5	0.2760194264675023	-2.6792727601767887	
311.2771	214.7	0.4384939183248842	-1.573231501062239	C19H35NO2
311.9292	22.14	0.6719658876630414	-0.7403433310619681	
251.1427	66.98	0.7176775794310571	-0.6233911581074624	
150.0582	23.98	0.2530278178124775	-2.901717745258321	
312.3257	218.24	0.43169471718315383	-1.6303439594499312	
313.1044	24.24	0.10921650550457276	-5.564310727241484	
313.162	24.51	0.43169471718315383	-1.615830735028561	
199.1011	24.51	0.8784449044802598	0.2637194071423078	
252.1706	0.66	0.520818474944395	-1.2323858069241314	
313.329	217.98	0.43169471718315383	-1.6236284773589316	
199.1917	3.02	0.3844283071002845	1.8709745077086333	
314.1607	27.28	0.5708348539001725	1.0435231617836536	
314.3323	218.24	0.43193767132932465	-1.6082229294407924	
152.0567	22.41	0.07302611059089782	-7.266040829799909	
315.1739	79.08	0.028439235750629416	-15.527468909746522	
254.1604	24.51	0.2539413192912162	-2.860907919814455	
316.2116	21.75	0.6402533407060064	0.8062909050538198	C14H26O5
316.2485	28.34	0.6959600163610893	-0.6788736451378415	
254.2476	29.91	0.298627868341879	2.4931665955219273	
254.2476	36.52	0.12926910614911277	-4.912549658681751	C16H31NO
254.2476	44.03	0.15840878996071722	-4.229725916419736	C16H31NO
254.2476	227.85	0.9057798677751718	-0.20098635139973384	
254.8997	20.04	0.5928853320072783	0.9579461790269628	
255.1205	28.07	0.31714115021249967	-2.385652161937108	
317.1145	26.37	0.3624721753120136	2.0570656556078273	
317.2149	21.62	0.45935110503181376	1.4468463820721706	C14H26O5
318.1916	25.29	0.9057798677751718	0.19805912135118794	
318.1916	29.78	0.2530278178124775	-2.9052472194660175	
203.0073	22.27	0.5344709937271852	-1.1757134601429233	
318.2172	21.62	0.8236168976221061	0.3835365035835957	C14H26O5
203.1388	21.75	0.5009337484187499	-1.287782945308218	
319.0938	25.71	0.34106676704233213	-2.2186580316324083	
257.0571	26.37	0.31714115021249967	2.379765888528119	
257.0793	1.32	0.30059795127769967	2.482333442897325	
320.2073	25.97	0.8439498941569845	-0.34077745310117963	
320.2433	26.89	0.22808590392581823	-3.1827417870825885	
156.072	23.85	0.4498498083922952	1.4887529635201582	
204.9979	22.27	0.46496685058783555	1.4225578836104504	
258.0605	26.37	0.43193767132932465	1.6087912654549896	
205.0971	0.66	0.6793922283176413	0.7202051398899681	
205.0971	24.24	0.5344709937271852	-1.1721876729554637	
322.0772	2.1	0.7145805629203805	0.6337130598590444	
322.1865	27.55	0.8236168976221061	-0.38201804193010663	
323.1461	25.03	0.44527743350167326	-1.5210052280462083	
259.0746	1.19	0.2142323591598219	3.402279697325848	
259.105	21.49	0.9084787493914549	-0.17694239711009857	
157.1698	22.67	0.9405275096763097	-0.11415541634233926	
206.8938	22.27	0.4041920572047109	1.7524596186840888	
158.1368	0.79	0.37419246723072597	-1.923566431806491	
325.1618	25.29	0.3691391199798985	-1.9824362395278927	
158.1651	0.92	0.6874663972187042	0.6959452147019857	
158.1651	23.85	0.2865406753678346	-2.5835047633695254	
207.1169	91.99	0.07780269378544162	-6.7727909630202525	
326.1609	0.66	0.49035447462690684	-1.3364400392275781	
158.9639	21.75	0.12926910614911277	-4.86404331626181	
158.9924	22.27	0.4848666346868432	1.3551844290346409	
261.0733	22.93	0.42667993532254483	-1.6569206456394199	
261.1095	0.53	0.16295281943862588	-4.117043804675394	
261.1095	28.86	0.7988944147841464	0.4500068283254839	
159.0276	22.14	0.7777848468019826	-0.4977313082662669	
261.1306	22.27	0.576712075852345	1.0056650524300716	
326.3415	224.31	0.4068425788479961	-1.7365848888006887	
327.1201	24.24	0.010313722224031024	-27.136863837357208	
327.1376	41.66	0.6745989930548685	0.7344013071083074	
327.1411	24.64	0.2530278178124775	-2.9136950802993757	
327.1411	27.28	0.16758252324384362	-4.031015692860668	
327.3366	213.12	0.5724723305578198	1.0229301904575125	
327.3449	224.31	0.40404880622272027	-1.7633999425347242	
328.2124	0.66	0.2865406753678346	-2.5790127690356877	
328.3401	213.25	0.4541188649896811	1.4677219218109394	
159.1491	1.19	0.23725718499448184	-3.064252269758161	
159.9674	21.88	0.18858751776710772	-3.643967053048967	
329.1357	24.11	0.0015324856706554527	-93.23868575065102	
160.0309	22.14	0.6951937949762628	-0.6810803979825193	
209.0961	47.07	0.5981614049696966	0.9398184787632293	
329.1533	47.07	0.6104638718369587	0.9043503276919971	
330.1563	46.81	0.5989517693474902	0.9352403210240532	
330.2278	21.36	0.6233601916343592	0.8565542539554146	
330.3362	80.79	0.39078941198802863	-1.8255583615877409	C20H43NO2
210.05	24.51	0.04285616178336593	-10.150044798174292	
210.0991	47.2	0.6793922283176413	0.7171660060154034	
331.1666	58.66	0.44063094019691246	1.5533327494594562	C17H26O4
331.3396	80.79	0.39472225944204825	-1.8113397962252533	C20H43NO2
161.0919	21.62	0.7612619645226996	-0.5320544896735141	
210.1964	0.92	0.2653772330909334	-2.767742030078891	
332.2072	28.2	0.7263265377967802	-0.606743878258895	
332.2434	28.2	0.18038727963858492	-3.821945534708243	
210.9775	21.22	0.7263265377967802	0.6051927415051611	
369.1306	24.9	0.005736509337582847	-44.22413777816315	
369.169	30.74	0.8319102996998429	-0.3612509113484917	C15H29O8P,C22H24O5
369.1882	25.16	0.7433680602922765	-0.5630013820637211	
369.1882	26.1	0.3238389605824693	-2.3131469344380573	
369.1882	28.73	0.5344709937271852	-1.1762933952962307	
369.1882	29.65	0.4301379934837762	-1.6380309689264432	
334.1861	26.63	0.5717949933185058	-1.028988461334394	
334.2228	26.76	0.4583924869227993	-1.4536518371397624	
334.2945	36.91	0.04285616178336593	10.268572720454971	
334.2945	49.57	0.03525410547950513	12.30027900634098	
334.3374	78.56	0.7833916645995788	-0.481271458463851	
369.8873	22.14	0.4470783008824731	1.507066187484886	
162.1488	1.19	0.18248137755893254	-3.7325036995620122	
211.1804	0.79	0.37215583223571624	-1.9464304450608558	
335.1894	26.63	0.1440307100294249	-4.52904738160134	
164.0738	22.01	0.7040304621578857	-0.6603115195298844	
336.2019	24.9	0.9584936795017396	0.07855273165276493	
336.2019	27.68	0.34875655967577573	-2.1805937557040838	
164.128	21.49	0.914811881947393	-0.16290786632327506	
336.882	2.24	0.5664444629615534	1.065237079778598	
337.1043	24.51	0.5169489431929192	-1.2440674191766539	
165.0546	23.06	0.2530278178124775	2.904106196050926	C9H8O3
372.8809	20.04	0.9729813442188212	0.05205386301926816	
372.8809	23.33	0.06786114801973693	-7.644250265693355	
337.1615	26.89	0.4048564096941834	1.746951989139577	
165.0909	317.86	0.09938453625366898	-5.923782193394204	
374.2111	46.81	0.5344709937271852	1.172522075543937	C20H33NO3
374.8816	20.04	0.9071741567506467	-0.19048375406442294	
375.214	47.2	0.5102553317576166	1.2650147539772876	C20H33NO3
339.1411	26.63	0.43169471718315383	-1.6196738146403797	
375.3214	88.71	0.7663991360419177	0.5229220597038263	
214.2527	36.39	0.2687041856642432	2.736852130381592	
421.2623	28.6	0.43169471718315383	-1.61966679267256	
376.9414	20.96	0.025734799257193745	-17.43791326950499	
340.2302	51.27	0.21483337492610546	-3.3743444361515285	
377.2007	193.61	0.3353031490309347	-2.2427710860800154	
340.3572	232.35	0.36769018984803953	-2.0235383259352786	C22H45NO
422.2746	26.76	0.6038801017266047	-0.9246638093793782	
422.2746	33.37	0.3160978700734164	-2.3961894153722514	
422.8815	21.75	0.8108088797908082	0.4164590187681971	
423.1409	26.76	0.46704634003574846	-1.4151619087189486	
423.1409	33.1	0.162194860139295	-4.15589814328682	C22H24O7
340.9306	20.44	0.916857763924665	0.15824438775016292	
378.2085	193.87	0.2061468315459841	-3.473587559978405	
378.2119	27.28	0.8237444112842477	-0.3786039087692519	
378.2119	33.37	0.739446710602653	-0.5694822845006171	
378.2119	36.39	0.8236168976221061	-0.38095689301160285	
341.1357	24.77	0.23195387468121495	-3.1349646480813855	
341.1566	24.64	0.6885392533667868	-0.6928060437764995	
341.1566	27.55	0.22742745652083707	-3.2078377656103494	
378.8997	22.67	0.1460581735329672	-4.449194157086273	
424.254	26.89	0.8148232203740293	-0.4046167109138264	
341.3606	232.35	0.38455217863364544	-1.8594989535641244	C22H45NO
424.8961	20.17	0.6288166737586641	-0.8423823776595093	
425.135	30.61	0.03547403455816955	-11.62885786253171	C22H26O6
425.1564	30.44	0.18188645162162764	-3.744292901378332	C22H26O7
379.2816	161.46	0.009727237403934006	-29.412613288790364	C21H40O4
379.2816	168.06	0.028439235750629416	-15.779042560792261	C21H40O4
425.3773	202.31	0.04110192842927652	-10.765531220062904	
215.1444	22.01	0.532566100231831	-1.2002690273731955	
379.9164	21.88	0.37675597275098816	-1.9078998428517093	
426.1388	30.87	0.9311129859642806	0.13384617703477478	C22H26O6
426.1598	29.91	0.13421635397786877	-4.711364578422487	C22H26O7
380.2083	194.27	0.02791940600120061	-16.41608126700994	
342.9288	20.44	0.7476326530964802	0.5560684424946338	
380.2277	25.43	0.7988944147841464	-0.4490386231745458	
380.2277	28.2	0.3382362158387326	-2.230494736054148	
380.3307	239.58	0.3691391199798985	1.9973232809355053	
343.1149	24.51	0.0003160294919911152	-198.85774235418828	
343.1149	27.28	0.009727237403934006	-33.08961860971858	
343.1321	41.53	0.05677407181036588	-8.582709360516708	
343.1689	53.51	0.5254580556498356	1.2158585112214937	
343.1724	24.77	0.3964047593512308	-1.7987777250672252	
427.2509	283.99	0.7833916645995788	0.4803670231320729	
381.2996	176.12	0.49035447462690684	1.3326581903078958	
381.3147	243.95	0.04285616178336593	10.123076356625424	C27H40O
428.0364	1.97	0.8074933595425163	-0.4274613335938414	
428.253	283.34	0.7263265377967802	0.6061859639541778	
344.1358	41.01	0.07780269378544162	-6.681857458685996	
428.2572	145.65	0.11127094183348948	-5.457836138072017	
344.1717	0.66	0.3757399223166101	-1.9128756613794895	
344.1717	53.38	0.46202494115447446	1.4349339464196278	
344.2072	29.12	0.3548644712306223	-2.115696574488845	
428.3366	64.85	0.36499445128664365	-2.0452134325212983	
382.2043	194.01	0.02552961231319396	-18.118435870070964	
382.2433	25.43	0.6402533407060064	-0.805490835032359	
382.2433	27.55	0.36769018984803953	-2.0141316455575264	
345.1305	24.24	0.06664974779207658	-7.839310117101321	
383.125	41.01	0.07780269378544162	-6.783435119382491	
383.1479	27.02	0.18623929700377834	-3.6960285963374	
430.2739	110.42	0.05930519043517535	-8.285036406167832	
430.2739	189.54	0.4848666346868432	1.3556697554913062	
383.2787	65.12	0.16295281943862588	-4.129144856969472	C22H38O5
383.3304	254.1	0.23673453974518857	-3.098582914281269	C27H42O
346.2161	92.12	0.04861832939872156	-9.338907467313184	
346.2161	96.1	0.07780269378544162	-6.705529576793845	
430.9138	21.09	0.12160818371554512	-5.186279400199171	
346.2228	26.37	0.5717949933185058	-1.0281994457480879	
346.2228	29.52	0.34327490769702884	-2.2088704034190614	C17H31NO6
431.1781	200.87	0.059072720173338096	-8.337532608059757	
431.217	30.87	0.860483418282169	-0.30057022496721686	C22H26O6
384.3104	65.8	0.16295281943862588	-4.1330391373134105	C22H41NO4
431.2464	21.49	0.9230422993407462	-0.1477394533276083	
384.3338	254.1	0.22160203679880533	-3.298770574653364	C27H42O
431.3836	295.29	0.2865406753678346	-2.58073542254099	
431.9163	21.09	0.12497955148259708	-5.10643888331959	
384.7715	22.67	0.2276445883696975	3.201216377962808	
346.952	20.7	0.8108088797908082	0.41477586341395356	
432.1814	200.87	0.0768142637418647	-6.967659646334251	
385.1828	25.43	0.4178820456329204	-1.6906962774447605	
385.1828	28.2	0.18099818804468185	-3.784791831348419	C17H31NO6
347.2187	91.73	0.07302611059089782	-7.226355133425123	
347.2911	26.63	0.24375587944058572	-2.9860426407532144	
432.3871	295.29	0.2837364117248355	-2.6083396413824276	
385.2731	276.59	0.13382573434292902	-4.762981801759602	
385.3421	197.98	0.4041920572047109	-1.756684791111595	
385.3421	203.89	0.4809262302247435	-1.3702383679426542	
433.2406	30.87	0.576712075852345	-1.0038304429205385	
434.2432	30.74	0.7833916645995788	0.48439926715130227	
434.2744	26.63	0.8005510340368233	-0.4402299153782414	
434.2744	27.94	0.2760194264675023	-2.6739861743788005	
434.3347	150.25	0.5716198375566589	1.031016613128322	C27H44O4
348.0704	1.71	0.5450967257098978	-1.1290924992054168	
386.2535	0.66	0.6423196577909307	-0.8012056348489857	
386.2535	28.47	0.7882974125966081	0.46831303938419416	
348.202	25.84	0.914811881947393	-0.16209802643878668	
348.2383	26.37	0.6120937715347	-0.8892350573496755	
435.2447	30.74	0.7800888829195137	-0.492449381627419	
435.2622	193.87	0.3485969465834773	-2.189561866928042	
436.1963	27.15	0.44063094019691246	-1.5556738121219398	
436.1963	28.86	0.6793922283176413	-0.7173599771024305	
482.2877	102.67	0.2133112765055555	3.4204406271296612	C22H44NO8P
482.2956	27.55	0.43193767132932465	-1.6062174768028858	
436.2538	26.37	0.8023107765503957	-0.4365213085130345	
436.2538	30.17	0.8116661796906137	-0.41207837793544944	
349.8916	20.04	0.18180660916640112	3.7520212548095393	
387.1986	24.64	0.6119843350053099	-0.8932788199308835	
436.3417	202.57	0.4641693693943704	-1.4257705793506954	
387.2526	58.0	0.36769018984803953	-2.0122769728743024	C24H34O4
350.1721	51.27	0.949133898302347	-0.09540242705718646	
350.1774	145.65	0.1281730914499443	-4.9924000067724945	
350.1774	189.54	0.37215583223571624	1.9622784750591327	
482.9267	20.83	0.13753419256335886	-4.6244784653933895	
350.2173	27.42	0.3528146577981873	-2.140491737043558	
350.2534	26.89	0.3133805885276835	-2.4090436159106177	
350.2534	27.94	0.44063094019691246	-1.5536003713609798	
483.2991	27.28	0.4445001457941176	-1.530992346439251	
351.1352	46.94	0.9811163349992208	-0.03504980702662656	
437.2581	193.74	0.2530383966192777	-2.897250579900163	
437.3112	37.17	0.5716198375566589	1.0326126902919495	
388.1829	30.87	0.4048564096941834	1.7453891139452775	C22H26O6
388.1902	41.53	0.5432582042380282	-1.1372019465912198	
437.345	202.18	0.9084730731742385	0.17964154041836788	
388.2266	53.38	0.34875655967577573	2.1819440315989365	C17H33O7P
437.8745	20.3	0.7040304621578857	0.6596412496093613	
437.8745	21.88	0.5621996955063887	1.0775369515982196	
485.2793	218.38	0.07780269378544162	-6.635721436346112	
438.2613	193.87	0.2837364117248355	-2.615042110323748	
438.2695	27.02	0.37215583223571624	-1.96193360397524	
485.3587	20.96	0.8122300982219598	0.4102377249402426	
485.4673	265.84	0.5429518033759358	-1.1397767505187693	
439.1359	28.86	0.26972436913634534	-2.716626433377276	
388.3935	171.37	0.6062486785689087	0.9150165929546659	
439.3181	153.17	0.10921650550457276	5.523079445675624	C27H44O3
439.3391	182.03	0.06786114801973693	-7.646906339472751	
486.3617	21.09	0.8635419966991018	0.2923735865496655	
389.1855	30.74	0.6546717164996633	-0.7770720190551517	C22H26O6
389.1937	41.27	0.6146257058622302	-0.8805845149881159	
352.8972	21.88	0.7298226276476475	0.5954706413870544	
487.3156	213.25	0.05466135265426732	-8.787870314615674	
487.3331	220.35	0.4498498083922952	1.490790643446099	
440.8687	20.17	0.6715666895998766	0.7420580862846226	
441.1308	24.77	0.03199800215209628	-13.297678564015149	
441.1308	29.65	0.02552961231319396	-17.823814109396483	C22H26O7
441.1516	27.28	0.2397187193752517	-3.0239947311661886	
488.2498	24.38	0.7777848468019826	0.500465683631321	
441.2371	0.53	0.7374899240096124	0.5764827225335891	
488.2878	218.9	0.03199800215209628	-13.211662837525601	
488.3366	220.63	0.46512307109064877	1.420665156068623	
353.352	218.38	0.7907607751145276	-0.46283636017361474	
390.1883	30.74	0.90002485540645	-0.21644245457656855	C22H26O6
441.2983	533.91	0.0476046299647093	-9.561509272481418	
441.3546	209.68	0.016837954136637915	-21.373091975777626	C27H47NO2
390.285	28.99	0.8966002876048332	0.22429849673861085	
488.8718	21.75	0.9537250505441476	-0.0861156543104351	
442.1547	27.28	0.22808590392581823	-3.184378403596723	
442.1547	154.09	0.34875655967577573	2.181421206901437	
442.1547	161.6	0.43728723892926635	1.5906648177253906	
442.2573	52.06	0.9752262210443522	0.04667223071124834	
442.2573	56.82	0.432527507941737	1.6030893710620036	
489.3124	175.73	0.23725718499448184	-3.0610879395698634	C23H48NO6P
489.3124	214.17	0.2305103707619413	3.161425521072077	
489.3611	64.07	0.949133898302347	0.09458765435162554	
442.4041	254.62	0.2530278178124775	-2.9214539409723734	
391.2837	201.65	0.1281730914499443	-4.991167891346757	
490.3156	174.91	0.3548644712306223	-2.1206669908607085	C23H48NO6P
490.3156	194.53	0.16772993246875537	-3.9870505356078505	
490.3156	214.04	0.1440307100294249	4.515398986468669	
442.8692	20.17	0.6104638718369587	-0.9012559854479559	
490.3443	210.76	0.5248508818477401	1.2186019999657993	
443.1568	27.28	0.15255984408340378	-4.328125350574824	
490.4612	274.9	0.03199800215209628	-13.246471349522503	
392.2276	26.37	0.6325543895285209	-0.8297453100588102	
392.2276	28.6	0.5561220035502296	-1.0944012832051682	
443.3879	201.13	0.060296071088340106	-8.197583758736373	C30H50O2
392.2537	36.91	0.6303006226666045	0.8360097993878238	
392.2639	26.89	0.4868114292793275	-1.3495374848290707	
392.2639	29.25	0.15840878996071722	-4.2363743989061025	
392.2639	33.24	0.32207577451907876	-2.34996140965175	
392.2871	201.65	0.12058594591257155	-5.227354252129346	
444.2713	134.83	0.23195387468121495	-3.138778353404834	
444.3316	64.46	0.22160203679880533	-3.2749915804790364	
490.8689	22.14	0.7999500610517039	-0.44403813315960977	
444.9287	20.96	0.23243513650532133	-3.127187849970551	
491.3347	27.15	0.21534300628103892	-3.365195375787714	C26H45NO5S
491.3477	210.63	0.4445001457941176	1.5260666402927443	
491.4647	274.9	0.03547403455816955	-11.582795677191227	
445.3349	64.46	0.27758056953995475	-2.662784469101616	
393.2574	37.04	0.5716198375566589	1.0376344601970018	
393.2574	41.01	0.5834777637405542	0.9860564102919329	
492.2902	91.33	0.5009337484187499	1.2867890912452382	
492.3381	27.15	0.3528146577981873	-2.1432698822724086	C26H45NO5S
492.3445	181.9	0.16758252324384362	-4.019288810027727	C30H45NO3
446.2168	26.89	0.851169398728245	-0.3205205829011431	
446.2168	33.37	0.4041920572047109	-1.7523193281395095	
492.4249	222.07	0.9311129859642806	0.1312780861273413	
394.2161	162.65	0.07302611059089782	-7.206556918784241	
394.2433	25.97	0.7988944147841464	-0.4482057546267265	
356.3519	140.22	0.3912736792670367	-1.8222179617186416	C22H45NO2
395.0262	22.01	0.6793922283176413	0.7235297592044616	
447.3828	269.52	0.21483337492610546	-3.3850459568531095	C29H50O3
356.9084	23.33	0.10921650550457276	-5.5310844174706695	
447.9038	22.01	0.21483337492610546	-3.3776945916366583	
395.3994	249.46	0.5137825518042854	-1.2543649321765058	
448.2325	29.91	0.37215583223571624	-1.9539674321192164	
448.2325	30.74	0.23725718499448184	-3.0641428015012764	
357.1306	24.24	0.055720069736772085	-8.68370436747965	
357.1306	26.89	0.07850321657245928	-6.569410334189621	
357.1306	27.55	0.4267139121033627	-1.6493196710907565	
493.3883	294.77	0.4181927268126327	-1.686846826293266	C30H52O5
396.2316	194.01	0.1883287894231994	-3.653206092743299	
396.2939	32.32	0.5918214732725174	-0.9620925797260753	
494.2958	28.07	0.3528146577981873	-2.1398158758551475	
449.2357	30.87	0.3047419439731399	-2.4568154302099177	
449.245	211.02	0.4041920572047109	1.7543465307020163	
396.4194	286.21	0.42174682312647027	-1.6740021307699964	
449.3478	32.05	0.7298226276476475	0.5948396793545698	
494.3917	293.98	0.5432582042380282	1.1362909972769912	
397.183	25.29	0.7612619645226996	-0.533002913621784	
397.183	28.07	0.36769018984803953	-2.013768995376019	
450.2735	189.28	0.1883287894231994	3.668450711249596	
397.2351	193.87	0.29624550711090625	-2.512528022820488	
397.2709	0.66	0.9866548083800962	-0.020537940614742185	
450.3512	32.32	0.5137825518042854	1.2541775917276348	
495.2995	28.2	0.8270386686413934	0.37200407142112557	
495.2995	210.63	0.7374899240096124	0.5754651421499964	
495.2995	246.31	0.4774044892370129	1.3816367039050215	
451.2571	0.79	0.287230505640307	-2.565308192462976	
496.3112	26.63	0.5708348539001725	-1.0412125644644068	
451.3543	32.32	0.49485786248000774	1.309970882013278	
452.2484	27.02	0.520818474944395	-1.2320702885377384	
452.2484	32.58	0.40753994122788606	-1.7282735462019039	
398.2403	31.92	0.5762969146138631	1.0107419651899883	
359.1462	24.24	0.3238389605824693	-2.315430210632894	
498.415	263.71	0.14431999101381168	-4.48108927409654	
498.9005	21.09	0.13457977488726888	-4.672844325138065	
398.8899	20.3	0.416659184442087	1.6955039089935642	
398.8899	22.41	0.5716198375566589	1.0350669703249111	
453.2724	0.66	0.9754583393902259	0.04518002377822496	
399.1434	28.86	0.4445001457941176	-1.5270766622029652	C22H22O7
499.9036	21.09	0.04285616178336593	-10.139506957295655	
399.1987	25.16	0.3884972677834432	-1.8399151163700027	
399.2499	0.79	0.5344709937271852	-1.1778651537745177	
399.2499	62.1	0.06664974779207658	-7.805984996903074	C25H34O4
360.1585	41.27	0.5004330164027313	-1.2921141178674929	
399.3253	193.22	0.2142323591598219	3.4072204879186407	C27H42O2
454.1703	36.39	0.8908025299725826	-0.2341472806810493	C24H30O6
454.2644	27.15	0.7495177028674239	-0.5523973764077502	
454.2924	95.27	0.22160203679880533	-3.2788895723898506	C21H44NO7P
502.2921	65.8	0.8999011762796626	-0.2177255629284298	C25H44NO7P
502.3733	83.02	0.7341418586374678	0.5855724867630009	
400.3053	65.12	0.1440307100294249	-4.513981440349917	
361.1923	210.76	0.6749134593917799	0.7326693401717874	
361.2343	0.79	0.5561220035502296	-1.094329563147836	
361.2343	31.92	0.907197322538127	-0.18793055543888995	
503.3269	224.04	0.5393801501273943	1.1524770425569117	
503.3703	263.58	0.2539413192912162	-2.8689727378705143	
456.289	193.87	0.238396004513528	-3.035738557158522	
456.3003	189.41	0.4498498083922952	1.488466074008905	
361.3653	119.68	0.44673759645075795	1.5128120409987968	
457.1256	26.89	0.0768142637418647	-6.990835291849924	
457.2035	27.42	0.16295281943862588	-4.113374567483297	
457.2035	32.45	0.22160203679880533	-3.285605498863159	
401.159	27.15	0.2713887761648838	-2.7054586228546462	
457.2483	187.44	0.2305103707619413	-3.158523840480768	C20H42O7P2
457.2857	188.75	0.8108088797908082	0.4186606885509477	
457.2922	193.87	0.3075888668823432	-2.436432578041277	
401.2642	224.18	0.23725718499448184	-3.0809800169753383	
401.3087	64.99	0.24375587944058572	-2.9842638247450934	
401.3411	200.87	0.8488686265110917	0.3282444843972587	C27H44O2
458.2896	188.75	0.8148232203740293	0.40482337411885067	
458.3048	219.03	0.3617116868777129	-2.0659126083509722	
362.217	26.63	0.44838328199757055	-1.5026006470269944	
362.217	31.92	0.49485786248000774	-1.3085844987284014	
402.1623	27.28	0.23753916999261648	-3.054722559406432	
458.3471	84.6	0.9077561629220943	0.18494808511300712	C25H47NO6
505.3082	210.76	0.4200783764134026	1.6797979605053943	
458.4714	200.21	0.3566346539529963	-2.1051580794042333	
362.3685	119.68	0.586839194141307	0.9762353649681645	
402.3445	193.09	0.5621996955063887	-1.0789066308318578	
505.389	209.16	0.3513184789632103	-2.1588618276567124	C31H52O5
459.2652	177.83	0.38455217863364544	-1.8633539985686496	
459.2652	198.51	0.25553503124891713	-2.8422042288464673	
505.8908	209.16	0.6696251945602313	-0.7460167308511528	
362.9259	21.09	0.12058594591257155	-5.216865930232774	
403.1743	24.51	0.10484122350129832	-5.719693532940206	
403.1743	31.0	0.3576101424390617	-2.0970220238094757	C22H26O7
506.311	210.76	0.44571744611115977	1.5183701477124607	
363.1715	234.85	0.7292207981878066	0.5978756708095497	
363.1715	243.29	0.8796688014108134	0.26100369158598397	
363.2209	26.76	0.2687041856642432	-2.7403884411118407	
363.2209	192.43	0.1021537426313504	-5.847034547155494	
404.2061	30.87	0.7704153348715007	-0.5131157894338272	
404.2639	27.94	0.3691391199798985	-2.005529653261202	
363.9293	21.09	0.1883287894231994	-3.6536022448736105	
461.3625	211.55	0.15945715419321177	-4.200846307523675	C29H48O4
461.3625	221.15	0.011620856229651332	-24.764429918116665	C29H45NO3
508.3028	112.04	0.2871264519913582	2.572824217040151	
405.2094	30.74	0.8005510340368233	-0.44167933320166175	
508.4718	275.03	0.03199800215209628	-14.422658438132043	C32H61NO3
462.3056	28.47	0.3721711581633522	-1.9410215436867295	C25H36O5
462.4149	203.1	0.6174413225671863	-0.8703555597564789	
462.4149	210.63	0.4384939183248842	-1.5835291446388224	
364.2327	25.03	0.5724723305578198	1.0198215023362036	
364.2327	27.81	0.334087637876846	-2.258373394967779	
364.2327	33.37	0.3505653493625332	-2.1722758680913765	
509.3063	112.44	0.18099818804468185	3.7656647143503563	
406.0421	21.62	0.9537250505441476	0.08641176660679499	
406.2009	41.01	0.12926910614911277	-4.858056277632782	
406.2122	30.74	0.6086555932481407	-0.9100476004343653	
406.2433	27.94	0.37215583223571624	-1.9462924455483386	C20H34O8
406.2433	33.89	0.3691391199798985	-1.9769431215989637	
406.2433	36.39	0.4267139121033627	-1.6513255222255878	
509.4753	274.9	0.17736420736511382	-3.8597382360464128	C32H61NO3
463.2771	34.94	0.5803401813118322	-0.9954182120692738	
407.2044	41.79	0.12926910614911277	-4.940547702259748	
464.2188	193.48	0.03312167873420263	-12.695218785443515	
408.2229	26.37	0.4903550503219882	-1.326126684155759	
464.2277	27.15	0.32751877316540484	-2.294785057232725	
364.9947	24.51	0.4498498083922952	-1.4912512623227785	
408.2589	28.2	0.23725718499448184	-3.085158555221056	
408.2924	110.16	0.12860458848133552	-4.97173471234134	
464.2847	30.61	0.4015879878654425	-1.773528555608884	
464.4457	272.27	0.011612435627580889	-25.392345650576026	
510.8556	20.17	0.5580574038686456	-1.089742618267149	
408.9185	20.44	0.8722904460010911	-0.27622852576062623	
409.1614	30.87	0.2689796248053331	-2.7238119115695842	C22H26O6
409.2623	28.34	0.3721711581633522	-1.9403660780240815	
409.2803	37.04	0.5515437629783988	1.1088591969830683	
409.2803	41.01	0.532566100231831	1.1985806399729928	
409.2958	110.42	0.13421635397786877	-4.722526237394954	
465.2309	27.42	0.3513184789632103	-2.1608000239152734	
465.2309	160.94	0.6402533407060064	0.805458525104617	
409.9204	20.57	0.7176775794310571	-0.6244916819885103	
512.2041	154.35	0.37419246723072597	1.9215525072177675	
366.2483	25.29	0.6144338051022696	-0.8826763111913557	
366.2483	27.81	0.23725718499448184	-3.0648468899593135	C19H30O6
512.3064	26.63	0.5671875709105745	-1.0613539249763229	
512.3064	92.38	0.30473915799868895	-2.460168841162933	C24H47O9P
410.1647	30.87	0.28143417831611006	-2.6287094630157166	C22H26O6
410.2111	161.86	0.08980266530744821	-6.160995847164606	
410.2294	0.66	0.03547403455816955	-11.574281334610895	
410.2383	27.02	0.32207577451907876	-2.3502071733173713	
410.2746	25.71	0.9311129859642806	-0.13016290721097318	
466.2644	27.68	0.3964047593512308	-1.8002777768462237	
466.3007	27.55	0.7115630435192103	-0.6390470408099668	
512.9163	21.09	0.02791940600120061	-16.376450112900287	
367.2822	112.31	0.44661399861542844	1.5147556478186432	
467.2686	27.94	0.7110725118341984	0.640843979925336	
468.3342	174.78	0.4680940659315185	-1.4092061823357993	C23H48NO6P
468.3454	179.67	0.4469365416766585	-1.5097761240314478	C30H45NO3
515.134	36.52	0.5344709937271852	1.1799386083564962	
515.328	198.64	0.3225766986612642	-2.3329563913206464	
515.8908	22.01	0.17736420736511382	-3.854537889170435	
368.3883	266.5	0.44505579091169756	1.5231723322325623	
413.1779	26.1	0.3617331681793228	-2.061740209829741	
413.1949	36.52	0.5708348539001725	-1.0442194474697644	
413.3247	52.19	0.6112445092194914	0.8964737488892798	
517.3429	235.24	0.88805061867007	0.2444489643208013	
517.3557	210.76	0.6796223322444952	0.7157091583913323	
518.3107	37.17	0.5412232997694881	1.1479099249458613	
543.3887	192.96	0.2530278178124775	-2.9082447070765176	
518.3686	176.12	0.8999011762796626	-0.21852216075511507	
518.3756	210.76	0.3991549712669536	1.7816140507729785	
518.4563	317.07	0.4384939183248842	-1.57433484430062	
414.9393	20.7	0.5928853320072783	-0.9580070649565584	
519.3593	305.51	0.5515437629783988	1.1064293576922153	
519.3666	176.25	0.8668351064482043	0.2845006641608789	
519.3666	185.73	0.5344709937271852	1.173179514736529	
519.379	210.76	0.36101686162022806	2.0740741926954067	
472.9009	20.44	0.36769018984803953	-2.0148215675555186	
519.4598	317.07	0.18099818804468185	-3.7924317617047962	
544.8933	20.7	0.5384800682106313	-1.156336213274282	
415.1743	24.77	0.18099818804468185	-3.7941598071063423	
473.3176	210.76	0.576712075852345	1.006086172918713	
415.2436	62.1	0.5310792733997789	1.2044165055340421	
415.2793	233.27	0.3691391199798985	-1.9772694562843733	
546.1859	168.45	0.49035447462690684	-1.3331455873992677	
474.321	210.76	0.5724723305578198	1.0189921130711466	
520.3547	111.91	0.9488727258784149	0.09839555503733799	
520.3819	210.76	0.43193767132932465	1.6128075887436202	
520.4355	277.38	0.5344709937271852	1.1692555506364122	
546.399	82.5	0.9084730731742385	0.18199715508067146	
546.399	176.12	0.49485786248000774	1.309886774744511	
546.4067	210.76	0.634987781650516	0.8237456720030769	
475.1572	193.87	0.009727237403934006	-30.43722607991583	
475.1934	25.03	0.2837364117248355	-2.608200770914396	
521.3582	111.52	0.5448391471490203	1.1308745893410599	
521.3712	208.63	0.7833916645995788	0.47978900731114305	
475.3241	210.76	0.5344709937271852	1.1887042149980926	
475.3776	278.17	0.9811163349992208	-0.03398692654433751	C30H50O4
475.4697	309.18	0.08980266530744821	-6.1782318611931135	
522.3267	29.65	0.40404880622272027	-1.7636359844803453	
547.4104	210.76	0.5344709937271852	1.1716251547392134	
476.2439	30.3	0.38940011261166985	-1.8333462327910266	
476.2439	229.82	0.9049763211870292	-0.2088200159804247	
417.1583	283.99	0.8635419966991018	0.2921402521503151	
476.2848	29.78	0.2539413192912162	-2.868877391081	
417.255	210.76	0.5671875709105745	1.0588193999740174	
476.3281	305.23	0.45867568361969596	1.4514554875401227	
417.3359	151.85	0.03199800215209628	14.33761737497361	C27H44O3
476.906	20.44	0.696292470570424	-0.6772840050004975	
477.2158	283.86	0.5892469476188168	0.9710728166493348	
417.8789	20.04	0.3238389605824693	2.315820720819005	
418.1618	283.86	0.7833916645995788	0.47992813191650996	
418.2433	27.15	0.666711655174725	-0.7525941096703286	
418.2583	166.75	0.06860638619383182	7.52185267871464	
418.2583	210.76	0.5044974952751807	1.2786352236927594	
478.1985	168.58	0.7777848468019826	-0.4990059819166977	
418.3392	152.38	0.03547403455816955	11.794991637922246	C27H44O3
478.2188	203.23	0.3345869866778145	2.2508988507140772	
478.2738	75.67	0.820008621980142	0.39228807809452226	
523.2993	186.0	0.03547403455816955	-11.885036981953862	
478.3007	28.2	0.33234443521624357	-2.266984380284521	
419.1696	25.03	0.4507355800139505	-1.4843814170377747	
419.1696	27.15	0.3238389605824693	-2.318652059746498	
419.2251	30.61	0.7043075178500229	-0.656013664071011	
419.2342	134.31	0.4848666346868432	-1.3586166721607023	
419.2342	194.01	0.9815261319163434	0.03224689545599798	
419.2342	243.69	0.49485786248000774	1.3120953753635989	
420.1729	27.28	0.2539413192912162	-2.8540364389653177	
420.201	31.0	0.2539413192912162	-2.864281559411056	
524.1934	219.69	0.06830451919917356	-7.566361708395562	
420.2318	177.04	0.042115257547716126	-10.526288668649446	
420.2318	186.52	0.7072961976709574	-0.6486478726194916	
420.2954	32.05	0.6815157959216642	0.7107325334427562	
524.303	186.39	0.03199800215209628	-13.466610800680145	
549.4151	207.58	0.5851117844826904	-0.9814891244118208	
480.2797	32.32	0.2539413192912162	-2.8673197587829007	C26H37NO7
420.8849	21.88	0.8886156056341474	0.24147822456894663	
550.2544	58.0	0.2760194264675023	-2.6749191631899767	
525.3056	186.0	0.009727237403934006	-31.64629254655203	
550.3655	210.76	0.13421635397786877	4.712803174380539	
550.9143	20.7	0.3964047593512308	-1.801383978278574	
526.4463	264.11	0.25243763291476784	-2.9360874297705304	
551.3683	210.89	0.22160203679880533	3.295889306353598	
604.2086	188.36	0.36499445128664365	-2.042258303649029	
527.2899	151.72	0.12695328499124545	-5.039583039235802	
527.2899	210.63	0.8744565576053714	0.2700628552808337	
604.4721	196.27	0.5834777637405542	0.9865011030959626	
527.4024	208.24	0.9084787493914549	0.1751609570654593	
527.4495	263.58	0.4093444977350293	-1.7168209408248762	
605.2118	188.49	0.3225766986612642	-2.3296255492765248	
605.3146	283.6	0.7906700732176206	0.4640532309849093	
605.4753	196.4	0.5972521045442323	0.9424734220519347	
552.269	76.59	0.5954115694348795	0.9473698664420916	
673.3385	304.04	0.6472793711097405	-0.7914890915882258	
673.4228	209.03	0.11127094183348948	-5.448349970329232	
528.3029	26.23	0.7043075178500229	-0.6559120154573168	
605.5841	388.26	0.9057798677751718	0.19429006364815385	
606.188	108.19	0.5152090506290874	1.250121098788892	
606.3179	283.6	0.7825520697916214	0.48695889236824663	
607.3209	283.6	0.8108088797908082	0.4180433499875776	
675.3519	282.94	0.9057798677751718	0.1993318291940578	
530.2874	76.46	0.380659364070847	1.890790953188755	C25H42NO7P
530.3217	95.27	0.198317989816935	-3.5400834107487693	C25H50NO7P
553.8555	20.3	0.3850002377209165	1.854239677290147	
530.4539	275.16	0.03547403455816955	-11.902408477400037	C32H61NO3
554.2425	115.74	0.6038801017266047	0.9223383904723417	
554.3164	31.4	0.33442521176542356	-2.2543463274299973	
554.3414	193.48	0.07850321657245928	-6.571661819779284	
677.2626	203.23	0.43934378401289853	1.56486297806924	
678.3084	250.38	0.3983309368831283	-1.7906515612086795	
555.2542	229.69	0.4774044892370129	1.379045890732723	
532.2066	193.48	0.12926910614911277	-4.865904300801498	
532.3024	104.9	0.2791042601140464	2.6458531873339557	
555.4444	204.15	0.5724723305578198	1.0182840106276463	
679.448	257.12	0.6156466067940588	-0.877824460487944	
679.448	286.21	0.49035447462690684	1.332189911520466	
532.384	63.28	0.9746141360441871	0.04867619828664458	
532.3915	220.35	0.3528146577981873	2.1379273157295655	
556.3026	83.02	0.4498498083922952	1.4895387646162768	
533.2101	193.87	0.059072720173338096	-8.37339848317972	
680.4501	257.12	0.5561220035502296	-1.0951193169437423	
680.4501	286.21	0.38759697493068734	1.8443745913515246	
533.3762	210.76	0.5621996955063887	1.077767683727918	C26H56NO6P
533.3873	63.28	0.8908025299725826	0.23526126922589152	
556.8577	21.88	0.7997745379682958	-0.44536799000843935	
533.4728	308.4	0.07780269378544162	-6.654993838178947	C32H63NO3
557.1509	36.65	0.8274362093677422	0.3693511641701558	
680.868	20.7	0.45253696746310096	-1.4772904247244372	
558.318	109.9	0.3617116868777129	-2.0659079743391717	C28H48NO8P
534.3702	194.66	0.13421635397786877	-4.739580823362626	
534.3702	214.3	0.07780269378544162	6.698883140989425	
534.3702	234.85	0.8488686265110917	0.32734285985634365	
612.8807	20.7	0.3691391199798985	-1.9803465395236137	
682.399	184.0	0.5222530954922849	1.2272981970194918	
558.8565	22.01	0.8503832957934917	-0.32375292608562606	
615.2633	193.22	0.40753994122788606	1.723126167164694	
615.4547	204.81	0.21483337492610546	-3.3776794466138185	
536.1099	36.52	0.3653901104477137	2.0386190677176517	
615.9567	204.81	0.3691391199798985	-1.9823543119938414	
616.2449	217.46	0.4498498083922952	-1.4879068643210318	
616.3175	218.64	0.5009337484187499	-1.2892673225488975	
617.3211	218.51	0.9057798677751718	-0.19448953576312997	
618.224	188.49	0.3691391199798985	-1.9946368446702925	
686.25	177.57	0.33234443521624357	-2.268925784289524	
686.25	182.29	0.19298428701093687	-3.5924550099969306	
686.25	186.26	0.238396004513528	-3.0432867035997653	
686.25	189.67	0.38455217863364544	-1.8592382689554843	
618.4878	225.23	0.6062486785689087	0.9152361532580187	C34H68NO6P
686.4625	226.01	0.21790608134917555	-3.3316582166745574	
686.4625	230.78	0.10255396329244841	-5.8199537488746484	
686.4625	235.51	0.9057798677751718	0.19488622469516756	
537.2787	119.94	0.43169471718315383	1.6202071062477557	
537.2787	120.74	0.5939661260047334	-0.953780755815022	
562.402	235.24	0.4621238105765092	1.4331451852865515	
619.2277	188.49	0.43169471718315383	-1.6180426265789385	
563.2267	282.42	0.6402533407060064	0.8061051360394991	
620.4363	61.7	0.162194860139295	4.160702800305977	
563.4661	319.44	0.46202494115447446	-1.4361153143479528	
564.2955	83.94	0.611025077491838	0.8980028060421786	C28H47NO8
540.1698	196.01	0.5095429236933328	1.2677835071421346	
623.3252	283.6	0.7851449456985874	0.4736192133512962	
623.3853	287.26	0.7810486662708216	-0.4900667562752564	
540.4257	175.99	0.7072961976709574	-0.6483688193624512	
540.4257	257.51	0.3548644712306223	-2.122663920735483	
624.3286	283.6	0.7045046953911596	0.6545228125201457	
624.3889	287.52	0.7292207981878066	-0.598222269320871	
624.4171	288.31	0.8652488588816426	-0.2876901043441415	
540.8884	20.57	0.2803103488350076	-2.637086784572551	
690.4701	198.37	0.2865406753678346	-2.5849703865869222	C36H68NO9P
690.4701	202.18	0.3897593966424926	-1.8303101799957355	C36H68NO9P
690.4701	203.89	0.5634604082227523	-1.0741208026253173	
624.8464	21.75	0.5984553855110109	-0.9381427658400804	
625.4096	231.7	0.37215583223571624	-1.9453034660563806	C31H61O10P
566.8878	21.09	0.16772993246875537	-4.00278984806753	
692.2962	217.85	0.44077142924938084	-1.5495688448938498	C34H46ClN3O10
627.3612	209.03	0.03312167873420263	-12.679827159498602	
692.3182	196.01	0.5344709937271852	-1.1698409891524848	
628.3649	208.9	0.03199800215209628	-13.299381064926987	
568.3565	186.0	0.03199800215209628	-13.434962627807296	
568.4568	217.59	0.8549084958082886	-0.31340395248936387	
568.4568	257.25	0.8236168976221061	-0.38148718427546496	
692.8337	21.75	0.6278419640107507	-0.8461941982072265	
693.3001	217.59	0.44124959053045354	-1.544248227560821	C34H46ClN3O10
569.3324	283.6	0.8108088797908082	0.417687615336937	
569.3604	186.0	0.03547403455816955	-11.692055583012444	
569.4348	196.27	0.5716198375566589	1.0355626921745158	
569.4348	225.23	0.4903550503219882	1.3300769225240905	C40H56O2
569.4348	237.74	0.5724723305578198	1.0221273581291164	C40H56O2
569.4348	262.66	0.4438589201254866	1.535964339321263	C40H56O2
569.4348	276.07	0.5951369227288994	-0.9506955493909592	C40H56O2
569.4348	308.92	0.6166318082975079	0.8733899656677369	C40H56O2
694.3322	220.21	0.45248858673967657	-1.4790244713316782	
694.3322	222.73	0.4559291312844846	-1.4620281193076543	
694.3322	226.67	0.5240220227547113	-1.2226886074644572	
694.3322	231.04	0.3817823071169698	-1.8812145036006667	
694.3322	236.95	0.37816008538040763	-1.9018982627168428	
694.3982	207.45	0.9084882868764276	0.17389613427215414	
694.4431	188.1	0.3817823071169698	-1.8828257745654269	
630.2011	153.82	0.18099818804468185	3.7885544638126474	
630.2011	161.33	0.07780269378544162	6.729132862795268	
630.2604	201.13	0.40753994122788606	-1.729474224865518	
570.4381	196.27	0.5724723305578198	1.0203620679813143	
570.4381	225.23	0.5248508818477401	1.2183629454533034	C40H56O2
570.4381	262.8	0.4267139121033627	1.6520830260154238	C40H56O2
570.4381	275.43	0.7568798754435172	-0.540187248910534	C40H56O2
695.3651	263.19	0.751984106923641	0.5479381161220572	
695.3651	270.96	0.9855630585884355	0.02434600884536664	
695.4016	207.45	0.85899599827959	0.30472877859286807	
695.4431	253.7	0.10331430668732519	-5.767880840742003	
695.4431	262.4	0.9394827697672876	0.11669648470994304	
748.379	214.57	0.7176775794310571	-0.6216408941196894	
748.379	236.82	0.961329613064684	0.07241589952892837	
631.2638	201.39	0.5671875709105745	-1.058931687166199	
631.2638	204.28	0.7187499624607623	-0.6190402683966073	
696.4047	207.58	0.8370214627462719	0.35231746858313484	
631.4828	196.01	0.6402533407060064	0.8063945037156588	
631.4951	292.93	0.16410049531877588	4.085244533690676	
696.4745	257.64	0.5441802699610492	1.1333530734525548	
696.4745	287.0	0.4913229998772772	1.3227711935220534	
571.331	295.03	0.5908323061279521	-0.9656932595634832	
571.4281	206.4	0.520818474944395	-1.231315796825157	
571.4415	196.27	0.550275018576852	1.1135300520171727	
571.4415	225.23	0.5724723305578198	1.0244489710488482	C40H56O2
571.4415	237.34	0.6119843350053099	0.8905859684008665	C40H56O2
632.2399	185.18	0.4384939183248842	-1.5712911537142167	
632.2399	189.8	0.4041920572047109	-1.7509963105160786	
632.2399	192.96	0.4267139121033627	-1.6498275159565448	
632.2399	195.06	0.38940011261166985	-1.833826005737833	
632.2399	213.12	0.08909222259241062	-6.239125736327437	
632.2399	217.46	0.4384939183248842	-1.5703437540741565	
632.2399	231.57	0.37215583223571624	-1.9459982130515059	
748.8546	20.57	0.5344709937271852	-1.171583411885543	
632.4984	292.53	0.21696570039350704	3.3434351006644394	
632.5048	196.01	0.37215583223571624	1.9564481064673964	
632.5048	237.47	0.5169489431929192	1.24524853580533	
698.3414	185.18	0.16772993246875537	3.9854123020943564	
633.2792	288.97	0.43169471718315383	-1.6191064127712882	
573.4358	119.94	0.8150695020618788	-0.4021040636228345	
634.3856	189.41	0.550275018576852	1.114408780484473	
751.3346	188.36	0.4445001457941176	-1.5261595571049398	
634.8752	21.09	0.17232785766970166	-3.928541595080921	
635.455	80.66	0.9855630585884355	-0.02321094739052555	
752.3308	166.35	0.9729813442188212	-0.052602070230635824	
752.3376	188.49	0.45277594124279275	-1.4751559840557895	
636.4589	194.92	0.2539413192912162	-2.880519408471892	C33H66NO8P
636.4589	197.98	0.739446710602653	0.5701840074322799	C33H66NO8P
701.3538	194.4	0.5954115694348795	-0.9471768938447583	
701.3538	197.06	0.5852137225189601	-0.9800922914892762	
701.3538	202.97	0.5716198375566589	-1.0331746202007877	
701.3538	209.03	0.45981968551089836	-1.4442753414592782	
701.3538	212.99	0.8150695020618788	-0.4025589692217184	
701.4727	193.61	0.07780269378544162	-6.778566697547524	
637.3045	136.94	0.6260629927135924	0.8500786715752268	
637.4671	203.89	0.4630642271896997	-1.4296233829114213	C33H66NO8P
702.3184	236.95	0.45924974046173533	-1.4486570195418877	
702.3573	194.4	0.33234443521624357	-2.271544548481225	
702.3573	197.19	0.40753994122788606	-1.7249877024616262	
702.3573	203.1	0.2892959715791668	-2.5535570279589255	
702.3573	204.94	0.14859938655445457	-4.390623211584204	
702.3573	209.42	0.3817823071169698	-1.8838460615688783	
702.3573	212.73	0.8237444112842477	-0.3791428974275963	
702.3733	189.41	0.9640850098381408	0.06754456344847852	
702.8625	21.09	0.15771048820564676	-4.255484243773678	
704.4854	202.31	0.07463898228963668	-7.094054570350701	C37H70NO9P
704.4988	134.83	0.8382406867855685	0.34961470766125186	
576.4105	62.88	0.4068631042518874	1.7345626073551583	
576.4176	242.9	0.40494520568537	1.7431891476074648	
577.4126	62.36	0.5376808760918613	1.1595233509047715	
705.3286	205.07	0.2539413192912162	-2.8581516430180067	
642.4363	231.57	0.37419246723072597	-1.9193122012217352	
644.2402	187.57	0.33234443521624357	-2.268869776840805	
759.4391	155.95	0.11623157768768715	5.332262866874591	
759.4391	159.76	0.36769018984803953	2.0132544636722973	
645.4986	225.62	0.6192718705631468	0.865862044396916	
580.493	305.51	0.37215583223571624	-1.9573536754704148	
646.5202	225.23	0.37215583223571624	1.9537719250165269	C36H72NO6P
709.3238	217.59	0.4680940659315185	-1.4083366474873087	
647.4219	261.75	0.2539413192912162	-2.87755312628442	
647.5229	225.36	0.4938868632032703	1.3163583507781462	C36H72NO6P
760.821	21.75	0.4301379934837762	-1.6377776604781562	
648.438	189.41	0.8905677422315349	-0.23668604293410597	
582.3363	120.07	0.6790368627094323	0.7255809736488849	
762.4686	160.68	0.03223373378131038	-13.046633236672962	
762.4686	195.06	0.6092564007350105	-0.9079123027131704	
650.306	288.7	0.9311129859642806	0.13128314055736082	
583.4143	171.37	0.6119843350053099	0.8922543846163129	C40H54O3
583.4143	209.29	0.37419246723072597	1.9246190970505126	C40H54O3
583.4143	224.31	0.4774044892370129	1.3787579254998183	C40H54O3
583.4757	242.63	0.7170331948273257	-0.6272680655937507	
712.2415	222.34	0.10638145714166004	-5.672188186889609	
712.2415	225.62	0.49035447462690684	-1.3407388801336284	
712.2415	229.3	0.9422990922062825	0.11064063413055661	
712.4774	36.78	0.07289179207958969	-7.333287258156464	
583.878	21.75	0.17232785766970166	-3.929339702154604	
653.3361	214.3	0.6946560590215506	0.6829637038031223	
585.4297	164.75	0.6162584167255638	0.875701893280487	
585.4297	209.42	0.8864370124686707	-0.24793115463476137	C40H56O3
585.4297	231.57	0.6865790758841824	0.6989714427605903	C35H62O4
586.4314	192.56	0.6874663972187042	-0.6954605931404582	
586.4314	209.55	0.9071741567506467	-0.18908234753992575	C40H56O3
586.4376	292.53	0.78000312599933	0.49366433869649623	
715.2828	217.59	0.31160441132963174	-2.418646816143788	C34H46ClN3O10
587.4142	191.77	0.2306593163647515	-3.152495016802867	
587.441	292.53	0.8479820566723514	0.33175071336517015	
656.2753	222.07	0.4181927268126327	-1.6861276036414454	
656.2974	197.98	0.5644952789653105	-1.0710879702548468	
656.2974	200.08	0.44124959053045354	-1.5433641028770113	
656.2974	205.88	0.23725718499448184	-3.073054270429934	
656.2974	209.16	0.5706545874632317	-1.0466767591566493	
656.2974	212.47	0.4384939183248842	-1.5827468500814246	
716.3084	205.61	0.6402533407060064	-0.8100537895015935	
716.3084	209.82	0.9071741567506467	-0.1901934727175643	
716.3084	210.76	0.6338020061911811	-0.8266967397983745	
716.4251	189.15	0.9057798677751718	-0.20172773966494115	
716.4633	195.06	0.49714693011744343	-1.3027459741872158	C36H68NO9P
588.2137	188.23	0.49035447462690684	-1.3321045010086316	
588.2137	198.64	0.5429518033759358	-1.140139702384625	
588.2137	216.8	0.4315066978335447	-1.6328174277617877	
588.2137	222.07	0.4848666346868432	-1.3548541310782396	
657.2789	222.07	0.3064753353302006	-2.4471140557452085	
657.2789	227.2	0.35900222590553027	-2.0852298526429225	
588.2866	194.27	0.5004330164027313	-1.2930934146213495	
588.444	292.66	0.6144338051022696	0.8842694116587825	
588.4773	255.15	0.6288166737586641	0.8433987110721135	
717.3292	206.01	0.4582030260954067	-1.4556559984854562	
717.3292	210.76	0.08909222259241062	-6.2193581300659355	
717.3292	214.44	0.532566100231831	-1.1969102625555683	
717.4671	195.19	0.3513184789632103	-2.160857787344086	C36H68NO9P
589.4811	255.15	0.6574324896733582	0.7702198158880884	
590.1927	153.82	0.29714920928545485	-2.503085940870377	
590.1927	188.62	0.35628157818329975	-2.108845756002043	
590.1927	234.06	0.5344709937271852	-1.1900764649646893	
769.5427	31.92	0.8744565576053714	-0.27111747970473254	
720.4951	283.99	0.14431999101381168	-4.479348618176589	
770.8498	20.96	0.2589273768570122	-2.817851180052992	
660.5344	237.47	0.37419246723072597	1.9261669433483213	
660.5344	262.66	0.3225766986612642	2.332530986985287	
660.5344	263.32	0.9057798677751718	0.19586678293617402	
720.8735	212.07	0.8549084958082886	0.3134088191274186	
721.3578	215.22	0.5671875709105745	-1.0590744913576964	
661.2733	205.07	0.07304654769230669	-7.17652726638388	
772.4876	219.56	0.1898553371057813	-3.627740916338431	
593.4416	205.61	0.26603496921896264	-2.7607453335353664	
722.3629	215.36	0.5706545874632317	-1.046631944851879	
663.282	168.85	0.5429518033759358	-1.1395094679477267	
663.282	201.39	0.31714115021249967	-2.3796710683616564	
593.9433	205.88	0.21696570039350704	-3.3432991527845575	
773.4915	220.08	0.1078468961736678	-5.626996780260337	
594.4726	248.81	0.576712075852345	1.0043819598048287	
594.4726	289.49	0.8309880864722193	-0.36356253306965847	C35H60O5
594.5096	295.03	0.7833916645995788	0.47924980542381945	C37H66O5
723.3031	154.35	0.4469365416766585	-1.5090387743059357	
723.3031	188.75	0.3691391199798985	-1.9788214543887475	
723.3663	215.22	0.5954115694348795	-0.9466148838832651	
664.2653	189.67	0.5429518033759358	-1.1424713998872906	
664.2653	198.77	0.4541188649896811	-1.4674524247571228	
724.5067	256.72	0.36769018984803953	2.028529180236621	
724.5067	286.47	0.4774044892370129	1.382885475282347	
596.5969	440.0	0.005736509337582847	-48.47809678615711	
776.4824	230.65	0.028439235750629416	-15.53197633964996	
599.3894	21.09	0.44063094019691246	1.5567436085855253	
599.3894	23.85	0.24220550449649034	3.0015802457837384	
668.4444	237.74	0.8864370124686707	0.2476788837453304	
668.4444	249.2	0.5708348539001725	-1.0417630290355677	
669.2408	203.89	0.36499445128664365	-2.0446563097613866	
669.2408	211.15	0.5004330164027313	-1.2923995726115938	
669.3759	207.45	0.7170331948273257	0.6269625439398155	C30H59O12P
777.4857	230.65	0.03199800215209628	-14.306244136645564	
670.3781	207.32	0.6974246827367827	0.6745603360902758	C30H59O12P
728.5872	216.41	0.606234195540247	-0.9174365186315129	
602.209	219.56	0.5939661260047334	-0.9538011208967203	
602.2303	181.51	0.6298118308659526	-0.8386135191710629	
602.2303	198.77	0.532566100231831	-1.196155747141909	
602.2303	217.19	0.5344709937271852	-1.176839248982509	
672.4194	209.03	0.0476046299647093	-9.539462609280774	
731.3086	177.43	0.12926910614911277	-4.911905800818075	
731.3086	182.29	0.04861832939872156	-9.371203271916926	
731.3086	186.26	0.22487515705715086	-3.2341974669897446	
731.3086	190.33	0.8733865611171875	-0.27368262430304585	
731.4145	282.94	0.8646318277159657	-0.28960444535496405	
731.4244	230.65	0.010313722224031024	-27.298675961174155	
672.5759	68.03	0.914811881947393	-0.1629331049642353	
732.4276	230.65	0.041198826551758404	-10.680124503512364	
733.3243	172.94	0.4680940659315185	-1.410982028068983	
734.326	172.94	0.4733212496486145	-1.3946522940656323	
734.3623	214.7	0.4774044892370129	-1.382386877476274	
784.4518	195.19	0.5344709937271852	-1.1695102496771426	
785.4548	195.19	0.9855630585884355	0.02431159132328008	
737.3551	217.46	0.4384939183248842	-1.5711162370767762	
738.3583	217.46	0.5207253861366417	-1.2357683162888973	
743.4006	271.88	0.3225766986612642	-2.3371625206054034	
743.4006	278.69	0.6119843350053099	0.8916386118004732	C34H63O15P
743.4821	283.86	0.14662117458684543	-4.43268744810844	
747.3758	214.83	0.6793922283176413	-0.7227740761621565	
838.8375	20.96	0.15250975173637324	-4.338360702356287	
1009.2486	233.27	0.12523544230754272	-5.0885516071462344	
1012.2587	209.42	0.6485063691178808	-0.7873757531935546	
1012.2587	224.31	0.22462758362860924	-3.2459304948463727	
1023.2639	243.82	0.2932738607991186	-2.5344248776731026	
1026.2744	216.27	0.8172996362678552	-0.3977937357609948	
1037.2796	255.01	0.2530278178124775	-2.917553246795916	
1039.2702	224.04	0.8172996362678552	0.39696530534212426	
1040.2905	224.31	0.3721711581633522	-1.936120555668163	
1041.2939	224.31	0.3548644712306223	-2.119842394051195	
851.3963	36.52	0.8886156056341474	0.242424083818952	
852.3999	36.52	0.9057798677751718	0.20301497985121206	
1065.3096	283.6	0.9211567556582947	-0.15138359498288512	
1068.3214	243.16	0.6251183693268583	-0.8526903015625558	
1082.3367	255.01	0.545567927325381	-1.1269436241810704	
860.6664	212.6	0.550275018576852	-1.1151081268459557	
950.9396	711.33	0.6555741069439425	-0.774596669241482	
953.1856	202.71	0.44063094019691246	-1.5553370381393334	
1110.3677	270.83	0.7043075178500229	-0.6573854653351849	
821.6616	308.79	0.3576101424390617	2.0992286431220144	
865.496	276.07	0.04238686298934087	-10.43124361497228	
958.6352	332.45	0.0634915095908387	-8.013841186120192	
823.5464	284.91	0.287230505640307	-2.568574896288515	
867.5117	286.08	0.10255396329244841	-5.801486860079026	
1167.7888	246.44	0.5989517693474902	0.9349411612404264	
1182.7795	244.34	0.8439498941569845	-0.33990485658978303	
1183.7834	244.6	0.5834777637405542	-0.9853695458038362	
1196.8222	282.68	0.6485063691178808	0.787688197729211	
1197.8253	282.68	0.6574324896733582	0.7695732189174355	
1198.8282	283.07	0.7684173014522755	-0.5191047617687937	
1199.834	283.07	0.5344709937271852	-1.1777078811568402	
1286.6696	207.58	0.5892469476188168	0.969899834420172	
1287.6731	207.58	0.6192718705631468	0.8640207723352856	
874.444	276.59	0.26463374030100173	-2.7751582276865263	
976.6466	227.06	0.7374899240096124	-0.5777551722130229	
1242.8549	262.53	0.3548644712306223	2.1171142734797237	
981.2168	216.41	0.3353031490309347	-2.2428754741266066	
1342.9249	332.19	0.8202483304144381	-0.3897841967027999	
995.2329	224.18	0.3691391199798985	-1.9863813406450141	
995.6639	189.28	0.43169471718315383	1.6162350856216692	
995.6776	103.72	0.7154518533665442	-0.6313865551062969	
996.2361	224.31	0.22487515705715086	-3.2280528146914653	
1484.0598	339.15	0.29624550711090625	-2.5143708138360052	
1642.5654	598.81	0.11714018142520723	-5.30200345821167	
