m/z	rtime	p-value	t-score	custom_id
166.0515	1.84	0.803411325171086	-1.9783166534305598	
167.0894	24.51	0.8924352749336487	-0.482180432326237	C7H8O2
265.1066	27.15	0.803411325171086	-1.1830439340368495	
265.1066	31.0	0.803411325171086	0.9478214614611549	
265.9621	20.04	0.8047568965885297	0.8201878559552632	
216.9226	22.14	0.803411325171086	1.1240429653500141	
217.1044	22.41	0.803411325171086	-2.2336614651257722	
267.1223	30.74	0.9503180138014303	0.2271724623666478	C14H18O5
267.1586	26.37	0.803411325171086	-1.2322196099832823	
267.1814	24.38	0.803411325171086	-1.0645506174018518	
268.1257	30.74	0.8689448141020609	0.5764074140072328	C14H18O5
170.0811	23.98	0.8298971657737172	-0.6619674394738998	C6H8O3
268.176	24.51	0.9851559150418705	-0.0361192090329543	
268.2116	24.51	0.803411325171086	-0.9700243243358267	
116.0622	38.75	0.803411325171086	1.351283416597718	
268.2712	229.69	0.803411325171086	-1.8439452036334627	
268.2712	234.45	0.803411325171086	-1.1996207618937786	C18H34O
268.2712	241.32	0.803411325171086	-1.085052181364359	C18H34O
170.1731	0.79	0.803411325171086	2.8213297727395177	
218.9196	22.14	0.803411325171086	1.1966093982591206	
218.9817	22.8	0.9421438634065803	-0.2598328191359854	
269.136	24.51	0.803411325171086	-3.17303815729675	
269.1388	26.37	0.9053795274125422	-0.4530296350065119	
219.1127	21.88	0.803411325171086	-1.3294658803128805	
219.1127	24.51	0.803411325171086	-1.0505058373266016	
117.0741	23.33	0.9552708215439281	0.18722426417977003	
172.0942	21.49	0.9178660087392394	-0.3588724012112802	
271.2052	284.25	0.85059331441372	0.6164534573571206	
221.096	41.14	0.803411325171086	0.9485667136336	
173.0783	22.41	0.803411325171086	-1.8232360286168952	
119.0492	27.15	0.803411325171086	-1.1261391127239209	C8H6O
119.0492	30.74	0.9551213650571044	0.1979213308294752	
173.096	36.26	0.9326783541012476	-0.2957678180876621	
173.096	243.95	0.8047568965885297	-0.8055305090124586	
222.0986	41.27	0.8917532100086792	0.4841652035896821	
222.0986	93.83	0.803411325171086	3.936280250247077	
120.0809	24.51	0.9124215959175433	-0.3994884085678129	
273.2573	610.1	0.803411325171086	1.5629430091220153	
273.2573	611.02	0.983155378286396	0.04466104939045946	
273.9451	20.44	0.9792849039263842	-0.05894426072023185	
274.0836	26.37	0.803411325171086	-1.0296317431126938	
121.0649	30.74	0.9393475666130164	0.2646986205271308	
174.938	22.67	0.803411325171086	1.5208314470586688	
274.1656	24.77	0.803411325171086	-1.021183950913184	
121.0843	24.77	0.8731380034990894	-0.543761779511475	
175.0014	23.06	0.9124215959175433	0.42973537820458796	
274.2737	34.15	0.803411325171086	-1.0052820939716438	C16H35NO2
274.9415	20.3	0.983155378286396	-0.04801363367681576	
275.0874	26.37	0.803411325171086	-0.9292705396528472	
275.0999	21.36	0.9591818183934797	-0.16169550703537358	
122.0686	30.74	0.803411325171086	1.056517151672839	
122.0686	65.67	0.9218560994613503	-0.32303978297201774	
175.119	1.58	0.803411325171086	-1.5913487973413083	
175.119	24.51	0.9178660087392394	-0.3644314362328195	
224.1581	24.77	0.803411325171086	-0.9649235096991633	
176.0657	23.98	0.8047568965885297	-0.8321002693305963	
275.9553	280.14	0.803411325171086	1.1123970171350852	
225.1207	21.49	0.803411325171086	-1.5846281818222407	
124.0587	23.33	0.9124215959175433	-0.3864674240327346	
277.9333	2.63	0.9508281699360567	0.22192273666603757	
226.0448	23.06	0.9551213650571044	0.20421287545162306	
177.1637	38.49	0.803411325171086	1.1694496505831997	C13H20
226.1549	0.66	0.803411325171086	1.2798432426186328	
226.1913	0.79	0.803411325171086	1.712723909907753	
226.9513	21.62	0.803411325171086	-2.2119528281333802	C6H4Cl2O5
278.9311	2.37	0.85059331441372	-0.6158015520991171	
278.9648	20.83	0.8047568965885297	-0.8307036007942913	
227.0419	22.93	0.9760482218382899	-0.07583072376499117	
279.1222	36.39	0.9178660087392394	0.3409227391897655	C15H18O5
227.1753	0.66	0.803411325171086	1.7661971655607118	
227.1753	24.51	0.803411325171086	-0.9910723371618644	
179.0815	0.66	0.9551213650571044	0.19701365139909852	
227.9547	21.62	0.803411325171086	-2.2803358548141004	C6H4Cl2O5
228.2685	58.39	0.803411325171086	-0.9160076691977055	
228.9556	21.62	0.803411325171086	-2.702190255828226	
280.2632	36.91	0.9864796534999913	0.029703449744561374	C18H33NO
280.2632	48.91	0.803411325171086	-2.6705509654607673	C18H33NO
281.1012	30.87	0.9357182703092459	0.2796283370492158	
281.1379	34.94	0.9551213650571044	0.20889898009264452	C15H20O5
281.2665	36.91	0.9760482218382899	-0.09973494881745411	C18H33NO
281.2665	48.78	0.803411325171086	-2.5759824211548987	C18H33NO
129.0698	38.23	0.9552708215439281	0.18742430089702164	
181.0096	22.01	0.9124215959175433	-0.4098494414661464	
129.1386	0.79	0.803411325171086	1.745680079642551	
283.0939	24.38	0.810430916671468	-0.7629380363628667	
283.1173	26.76	0.803411325171086	-1.0153829531619687	
283.1173	29.39	0.803411325171086	-1.05836466774413	
232.112	44.68	0.9124215959175433	0.402883485079941	
232.1189	0.66	0.803411325171086	1.0463839872151537	
232.1447	0.66	0.803411325171086	1.4626057410142823	
232.8965	22.8	0.803411325171086	1.8715587692921685	
232.9173	20.04	0.8731380034990894	-0.5546241670041668	
284.1207	26.76	0.803411325171086	-1.3333041329830682	
284.1207	29.65	0.9124215959175433	0.38836826877216124	
182.0297	25.29	0.803411325171086	-1.153328152015796	
131.0491	26.37	0.9178660087392394	-0.3394165467571709	
131.0491	47.07	0.9610201889310462	0.15622626290280006	
182.0811	23.06	0.9618063104059258	0.14503868188522312	
284.2064	24.51	0.803411325171086	-0.9048624251566635	
233.0783	22.8	0.803411325171086	-1.0053295603857912	
233.1508	0.66	0.803411325171086	1.36542385949705	
284.2945	77.64	0.803411325171086	-1.1589421350209288	C18H37NO
132.0031	21.88	0.803411325171086	-3.625131286890748	
284.9099	22.01	0.803411325171086	0.9932849403862488	
285.1096	24.24	0.803411325171086	-0.8712568923463235	
233.9128	22.14	0.803411325171086	-0.9999999999999986	
132.0888	38.36	0.9551213650571044	0.20218061713323582	
285.2099	24.51	0.803411325171086	-0.8677041667253048	
183.0781	23.06	0.9124215959175433	0.40303061086753067	
285.2979	77.51	0.803411325171086	-1.6208381445980007	C18H37NO
133.1052	23.98	0.8859943555363743	-0.5064124940173443	C6H13NO2
286.9068	22.14	0.803411325171086	0.8937244619705907	
286.9597	20.17	0.983155378286396	0.04312086682478209	
287.0888	24.24	0.8047568965885297	-0.8170904974914464	
134.0683	36.26	0.9503180138014303	0.22816893840831384	
235.0751	33.63	0.803411325171086	1.6730430654107828	
184.0817	22.8	0.9124215959175433	-0.42027211216209576	
184.8889	20.04	0.803411325171086	-1.0081724041541813	
236.1026	0.66	0.803411325171086	1.1400326233633213	
135.1167	38.36	0.803411325171086	1.1451303844238925	C10H14
288.2893	34.42	0.803411325171086	-1.338574801070462	C17H37NO2
288.2893	36.39	0.8826979049165717	0.5183017723983827	C18H33NO
135.1209	1.32	0.803411325171086	1.117406952938311	
135.1209	21.36	0.803411325171086	1.3318249126823618	
236.1502	24.9	0.9595094739144202	-0.15925975236125897	
185.1648	0.79	0.803411325171086	1.7003289422079404	
289.2926	36.39	0.9124215959175433	-0.4126285339285947	C18H33NO
289.2926	42.45	0.803411325171086	-2.751490883870287	
290.1969	25.16	0.803411325171086	-1.0616844229621278	
136.1201	38.49	0.803411325171086	1.6529803697624668	C10H14
237.1232	22.01	0.803411325171086	-4.175222687508872	
237.1272	113.49	0.803411325171086	1.32426894056302	
137.0457	22.41	0.995918382948252	0.008878846871300625	
291.1814	0.66	0.803411325171086	1.5537713668193496	
291.1925	32.05	0.803411325171086	-1.3681838980442078	
186.1681	0.92	0.810430916671468	0.7655084927635069	
237.9547	2.24	0.9667507037650671	-0.126975229551735	
237.9779	2.76	0.9322258653750687	-0.3022241757745577	
238.1201	26.63	0.803411325171086	-2.0874147129898533	
292.2125	27.02	0.803411325171086	-1.4717514806125134	
138.0489	22.41	0.9889826756977628	0.02405304468355398	
238.2276	0.79	0.803411325171086	1.855621463985284	
188.0705	24.77	0.803411325171086	-1.415821461147286	
239.1754	21.75	0.803411325171086	-1.1136969391896203	
188.1756	22.8	0.803411325171086	-1.0208868520659315	
294.2789	215.36	0.803411325171086	-1.0797333475536672	
294.2789	220.63	0.803411325171086	-1.1450538859793782	
189.0522	22.8	0.8280784023988502	-0.6694433173848796	
189.0732	22.14	0.803411325171086	-1.8849644274396267	
294.9386	21.22	0.803411325171086	-2.0687655853990377	
189.112	108.45	0.8731380034990894	0.5547344099514049	C9H16O4
140.0679	21.22	0.8731380034990894	-0.5406928056585368	
140.0679	22.67	0.8250271702568217	-0.6802717674102634	
140.0679	189.41	0.9618063104059258	0.15163327298426776	
140.0679	194.79	0.8047568965885297	0.7934182084714113	
240.1804	24.51	0.803411325171086	-0.9473907887306285	
240.1804	27.81	0.803411325171086	1.019844175529149	
189.123	21.62	0.958381681199563	0.1730061030720381	C6H13NO3
295.9419	20.7	0.9580566450328482	-0.17491019999937304	
140.1069	0.79	0.803411325171086	1.5751893848006884	
240.2683	78.69	0.9124215959175433	-0.38632385923426554	
240.9668	21.09	0.803411325171086	-1.8352271656615076	
241.1042	24.51	0.8257075420328733	-0.6782174446461324	
241.1838	24.51	0.803411325171086	-0.9338379444245499	
298.0829	26.37	0.803411325171086	-0.993875584048871	
141.1103	1.19	0.6870396485437861	4.556858316942723	
298.2737	36.91	0.9445357685771842	0.24573236443992683	C18H35NO2
298.2737	48.91	0.803411325171086	-2.808491884552838	C18H35NO2
299.0886	24.24	0.8117225898959319	-0.7519551444092091	
299.1483	36.52	0.9124215959175433	-0.4161694993363955	
242.9253	22.67	0.803411325171086	1.1171089373734437	
299.2771	36.91	0.9760482218382899	0.09016235974825082	C18H35NO2
299.2771	49.17	0.803411325171086	-1.9409295705688459	C18H35NO2
299.35	64.46	0.9098311904967099	0.4444318794575988	
243.1826	21.09	0.803411325171086	-1.092471364453572	
193.1012	38.75	0.803411325171086	-2.3948091477984934	
193.1012	41.27	0.9461694550900086	0.239132016234968	
300.9046	20.04	0.803411325171086	-0.8675758936659577	
243.6844	20.96	0.803411325171086	-1.2732757390994824	
243.9415	22.01	0.5322935167630237	-5.386827600592397	
301.0945	26.63	0.803411325171086	-1.7631895705946643	
301.1044	24.51	0.803411325171086	-0.8454651407248273	
193.1699	0.79	0.803411325171086	1.4574322514526723	
244.0342	22.14	0.803411325171086	-1.9735631115022279	
144.0476	24.38	0.803411325171086	1.8309730000747988	
244.2632	36.39	0.823291905467792	0.7178959300804422	
244.2632	41.14	0.9551213650571044	-0.20230926081785314	
244.2632	43.76	0.803411325171086	-0.9452925032968478	
303.1197	25.97	0.803411325171086	-0.9429453680777167	
245.0993	22.27	0.803411325171086	-1.597766837721864	
304.2124	25.71	0.803411325171086	-1.4388015828332008	
304.2124	28.2	0.803411325171086	0.8881606500351753	
246.1012	22.14	0.803411325171086	-1.2828473784891148	
305.0992	24.51	0.803411325171086	-1.750061124998814	
305.1355	26.37	0.803411325171086	-0.9044877803776679	
196.0968	22.01	0.803411325171086	-0.876971411799027	
246.2426	27.42	0.9218560994613503	-0.32513359354603644	
306.1917	24.77	0.803411325171086	-1.1760779169732591	
307.892	20.04	0.484183237829567	5.836152577819808	
308.1429	69.34	0.9178660087392394	0.3409018572291466	
308.1965	37.04	0.9618063104059258	-0.14733558216820175	
308.1965	41.01	0.9174105136232646	-0.3694980746057998	
147.0439	23.33	0.9503180138014303	0.22719421057596892	
308.2792	65.38	0.9459702974120214	-0.24169141161507127	
147.065	26.23	0.803411325171086	-2.0761113340467197	
147.065	30.74	0.9541355922202621	-0.21444448927711424	
248.237	36.52	0.803411325171086	-1.3179097118824332	
248.237	41.14	0.803411325171086	-1.3647941073877257	
147.0764	23.85	0.9428218590905858	0.2519204700602242	
249.1118	30.61	0.803411325171086	-1.085437942910812	
309.1459	69.6	0.803411325171086	-2.1372879014914554	
310.2225	25.16	0.803411325171086	-3.162428830753417	
310.9124	22.93	0.9124215959175433	0.39633118002288886	
148.1199	611.02	0.9667507037650671	0.12604408039914403	
198.0977	24.51	0.803411325171086	-0.8900623984927192	
311.0887	24.11	0.8117225898959319	-0.7526949120826221	
311.1462	24.77	0.803411325171086	-2.108560053901318	
311.1462	26.5	0.803411325171086	-1.1533046440168755	
311.2771	214.7	0.803411325171086	-0.9963081462880331	C19H35NO2
311.9292	22.14	0.5914523921735437	-5.027341719941359	
251.1427	66.98	0.803411325171086	1.2671887079929764	
150.0582	23.98	0.9124215959175433	-0.40683309158413633	
312.3257	218.24	0.8120150899056036	-0.7486082582135394	
313.1044	24.24	0.8047568965885297	-0.7978594159380052	
313.162	24.51	0.803411325171086	-2.1841067205315476	
199.1011	24.51	0.803411325171086	-1.903782377071169	
252.1706	0.66	0.803411325171086	1.5511223493060156	
313.329	217.98	0.8047568965885297	-0.8083687151013697	
199.1917	3.02	0.6870396485437861	4.613858026582613	
314.1607	27.28	0.803411325171086	0.8727414908054449	
314.3323	218.24	0.8047568965885297	-0.8313733018161997	
152.0567	22.41	0.9654855893451061	0.13447659867916606	
315.1739	79.08	0.803411325171086	0.9701544575082243	
254.1604	24.51	0.9677784803260248	0.12312241781065938	
316.2116	21.75	0.803411325171086	-1.8727788200436646	C14H26O5
316.2485	28.34	0.803411325171086	-1.645678010845124	
254.2476	29.91	0.803411325171086	-1.429222998457679	
254.2476	36.52	0.803411325171086	-1.0046854095094977	C16H31NO
254.2476	44.03	0.803411325171086	-2.288370352311486	C16H31NO
254.2476	227.85	0.803411325171086	-1.7690593146980471	
254.8997	20.04	0.8879338196371542	0.49333780474143907	
255.1205	28.07	0.9381023056032016	0.26850393109334453	
317.1145	26.37	0.803411325171086	-0.9335438527002249	
317.2149	21.62	0.803411325171086	-1.5229651503531256	C14H26O5
318.1916	25.29	0.803411325171086	-1.0286676778953383	
318.1916	29.78	0.803411325171086	0.9978069697417435	
203.0073	22.27	0.803411325171086	-2.45324712312575	
318.2172	21.62	0.803411325171086	-2.093774370654355	C14H26O5
203.1388	21.75	0.803411325171086	-1.0990250243137658	
319.0938	25.71	0.8675143556209941	-0.5830125972707371	
257.0571	26.37	0.803411325171086	-1.0239162160937185	
257.0793	1.32	0.8047568965885297	0.8265465993786878	
320.2073	25.97	0.803411325171086	-1.0005846252204609	
320.2433	26.89	0.803411325171086	-1.447090691884598	
156.072	23.85	0.8117225898959319	-0.755430917428781	
204.9979	22.27	0.803411325171086	-1.9600319889503293	
258.0605	26.37	0.803411325171086	-1.0804404428200252	
205.0971	0.66	0.8731380034990894	-0.5604957311724449	
205.0971	24.24	0.803411325171086	-1.81849893351427	
322.0772	2.1	0.803411325171086	-1.7753980300404297	
322.1865	27.55	0.9428218590905858	0.2530322629323107	
323.1461	25.03	0.803411325171086	-4.160926572777904	
259.0746	1.19	0.803411325171086	0.9177928828785042	
259.105	21.49	0.803411325171086	-3.884777505731132	
157.1698	22.67	0.803411325171086	-1.454574353413724	
206.8938	22.27	0.9552708215439281	0.1914239163462252	
158.1368	0.79	0.803411325171086	2.098459166577939	
325.1618	25.29	0.803411325171086	-1.9200427304568937	
158.1651	0.92	0.803411325171086	2.2453123748540653	
158.1651	23.85	0.8040361989179443	-0.8402991771687215	
207.1169	91.99	0.9760482218382899	-0.08584885425127432	
326.1609	0.66	0.8117225898959319	0.7532663428769037	
158.9639	21.75	0.6237915762095502	-4.856136383047794	
158.9924	22.27	0.803411325171086	-2.12683699398117	
261.0733	22.93	0.9618063104059258	-0.1446578348496969	
261.1095	0.53	0.803411325171086	1.0032607932630875	
261.1095	28.86	0.9321698004521366	-0.3034573002698853	
159.0276	22.14	0.9381023056032016	-0.26885983413406206	
261.1306	22.27	0.803411325171086	-1.307799781227805	
326.3415	224.31	0.8245988513242954	-0.6888462096749363	
327.1201	24.24	0.8047568965885297	-0.8257234042303185	
327.1376	41.66	0.803411325171086	-1.1993844977202097	
327.1411	24.64	0.803411325171086	-1.5935878295377592	
327.1411	27.28	0.803411325171086	-2.519140669473308	
327.3366	213.12	0.9026819294363284	-0.4645719218317571	
327.3449	224.31	0.8047568965885297	-0.8014784958072606	
328.2124	0.66	0.803411325171086	1.9509129793979607	
328.3401	213.25	0.9198028285006188	-0.331978111410516	
159.1491	1.19	0.803411325171086	1.578914629035286	
159.9674	21.88	0.803411325171086	-1.6295505502916763	
329.1357	24.11	0.8047568965885297	-0.8066063362633306	
160.0309	22.14	0.95123295294796	-0.2202739296892746	
209.0961	47.07	0.9376973157674545	0.2721138817041709	
329.1533	47.07	0.9376973157674545	0.2713077869274086	
330.1563	46.81	0.843863912239569	0.6285124077289161	
330.2278	21.36	0.8047568965885297	-0.7984488313663238	
330.3362	80.79	0.8047568965885297	-0.7843011347582032	C20H43NO2
210.05	24.51	0.8047568965885297	-0.8254143009036596	
210.0991	47.2	0.9326783541012476	0.2901259842729455	
331.1666	58.66	0.803411325171086	-1.154072166865764	C17H26O4
331.3396	80.79	0.8245988513242954	0.7022792431728178	C20H43NO2
161.0919	21.62	0.803411325171086	-0.8707982324606282	
210.1964	0.92	0.803411325171086	1.753314370186619	
332.2072	28.2	0.8859943555363743	0.5052857368950275	
332.2434	28.2	0.9053795274125422	-0.45872185747664607	
210.9775	21.22	0.803411325171086	-1.951817839387604	
369.1306	24.9	0.8245988513242954	-0.7021014835792936	
369.169	30.74	0.810430916671468	0.7632148537173595	C15H29O8P,C22H24O5
369.1882	25.16	0.803411325171086	-3.52641800641661	
369.1882	26.1	0.803411325171086	-1.3852617988467917	
369.1882	28.73	0.8245988513242954	0.6898962698097232	
369.1882	29.65	0.9618063104059258	-0.14488853851473646	
334.1861	26.63	0.803411325171086	-0.994198824756758	
334.2228	26.76	0.803411325171086	-1.067485535148221	
334.2945	36.91	0.9760482218382899	-0.10230045648378956	
334.2945	49.57	0.803411325171086	-1.694476523691897	
334.3374	78.56	0.9124215959175433	-0.404154537683668	
369.8873	22.14	0.803411325171086	-1.0000000000000013	
162.1488	1.19	0.803411325171086	1.0329480745436392	
211.1804	0.79	0.803411325171086	1.7073789247616546	
335.1894	26.63	0.803411325171086	-1.4058391638439407	
164.0738	22.01	0.803411325171086	-2.0901400008297406	
336.2019	24.9	0.803411325171086	-1.3842561016589547	
336.2019	27.68	0.8098897515327798	-0.7752379466490149	
164.128	21.49	0.9174105136232646	-0.3675766513401374	
336.882	2.24	0.803411325171086	0.8948097807476065	
337.1043	24.51	0.8731380034990894	-0.5677195828700391	
165.0546	23.06	0.9715966354781521	-0.11413215731424924	C9H8O3
372.8809	20.04	0.9503180138014303	0.22485846889172764	
372.8809	23.33	0.8902639477402062	-0.48733518459533987	
337.1615	26.89	0.803411325171086	-1.1855150933394545	
165.0909	317.86	0.803411325171086	1.089014949970676	
374.2111	46.81	0.9124215959175433	0.40767830977689407	C20H33NO3
374.8816	20.04	0.9941825158621032	0.01481451904954302	
375.214	47.2	0.803411325171086	1.5875918206679354	C20H33NO3
339.1411	26.63	0.803411325171086	-1.4538606208204714	
375.3214	88.71	0.803411325171086	-2.9346979823278554	
214.2527	36.39	0.9125261227417941	0.38502077717039673	
421.2623	28.6	0.803411325171086	-0.9046920226674757	
376.9414	20.96	0.9124215959175433	-0.432850553735757	
340.2302	51.27	0.803411325171086	0.9110530955773639	
377.2007	193.61	0.803411325171086	1.8289485064453448	
340.3572	232.35	0.8047568965885297	-0.8086060483019677	C22H45NO
422.2746	26.76	0.803411325171086	-1.4184017039752626	
422.2746	33.37	0.9851559150418705	0.036926374534473845	
422.8815	21.75	0.803411325171086	1.5211155911247287	
423.1409	26.76	0.803411325171086	-1.2484673784797014	
423.1409	33.1	0.9552708215439281	0.1897772183887485	C22H24O7
340.9306	20.44	0.9760482218382899	0.09857094289059967	
378.2085	193.87	0.803411325171086	1.3945740836868354	
378.2119	27.28	0.803411325171086	-1.14225221451826	
378.2119	33.37	0.803411325171086	-0.9055742525406769	
378.2119	36.39	0.803411325171086	-0.9871474091088105	
341.1357	24.77	0.8047568965885297	-0.7866484989463602	
341.1566	24.64	0.803411325171086	-1.8150481836022594	
341.1566	27.55	0.8937282962957956	0.47829217985101935	
378.8997	22.67	0.803411325171086	1.135354793696517	
424.254	26.89	0.803411325171086	-1.3112048435637533	
341.3606	232.35	0.803411325171086	-0.9227554600953589	C22H45NO
424.8961	20.17	0.9124215959175433	0.39270375705560945	
425.135	30.61	0.803411325171086	2.6929191471313834	C22H26O6
425.1564	30.44	0.803411325171086	-1.0332908342305582	C22H26O7
379.2816	161.46	0.803411325171086	1.9794992433226914	C21H40O4
379.2816	168.06	0.803411325171086	1.3998186209663575	C21H40O4
425.3773	202.31	0.15529262075047284	11.056683302865505	
215.1444	22.01	0.9875063773494444	-0.027177053091631855	
379.9164	21.88	0.803411325171086	-3.193612955754382	
426.1388	30.87	0.803411325171086	2.656520490955423	C22H26O6
426.1598	29.91	0.803411325171086	-1.252044906308456	C22H26O7
380.2083	194.27	0.803411325171086	1.1362710601542398	
342.9288	20.44	0.8245988513242954	0.6938921344850586	
380.2277	25.43	0.9760482218382899	-0.09158686809900186	
380.2277	28.2	0.803411325171086	1.1981419746293063	
380.3307	239.58	0.9178660087392394	0.34188070591605163	
343.1149	24.51	0.8047568965885297	-0.8029801606379593	
343.1149	27.28	0.803411325171086	2.5514810168768256	
343.1321	41.53	0.9178660087392394	-0.349163886819625	
343.1689	53.51	0.9252814445256299	0.31273259360680294	
343.1724	24.77	0.803411325171086	-1.561536565567569	
427.2509	283.99	0.803411325171086	-1.0665706531154655	
381.2996	176.12	0.8047568965885297	-0.8156118381714492	
381.3147	243.95	0.810430916671468	0.7643128008916721	C27H40O
428.0364	1.97	0.803411325171086	-1.7297362619869388	
428.253	283.34	0.803411325171086	0.8863800052786743	
344.1358	41.01	0.8689429623543398	-0.5789055593318604	
428.2572	145.65	0.803411325171086	2.226628955706398	
344.1717	0.66	0.890126012090726	0.489649955475134	
344.1717	53.38	0.803411325171086	1.6588765646404775	
344.2072	29.12	0.803411325171086	0.8974342592096844	
428.3366	64.85	0.8047568965885297	0.7875353739764454	
382.2043	194.01	0.8245988513242954	0.7060005490511876	
382.2433	25.43	0.803411325171086	-2.2063737425969263	
382.2433	27.55	0.9226190071168138	-0.3172215890766186	
345.1305	24.24	0.8047568965885297	-0.7923517793362028	
383.125	41.01	0.8047568965885297	-0.804076360053939	
383.1479	27.02	0.803411325171086	3.1868396475129668	
430.2739	110.42	0.9760482218382899	0.07011400512964051	
430.2739	189.54	0.9786265338669844	-0.06560616937471679	
383.2787	65.12	0.8731380034990894	-0.5440746609319591	C22H38O5
383.3304	254.1	0.35991005518127656	6.5096314216963584	C27H42O
346.2161	92.12	0.9551213650571044	-0.20003790004181946	
346.2161	96.1	0.803411325171086	0.8741734815160176	
430.9138	21.09	0.803411325171086	-1.1868046150473277	
346.2228	26.37	0.803411325171086	-1.2693790295519078	
346.2228	29.52	0.9053795274125422	0.4592427274447477	C17H31NO6
431.1781	200.87	0.8280784023988502	0.6685262033515286	
431.217	30.87	0.9124215959175433	0.4320828307874808	C22H26O6
384.3104	65.8	0.8731380034990894	0.5663645821164686	C22H41NO4
431.2464	21.49	0.803411325171086	-0.9903751297974723	
384.3338	254.1	0.2364375768227222	7.784539249122513	C27H42O
431.3836	295.29	0.8245988513242954	0.6992305568624797	
431.9163	21.09	0.803411325171086	-1.3253971960144026	
384.7715	22.67	0.803411325171086	-0.9265399068251347	
346.952	20.7	0.803411325171086	-2.6215137924173177	
432.1814	200.87	0.9218560994613503	-0.3249165523989198	
385.1828	25.43	0.803411325171086	-1.6420681110256539	
385.1828	28.2	0.8396074011526401	0.6419934684753845	C17H31NO6
347.2187	91.73	0.963908626356535	-0.1376119195766575	
347.2911	26.63	0.803411325171086	-1.2441105150913443	
432.3871	295.29	0.9178660087392394	0.3377451376715447	
385.2731	276.59	0.803411325171086	-1.5315447452740927	
385.3421	197.98	0.8731380034990894	-0.5657344919818648	
385.3421	203.89	0.803411325171086	-0.8656357910511595	
433.2406	30.87	0.9393475666130164	-0.2652834192315994	
434.2432	30.74	0.9124215959175433	-0.4096457284825126	
434.2744	26.63	0.803411325171086	-2.0047143236632468	
434.2744	27.94	0.803411325171086	1.213851671353679	
434.3347	150.25	0.803411325171086	1.7984028389559463	C27H44O4
348.0704	1.71	0.803411325171086	-2.7058635262974686	
386.2535	0.66	0.8731380034990894	0.5423507991267315	
386.2535	28.47	0.803411325171086	-1.285418847521131	
348.202	25.84	0.9760482218382899	0.08596758888984267	
348.2383	26.37	0.803411325171086	-1.1000909752608579	
435.2447	30.74	0.810430916671468	0.7678448711409614	
435.2622	193.87	0.803411325171086	1.954954023959127	
436.1963	27.15	0.803411325171086	-1.2656340969145317	
436.1963	28.86	0.8540214109015605	0.6081702022757389	
482.2877	102.67	0.9178660087392394	0.3542340703261669	C22H44NO8P
482.2956	27.55	0.803411325171086	-0.9444043646605941	
436.2538	26.37	0.803411325171086	-1.5543650144790355	
436.2538	30.17	0.803411325171086	0.843856096890227	
349.8916	20.04	0.8040361989179443	0.840443207809546	
387.1986	24.64	0.803411325171086	-1.7972155628286677	
436.3417	202.57	0.864468958496374	0.5914456217479305	
387.2526	58.0	0.803411325171086	-1.2539072490053793	C24H34O4
350.1721	51.27	0.803411325171086	1.1733800818151028	
350.1774	145.65	0.803411325171086	3.1644092597162627	
350.1774	189.54	0.803411325171086	1.2843996022920112	
482.9267	20.83	0.9326783541012476	-0.28904634786848216	
350.2173	27.42	0.8792028253492984	-0.5276400692702461	
350.2534	26.89	0.803411325171086	-1.950401022891788	
350.2534	27.94	0.8450227439780222	-0.625855285922493	
483.2991	27.28	0.803411325171086	-1.7917714744288342	
351.1352	46.94	0.9428218590905858	0.2535429723433942	
437.2581	193.74	0.803411325171086	1.488613138167025	
437.3112	37.17	0.9124215959175433	0.411443764049169	
388.1829	30.87	0.9551213650571044	0.19885357272514262	C22H26O6
388.1902	41.53	0.803411325171086	1.239866879390819	
437.345	202.18	0.803411325171086	1.6759506940080675	
388.2266	53.38	0.803411325171086	1.585542585320707	C17H33O7P
437.8745	20.3	0.9982879485648577	0.003463800336133853	
437.8745	21.88	0.8047568965885297	-0.795368569196836	
485.2793	218.38	0.803411325171086	1.4613215629679954	
438.2613	193.87	0.803411325171086	1.3698850466252281	
438.2695	27.02	0.803411325171086	-1.6297638481609462	
485.3587	20.96	0.803411325171086	-0.9995259918782018	
485.4673	265.84	0.9218560994613503	-0.3231653282701576	
439.1359	28.86	0.8311092140715445	-0.6567780180814052	
388.3935	171.37	0.8731380034990894	0.5492246375836927	
439.3181	153.17	0.9760482218382899	0.0769881928691372	C27H44O3
439.3391	182.03	0.803411325171086	-1.4017250105205834	
486.3617	21.09	0.8237254140788063	-0.7098388116794399	
389.1855	30.74	0.9156581568334076	-0.37668303711836565	C22H26O6
389.1937	41.27	0.8731380034990894	0.5576134038028298	
352.8972	21.88	0.803411325171086	0.9442019450066007	
487.3156	213.25	0.803411325171086	2.836107093611962	
487.3331	220.35	0.803411325171086	-1.0392636425044515	
440.8687	20.17	0.803411325171086	-1.6991362086146058	
441.1308	24.77	0.8250271702568217	-0.6803533711019224	
441.1308	29.65	0.35991005518127656	6.569211169277349	C22H26O7
441.1516	27.28	0.803411325171086	-1.8449033982720595	
488.2498	24.38	0.008367804706066986	-29.926742091139424	
441.2371	0.53	0.8876231291886953	0.500097330928391	
488.2878	218.9	0.958381681199563	-0.17104390990784432	
488.3366	220.63	0.9124215959175433	-0.42519346104007893	
353.352	218.38	0.803411325171086	-0.9294995364161242	
390.1883	30.74	0.8826979049165717	0.5172412703185889	C22H26O6
441.2983	533.91	0.9326783541012476	0.29263516908650633	
441.3546	209.68	0.803411325171086	-1.7873718640343461	C27H47NO2
390.285	28.99	0.9552708215439281	-0.1904333213195512	
488.8718	21.75	0.803411325171086	0.8488056022075201	
442.1547	27.28	0.803411325171086	-1.2748926346059986	
442.1547	154.09	0.803411325171086	1.4256979468812594	
442.1547	161.6	0.803411325171086	0.87242150293045	
442.2573	52.06	0.9715966354781521	0.11558322503964655	
442.2573	56.82	0.983155378286396	0.043152302046755756	
489.3124	175.73	0.803411325171086	-2.5175438840831226	C23H48NO6P
489.3124	214.17	0.803411325171086	-1.2773778043761335	
489.3611	64.07	0.803411325171086	-1.0233372442404156	
442.4041	254.62	0.5322935167630237	5.287220043078834	
391.2837	201.65	0.803411325171086	-0.8939044937490334	
490.3156	174.91	0.803411325171086	-2.788500027526481	C23H48NO6P
490.3156	194.53	0.9503180138014303	0.2259947089371773	
490.3156	214.04	0.803411325171086	-1.5740190791111528	
442.8692	20.17	0.9104281545089675	0.4424977544050892	
490.3443	210.76	0.803411325171086	-1.3019739240278192	
443.1568	27.28	0.803411325171086	-2.6964537694922073	
490.4612	274.9	0.8396351518041539	0.6382539451579424	
392.2276	26.37	0.803411325171086	-0.9593503541242385	
392.2276	28.6	0.9552708215439281	0.18411553552150198	
443.3879	201.13	0.803411325171086	2.594490396503335	C30H50O2
392.2537	36.91	0.9792849039263842	0.059957644237926155	
392.2639	26.89	0.803411325171086	-1.2855764249537134	
392.2639	29.25	0.9461694550900086	0.23965836186916673	
392.2639	33.24	0.9178660087392394	-0.3382571517893026	
392.2871	201.65	0.803411325171086	-1.7026352558370295	
444.2713	134.83	0.803411325171086	-1.6996434750574598	
444.3316	64.46	0.8298971657737172	-0.6632394183155147	
490.8689	22.14	0.803411325171086	1.1653861048141736	
444.9287	20.96	0.8047568965885297	-0.8104350665705063	
491.3347	27.15	0.803411325171086	-1.2918862784767502	C26H45NO5S
491.3477	210.63	0.9156581568334076	-0.37838124538874524	
491.4647	274.9	0.8047568965885297	0.7940568485634316	
445.3349	64.46	0.8826979049165717	-0.5193381155634615	
393.2574	37.04	0.8857540152004149	-0.5081896490896523	
393.2574	41.01	0.9503180138014303	-0.2296984869865678	
492.2902	91.33	0.803411325171086	2.1193284401636268	
492.3381	27.15	0.803411325171086	-1.25401194831905	C26H45NO5S
492.3445	181.9	0.803411325171086	-2.977684952739696	C30H45NO3
446.2168	26.89	0.803411325171086	-1.581758877157202	
446.2168	33.37	0.8731380034990894	-0.5381495901843627	
492.4249	222.07	0.803411325171086	1.3217845884710029	
394.2161	162.65	0.803411325171086	1.700447060209531	
394.2433	25.97	0.803411325171086	-1.3776893412889586	
356.3519	140.22	0.8245988513242954	0.694462858995541	C22H45NO2
395.0262	22.01	0.803411325171086	-1.6478989328677751	
447.3828	269.52	0.8250271702568217	-0.6850189144648293	C29H50O3
356.9084	23.33	0.803411325171086	-0.9999999999999992	
447.9038	22.01	0.803411325171086	-2.5738513849882687	
395.3994	249.46	0.8047568965885297	-0.8287329334848582	
448.2325	29.91	0.803411325171086	-1.203024232629844	
448.2325	30.74	0.8984071618159419	-0.4705925776213968	
357.1306	24.24	0.8047568965885297	-0.7849184289111724	
357.1306	26.89	0.803411325171086	2.3128348664351472	
357.1306	27.55	0.803411325171086	1.4040849840612248	
493.3883	294.77	0.9984082339503131	-0.0021223567245675914	C30H52O5
396.2316	194.01	0.803411325171086	1.4705587948278966	
396.2939	32.32	0.8213515959210874	-0.7287812289746379	
494.2958	28.07	0.8250271702568217	-0.6834775262321676	
449.2357	30.87	0.823291905467792	-0.7216709510458744	
449.245	211.02	0.9185659869340125	0.3345944841613788	
396.4194	286.21	0.8598552453019431	-0.6003788769843029	
449.3478	32.05	0.9178660087392394	0.3394098746960257	
494.3917	293.98	0.9860647044072266	0.032900942262099026	
397.183	25.29	0.803411325171086	-3.319746013702719	
397.183	28.07	0.8731380034990894	0.5406582811036396	
450.2735	189.28	0.803411325171086	1.2314061806914154	
397.2351	193.87	0.803411325171086	2.9177095313152632	
397.2709	0.66	0.803411325171086	1.8968139814993874	
450.3512	32.32	0.9124215959175433	0.42654165198714	
495.2995	28.2	0.803411325171086	-2.131011372257218	
495.2995	210.63	0.803411325171086	-1.480809135150115	
495.2995	246.31	0.9226190071168138	0.31703413744731584	
451.2571	0.79	0.9124215959175433	0.40451924004922624	
496.3112	26.63	0.803411325171086	-1.520741198185507	
451.3543	32.32	0.9760482218382899	0.08014848928737708	
452.2484	27.02	0.803411325171086	-1.4060457335869538	
452.2484	32.58	0.9760482218382899	0.0815464570937107	
398.2403	31.92	0.8245988513242954	-0.6920529145245294	
359.1462	24.24	0.803411325171086	-0.8537324055394387	
498.415	263.71	0.9144240643816314	0.3816522313911869	
498.9005	21.09	0.803411325171086	-1.2508899287982418	
398.8899	20.3	0.9851559150418705	-0.037499815976580426	
398.8899	22.41	0.9448541124303355	0.24419059904857582	
453.2724	0.66	0.803411325171086	2.475594377737088	
399.1434	28.86	0.803411325171086	1.5552234040443327	C22H22O7
499.9036	21.09	0.8689429623543398	-0.5797230761906081	
399.1987	25.16	0.803411325171086	-1.9449753286965807	
399.2499	0.79	0.803411325171086	2.1634679790736553	
399.2499	62.1	0.9591818183934797	0.16320134932411437	C25H34O4
360.1585	41.27	0.803411325171086	0.9211931995518078	
399.3253	193.22	0.803411325171086	-2.3089829038110095	C27H42O2
454.1703	36.39	0.803411325171086	1.9730478401105551	C24H30O6
454.2644	27.15	0.803411325171086	-0.9606017905233535	
454.2924	95.27	0.803411325171086	-1.5456635584093485	C21H44NO7P
502.2921	65.8	0.8298971657737172	-0.6631251824069474	C25H44NO7P
502.3733	83.02	0.8157981286332014	0.7403439203234582	
400.3053	65.12	0.8731380034990894	-0.5591614738609701	
361.1923	210.76	0.810430916671468	-0.7684502324583461	
361.2343	0.79	0.803411325171086	2.0606174361833975	
361.2343	31.92	0.9373915724751218	-0.2759076343839164	
503.3269	224.04	0.803411325171086	-1.3335172700773879	
503.3703	263.58	0.803411325171086	2.2832144126198175	
456.289	193.87	0.803411325171086	1.4163714888799483	
456.3003	189.41	0.803411325171086	1.0722857759608848	
361.3653	119.68	0.8857540152004149	-0.5087724235155486	
457.1256	26.89	0.9618063104059258	-0.15073386803744296	
457.2035	27.42	0.15529262075047284	-10.473858723275656	
457.2035	32.45	0.9618063104059258	-0.143709456792541	
401.159	27.15	0.9952848769024982	-0.012174724494805398	
457.2483	187.44	0.803411325171086	1.3666924442378725	C20H42O7P2
457.2857	188.75	0.8245988513242954	-0.6937877469031517	
457.2922	193.87	0.803411325171086	1.6039628822551781	
401.2642	224.18	0.803411325171086	1.8886864703266797	
401.3087	64.99	0.9760482218382899	0.0825909200686843	
401.3411	200.87	0.803411325171086	-1.120067085530226	C27H44O2
458.2896	188.75	0.8245988513242954	-0.6884792566385907	
458.3048	219.03	0.8731380034990894	-0.5400904797305708	
362.217	26.63	0.803411325171086	-1.0982719731822812	
362.217	31.92	0.803411325171086	0.971506844299557	
402.1623	27.28	0.995918382948252	-0.008730103705602992	
458.3471	84.6	0.8047568965885297	0.7837438010418337	C25H47NO6
505.3082	210.76	0.9428218590905858	0.24894651121759717	
458.4714	200.21	0.9760482218382899	0.07374490395206933	
362.3685	119.68	0.8766708716357878	-0.531714862392832	
402.3445	193.09	0.803411325171086	1.8154936072832684	
505.389	209.16	0.803411325171086	-1.0914861364292963	C31H52O5
459.2652	177.83	0.9124215959175433	0.39974986442635146	
459.2652	198.51	0.8826979049165717	-0.5196123675309232	
505.8908	209.16	0.803411325171086	-1.4620227475164016	
362.9259	21.09	0.803411325171086	-1.2367864636692656	
403.1743	24.51	0.9342589357403087	0.2858468255986967	
403.1743	31.0	0.803411325171086	1.969200499754668	C22H26O7
506.311	210.76	0.803411325171086	1.4407923183667908	
363.1715	234.85	0.9428218590905858	0.2498769780204148	
363.1715	243.29	0.8047568965885297	-0.7902004972786302	
363.2209	26.76	0.803411325171086	-0.9241247951231442	
363.2209	192.43	0.8731380034990894	0.5623806680780364	
404.2061	30.87	0.9667507037650671	0.12646641320843804	
404.2639	27.94	0.803411325171086	-1.0530203675679157	
363.9293	21.09	0.8245988513242954	-0.6983187565981079	
461.3625	211.55	0.803411325171086	-1.2805157069862316	C29H48O4
461.3625	221.15	0.803411325171086	-1.2198549245831662	C29H45NO3
508.3028	112.04	0.8826979049165717	0.516341865848237	
405.2094	30.74	0.803411325171086	1.106056684623526	
508.4718	275.03	0.9864796534999913	0.030136275852653025	C32H61NO3
462.3056	28.47	0.8731380034990894	-0.5596079664099737	C25H36O5
462.4149	203.1	0.803411325171086	1.6294204954760823	
462.4149	210.63	0.803411325171086	1.5213103012332982	
364.2327	25.03	0.803411325171086	-1.9150781015794496	
364.2327	27.81	0.9178660087392394	-0.348155705584002	
364.2327	33.37	0.9098311904967099	0.4462299951791686	
509.3063	112.44	0.9178660087392394	0.3473470742495413	
406.0421	21.62	0.803411325171086	-1.1238911497713109	
406.2009	41.01	0.9760482218382899	0.08023014646473285	
406.2122	30.74	0.803411325171086	-0.8465524039442163	
406.2433	27.94	0.823291905467792	0.7201963715315222	C20H34O8
406.2433	33.89	0.8042896991120618	0.8385890313054625	
406.2433	36.39	0.803411325171086	0.8644875384985108	
509.4753	274.9	0.8731380034990894	0.544854774521993	C32H61NO3
463.2771	34.94	0.8902639477402062	-0.4870600483692252	
407.2044	41.79	0.9753851917605599	0.10604781983622541	
464.2188	193.48	0.803411325171086	0.9291252261597429	
408.2229	26.37	0.803411325171086	-1.0427172778469693	
464.2277	27.15	0.803411325171086	-1.4327651547007756	
364.9947	24.51	0.8386222908352317	-0.6470118579711045	
408.2589	28.2	0.9326783541012476	-0.28946499355963357	
408.2924	110.16	0.9575147135554909	0.17673367446519525	
464.2847	30.61	0.803411325171086	-1.265297745263188	
464.4457	272.27	0.8731380034990894	-0.5652363481361252	
510.8556	20.17	0.803411325171086	1.8512630560904308	
408.9185	20.44	0.9174105136232646	0.37006492884421976	
409.1614	30.87	0.8237254140788063	-0.7089707121371157	C22H26O6
409.2623	28.34	0.803411325171086	-1.176043505762913	
409.2803	37.04	0.9760482218382899	-0.0701767218445514	
409.2803	41.01	0.9575147135554909	-0.17691096244524895	
409.2958	110.42	0.983155378286396	0.04752425040294808	
465.2309	27.42	0.803411325171086	-1.0800613190145718	
465.2309	160.94	0.803411325171086	1.4008404512457144	
409.9204	20.57	0.9503180138014303	0.2252152715284984	
512.2041	154.35	0.803411325171086	1.7210413211852502	
366.2483	25.29	0.803411325171086	-1.8493100514901264	
366.2483	27.81	0.9552708215439281	0.1876165530817038	C19H30O6
512.3064	26.63	0.9124215959175433	-0.38768785450432375	
512.3064	92.38	0.803411325171086	1.0770456591586748	C24H47O9P
410.1647	30.87	0.803411325171086	-1.5450367538776844	C22H26O6
410.2111	161.86	0.803411325171086	3.008312961018517	
410.2294	0.66	0.803411325171086	1.4321259601762524	
410.2383	27.02	0.803411325171086	-1.2060828908053884	
410.2746	25.71	0.803411325171086	-2.183687246492656	
466.2644	27.68	0.803411325171086	-1.7264802538478354	
466.3007	27.55	0.803411325171086	-1.566248683952305	
512.9163	21.09	0.803411325171086	-3.0890010348473855	
367.2822	112.31	0.8396074011526401	0.6418780566407981	
467.2686	27.94	0.803411325171086	-1.4912332487206599	
468.3342	174.78	0.803411325171086	-2.48018660671873	C23H48NO6P
468.3454	179.67	0.803411325171086	-1.8197143009961663	C30H45NO3
515.134	36.52	0.803411325171086	0.9230919664604283	
515.328	198.64	0.9520938316466359	0.21807350046207258	
515.8908	22.01	0.803411325171086	-3.679274917761065	
368.3883	266.5	0.803411325171086	-0.879278456086403	
413.1779	26.1	0.803411325171086	-2.388614722702278	
413.1949	36.52	0.9421438634065803	0.25904151472493936	
413.3247	52.19	0.8047568965885297	0.8190915346774552	
517.3429	235.24	0.803411325171086	0.8805580190393476	
517.3557	210.76	0.8538681721100292	-0.6096029585111404	
518.3107	37.17	0.9326783541012476	-0.28888160194419776	
543.3887	192.96	0.803411325171086	1.9224275727861662	
518.3686	176.12	0.8879338196371542	-0.49365779544119465	
518.3756	210.76	0.8386782796754335	-0.6456768303788204	
518.4563	317.07	0.803411325171086	1.001405350919989	
414.9393	20.7	0.9760482218382899	-0.0722393380010044	
519.3593	305.51	0.803411325171086	-1.165987377301955	
519.3666	176.25	0.8689448141020609	-0.576391446236419	
519.3666	185.73	0.803411325171086	-0.9466862783611033	
519.379	210.76	0.8741257345683112	-0.5358077027142957	
472.9009	20.44	0.9178660087392394	0.3576980470065989	
519.4598	317.07	0.803411325171086	1.5449638287383225	
544.8933	20.7	0.9551213650571044	0.19950061391002308	
415.1743	24.77	0.803411325171086	1.2348032474271469	
473.3176	210.76	0.803411325171086	-0.985142599107674	
415.2436	62.1	0.9124215959175433	0.434310771697745	
415.2793	233.27	0.803411325171086	1.3067972210955217	
546.1859	168.45	0.803411325171086	3.989567521513994	
474.321	210.76	0.803411325171086	-0.9080264652599986	
520.3547	111.91	0.803411325171086	2.2478388765387236	
520.3819	210.76	0.9677784803260248	-0.12234437236221626	
520.4355	277.38	0.803411325171086	1.0909265976881506	
546.399	82.5	0.8245988513242954	0.689347038052864	
546.399	176.12	0.9760482218382899	0.08298582426317602	
546.4067	210.76	0.9323834137904821	0.3008719891742037	
475.1572	193.87	0.803411325171086	0.9411126015611958	
475.1934	25.03	0.803411325171086	-0.8526303613182006	
521.3582	111.52	0.803411325171086	2.2698021179787213	
521.3712	208.63	0.9124215959175433	-0.41607762299885526	
475.3241	210.76	0.803411325171086	-1.2682346129487976	
475.3776	278.17	0.803411325171086	0.9585471148955648	C30H50O4
475.4697	309.18	0.15529262075047284	9.232350365566841	
522.3267	29.65	0.9326783541012476	-0.2930272860903447	
547.4104	210.76	0.9799104194340594	-0.05616457154107292	
476.2439	30.3	0.8879338196371542	-0.49700347114246296	
476.2439	229.82	0.8117225898959319	-0.758171518662005	
417.1583	283.99	0.9326783541012476	0.28934061128068794	
476.2848	29.78	0.9930019614656617	-0.01755546386936723	
417.255	210.76	0.803411325171086	-1.0629250521463338	
476.3281	305.23	0.9178660087392394	-0.3474787090889861	
417.3359	151.85	0.803411325171086	1.3325710886101212	C27H44O3
476.906	20.44	0.9357182703092459	0.28060873618829646	
477.2158	283.86	0.9478766982480267	0.23592068661075277	
417.8789	20.04	0.8396074011526401	0.6395517637523762	
418.1618	283.86	0.9178660087392394	0.36567240800306045	
418.2433	27.15	0.803411325171086	-2.0339975898887195	
418.2583	166.75	0.803411325171086	1.7900406714742503	
418.2583	210.76	0.803411325171086	-0.8915051866060142	
478.1985	168.58	0.803411325171086	3.800296975101148	
418.3392	152.38	0.803411325171086	1.5327034626415892	C27H44O3
478.2188	203.23	0.8047568965885297	0.7869409296740696	
478.2738	75.67	0.803411325171086	1.1474975406570396	
523.2993	186.0	0.803411325171086	0.9994507063483918	
478.3007	28.2	0.803411325171086	-1.2937755432814395	
419.1696	25.03	0.803411325171086	-0.909372614825137	
419.1696	27.15	0.9124215959175433	-0.4072886378249066	
419.2251	30.61	0.803411325171086	-1.1267877820959222	
419.2342	134.31	0.803411325171086	1.2230691598002341	
419.2342	194.01	0.803411325171086	0.8631033534420974	
419.2342	243.69	0.9428218590905858	-0.2556247070886575	
420.1729	27.28	0.8237254140788063	-0.7109471610317678	
420.201	31.0	0.983155378286396	-0.042248806332456305	
524.1934	219.69	0.803411325171086	0.8882782431214556	
420.2318	177.04	0.823291905467792	-0.7186215622762323	
420.2318	186.52	0.9799104194340594	-0.05464361623516539	
420.2954	32.05	0.9357182703092459	-0.27946730206705495	
524.303	186.39	0.803411325171086	0.9354342453570097	
549.4151	207.58	0.803411325171086	-1.415642264167316	
480.2797	32.32	0.8157981286332014	-0.7405745728000467	C26H37NO7
420.8849	21.88	0.8675143556209941	0.5839599198122634	
550.2544	58.0	0.9178660087392394	0.3430209727504023	
525.3056	186.0	0.803411325171086	0.8968708933732621	
550.3655	210.76	0.9124215959175433	0.38739312095038547	
550.9143	20.7	0.803411325171086	-1.678734919744365	
526.4463	264.11	0.803411325171086	0.9480249031159165	
551.3683	210.89	0.9630200239419844	0.14103456027512962	
604.2086	188.36	0.8047568965885297	-0.7873737183215751	
527.2899	151.72	0.803411325171086	-1.4544153795893013	
527.2899	210.63	0.9178660087392394	0.3457961468048224	
604.4721	196.27	0.8538681721100292	0.610778805144409	
527.4024	208.24	0.803411325171086	-0.982530323842275	
527.4495	263.58	0.8047568965885297	0.8310182529549213	
605.2118	188.49	0.803411325171086	-0.9631071068096897	
605.3146	283.6	0.9551213650571044	0.20298454157954784	
605.4753	196.4	0.803411325171086	-0.9164673502368309	
552.269	76.59	0.5322935167630237	-5.320881167788628	
673.3385	304.04	0.9551213650571044	0.20367599961240504	
673.4228	209.03	0.803411325171086	0.9741848403919402	
528.3029	26.23	0.803411325171086	-1.9651463830920795	
605.5841	388.26	0.803411325171086	1.0895117919742516	
606.188	108.19	0.9218560994613503	0.3283769987923537	
606.3179	283.6	0.9572995605797935	0.17930926283494503	
607.3209	283.6	0.9178660087392394	0.35411724297490554	
675.3519	282.94	0.9508281699360567	0.2219617802487893	
530.2874	76.46	0.9789794572851945	-0.061664365460667114	C25H42NO7P
530.3217	95.27	0.803411325171086	-2.190347606847328	C25H50NO7P
553.8555	20.3	0.9166366933241419	0.37421329855149066	
530.4539	275.16	0.803411325171086	1.1970196607181678	C32H61NO3
554.2425	115.74	0.9591818183934797	0.16612622749476225	
554.3164	31.4	0.808192843273758	-0.7785078835361593	
554.3414	193.48	0.8258398054789462	-0.6760617329082756	
677.2626	203.23	0.9551213650571044	0.20466587830151708	
678.3084	250.38	0.803411325171086	0.9418502485171322	
555.2542	229.69	0.9124215959175433	0.4343775342442042	
532.2066	193.48	0.803411325171086	1.285441406994896	
532.3024	104.9	0.8731380034990894	0.5389317627403568	
555.4444	204.15	0.9760482218382899	0.07148071768222491	
679.448	257.12	0.8731380034990894	0.5673561252385926	
679.448	286.21	0.803411325171086	-1.0032970298350343	
532.384	63.28	0.803411325171086	-1.133163544195617	
532.3915	220.35	0.8879338196371542	-0.49520462532286713	
556.3026	83.02	0.9124215959175433	0.42372014468707825	
533.2101	193.87	0.803411325171086	1.3023423822917262	
680.4501	257.12	0.9552708215439281	0.1844545742795657	
680.4501	286.21	0.9053795274125422	0.4547401653883869	
533.3762	210.76	0.803411325171086	-2.644905368687708	C26H56NO6P
533.3873	63.28	0.803411325171086	-0.9900118268161641	
556.8577	21.88	0.803411325171086	1.2097437165131824	
533.4728	308.4	0.803411325171086	1.63656497017336	C32H63NO3
557.1509	36.65	0.9156581568334076	-0.37767167022827514	
680.868	20.7	0.803411325171086	1.0578769574257987	
558.318	109.9	0.803411325171086	1.0706852184379287	C28H48NO8P
534.3702	194.66	0.9053795274125422	0.4532910072007426	
534.3702	214.3	0.803411325171086	-1.1323607305216263	
534.3702	234.85	0.803411325171086	-1.7781375414189313	
612.8807	20.7	0.9618063104059258	-0.14658827328349155	
682.399	184.0	0.9551213650571044	-0.20962581248906728	
558.8565	22.01	0.8876231291886953	0.4997863120402147	
615.2633	193.22	0.9218560994613503	0.3211120940713346	
615.4547	204.81	0.803411325171086	-1.069800360262516	
536.1099	36.52	0.803411325171086	1.0515557897526486	
615.9567	204.81	0.803411325171086	-1.1445728733126177	
616.2449	217.46	0.803411325171086	-1.011681585980321	
616.3175	218.64	0.803411325171086	-1.3264756963589588	
617.3211	218.51	0.8182552239433996	-0.736247089044114	
618.224	188.49	0.8117225898959319	-0.7533107214199245	
686.25	177.57	0.803411325171086	-1.3564395183987403	
686.25	182.29	0.803411325171086	-1.461514969729274	
686.25	186.26	0.803411325171086	-1.5065208971209707	
686.25	189.67	0.803411325171086	-0.9875466913305573	
618.4878	225.23	0.803411325171086	-1.2078648553615017	C34H68NO6P
686.4625	226.01	0.803411325171086	-0.8476350758399375	
686.4625	230.78	0.9799104194340594	-0.05536254052765957	
686.4625	235.51	0.803411325171086	-1.0524428847626182	
537.2787	119.94	0.803411325171086	-0.8828799524060449	
537.2787	120.74	0.9760482218382899	0.0759154388448955	
562.402	235.24	0.8731380034990894	-0.5440076747435437	
619.2277	188.49	0.803411325171086	-0.8547215845803916	
563.2267	282.42	0.803411325171086	1.0475796916789832	
620.4363	61.7	0.803411325171086	-1.0402122410085493	
563.4661	319.44	0.9124215959175433	0.42748467969349346	
564.2955	83.94	0.9760482218382899	0.09578930332458749	C28H47NO8
540.1698	196.01	0.8250271702568217	0.680984932803592	
623.3252	283.6	0.9636278583210395	0.13911829316187566	
623.3853	287.26	0.803411325171086	0.9214533162420911	
540.4257	175.99	0.8731380034990894	0.548396357729363	
540.4257	257.51	0.803411325171086	0.8536502368616415	
624.3286	283.6	0.9591818183934797	0.16538553798158973	
624.3889	287.52	0.803411325171086	1.039099310090179	
624.4171	288.31	0.810430916671468	0.7624532459342921	
540.8884	20.57	0.9667507037650671	-0.12895461486636972	
690.4701	198.37	0.9789794572851945	0.06260114619488621	C36H68NO9P
690.4701	202.18	0.8120150899056036	0.749320291893209	C36H68NO9P
690.4701	203.89	0.9789794572851945	-0.06381818489885817	
624.8464	21.75	0.803411325171086	0.9607333327363131	
625.4096	231.7	0.9760482218382899	-0.08043391001095174	C31H61O10P
566.8878	21.09	0.803411325171086	-1.406175285357223	
692.2962	217.85	0.803411325171086	-1.0702656644308302	C34H46ClN3O10
627.3612	209.03	0.9591818183934797	0.16219734741643785	
692.3182	196.01	0.8984071618159419	-0.4710245129727829	
628.3649	208.9	0.803411325171086	-1.491930936162752	
568.3565	186.0	0.803411325171086	1.5805708578647373	
568.4568	217.59	0.803411325171086	2.040637359420274	
568.4568	257.25	0.9124215959175433	0.4375324567270877	
692.8337	21.75	0.803411325171086	1.2565507397735352	
693.3001	217.59	0.803411325171086	-1.2173406488760536	C34H46ClN3O10
569.3324	283.6	0.803411325171086	-0.8802777475595687	
569.3604	186.0	0.803411325171086	1.4387235419909425	
569.4348	196.27	0.803411325171086	-1.168423814568947	
569.4348	225.23	0.803411325171086	-1.0599444678544474	C40H56O2
569.4348	237.74	0.803411325171086	-0.9981642051029742	C40H56O2
569.4348	262.66	0.8280784023988502	-0.6682701557655291	C40H56O2
569.4348	276.07	0.9174105136232646	-0.3682990415303007	C40H56O2
569.4348	308.92	0.9760482218382899	-0.0959442164631514	C40H56O2
694.3322	220.21	0.803411325171086	-1.0601519321442316	
694.3322	222.73	0.843863912239569	-0.6284243265571056	
694.3322	226.67	0.803411325171086	-1.072712885462483	
694.3322	231.04	0.803411325171086	-1.0988717727692923	
694.3322	236.95	0.803411325171086	-0.9826642881922725	
694.3982	207.45	0.861118116268837	0.5964454291286392	
694.4431	188.1	0.803411325171086	1.499992885804957	
630.2011	153.82	0.803411325171086	1.0575534919383585	
630.2011	161.33	0.9591818183934797	0.1611206290301758	
630.2604	201.13	0.803411325171086	-1.1890163381513679	
570.4381	196.27	0.803411325171086	-1.1253635942650602	
570.4381	225.23	0.803411325171086	-0.8579244384934556	C40H56O2
570.4381	262.8	0.8857540152004149	-0.5080045615633043	C40H56O2
570.4381	275.43	0.9326783541012476	-0.2904753306842696	C40H56O2
695.3651	263.19	0.803411325171086	0.8869065628484419	
695.3651	270.96	0.823291905467792	-0.717343148973273	
695.4016	207.45	0.803411325171086	1.081336705926153	
695.4431	253.7	0.803411325171086	1.956422237041642	
695.4431	262.4	0.803411325171086	-1.66913025299687	
748.379	214.57	0.8604543029434563	-0.5984479181218351	
748.379	236.82	0.8047568965885297	-0.7921307015143779	
631.2638	201.39	0.803411325171086	-0.9758814243864382	
631.2638	204.28	0.803411325171086	-1.4166792856191128	
696.4047	207.58	0.803411325171086	1.5944151964950375	
631.4828	196.01	0.9124215959175433	-0.4290069897506184	
631.4951	292.93	0.9124215959175433	-0.39997350708289686	
696.4745	257.64	0.983155378286396	-0.04225353417237101	
696.4745	287.0	0.803411325171086	1.6105052961199535	
571.331	295.03	0.8237254140788063	0.7115120699175064	
571.4281	206.4	0.803411325171086	-0.8554037026213078	
571.4415	196.27	0.803411325171086	-1.225820339548132	
571.4415	225.23	0.9551213650571044	-0.19875915120433663	C40H56O2
571.4415	237.34	0.803411325171086	-2.0123150372346656	C40H56O2
632.2399	185.18	0.803411325171086	-0.8464694945213607	
632.2399	189.8	0.803411325171086	-0.8878244199130602	
632.2399	192.96	0.8213515959210874	-0.7295518124966739	
632.2399	195.06	0.803411325171086	-1.0549820369432943	
632.2399	213.12	0.15529262075047284	9.154110125212876	
632.2399	217.46	0.803411325171086	-0.889969003694364	
632.2399	231.57	0.803411325171086	-1.4648218296706483	
748.8546	20.57	0.9760482218382899	-0.0900156345197585	
632.4984	292.53	0.9715966354781521	0.11404469530768065	
632.5048	196.01	0.9178660087392394	-0.34850588069954536	
632.5048	237.47	0.8879338196371542	-0.4948932402994339	
698.3414	185.18	0.9667507037650671	-0.12595286161272096	
633.2792	288.97	0.9618063104059258	-0.14926151323862225	
573.4358	119.94	0.803411325171086	-0.9951400532648864	
634.3856	189.41	0.803411325171086	1.846483700097581	
751.3346	188.36	0.847014065955478	-0.6223502796248782	
634.8752	21.09	0.803411325171086	-1.9238552575575993	
635.455	80.66	0.9178660087392394	0.35661365014462926	
752.3308	166.35	0.8258398054789462	-0.6755050775207556	
752.3376	188.49	0.8675143556209941	-0.5838395174470583	
636.4589	194.92	0.803411325171086	0.8904136448140195	C33H66NO8P
636.4589	197.98	0.8245988513242954	0.6936710482877085	C33H66NO8P
701.3538	194.4	0.803411325171086	-0.9624724376310261	
701.3538	197.06	0.9053795274125422	-0.4578473732805319	
701.3538	202.97	0.803411325171086	-0.9477443477401121	
701.3538	209.03	0.803411325171086	-0.864014170452105	
701.3538	212.99	0.803411325171086	-1.0927926962186338	
701.4727	193.61	0.803411325171086	1.9962707795721268	
637.3045	136.94	0.9860647044072266	-0.0325867452103153	
637.4671	203.89	0.823291905467792	-0.7213647857712866	C33H66NO8P
702.3184	236.95	0.8731380034990894	-0.5538938852944394	
702.3573	194.4	0.803411325171086	-1.1662257763369068	
702.3573	197.19	0.803411325171086	-1.5393031048789525	
702.3573	203.1	0.803411325171086	-1.3696053815393308	
702.3573	204.94	0.803411325171086	-1.027634891082983	
702.3573	209.42	0.803411325171086	-1.1984413336001987	
702.3573	212.73	0.803411325171086	-1.0497024797332875	
702.3733	189.41	0.803411325171086	2.1596812022365404	
702.8625	21.09	0.803411325171086	-1.1426868985653895	
704.4854	202.31	0.803411325171086	1.2970639289356873	C37H70NO9P
704.4988	134.83	0.8675143556209941	0.5848710349726941	
576.4105	62.88	0.803411325171086	-1.5248553697189373	
576.4176	242.9	0.9124215959175433	-0.3911221462488968	
577.4126	62.36	0.803411325171086	-1.2156153578916076	
705.3286	205.07	0.8117225898959319	-0.7516081018903594	
642.4363	231.57	0.9326783541012476	0.29458711715711855	
644.2402	187.57	0.803411325171086	-1.340827165678343	
759.4391	155.95	0.803411325171086	1.0900232389575624	
759.4391	159.76	0.803411325171086	1.4906214487819998	
645.4986	225.62	0.9373915724751218	-0.2751563007588196	
580.493	305.51	0.803411325171086	1.7460887413754633	
646.5202	225.23	0.8311092140715445	-0.6588600760985504	C36H72NO6P
709.3238	217.59	0.803411325171086	-1.1963491687084007	
647.4219	261.75	0.803411325171086	1.1664643996574344	
647.5229	225.36	0.8237254140788063	-0.7113224525632578	C36H72NO6P
760.821	21.75	0.9655872453753649	-0.13319369882485646	
648.438	189.41	0.803411325171086	1.129466261088878	
582.3363	120.07	0.803411325171086	1.4312279001469057	
762.4686	160.68	0.803411325171086	2.463617915458555	
762.4686	195.06	0.8874633160451195	0.5024112909123618	
650.306	288.7	0.9552708215439281	-0.19307725023599034	
583.4143	171.37	0.8047568965885297	-0.8218966785522203	C40H54O3
583.4143	209.29	0.803411325171086	-1.2139999093004668	C40H54O3
583.4143	224.31	0.9178660087392394	0.34065746834566896	C40H54O3
583.4757	242.63	0.9124215959175433	0.3944755093901339	
712.2415	222.34	0.803411325171086	-2.389842885446402	
712.2415	225.62	0.803411325171086	-1.080626279727283	
712.2415	229.3	0.803411325171086	-1.7313307250924757	
712.4774	36.78	0.9178660087392394	0.36199337722781555	
583.878	21.75	0.15529262075047284	-9.047994750240084	
653.3361	214.3	0.803411325171086	-1.09240077936065	
585.4297	164.75	0.803411325171086	-1.3956702341477167	
585.4297	209.42	0.9618063104059258	-0.14475739886890074	C40H56O3
585.4297	231.57	0.803411325171086	-1.3909473127514587	C35H62O4
586.4314	192.56	0.958381681199563	0.17152110340318968	
586.4314	209.55	0.9218560994613503	-0.3202568837383286	C40H56O3
586.4376	292.53	0.9552708215439281	-0.1850919104082168	
715.2828	217.59	0.803411325171086	-1.2035504287143504	C34H46ClN3O10
587.4142	191.77	0.8245988513242954	-0.6897901103596875	
587.441	292.53	0.9760482218382899	-0.09494925416472387	
656.2753	222.07	0.803411325171086	-1.1924076658269984	
656.2974	197.98	0.810430916671468	0.769449244319417	
656.2974	200.08	0.9218560994613503	0.32073718170956994	
656.2974	205.88	0.9572995605797935	-0.17931156809865104	
656.2974	209.16	0.9760482218382899	-0.07456690206337277	
656.2974	212.47	0.8826979049165717	0.5179932454124582	
716.3084	205.61	0.803411325171086	-2.10540120084005	
716.3084	209.82	0.803411325171086	-2.0079398460225315	
716.3084	210.76	0.803411325171086	-2.3176455683030652	
716.4251	189.15	0.803411325171086	1.7083915812110544	
716.4633	195.06	0.803411325171086	1.1305826406864907	C36H68NO9P
588.2137	188.23	0.8937282962957956	-0.47850825857969276	
588.2137	198.64	0.803411325171086	-1.281617547596038	
588.2137	216.8	0.803411325171086	-1.2821109910674546	
588.2137	222.07	0.803411325171086	-1.0749629055559862	
657.2789	222.07	0.803411325171086	-1.4474605653205421	
657.2789	227.2	0.803411325171086	-1.6115332011069834	
588.2866	194.27	0.803411325171086	-1.9933898346232697	
588.444	292.66	0.9376435316145098	-0.27369483830616226	
588.4773	255.15	0.8435139610695518	-0.6313474758622921	
717.3292	206.01	0.803411325171086	-1.1626722729387813	
717.3292	210.76	0.803411325171086	-0.952563758018693	
717.3292	214.44	0.803411325171086	-1.1663309774369788	
717.4671	195.19	0.803411325171086	1.3496179366195775	C36H68NO9P
589.4811	255.15	0.9760482218382899	0.07379696756494092	
590.1927	153.82	0.803411325171086	-1.4349469420010175	
590.1927	188.62	0.810430916671468	-0.7657085434953328	
590.1927	234.06	0.803411325171086	-0.96693701940264	
769.5427	31.92	0.8396074011526401	-0.6400964462395383	
720.4951	283.99	0.803411325171086	1.2411556440928355	
770.8498	20.96	0.803411325171086	-2.1991094983300226	
660.5344	237.47	0.803411325171086	-1.0024825955039496	
660.5344	262.66	0.803411325171086	-1.1845347756273554	
660.5344	263.32	0.9185659869340125	-0.33569652604588796	
720.8735	212.07	0.803411325171086	-1.2223234475044888	
721.3578	215.22	0.803411325171086	-0.8619969439918704	
661.2733	205.07	0.803411325171086	-1.0528955253681176	
772.4876	219.56	0.8731380034990894	0.5513689146231855	
593.4416	205.61	0.803411325171086	-1.3434320454098738	
722.3629	215.36	0.803411325171086	-0.8722780798188913	
663.282	168.85	0.8201749225469058	-0.7327593772156759	
663.282	201.39	0.803411325171086	-1.3574643121147865	
593.9433	205.88	0.803411325171086	-1.227331188144322	
773.4915	220.08	0.9357182703092459	0.28231530998773746	
594.4726	248.81	0.8047568965885297	0.7905840475906264	
594.4726	289.49	0.803411325171086	2.8894793723935046	C35H60O5
594.5096	295.03	0.803411325171086	-0.9592082799999863	C37H66O5
723.3031	154.35	0.8833791538960293	-0.5143497820159084	
723.3031	188.75	0.803411325171086	-0.9628419379409052	
723.3663	215.22	0.803411325171086	-1.3142217444382451	
664.2653	189.67	0.9166366933241419	-0.3731914507301482	
664.2653	198.77	0.803411325171086	-1.094777760595366	
724.5067	256.72	0.9753178687095791	0.10817467774280774	
724.5067	286.47	0.8435139610695518	-0.6318976743927514	
596.5969	440.0	0.803411325171086	1.210988150499588	
776.4824	230.65	0.8234969545542777	0.7157951657371148	
599.3894	21.09	0.9428218590905858	0.24950032157831226	
599.3894	23.85	0.823291905467792	-0.7237495344911932	
668.4444	237.74	0.9124215959175433	0.39664212727661685	
668.4444	249.2	0.9760482218382899	-0.09036017218626194	
669.2408	203.89	0.803411325171086	-1.0931385894380439	
669.2408	211.15	0.803411325171086	-1.8719207797858755	
669.3759	207.45	0.9124215959175433	0.38800841505567074	C30H59O12P
777.4857	230.65	0.803411325171086	1.0119095672980618	
670.3781	207.32	0.9124215959175433	-0.4175975520149031	C30H59O12P
728.5872	216.41	0.803411325171086	-1.1035637991167528	
602.209	219.56	0.803411325171086	1.624017162266174	
602.2303	181.51	0.803411325171086	-1.5675847401862235	
602.2303	198.77	0.803411325171086	-1.4912721519293806	
602.2303	217.19	0.803411325171086	-1.171238576007766	
672.4194	209.03	0.803411325171086	1.0403491912969436	
731.3086	177.43	0.803411325171086	-1.0514635986979048	
731.3086	182.29	0.803411325171086	-1.2195596203283081	
731.3086	186.26	0.803411325171086	-1.8828711479036733	
731.3086	190.33	0.803411325171086	-1.152783503153444	
731.4145	282.94	0.9552219074028998	0.19573342056658494	
731.4244	230.65	0.803411325171086	0.8918136000757554	
672.5759	68.03	0.803411325171086	-1.3755178419096055	
732.4276	230.65	0.803411325171086	0.8734927915138233	
733.3243	172.94	0.9124215959175433	-0.4007912263259034	
734.326	172.94	0.9124215959175433	-0.43256079964816235	
734.3623	214.7	0.803411325171086	-1.609795496043612	
784.4518	195.19	0.803411325171086	1.026804099602944	
785.4548	195.19	0.9124215959175433	0.39920553549664	
737.3551	217.46	0.803411325171086	-1.1233758574555182	
738.3583	217.46	0.803411325171086	-0.9716716885559183	
743.4006	271.88	0.9428218590905858	0.25334201890099706	
743.4006	278.69	0.803411325171086	2.165036266695894	C34H63O15P
743.4821	283.86	0.803411325171086	0.8713779914061435	
747.3758	214.83	0.9178660087392394	-0.34182743552358125	
838.8375	20.96	0.803411325171086	-3.4147072924112556	
1009.2486	233.27	0.803411325171086	-0.8452551528134286	
1012.2587	209.42	0.803411325171086	-1.0092753132113208	
1012.2587	224.31	0.803411325171086	-1.5354401692405397	
1023.2639	243.82	0.8047568965885297	-0.8066878373489367	
1026.2744	216.27	0.803411325171086	-1.4185809522858641	
1037.2796	255.01	0.803411325171086	-1.1886401536076248	
1039.2702	224.04	0.8250271702568217	-0.684726798841678	
1040.2905	224.31	0.803411325171086	-0.8968006898355857	
1041.2939	224.31	0.803411325171086	-1.1193564551803776	
851.3963	36.52	0.8731380034990894	0.5507232707178271	
852.3999	36.52	0.8311092140715445	0.657629288360165	
1065.3096	283.6	0.803411325171086	-0.88360495698896	
1068.3214	243.16	0.803411325171086	-0.8915089119383679	
1082.3367	255.01	0.803411325171086	-1.2520049998064187	
860.6664	212.6	0.803411325171086	-0.8796250324530462	
950.9396	711.33	0.9098311904967099	-0.4443826323084295	
953.1856	202.71	0.803411325171086	-1.0141255078550464	
1110.3677	270.83	0.8280784023988502	-0.6678537543631592	
821.6616	308.79	0.9753851917605599	-0.10576502196874495	
865.496	276.07	0.803411325171086	2.6331319916320877	
958.6352	332.45	0.803411325171086	1.3763638718473803	
823.5464	284.91	0.803411325171086	-1.0031728600544172	
867.5117	286.08	0.8126368432520154	0.7465732041601747	
1167.7888	246.44	0.9760482218382899	0.08921153574814215	
1182.7795	244.34	0.9124215959175433	0.3928753233242499	
1183.7834	244.6	0.8047568965885297	0.7995625714419323	
1196.8222	282.68	0.803411325171086	2.047606355574224	
1197.8253	282.68	0.803411325171086	2.1396279075922027	
1198.8282	283.07	0.803411325171086	1.3643707660362496	
1199.834	283.07	0.9053795274125422	-0.45510421669370216	
1286.6696	207.58	0.9760482218382899	0.09958797560898452	
1287.6731	207.58	0.995918382948252	0.0077987609674149095	
874.444	276.59	0.9178660087392394	-0.35786876732024525	
976.6466	227.06	0.9591818183934797	0.16082046062232463	
1242.8549	262.53	0.9124215959175433	-0.43087241987291786	
981.2168	216.41	0.803411325171086	-1.0830582976309038	
1342.9249	332.19	0.803411325171086	-0.9236245309490205	
995.2329	224.18	0.803411325171086	-1.0263751675909407	
995.6639	189.28	0.803411325171086	0.9150356588252139	
995.6776	103.72	0.9591818183934797	-0.1661032637827359	
996.2361	224.31	0.803411325171086	-0.97883338275715	
1484.0598	339.15	0.803411325171086	1.362555867687565	
1642.5654	598.81	0.803411325171086	0.9247043929438759	
