m/z	rtime	p-value	t-score	custom_id
69.0704	187.3	0.6745373607104136	-1.5836247454974144	
135.0844	33.32	0.8023125807592318	1.1657372033939803	C5H11NO3
218.9431	209.53	0.6839009488130365	1.5494011654230666	
181.105	26.62	0.8023125807592318	1.1847479332799666	C11H12O2
219.0716	246.3	0.5239871730377107	-2.1872465943292556	
219.0975	361.29	0.5239871730377107	-2.171484362203164	C8H14N2O5
136.9107	208.74	0.9749431644491543	-0.19412484675297326	
136.94	209.39	0.9749431644491543	0.22893044773208934	H3O4P,C2H3KO2
136.9693	209.66	0.9725297770251871	0.32920150113490027	
219.1127	27.8	0.8127963599882979	1.1360004117463376	C12H14N2O2
219.1168	307.95	0.5724980548898867	-2.0683843144784446	C8H15N3O4
219.1168	318.33	0.8127963599882979	-1.129883499886824	C8H15N3O4
219.1338	232.57	0.5176569119032446	-2.382539520309699	C9H18N2O4
219.1338	271.47	0.9710115671012038	-0.36849169455587205	C9H18N2O4
137.0594	28.07	0.8403590110823748	1.0174303551359456	
219.1743	24.65	0.9990731120014948	-0.010884868402540307	
137.0709	200.99	0.9974486559894211	0.08015981704241279	C7H8N2O
137.0727	211.36	0.8445631480332104	0.9469142551388192	
137.9433	209.39	0.9725297770251871	0.3504352186338634	H3O4P,C2H3KO2
138.0549	356.04	0.808557855544959	-1.1510180637521013	C5H4O2
138.0742	200.99	0.9990731120014948	0.024330792021709888	C7H8N2O
138.9194	207.42	0.8863541329835077	0.7934318757120258	CK2O3
138.9194	212.15	0.9753116070516852	-0.16785671518765083	
138.9381	209.39	0.9970942400708652	0.08335781519981739	
138.9441	209.39	0.9048738365489336	0.6786019823060017	
139.0753	201.25	0.9725297770251871	-0.3397427164717087	
139.0977	202.7	0.6738601986691812	1.6142618177818462	C6H10N4
220.0927	333.88	0.4761499540664943	-2.7120239337938075	C7H13N3O5
139.9146	207.42	0.9048738365489336	0.6871929763937501	
139.9146	212.41	0.8587127468462379	0.8968753353785688	
139.9415	209.26	0.9549675350111543	0.4584816739156929	
220.1178	185.07	0.8023125807592318	1.1711256526735871	C9H17NO5
140.0106	265.26	0.5745028683019064	-1.9700290040367872	H3O4P,C2H3KO2
140.9362	209.13	0.9095240522239892	0.6246810765019336	
140.9424	209.39	0.9990731120014948	0.04748687204285931	
220.9014	209.39	0.9749431644491543	0.20831064363131777	
220.9412	209.79	0.690130436584961	1.520520240652534	
221.0178	318.59	0.98628070788428	-0.11966842354289142	
221.0768	376.29	0.6745373607104136	-1.5941677880495613	C7H12N2O6
221.0956	252.61	0.808557855544959	1.1520229957057924	C8H16N2O3S,C8H16N2O3S
221.1131	280.3	0.6313893526127262	-1.7148053224380717	C8H16N2O5
77.9273	209.53	0.9095240522239892	0.6279618378079346	
78.9562	206.9	0.9749431644491543	-0.17772481090556386	
78.9562	212.94	0.9249369903402835	0.5436663564911115	
221.8996	146.6	0.90034114382738	0.7514955600562274	
221.8996	156.84	0.9631551968839914	0.41688572513899386	
221.9047	209.53	0.9549675350111543	0.45178829764299766	
184.9797	242.58	0.9749431644491543	0.19832523776186123	
80.9935	209.39	0.5239871730377107	2.157269920112943	
81.9883	209.39	0.5176569119032446	2.2853783236880263	
82.9916	208.47	0.9990731120014948	-0.05015687812809855	
222.8995	209.39	0.98628070788428	0.12093201024872105	
144.0477	201.65	0.7814145870219594	1.3129062023777756	
144.0655	356.3	0.889153153458524	-0.7849523218533387	C6H9NO3
223.0635	24.52	0.9725297770251871	-0.3277369523462732	
84.9117	211.76	0.9048738365489336	0.6905310745248846	
85.0289	324.92	0.9549675350111543	-0.4501152133089707	
144.9275	206.64	0.9241705816194069	0.5482734428288781	
144.9275	213.33	0.8445631480332104	0.9812512943011323	
186.0761	356.3	0.8445631480332104	-0.9775567605583653	C8H11NO4
186.0872	318.59	0.6152156812898328	-1.8057820908733633	
87.0445	282.94	0.9990731120014948	-0.00929386525148526	
87.0548	324.53	0.930535836057118	0.5278466440115036	
187.0713	318.46	0.5770387134498712	-1.9179572545292074	C8H9NO4
187.0713	325.84	0.5745028683019064	-1.9563518946693077	C7H10N2O4
187.0713	355.22	0.6281268801428691	-1.731884341489054	C7H10N2O4
187.094	28.2	0.2879060923060625	-6.228159445708417	C8H12O3
224.1109	177.59	0.6281268801428691	-1.7377278655885615	C11H14N2O3
146.0923	261.19	0.9249369903402835	-0.5448629705183322	C5H11N3O2
146.1175	27.67	0.8445631480332104	0.982145463779591	
146.1175	330.99	0.8448066804873612	-0.9390219418548421	C7H15NO2
187.144	27.67	0.9640048031525865	0.4037764236510075	
224.1572	26.88	0.5176569119032446	-2.5786474618127047	
224.1854	26.62	0.7238149832562538	-1.4557691313138141	
89.0965	26.23	0.8641017021813827	-0.8542133512251604	
147.0473	27.54	0.7501715893392363	1.3870656866179403	C6H10O2S,C6H10O2S
225.0466	216.52	0.8445631480332104	0.9598704903458771	
188.0919	271.2	0.8587127468462379	-0.8847988027044841	C8H13NO4
147.1014	26.88	0.5341279661270308	-2.1374266734320426	C7H14O3
147.1208	27.67	0.8023125807592318	1.1756360772804801	
189.0738	166.43	0.4598693667419556	-2.8599123613176034	C11H9NO2,C6H10ClN5
91.0587	254.97	0.4307105944368841	-3.1721868391546186	C3H7NO2
189.1345	197.68	0.8023125807592318	1.211506046550635	C7H16N4O2
189.179	410.79	0.9105000833743677	-0.6045630418696667	C9H21N3O
190.0713	24.65	0.9095240522239892	-0.6322594358826957	C8H11NO2S,C8H11NO2S
190.0821	315.57	0.5176569119032446	-2.3403226777605854	C6H11N3O4
190.0821	339.79	0.4598693667419556	-2.767957560785255	C6H11N3O4
94.0655	168.92	0.9749431644491543	-0.2732870681805719	C6H7N
225.97	208.08	0.7501715893392363	-1.4024326143546253	
225.97	210.31	0.6662649229482027	-1.6619012954427175	
149.0575	324.66	0.9631551968839914	-0.430248729530477	
190.1379	197.68	0.8023125807592318	1.1755342777241482	C7H16N4O2
97.0288	370.65	0.8641017021813827	-0.8321456775447339	C5H4O2
97.0288	420.28	0.8023125807592318	-1.1648862675797274	C5H4O2
226.0797	297.58	0.5745028683019064	-2.008939198997086	C7H13N3O4
226.0797	332.04	0.4307105944368841	-3.018259654940268	C7H13N3O4
190.9018	1.57	0.9749431644491543	-0.18878592114498424	
190.9926	274.49	0.8127963599882979	1.1316868015442128	
149.096	25.18	0.6662649229482027	-1.6520124105687182	
97.0652	27.28	0.4307105944368841	-4.363417675950554	
226.1648	28.2	0.5176569119032446	-2.3633452711952008	
191.1025	296.0	0.4307105944368841	-4.217587858329988	C7H14N2O4
226.1801	34.24	0.9048738365489336	0.7086719541448345	
150.0645	324.79	0.98628070788428	-0.12022440962589477	
150.0773	205.06	0.9687723614036369	-0.376618638107662	C6H7N5
98.9846	265.26	0.8144284503140612	-1.1249660195050712	H3O4P,C2H3KO2
227.066	310.71	0.919264638504905	-0.5724724118661159	
192.106	295.74	0.4307105944368841	-3.652532120702616	C7H14N2O4
192.1581	35.68	0.9048738365489336	0.6895018047831383	
227.1683	28.2	0.9725297770251871	-0.3250766482326254	
152.0373	252.61	0.7708909639363243	1.3439327745308562	C4H9NO3S
152.0566	146.73	0.8403590110823748	1.0303182883961841	C5H9NO2S,C5H9NO2S
152.0566	174.83	0.8615952851298705	0.8750597369931692	C5H5N5O,C5H13NS2
227.96	146.73	0.8448066804873612	0.9345301268771286	
227.96	156.97	0.9749431644491543	0.21802396240071492	
193.1436	34.37	0.8445631480332104	0.9737816353814102	
153.0406	174.83	0.9012680575160538	0.7454634551211066	C5H4N4O2
153.0599	146.73	0.8445631480332104	0.9426925984748334	C5H9NO2S,C5H9NO2S
153.0599	174.83	0.8641017021813827	0.8597569356711176	C5H5N5O,C5H13NS2
228.1958	27.01	0.8224483845008047	-1.096090102545518	
194.0222	199.25	0.5176569119032446	-2.4110760424300017	
154.0742	324.53	0.9725297770251871	0.3343511343112982	
194.8549	207.16	0.9048738365489336	0.6755407727667204	
194.8549	212.81	0.9163817463167807	0.5857934286275462	
229.1546	320.03	0.7708909639363243	1.3466965664696542	C11H20N2O3
195.0028	299.42	0.9095240522239892	-0.6462991166529285	C3H9O6P
195.0798	252.61	0.90034114382738	-0.749825814093748	
195.0798	275.7	0.7007953075977821	1.4956433171105363	C14H10O
104.0579	168.4	0.4598693667419556	-2.862791133334265	
229.9564	146.73	0.889153153458524	0.7820357761102064	
229.9564	157.5	0.9875197713551404	-0.11205631941735272	
155.0871	146.34	0.808557855544959	1.151522554913661	
155.0871	166.03	0.6857648634298434	1.534867654107613	
230.1134	323.08	0.5176569119032446	-2.4105707839681365	
195.855	207.16	0.9749431644491543	0.21676882111544013	
195.855	212.68	0.7985419195198741	1.2668454637588356	
156.042	211.49	0.8587127468462379	0.8908864121246998	C3H10NO4P,C7H7O4
196.0091	274.35	0.6763492308085342	1.5723516455631907	
105.0702	26.23	0.7789053514524075	-1.3196582040625529	C8H8
196.0969	28.07	0.8230259889530693	1.0859827757084506	
231.0546	221.11	0.9725297770251871	-0.34515650926702046	
157.0454	211.49	0.9048738365489336	0.7112579193057887	C3H10NO4P,C7H7O4
231.1202	28.2	0.6662649229482027	-1.6544538868783651	C16H10O,C8H14N2O3S
106.9509	207.42	0.9048738365489336	0.7222064908785432	
106.9509	211.36	0.9974486559894211	0.07743073163510385	
231.1702	28.07	0.8023125807592318	1.2152129598472035	C13H20O3
196.853	207.16	0.8224483845008047	1.0994971226392858	
196.853	212.68	0.9241705816194069	0.5489074428141145	
196.9612	209.39	0.9311113985246773	0.5146025755875054	
157.1083	364.97	0.5176569119032446	-2.4624436852048794	
232.1291	281.89	0.6526165523132442	-1.6809986651889617	C7H14N2O4
197.1009	364.44	0.5745028683019064	-1.953449786922662	
197.1145	146.47	0.9990731120014948	0.001855526187805939	
158.0401	211.36	0.8445631480332104	0.9913884418773259	
158.0678	196.76	0.9311113985246773	0.5236196128381323	
158.0678	197.81	0.9760477253477355	-0.16466445124407303	
232.8106	208.21	0.6745373607104136	1.5819462711751633	
232.8106	211.49	0.9990731120014948	0.02487244735116437	
198.0105	146.6	0.9048738365489336	0.721080649319899	
198.0105	157.1	0.9749431644491543	-0.256946283818796	
198.0526	299.55	0.8224483845008047	-1.101685560726813	C5H12NO5P,C9H9O5
233.0631	197.41	0.9749431644491543	-0.20070529222304886	C13H12O2S
233.087	227.81	0.4598693667419556	-2.776381884955879	
233.087	231.39	0.5176569119032446	-2.5498064733723282	
233.1494	33.84	0.8387714336667168	1.055323924935957	C10H20N2O4
233.8108	207.42	0.7309436173876078	1.434302951973902	
233.8108	212.55	0.9725297770251871	0.3322320377807195	
159.0916	166.43	0.4598693667419556	-2.7908376725207362	
234.0269	214.51	0.8023125807592318	-1.2491218382263576	
111.1171	25.7	0.9749431644491543	-0.2910483827532281	
160.0756	27.93	0.848526935165326	0.9271775539609393	C8H6O
198.9594	209.39	0.9749431644491543	0.2341069944581387	
198.9744	214.78	0.9012680575160538	-0.744649444573106	
112.0508	163.67	0.9095240522239892	0.6322806322553173	C4H5N3O
160.9013	207.16	0.920979317059388	0.5590785670960781	CK2O3
160.9013	212.81	0.9203015570793772	-0.5665803875391421	
234.1963	199.25	0.8023125807592318	1.2137218274671455	
234.8088	207.56	0.8445631480332104	0.9534509311558127	
234.8088	211.63	0.9749431644491543	0.1953134331278223	
161.0377	227.42	0.6738601986691812	-1.6296802064218519	
234.917	209.39	0.9749431644491543	0.27934886553460364	
112.8959	209.0	0.9749431644491543	0.2878111207425173	
161.092	293.87	0.4307105944368841	-3.7144712897612555	C6H12N2O3
235.0923	371.96	0.5491844277626595	-2.1139467426783733	
235.1115	316.49	0.5745028683019064	-1.9724985677902853	C8H15N3O5
161.1284	213.33	0.6745373607104136	1.6004379420736092	C7H16N2O2
113.0541	163.67	0.9163817463167807	0.5886704246430331	C4H5N3O
235.1481	400.19	0.4307105944368841	-2.9556482112400624	C9H19N3O4
161.9354	207.42	0.9095240522239892	0.6105662021957711	
161.9354	212.15	0.9990731120014948	-0.04430220097734534	
235.9203	209.26	0.9749431644491543	0.26033356190963425	
161.9927	207.82	0.9749431644491543	0.22516202062499296	
161.9927	211.23	0.9048738365489336	-0.6986815673815056	H2NaO4P
200.1029	307.95	0.5176569119032446	-2.4388272034454093	C8H13N3O3
162.05	221.77	0.5736215816743049	-2.0527393493408193	
162.05	228.07	0.6062907606233809	-1.8331501172866187	
236.0224	214.51	0.8352503886628866	-1.0693821540837654	
162.0953	293.87	0.4307105944368841	-3.8257572794398995	C6H12N2O3
236.915	209.26	0.9749431644491543	0.17479632610276627	
162.8994	207.16	0.9687723614036369	0.378573231368872	
162.8994	212.94	0.9034729505658737	-0.7334404118025457	
201.061	227.55	0.4307105944368841	-3.1736675702453185	C6H8N4O4
162.9977	242.58	0.9760477253477355	0.16478273849833602	
201.0869	308.08	0.4761499540664943	-2.718465426978454	C8H12N2O4
201.0869	344.25	0.4598693667419556	-2.8198834037873226	C8H12N2O4
163.0712	315.04	0.5239871730377107	-2.1745047638525072	C5H10N2O4
237.0902	252.61	0.9058792311092402	0.6702753901938129	
237.1233	27.8	0.8448066804873612	0.9382967191593901	C14H11NO2,C8H12N5OP,C6H15N3O4S
237.1334	26.23	0.6249609635862134	-1.7661946831077036	C13H11N3O
237.9184	209.53	0.9798147375150087	0.15139272940967036	
117.0548	26.23	0.9749431644491543	-0.19748301965070494	
202.0862	27.8	0.8445631480332104	0.9693912635707657	C12H11NO2,C7H12ClN5
238.045	299.42	0.9725297770251871	-0.3448614071006162	
117.1137	146.34	0.8403590110823748	1.0248084443134382	
117.1137	165.9	0.8023125807592318	1.2028364521097934	
164.0741	27.54	0.749404234488655	1.407038645289852	C5H10N2O4
164.0741	315.04	0.5239871730377107	-2.189007371659559	C5H10N2O4
238.1267	27.8	0.8403590110823748	1.026585971635172	C14H11NO2,C8H12N5OP,C6H15N3O4S
202.9692	207.42	0.9555578941042313	0.4445764641006553	
202.9692	211.63	0.9003267558006437	-0.7556023105326307	
202.9692	221.77	0.9990731120014948	0.031186288862089417	
118.0613	260.11	0.9311113985246773	-0.5123529507121312	C3H7N3O2
238.9131	209.39	0.9933587822052538	0.0914396997400381	
238.9194	209.66	0.9749431644491543	0.30293214558023807	
119.0493	28.07	0.5176569119032446	-2.4614454530455707	C8H6O
239.038	253.92	0.9974486559894211	0.06796520008081702	
165.0545	211.1	0.9631551968839914	0.4184103783497237	C9H8O3
239.0483	299.55	0.9048738365489336	-0.6918863842762305	
203.0526	198.07	0.6662649229482027	-1.6531431118742672	
203.0526	217.3	0.9749431644491543	-0.20786687907071386	
203.0766	214.51	0.7297121960617315	-1.4405887628755625	
203.0766	221.9	0.8023125807592318	-1.257082417392652	
165.0772	27.54	0.8641017021813827	0.8643589389253008	C5H10N2O4
239.1023	220.19	0.6738601986691812	-1.6183300675517505	C11H14N2O4
239.1023	227.68	0.5239871730377107	-2.184272794602276	
119.1261	201.12	0.7985419195198741	1.2667575644882527	C6H15NO
203.1026	307.69	0.5176569119032446	-2.3410677684390215	C8H14N2O4
239.1278	25.96	0.920979317059388	0.5599069056297195	C13H18O4
120.0906	214.12	0.5770387134498712	-1.9304474845076252	
204.0243	242.71	0.9299166507167356	-0.5342940776614908	
204.0243	246.95	0.8224483845008047	1.0921113354779306	
120.1021	198.6	0.8403590110823748	-1.0189290785575504	C5H13NO2
165.9302	207.95	0.9687723614036369	0.3794338159591857	
165.9302	212.28	0.8023125807592318	-1.207140958309475	
120.9663	208.08	0.9656821199772191	0.38759615608399184	H3O4P,C2H3KO2
120.9663	210.71	0.9990731120014948	-0.007776196119091972	H2NaO4P
120.9873	221.51	0.9749431644491543	-0.2397972301183247	
121.0163	209.13	0.9630074435977064	0.4328150604861722	
204.0866	356.04	0.8900068033001871	-0.7783230879645514	C8H13NO5,C9H17NS2
204.0978	331.91	0.4307105944368841	-3.305866993638795	C7H13N3O4
166.0145	366.97	0.889153153458524	-0.7854162502226815	
121.0649	26.49	0.9749431644491543	-0.2802919491922568	C8H8O
166.0697	27.54	0.8023125807592318	1.1922045895331381	
240.0953	308.08	0.5176569119032446	-2.278703102573091	
240.0953	317.8	0.8224483845008047	-1.0956349086565653	C8H15N3O4
121.9697	207.82	0.8023125807592318	1.1732918325271995	H3O4P,C2H3KO2
121.9697	211.76	0.9095240522239892	-0.6162254103337209	H2NaO4P
204.9673	207.16	0.9048738365489336	0.7125655925361141	
204.9673	211.89	0.8641017021813827	0.8444207886353283	
122.9246	209.39	0.9749431644491543	0.2032733164478537	
122.9645	207.95	0.9640048031525865	0.40467792498225913	
122.9645	211.23	0.8023125807592318	-1.2068406804771317	
166.9506	208.61	0.9048738365489336	0.7171311445472792	
205.0682	197.41	0.848526935165326	0.9261075373850681	
205.0682	215.73	0.4307105944368841	3.5886601971690495	
123.0442	211.1	0.9535545353545688	0.4628666113190709	C7H6O2
205.1182	261.32	0.8023125807592318	-1.2354118609445148	C8H16N2O4
240.9667	224.0	0.5770387134498712	1.9069589037941488	
123.0747	201.65	0.6738601986691812	1.6273345383559898	C4H4N2
123.0806	27.28	0.2879060923060625	-6.04274438411455	
123.1291	2.1	0.8023125807592318	1.199067055668066	C7H12O
241.1015	252.87	0.9520394394666508	0.46944419733729614	
241.1095	252.61	0.8866655243714446	0.7902107491170416	
205.9956	256.43	0.5745028683019064	-1.9377219038779923	
124.0587	32.92	0.8568450644904044	-0.9115885334229197	
168.0901	168.13	0.9990731120014948	-0.0519217024597337	
168.0931	168.0	0.5745028683019064	-1.965755458928879	C9H11NO2
206.04	205.45	0.9003267558006437	0.7591813326284481	
124.9227	209.53	0.9990731120014948	-0.00938066207526809	
241.1837	26.88	0.5176569119032446	-2.3089067653299455	C12H20O4
206.0716	197.55	0.919264638504905	0.575583242960009	
168.1263	146.47	0.8601240394718206	0.8809952029588229	
124.9998	319.51	0.9003267558006437	-0.7591676452824602	C3H5ClO3,C2H5O4P
206.1004	165.9	0.7501715893392363	-1.3941000847915934	C11H12N2O2
206.1216	261.32	0.8210787342150494	-1.115139618130291	C8H16N2O4
242.0182	213.07	0.9749431644491543	-0.17887566744554095	
126.0219	220.46	0.8224483845008047	1.0965597679586472	C2H7NO3S
169.0844	173.25	0.9095240522239892	0.6494904597124469	
242.0374	227.28	0.4307105944368841	-3.374331595067656	
169.0858	27.8	0.4307105944368841	-4.022575908504335	
242.0746	333.62	0.6020565099090577	-1.8413471849297725	C7H13N3O5
242.0997	185.2	0.7814145870219594	1.3140960996591358	C8H10N6O3
242.1047	252.61	0.8445631480332104	0.9819805245461212	
242.1128	253.0	0.98628070788428	-0.12627462649779075	
206.9695	1.44	0.9034729505658737	0.7370517455912491	
242.2841	28.33	0.9095240522239892	0.6164058195916431	C16H35N
169.9857	220.98	0.8830122145194719	0.8009719098525755	
170.0599	165.9	0.5239871730377107	-2.246604077768196	C11H7NO
242.9617	206.77	0.9990731120014948	-0.05007537647691645	
242.9617	214.38	0.9990731120014948	-0.03904827325473393	
243.0159	212.41	0.8282622582128429	1.079367883325174	C7H4ClNO4
207.0798	243.24	0.4307105944368841	-3.3281085751206594	C7H14N2O3S,C15H10O
127.123	203.35	0.6763492308085342	1.5720666715999911	C7H14N2
128.1264	203.35	0.6281268801428691	1.7233840667194078	C7H14N2
207.1591	26.62	0.8023125807592318	-1.2512261579900883	
171.1379	25.7	0.9474003100084178	-0.48862874983582255	
208.0694	198.2	0.9990731120014948	-0.021896883215487706	
208.0694	217.04	0.8023125807592318	1.182183197397843	
244.0529	214.78	0.5745028683019064	-1.9616363608507763	
244.0529	221.77	0.6738601986691812	-1.6127766883208974	
244.0529	228.2	0.7960953931461081	-1.273276326805388	
244.0926	163.67	0.9095240522239892	0.6262685744023444	C9H13N3O5
208.1009	300.86	0.5745028683019064	-2.0007320324331364	C7H14N2O5
244.1291	315.57	0.5176569119032446	-2.3776894460093985	C10H17N3O4
130.0651	166.29	0.5176569119032446	-2.5454291222635357	
244.9538	222.69	0.8641017021813827	0.8398025474596703	
245.0203	277.02	0.4307105944368841	-3.0385618422456107	
131.0492	168.13	0.5745028683019064	-1.95719159582554	
131.0702	27.67	0.687734815017632	-1.5291649630657906	C6H10O3
245.0959	163.67	0.9095240522239892	0.6081442775261885	C9H13N3O5
245.113	357.49	0.7834523595643951	-1.3067007823406407	C8H13NO5,C9H17NS2
245.1357	201.91	0.947610561297367	0.48121369942803244	
245.1858	27.8	0.8860327153337448	0.7954788647203833	
174.0386	145.55	0.993315335399147	-0.09436919502261906	C5H9NO2S,C5H9NO2S
246.0971	163.8	0.8224483845008047	1.0944889424746058	
246.1195	257.09	0.8445631480332104	-0.9943393345838639	
246.1195	294.92	0.9990731120014948	-0.024446835910858177	
132.0655	301.52	0.6839009488130365	1.558264426187269	
246.1447	274.62	0.9725297770251871	-0.32473279063562943	C10H19N3O4
246.152	36.07	0.6839009488130365	-1.548543175414364	C12H11N3
132.0808	27.93	0.8403590110823748	1.0372907778839546	C9H9N
132.0808	166.29	0.5176569119032446	-2.588460470800079	
246.1811	362.48	0.6152156812898328	-1.7956215136610805	
246.1811	411.58	0.8587127468462379	-0.904324800032428	C11H23N3O3
210.1416	28.2	0.5176569119032446	-2.437912258059562	
133.0859	26.75	0.8445631480332104	-0.994109645589316	
247.0222	256.7	0.5745028683019064	-1.9715079310693713	
210.17	28.07	0.9990731120014948	0.04303219194788705	
133.099	178.64	0.5176569119032446	-2.264650151387167	
247.0579	265.39	0.5807290337473484	-1.8832441908401527	C6H15O8P
175.1077	246.3	0.4598693667419556	-2.803970227916316	C7H14N2O3
247.1033	335.19	0.5176569119032446	-2.2700786197247607	
133.1012	25.18	0.8023125807592318	-1.1916180665473504	
247.1287	330.47	0.5239871730377107	-2.157955176452851	C10H18N2O5
247.1481	274.88	0.9640048031525865	-0.40534877382207907	C10H19N3O4
247.1528	384.83	0.5176569119032446	-2.476976661987487	
211.0769	217.17	0.8023125807592318	1.1712306518234838	
247.1593	384.83	0.5176569119032446	-2.3788524992212032	C9H19N5O3
247.1844	362.08	0.6281268801428691	-1.748440699937364	
247.1844	411.58	0.8694670347146626	-0.8181546265974156	C11H23N3O3
134.0188	256.7	0.6662649229482027	-1.657798781044237	
176.0294	187.7	0.8568450644904044	-0.9104629617780272	
248.0215	367.1	0.739993529285527	-1.4207863296307033	
248.034	32.66	0.6152156812898328	-1.797320533256951	
248.0587	24.52	0.9535545353545688	-0.46343278814601835	
134.0812	41.72	0.8445631480332104	0.9544090110008221	C5H11NO3
176.111	246.43	0.4307105944368841	-2.9552129224459223	C7H14N2O3
134.106	178.77	0.4761499540664943	-2.6873054739822817	
248.124	308.08	0.5176569119032446	-2.4699049593900266	C9H17N3O5
176.1393	212.02	0.8445631480332104	0.9507946014065543	
248.2371	28.33	0.8403590110823748	-1.0221106842747036	
279.8322	207.03	0.9034729505658737	0.7346998098052391	
279.8322	212.94	0.6839009488130365	1.54889464868781	
249.0609	166.29	0.7512458604054949	-1.3795371592777517	C10H8N4O4
249.082	261.32	0.8445631480332104	-0.9689301976865062	
249.0958	217.04	0.8023125807592318	1.1651720654276443	
212.8515	207.56	0.6281268801428691	1.7503924202922885	
212.8515	211.36	0.9974486559894211	-0.0663005628131055	
249.108	345.47	0.8023125807592318	-1.2073248709991007	C9H16N2O6
249.108	359.32	0.5176569119032446	-2.286214096268996	C8H7FN2O3
249.1194	304.93	0.7007953075977821	-1.4943658726073528	
249.1271	164.72	0.9048738365489336	0.6795979106961453	
249.1271	308.08	0.5176569119032446	-2.3560426746099714	C9H17N3O5
280.0918	318.46	0.9798147375150087	-0.15424781355024958	C8H20NO6P
280.1289	198.73	0.9990731120014948	0.01423734384874611	C13H17N3O4
280.1289	201.38	0.4307105944368841	-2.9651225554085303	C13H17N3O4
177.8881	208.61	0.8403590110823748	1.025193978804361	
177.8881	210.18	0.9749431644491543	0.28445591694523414	
177.9667	209.26	0.8617877675315624	-0.8733095459388961	
178.024	213.6	0.6152156812898328	-1.791458758774238	
250.0933	35.29	0.9725297770251871	0.3285400655214367	
250.0991	197.68	0.98628070788428	0.11810010093567268	
250.0991	216.91	0.7864409077225064	1.295152761823977	
178.0903	298.37	0.4761499540664943	-2.679277859727142	C6H12N2O4
281.0952	318.33	0.9974486559894211	0.06619492625057147	C8H20NO6P
250.884	207.42	0.9749431644491543	-0.23348086564232887	
250.884	211.63	0.9105983252313767	-0.6018517930302295	
281.113	285.04	0.5239871730377107	-2.2306017573177255	C13H16N2O5
281.1493	162.09	0.9048738365489336	-0.7079478067412368	C14H20N2O4
281.1493	175.49	0.9875197713551404	0.11348979243707491	C14H20N2O4
281.2066	26.88	0.9749431644491543	-0.17344275355559494	C12H20O4
251.0427	243.37	0.4307105944368841	-3.0479265839980103	
251.0695	312.29	0.4307105944368841	3.485843452293522	C8H14N2O5S,C8H14N2O5S,C9H15O6P
251.1388	27.67	0.8387714336667168	1.0503889633518335	C11H20O6
179.0703	28.07	0.8499965464366551	0.9231540134347246	C10H10O3
282.1188	205.06	0.9095240522239892	0.6581297420583992	
282.1422	239.53	0.9640048031525865	-0.4065440562651333	C11H21N3O4
252.0725	303.88	0.9725297770251871	0.3521269746935743	
282.2789	29.38	0.9749431644491543	0.25705487582631154	C18H35NO
282.2789	35.02	0.9990731120014948	0.014904188751634706	C18H35NO
252.1886	27.41	0.9299166507167356	0.5335730469073102	
179.881	213.99	0.8445631480332104	0.9718824965259893	
283.1174	28.07	0.5176569119032446	-2.38470293095938	C14H18O6
283.1287	203.22	0.5239871730377107	-2.2178640087001598	C13H18N2O5
283.1287	206.64	0.9990731120014948	-0.047968794189564797	C13H18N2O5
180.0879	349.54	0.9866894972957715	0.1158880285622983	C7H9N5O
215.1265	28.07	0.9749431644491543	-0.19880137439820667	
253.1644	28.2	0.9311113985246773	-0.5093476082480988	
215.139	242.19	0.4307105944368841	-3.9977450329178907	C10H18N2O3
180.879	213.86	0.8403590110823748	1.0242669401898254	
253.2385	199.25	0.8023125807592318	1.254192091573515	
284.0733	248.66	0.5745028683019064	1.97755820299137	C13H9F3N2O2
284.0987	174.96	0.8641017021813827	0.8398473139246131	C10H13N5O5
284.121	28.07	0.7022862029215915	-1.489342793645171	C14H18O6
284.121	218.09	0.9058792311092402	0.672110279415473	
216.0631	299.42	0.9749431644491543	-0.28825517118274285	C5H14NO6P
311.1235	314.65	0.4598693667419556	-2.827471519423466	C14H18N2O6
311.143	247.09	0.4307105944368841	-4.0191230090844785	C15H15N3O4
284.2065	27.41	0.5239871730377107	-2.1589940865776316	
254.1214	182.18	0.5239871730377107	-2.183680889645205	C12H16N2O4
254.1598	175.75	0.993315335399147	0.09288717298107588	
216.8367	206.9	0.9749431644491543	0.2783809684736253	
216.8367	212.94	0.9990731120014948	0.05047279672053751	
254.1961	26.62	0.5599806291525704	-2.0961397322766158	
254.1961	28.2	0.9974486559894211	0.06410086573627455	
284.9717	222.03	0.7864409077225064	1.296603952922716	
284.9717	227.28	0.930397500162013	0.5317875278367536	
254.9825	224.4	0.9474003100084178	0.48550362418023535	
285.1023	174.96	0.8641017021813827	0.8477486033589382	C10H13N5O5
312.1948	252.87	0.9095240522239892	0.6096057726903565	C20H25NO2
312.2375	27.41	0.9990731120014948	-0.025331754833787277	
285.2099	27.41	0.5745028683019064	-1.9908202178208594	
217.0616	276.23	0.9058792311092402	0.6702785135374139	
217.0664	299.42	0.9749431644491543	0.1764403788742446	C5H14NO6P
312.9018	209.39	0.8127963599882979	1.1399711168611393	
217.0818	359.32	0.6281268801428691	-1.7547946425089356	
313.0767	235.85	0.5176569119032446	-2.504851180153418	C14H17ClN2O2S
255.9515	207.56	0.9990731120014948	-0.0015428359816620813	
217.1182	289.41	0.8445631480332104	-0.9971041373230931	C9H16N2O4
255.9862	224.4	0.9048738365489336	0.7141168188773888	
256.0087	214.91	0.8641017021813827	0.8261848552686203	
313.8994	207.95	0.98628070788428	0.11754711836359812	
313.8994	210.31	0.6152156812898328	1.7991543485751658	
286.1507	290.72	0.5176569119032446	-2.444376014157058	
286.1759	245.08	0.4598693667419556	-2.8222676378119016	
256.0902	316.22	0.8587127468462379	-0.8858229393977048	C8H15N3O5
286.2114	27.41	0.8023125807592318	-1.2341072744978652	
256.0946	320.03	0.9311113985246773	0.5150283440656169	C9H12N2O4S
256.1324	253.0	0.98628070788428	0.1187906438131789	C16H17NO2
314.0843	268.15	0.9749431644491543	0.26413409343410416	
314.8134	207.29	0.8194432610060232	1.1184937478127508	
314.8134	212.94	0.9749431644491543	0.2936987610914804	
218.1134	308.08	0.4761499540664943	-2.6843164561347064	C8H15N3O4
218.1134	318.33	0.8387714336667168	-1.0501556205695086	C8H15N3O4
315.0795	341.23	0.583881711680981	1.8760603126003808	C10H16N2O8
288.1803	26.23	0.9749431644491543	-0.28440389247395104	
288.2894	28.2	0.8356613640439866	-1.06721537103498	C18H33NO
288.8397	208.34	0.7708909639363243	-1.3343151584372297	
288.8397	210.58	0.9095240522239892	-0.6512930379657995	
316.1264	196.23	0.6249609635862134	-1.7699138888703874	C17H18FN3S
316.1628	277.15	0.5724980548898867	-2.0596080363357516	C15H23N3O3
316.1864	255.23	0.4307105944368841	-3.0900386105153843	
316.234	294.53	0.9749431644491543	0.17565021914272635	
289.2063	304.01	0.9048738365489336	-0.7227829801307761	C12H25N5O3
257.9931	210.31	0.9990731120014948	0.0024745457018517853	
316.9199	209.53	0.9095240522239892	0.6211694949309832	
258.1446	308.74	0.5176569119032446	-2.320128224056389	
290.1457	424.39	0.5745028683019064	-1.9410243373298708	C10H19N5O5
290.1595	27.28	0.4307105944368841	-3.2319225454576195	C11H20O6
344.0906	309.0	0.5745028683019064	1.9858257586067958	C18H15O7
290.1708	34.89	0.8217827152250405	1.1126443711646514	
290.1708	48.68	0.8023125807592318	1.2502526314786744	
290.1708	273.83	0.4307105944368841	-3.3311950169937594	
317.1105	285.04	0.4307105944368841	-3.025947407693929	C14H18N2O5
344.2276	34.76	0.9725297770251871	-0.33285563596472145	
258.279	28.46	0.9631551968839914	0.41700889888602377	
291.0214	265.39	0.5745028683019064	-1.9401460308951626	
291.0754	221.11	0.9095240522239892	-0.6487651366363776	
258.9356	207.16	0.9990731120014948	0.013239350038242375	
258.9356	213.2	0.9013540842315707	-0.7431363089295139	
317.9233	209.53	0.9725297770251871	0.3241521969012311	
258.9891	210.44	0.9749431644491543	-0.2627000017213499	
344.9841	221.51	0.9203015570793772	-0.5658422735235352	
318.0764	319.64	0.9725297770251871	0.35436965840879386	
318.1058	257.49	0.4307105944368841	-3.3913440966628547	C13H17N3O5
291.9623	209.39	0.9640048031525865	0.4053520380784581	
345.1054	348.49	0.897583817338773	-0.7686594543296279	C9H19O11P
318.1907	25.96	0.8403590110823748	-1.0380366560808956	
318.1907	27.28	0.8023125807592318	-1.2236016344429752	
259.1131	319.51	0.8445631480332104	-0.9604406745263321	C8H20NO6P
345.144	166.95	0.4307105944368841	-3.9007652309959697	C18H20N2O5
318.8781	209.26	0.9749431644491543	0.20146384256852373	C8H4Cl6
259.9922	210.58	0.7708909639363243	-1.3305316671966148	
318.9177	209.0	0.9095240522239892	0.6581320094071188	
292.1331	1.18	0.9609333188324322	0.43778151073576105	
292.1331	404.69	0.9096508838441587	-0.606709765420134	C10H18N4O6
292.1753	27.28	0.6281268801428691	-1.7355173159686994	
292.2015	25.18	0.9311113985246773	-0.5118134383769227	
292.9594	222.03	0.9631551968839914	0.4224495389189175	
292.9594	227.55	0.98628070788428	0.12086237816072669	
260.0269	299.42	0.947610561297367	0.48221339442670014	
346.0406	365.92	0.8641017021813827	-0.8539309620979972	C9H14N3O8P
319.8817	209.26	0.9725297770251871	0.33028349120493317	C8H4Cl6
260.1138	319.51	0.9048738365489336	-0.7264075528741777	C11H17NO6
293.0551	4.2	0.9974486559894211	-0.06496583826247494	C7H15O10P,C7H15O10P
293.0977	341.23	0.8641017021813827	0.8365477395590195	C10H16N2O8
260.1491	26.49	0.6359702153122098	-1.7047423956651597	
260.1603	239.66	0.9311113985246773	-0.5118322508603749	C11H21N3O4
260.1967	329.91	0.8448066804873612	-0.9343388124263776	C12H25N3O3
320.2065	26.75	0.7297121960617315	-1.4427632246753308	C13H26O6
320.876	209.26	0.9923320118929272	0.10087955913491949	
347.107	176.14	0.9749431644491543	0.1706144774015299	C17H17Cl2N
260.9877	210.58	0.9725297770251871	0.3235515940447513	
294.1005	341.23	0.8641017021813827	0.8302394037625593	C10H16N2O8
321.0377	166.03	0.9631551968839914	-0.4192515005022982	C12H17O4PS2
294.1445	196.23	0.7501715893392363	-1.3976791709714624	
294.1809	277.02	0.4307105944368841	-3.2222295337571425	C15H23N3O3
294.2272	25.7	0.9725297770251871	-0.34486374988858276	
261.1189	335.46	0.5724980548898867	-2.069610662787834	C7H13N3O5
261.1443	305.33	0.5176569119032446	-2.3218673511460213	C11H20N2O5
261.1443	311.37	0.4307105944368841	-3.9327474184879767	C11H20N2O5
294.9289	207.82	0.9048738365489336	-0.6888262966503201	
261.1637	239.92	0.5770387134498712	-1.8949659106746972	C11H21N3O4
348.1696	217.44	0.9095240522239892	-0.6289120674357167	
348.8064	207.56	0.9990731120014948	0.020543650918211163	C8H4Cl6
348.8064	211.76	0.9749431644491543	-0.29397643876373225	
322.0698	374.32	0.98628070788428	0.12104198511273692	
295.0677	367.36	0.5724980548898867	-2.0632475975531923	
295.0775	364.58	0.5745028683019064	-2.034101064802817	
262.1184	186.52	0.5745028683019064	-2.00240907197187	C13H15N3O3
295.1286	285.18	0.5176569119032446	-2.476038692617832	C14H18N2O5
295.1844	277.02	0.4307105944368841	-3.3850125332255185	C15H23N3O3
322.874	209.39	0.9631551968839914	0.42000777070241463	
295.9484	210.44	0.5239871730377107	-2.1752984442728804	
296.1238	257.75	0.4307105944368841	-3.512015781838928	C13H17N3O5
296.1321	284.78	0.5239871730377107	-2.194891333607228	C14H18N2O5
296.9257	28.98	0.9749431644491543	-0.23685366532703306	
296.9278	207.29	0.9203015570793772	0.5631559580695946	
296.9278	211.76	0.98167325146768	0.14585379792751535	
296.9454	210.31	0.9990731120014948	-0.052692414117106665	
263.0872	396.38	0.9203015570793772	-0.562965564740561	C9H14N2O7
263.0946	147.12	0.8809600010420188	0.8043699203375118	
263.0946	156.71	0.9311113985246773	0.5194913212142516	C16H10FN3
350.2183	203.35	0.5239871730377107	2.2021794009411257	
350.2183	216.78	0.5176569119032446	-2.2877748996935456	
324.0587	366.18	0.7960953931461081	1.2802021117185478	C9H14N3O8P
297.0819	24.52	0.8900068033001871	-0.7790137796617735	
297.0819	182.31	0.5176569119032446	-2.494897241337033	C9H14N4O6,C12H13F3N2O2,C11H16NO7
297.1078	317.67	0.4307105944368841	-3.0603251668492635	C14H17NS2
324.2013	27.15	0.9555578941042313	-0.4445016647722894	
297.1267	257.75	0.4307105944368841	-3.476676575478077	C13H17N3O5
350.9872	367.23	0.6738601986691812	-1.622495912641909	
297.1588	252.61	0.878997626812609	0.8076862784216882	C16H17NO2
351.0009	224.4	0.9725297770251871	0.33002019864480997	
324.8971	242.19	0.8023125807592318	1.2349310006091392	
324.9874	242.45	0.8622911120000069	0.8713107625591683	C4H6N4O12
325.0187	212.68	0.8445631480332104	0.9651024055239998	
297.9829	246.95	0.9656821199772191	0.38781372206568815	
351.2219	203.35	0.5239871730377107	2.1550945144448845	
351.2219	217.17	0.5176569119032446	-2.5373778952966446	
325.043	227.15	0.6495474914379367	-1.6872208040578873	
325.043	310.58	0.98167325146768	-0.14477053266471782	C9H13N2O9P
297.9884	221.38	0.8445631480332104	0.9950837479879467	
325.0623	337.03	0.9549675350111543	-0.45613390461473236	C9H14N3O8P
325.0623	366.18	0.7864409077225064	-1.294294314144977	C9H14N3O8P
298.0966	34.63	0.9048738365489336	-0.6838679438005764	C11H15N5O3S
352.0043	224.66	0.9048738365489336	0.6849688267706936	
298.1862	26.49	0.8996387113416722	-0.7634864147418322	C11H20O6
298.3466	28.07	0.595675486804337	-1.8554932806425468	C20H43N
265.1115	201.65	0.7501715893392363	1.3996430335649037	
298.8396	206.9	0.8641017021813827	-0.8330387469833216	
298.8396	213.2	0.9749431644491543	-0.19955560835871594	
326.046	310.71	0.9749431644491543	-0.3115740855268072	C9H13N2O9P
326.0561	222.03	0.6839009488130365	-1.5615185217602396	
326.0561	227.81	0.5770387134498712	-1.905667578277951	
299.0435	248.0	0.4761499540664943	2.6743048476189357	
299.1002	34.63	0.9749431644491543	0.21901161748003087	C11H15N5O3S
265.9989	196.1	0.4307105944368841	-3.153036700084743	
327.1407	142.66	0.9749431644491543	-0.2685238303606465	
327.201	36.21	0.9048738365489336	-0.6973543941501925	
353.0055	224.66	0.8413982592804891	1.0113563705753368	
266.0745	164.06	0.9749431644491543	0.18952631782505477	C9H13N3O5
299.2579	29.38	0.9749431644491543	0.2660878892406793	
299.2579	35.29	0.8317544216007627	-1.074371162774408	C19H30O2
353.1452	273.17	0.4307105944368841	-2.9508830184459196	
266.115	201.65	0.6745373607104136	1.5965058546913202	
328.1532	253.92	0.7708909639363243	-1.3396750877916843	C19H21NO4,C12H26NO7P
328.2326	27.93	0.7297121960617315	-1.4403137909179287	C13H26O6
353.92	321.24	0.9749431644491543	0.18692286938130806	
300.066	319.9	0.9725297770251871	0.3315127033357314	
267.0713	177.72	0.5745028683019064	-2.0012853338015573	C9H14O9,C8H9F3N4O3
267.078	164.19	0.993315335399147	0.0961743944399322	C9H13N3O5
300.1209	251.56	0.9798147375150087	0.15229480795545344	C10H22NO7P
267.1078	201.78	0.8641017021813827	0.8450535587164408	C11H14N4O4,C10H18O8
267.1078	273.96	0.5176569119032446	-2.438985611074471	C11H14N4O4,C10H18O8
267.1224	26.23	0.6745373607104136	-1.592740471434768	C13H11N3O
329.0054	366.84	0.690130436584961	-1.5165837381369676	
267.1337	159.86	0.5724980548898867	-2.0585100421749543	C12H16N2O3
329.0152	364.58	0.5770387134498712	-1.894631197494464	
267.1716	25.05	0.8860327153337448	0.795200283425184	
267.18	27.41	0.6281268801428691	-1.7222925632762587	
300.2895	29.38	0.9749431644491543	0.17331571349404087	C18H37NO2
300.2895	35.02	0.9798147375150087	0.15673509774725958	C18H37NO2
355.011	341.23	0.5770387134498712	1.9019380049005927	
300.946	208.08	0.8641017021813827	0.8637245434758399	
300.946	210.71	0.9311113985246773	0.5248627080198216	
355.9695	210.05	0.4598693667419556	-2.765435020319177	
356.0147	340.84	0.4307105944368841	3.0770550266389605	
356.0495	324.92	0.9725297770251871	-0.32799664678851803	
268.1266	274.88	0.920979317059388	-0.5578739427659248	C10H19N3O4
356.0755	388.37	0.9725297770251871	-0.3557490718441294	C17H12ClF3N2O,C19H12O7
268.1374	159.6	0.4307105944368841	-3.1308347715810374	C12H16N2O3
268.1753	26.1	0.8023125807592318	-1.1656995334455214	
356.8549	208.08	0.9749431644491543	0.21464568953567012	
331.0105	364.58	0.5745028683019064	-2.029974889180349	
269.0395	265.39	0.5807290337473484	-1.8854436707970639	
356.9664	210.58	0.9095240522239892	-0.6630255660523209	
357.0078	341.23	0.5770387134498712	1.8996952395592412	
269.113	236.11	0.4307105944368841	-3.061628040744787	C12H16N2O5
357.0553	352.59	0.7046049178320998	-1.4822648296648095	C9H19O11P
302.1107	198.6	0.993315335399147	-0.09556912364867552	C13H17N3O4
302.1107	201.38	0.4598693667419556	-2.87623206194316	C12H16N2O4
332.1213	247.09	0.4307105944368841	-3.310617567817945	C15H15N3O4
332.1925	275.7	0.6201021731036437	-1.781197417307899	
302.1456	165.38	0.9163817463167807	-0.5914015696549197	
269.9571	242.19	0.8445631480332104	0.9694429031508223	
332.3308	28.07	0.9656821199772191	-0.3881009746972098	
332.3308	33.58	0.9631551968839914	-0.42596670715836155	
357.9684	210.84	0.6281268801428691	-1.7285537666595356	
270.0014	224.4	0.9631551968839914	0.4170045893530849	
302.2071	28.07	0.897583817338773	0.7675480382436524	
332.8937	209.26	0.9749431644491543	0.24690059226414796	
270.1058	308.08	0.5745028683019064	-1.9807488444392638	C9H17N3O5
270.1164	236.11	0.4307105944368841	-3.224408686486671	C12H16N2O5
302.3051	28.33	0.9482060597140474	0.47836318751355683	C18H39NO2
270.1909	28.2	0.5770387134498712	-1.9168814085572523	
302.9042	209.0	0.9640048031525865	0.40581034191923016	
333.1553	201.65	0.690130436584961	-1.5178582379119134	C16H20N4O4
270.3153	28.2	0.8445631480332104	0.9939867822695659	C18H39N
333.1916	284.13	0.4307105944368841	-3.1851935238001943	C17H24N4O3,C16H28O7
359.0066	340.84	0.4598693667419556	2.824137928933007	
270.9772	229.52	0.9095240522239892	-0.6384318412949815	
271.0023	224.53	0.993884674780348	0.089627036604515	
333.3343	28.07	0.9163817463167807	-0.5857399441163753	
333.8971	209.13	0.9749431644491543	0.1853357680147665	
303.1448	203.88	0.5239871730377107	2.2032066677204862	C15H18N4O3,C14H22O7
334.0514	248.53	0.5176569119032446	2.2828011487736086	
334.0514	256.3	0.6152156812898328	-1.7973178438355866	
334.1394	282.81	0.5176569119032446	-2.28282619030184	C16H19N3O5
271.3187	28.33	0.9110483304182075	0.5987968154411422	C18H39N
334.8916	209.26	0.9749431644491543	0.2302761808122267	
334.9238	367.23	0.897583817338773	-0.7668602242833815	
304.1613	288.88	0.8023125807592318	-1.1645003367655633	C11H21N5O5
272.149	26.23	0.8445631480332104	-0.9436121186535663	C14H20O5
304.2996	28.2	0.9003267558006437	-0.7557011983041544	
304.2996	33.84	0.9549675350111543	-0.45107421558070193	
304.8626	209.13	0.9311113985246773	0.5164725571724762	
335.0452	168.0	0.5176569119032446	-2.5129765038639964	C12H14O9S,C15H12Cl2N4O
335.0734	352.59	0.5176569119032446	-2.4394307413868024	C9H19O11P
335.0945	246.82	0.9007703763725071	0.7479860545722269	C17H16ClFN2O2
361.0784	375.37	0.9847671537939109	-0.13685229771634183	
361.1825	301.78	0.8023125807592318	-1.2396589043208102	
361.1978	256.83	0.4307105944368841	-3.9945400145787047	C17H24N6O3
335.8949	209.39	0.9749431644491543	0.20972820970877923	
361.2354	25.05	0.9749431644491543	0.17380615897819052	
335.9213	367.23	0.9048738365489336	-0.713763102882175	
305.165	289.01	0.8023125807592318	-1.2298744234581838	C11H21N5O5
305.165	422.42	0.6745373607104136	-1.5876273570172421	C11H21N5O5
305.3029	28.07	0.9188992741684296	-0.5793166208365903	
305.3029	33.84	0.9749431644491543	-0.2702618813288077	
336.0869	319.38	0.9222157306368912	-0.5540723729290006	C11H17N3O7S,C19H13NO5
336.2016	27.54	0.4307105944368841	-2.9887349725448087	
306.0806	176.14	0.9749431644491543	0.24723733842512782	C17H17Cl2N
306.0943	375.64	0.7708909639363243	-1.3293368950965032	C10H15N3O8
306.1445	170.23	0.5176569119032446	-2.2772131523327364	C15H19N3O4
306.1592	304.14	0.889153153458524	-0.7824005343965394	C11H19NO8
306.1592	317.01	0.7960953931461081	-1.2792453817186256	C11H23N5O3S,C11H23N5O3S,C19H19N3O
336.8894	209.26	0.9749431644491543	0.2533722226337596	
362.9561	221.77	0.9631551968839914	0.416764016011906	
362.9561	227.81	0.9919882085101466	0.10480652595904512	
336.9191	366.97	0.9749431644491543	-0.23454091145121064	C6H12N2O4Se2
336.9854	224.26	0.9645757282738668	0.3929896056532654	
307.0843	176.14	0.9749431644491543	0.23730728671003837	C17H17Cl2N
274.1647	25.96	0.47621458580789866	-2.664952606753877	
337.2733	27.93	0.9645757282738668	0.3930210081504272	C21H36O3
274.1871	339.79	0.8445631480332104	-0.9495824963431104	C11H23N5O3
274.1871	379.97	0.5176569119032446	-2.5131165337865395	C11H23N5O3
337.8932	209.13	0.9710115671012038	-0.3678239935128778	
274.9094	207.42	0.9974486559894211	-0.0606442369184596	
274.9094	212.15	0.8364305957115352	-1.0611721845302429	
337.9664	221.64	0.98628070788428	0.11924481290455846	
274.9362	207.56	0.9749431644491543	0.2571581660028206	
274.9362	209.53	0.8127963599882979	1.1321059250970282	
337.9889	224.66	0.8403590110823748	1.0242985738873058	
363.9547	228.86	0.9974486559894211	-0.06550517503281018	
308.1964	24.91	0.9974486559894211	-0.06724688898757662	
364.0066	185.2	0.8023125807592318	1.2066819204791899	
275.0534	214.51	0.8023125807592318	-1.1665021372474	
275.1347	329.25	0.4307105944368841	-4.048601640350051	C10H18N4O5
308.8493	209.39	0.9875197713551404	0.11138685033392293	
364.2326	27.28	0.9058792311092402	0.6690843020848499	
275.1906	339.66	0.8638212962403164	-0.868351102982627	C11H23N5O3
275.1906	380.23	0.5745028683019064	-1.9639840739626475	C11H23N5O3
364.9523	221.77	0.90034114382738	-0.7525551113784348	
364.9523	228.47	0.9974486559894211	-0.07095651310218679	
339.0965	374.45	0.9749431644491543	0.17844278053963777	
339.1856	297.05	0.4307105944368841	-3.4981440926006577	C15H23N5O4
365.9636	27.28	0.8448066804873612	-0.9362351925869813	
339.2077	24.91	0.6750125576022727	-1.578776100635696	
339.289	27.93	0.98628070788428	0.12910589594903582	
339.9956	212.02	0.8587127468462379	-0.8881635414463842	
310.0247	227.15	0.8570745077904911	-0.9086788014472355	
366.2132	278.33	0.4307105944368841	-3.4388899103593835	
340.0807	402.72	0.9095240522239892	-0.6085988768096503	
276.134	167.21	0.4307105944368841	-3.018365144722515	
310.1395	247.09	0.4307105944368841	-3.9125911467068577	C15H15N3O4
276.1553	425.44	0.9676793810925605	0.38236844979951734	C11H21N3O5
310.8506	207.29	0.9974486559894211	-0.06745301150534636	C8H4Cl6
310.8506	212.02	0.9048738365489336	-0.6816735028654667	
340.9925	211.76	0.8641017021813827	0.8358027944313642	
277.0488	214.38	0.8023125807592318	-1.1853949650307836	
277.1029	387.32	0.7834523595643951	-1.30661564800564	C10H16N2O7
277.1029	392.57	0.7708909639363243	-1.3349881380045574	C10H16N2O7
341.0281	249.19	0.8403590110823748	1.0231998558557154	
368.0471	248.92	0.6281268801428691	1.7514445822735434	
341.0977	179.69	0.6152156812898328	-1.7898562315152824	
341.0977	188.49	0.5745028683019064	-2.043447008404537	
278.1167	243.76	0.8641017021813827	-0.832404554933095	C10H19N3O4S,C18H15NO2
278.1599	27.28	0.5176569119032446	-2.5370807872475183	C13H11N3O
376.9929	341.23	0.8023125807592318	1.2548017084450587	
370.0318	367.76	0.5770387134498712	-1.9089530968240722	
410.8786	209.13	0.9749431644491543	0.19632225443952392	
371.1009	24.52	0.9749431644491543	-0.2356063595211245	
378.0574	388.5	0.9163817463167807	-0.5834901994706109	C17H12ClF3N2O,C19H12O7
279.1007	287.7	0.8023125807592318	-1.2420787588964677	
279.1007	296.0	0.4307105944368841	-3.8023129788529673	C10H18N2O5S
279.1007	316.22	0.6857648634298434	-1.5337283719762766	C10H18N2O5S,C18H14O3
412.0062	319.11	0.9656821199772191	-0.3856778075814506	
372.101	24.65	0.9749431644491543	0.21777145274275225	
372.1898	303.49	0.9725297770251871	0.33037366091994796	C22H26O5,C20H23FN4O2
372.8288	209.39	0.6745373607104136	1.5986017076499304	
379.2484	37.52	0.919608592300446	0.5708375394100464	
379.2681	25.18	0.6857648634298434	-1.5367233114740273	
380.0169	318.33	0.9990731120014948	-0.0033444690118928848	
380.032	319.77	0.9798147375150087	0.15549320353994256	
450.0668	370.65	0.9974486559894211	-0.06653057578882889	
450.0668	373.01	0.8127963599882979	-1.1285400826444347	
381.2782	25.05	0.5745028683019064	-2.0036029999147607	
414.8967	209.26	0.9249369903402835	0.5451798931072555	
374.9625	221.9	0.9555578941042313	0.44507861162333506	
452.9879	341.23	0.6281268801428691	1.7253771825780007	
453.1005	299.55	0.5176569119032446	-2.2817827394686607	C20H19FN4O4S
375.1983	288.23	0.9749431644491543	-0.29567410518632986	C22H30O3S
453.3428	30.82	0.98628070788428	0.12533733599988559	
453.3428	34.89	0.9990731120014948	-0.030054603836413788	
453.9464	210.05	0.4307105944368841	-3.0098428384510987	
454.0265	325.71	0.9640048031525865	-0.4074697768872415	
415.9005	209.39	0.9048738365489336	0.7005892826457726	
382.9946	248.66	0.5176569119032446	2.2975644925815515	
382.9946	257.35	0.9048738365489336	-0.7072459012666147	
454.2915	26.23	0.8403590110823748	-1.0298898549190592	
454.2915	135.17	0.7708909639363243	1.3348470564991135	
454.9434	210.31	0.5176569119032446	-2.317847181789303	
454.9846	341.23	0.7960953931461081	1.2772562241166427	
491.2914	23.21	0.947610561297367	-0.48022751091081106	
455.9458	210.05	0.6281268801428691	-1.7319053035923118	
416.2252	29.77	0.6713201176045887	1.6415518506486089	
492.2951	23.34	0.9749431644491543	-0.2520471118771564	
384.1145	303.88	0.9687723614036369	0.3763057029391161	C14H17N5O8
456.9419	210.18	0.5745028683019064	-2.0140335737149386	
456.9651	222.03	0.9457972796362055	-0.49218921702329543	
456.9651	227.81	0.8023125807592318	1.1751527817317309	
416.855	209.26	0.9749431644491543	0.2832493475896349	
416.86	321.9	0.9974486559894211	0.0655105720512004	
416.8946	209.13	0.9311113985246773	0.5082436389506085	
385.1284	277.67	0.9095240522239892	-0.6466406096261786	C17H19FN4O4
417.2452	233.22	0.4307105944368841	-5.020098688259785	C17H32N6O6
494.3238	136.62	0.5745028683019064	1.9473705321561825	C24H48NO7P,C24H48NO7P
386.7625	207.95	0.9830012546546418	-0.1401244993733804	
386.7625	211.1	0.9990731120014948	-0.01876895567201817	
418.8531	209.26	0.9725297770251871	0.3442970820711883	
496.3393	125.72	0.5239871730377107	2.2141120867604327	
418.9884	224.53	0.930397500162013	0.5305369647938506	
419.1696	28.07	0.4307105944368841	-3.1747493465486203	C22H26O8
387.0844	168.26	0.7046049178320998	-1.47718248894483	
387.1798	26.23	0.6111688091504535	-1.822417092107458	
497.3427	125.72	0.5239871730377107	2.186821567303798	
497.3427	136.36	0.7007953075977821	1.493512674933829	
419.9915	224.13	0.9048738365489336	0.6755050984942574	
498.858	208.74	0.90034114382738	0.7507777734834221	
420.3185	1.97	0.8224483845008047	1.09004777001023	C26H42O4
388.1832	26.23	0.8387714336667168	-1.055355021620897	
388.2182	0.78	0.9749431644491543	0.21090325875183227	
499.9909	319.38	0.9725297770251871	0.35777958807677374	
388.2539	34.89	0.9749431644491543	-0.24806744985695933	
500.9913	224.26	0.9749431644491543	0.2707908323463878	
464.2611	305.85	0.5176569119032446	-2.424937414853154	
501.9946	224.66	0.8403590110823748	1.0292663367793735	
502.3156	25.18	0.7512458604054949	-1.380372141449625	
464.8906	221.51	0.9048738365489336	0.701504748917102	
502.9858	370.38	0.9251361741904046	-0.542188369805286	
502.9961	224.0	0.8641017021813827	0.8337614557261608	
466.0131	378.0	0.8023125807592318	-1.1983365579133507	C10H15N5O11P2,C10H15N5O11P2
424.1016	416.47	0.98628070788428	0.12693679352725043	C18H21N3O5S2,C14H21N3O10S
503.3186	25.18	0.8445631480332104	-0.9426556328551252	
391.0478	221.24	0.9749431644491543	-0.1792731064101165	
467.1402	254.32	0.6745373607104136	-1.601553169779935	
468.308	138.85	0.5239871730377107	2.1971647684259135	C22H46NO7P
469.9769	303.09	0.9241705816194069	0.5507374914577462	
509.9829	319.51	0.9512553298098222	-0.47402694307734483	
473.3175	24.65	0.8568450644904044	-0.9114504414042357	
430.302	302.44	0.5176569119032446	-2.5191285819598486	
511.0962	391.0	0.9003267558006437	-0.7559900228274185	C14H26N4O11P2
511.1196	297.05	0.8615952851298705	0.8762913812413737	
430.8707	209.26	0.9749431644491543	0.2239506963198305	
394.9047	207.82	0.9034729505658737	0.7325788617850949	
394.9047	211.89	0.9749431644491543	-0.267905624196723	
431.1186	299.55	0.749404234488655	-1.4076273661006566	C20H19FN4O4S
512.8737	209.13	0.9645037803316976	0.3992411357750057	
395.1558	197.41	0.9749431644491543	0.26366625340929273	C19H20N2O7
395.1558	217.17	0.7501715893392363	1.3851803562984522	C18H22O7S,C19H18N4O3S
431.8738	209.26	0.9749431644491543	0.22718351009987603	
513.877	209.13	0.8866655243714446	0.7911231481166627	
514.8321	209.39	0.9640048031525865	0.40347027107709005	
514.8714	208.74	0.9974486559894211	0.06871707002090736	
514.8714	209.53	0.9528994292982426	0.46731377902897575	
515.007	224.53	0.9725297770251871	0.32452957742916594	
396.2939	25.18	0.9749431644491543	0.17292564273979433	
515.2124	319.11	0.9095240522239892	-0.6424180489325882	
432.2801	35.16	0.9990731120014948	-0.008170121029802245	
432.8678	209.26	0.9749431644491543	0.20463271387189572	
516.0103	224.53	0.9990731120014948	0.04269567414851744	
433.0039	224.26	0.9749431644491543	0.24742576292666102	
433.2405	26.23	0.9725297770251871	0.3606864469522349	
516.8302	209.13	0.9710115671012038	0.36949956753541674	
477.2042	252.61	0.8403590110823748	1.0310398603690376	C21H29N6O5P
517.0116	224.0	0.8641017021813827	0.8417480416896926	
478.2071	252.87	0.9095240522239892	0.6429289428951255	C21H29N6O5P
434.0074	224.26	0.9641346434077357	0.40110347966853915	
479.1985	252.61	0.9203015570793772	0.5624074206221376	C26H32ClFO5
479.2607	203.88	0.6850328017606799	1.5447885147113325	
479.2607	205.72	0.8587127468462379	0.8995052719497705	C27H36F2O5
434.8669	209.26	0.9749431644491543	0.25376853907690633	
480.2025	252.61	0.8023125807592318	1.176618090249242	C26H32ClFO5
435.0087	224.26	0.9734570386244554	0.3177213815544395	
520.3324	35.68	0.9749431644491543	0.24985357784510362	
520.3379	124.8	0.7046049178320998	1.4808430988785601	
520.3379	131.24	0.6713201176045887	1.6409820875220265	
520.3379	133.21	0.9990731120014948	-0.0035286006080268097	
520.3379	136.09	0.6745373607104136	1.6031483532699444	
520.8318	221.24	0.8641017021813827	0.8417140130468426	
520.8318	229.65	0.9549675350111543	0.4512786687999975	
399.2457	36.6	0.9749431644491543	0.23797113449108553	
399.7476	36.6	0.9656821199772191	-0.3859051659610376	
482.3238	136.88	0.6152156812898328	1.8123626011310912	C23H48NO7P,C25H43N3O6
482.3599	138.46	0.7046049178320998	1.4780200412419202	C24H52NO6P
522.355	134.52	0.7007953075977821	1.493315834175479	
400.0505	318.46	0.9990731120014948	0.03706587536528713	
523.3583	134.65	0.6738601986691812	1.6213268036797175	
400.8811	209.53	0.9749431644491543	0.28685272727346495	
524.371	123.23	0.8127963599882979	1.1297715680242777	C26H54NO7P
524.371	132.81	0.6313893526127262	-1.7127073489104674	
438.8831	230.04	0.9725297770251871	0.34758634028569374	
438.9696	211.23	0.9749431644491543	0.22026976650665894	
401.1588	28.07	0.5176569119032446	-2.267209787043375	C22H24O7
401.1588	307.95	0.9990731120014948	0.05568726357455664	C17H26N4O3S2,C15H26O12
401.1588	311.89	0.9048738365489336	0.6847627985930671	C22H24O7
401.1588	318.06	0.9034729505658737	0.7363787505668364	C22H24O7
485.2889	25.18	0.8224483845008047	-1.0945231303730962	
486.2924	25.31	0.6111688091504535	-1.8208941564939236	
486.3456	132.94	0.98628070788428	-0.12093399607619136	
488.0462	226.89	0.9048738365489336	-0.6842890433213302	
441.1516	28.2	0.6738601986691812	-1.6152301052065408	C22H26O8
528.8476	209.26	0.9749431644491543	0.267714129482756	
489.1141	391.0	0.8023125807592318	-1.1636521872753214	C14H26N4O11P2
529.851	209.26	0.9095240522239892	0.6382448231855419	
404.2062	26.23	0.9631551968839914	-0.4263304725474715	
490.1175	391.0	0.8224483845008047	-1.1051861824019673	C14H26N4O11P2
530.3468	25.31	0.9749431644491543	-0.2760867666950137	
444.0312	378.0	0.8023125807592318	-1.2100068768288823	C10H15N5O11P2,C10H15N5O11P2
530.8457	209.26	0.9749431644491543	0.2568879724736668	
404.973	223.87	0.9990731120014948	-0.008584793794862704	
405.009	370.65	0.8642616329267314	-0.82456413549268	
405.009	420.28	0.8023125807592318	-1.1995544798043163	C9H14N2O12P2
444.96	221.77	0.9222157306368912	-0.5541415772944052	
444.96	227.94	0.9749431644491543	-0.3020698773164646	
405.2092	26.23	0.9048738365489336	-0.6902224389362872	
405.2092	292.43	0.4598693667419556	-2.75686976622211	C23H29FO5,C23H32O4S
445.2324	26.23	0.9749431644491543	-0.262131747950792	
406.0433	227.15	0.4307105944368841	-3.1749110941453154	
445.9981	174.57	0.7864409077225064	1.2929349423596015	
445.9981	176.8	0.9990731120014948	0.04207982018440911	
406.1315	258.27	0.9095240522239892	0.6325244313823021	C14H25NO11,C15H29NO6S2
538.9516	2.75	0.9749431644491543	0.17089738497522047	
538.9683	222.16	0.8587127468462379	0.8842226734802793	
538.9683	227.28	0.9311113985246773	0.5099090738292776	
446.7834	207.95	0.9640048031525865	0.414182001058761	
446.7834	211.1	0.993315335399147	0.09338297487842949	
532.8439	209.39	0.9749431644491543	0.23877048674806414	
447.0672	365.92	0.739993529285527	-1.422637030567439	C11H20N4O11P2
407.0135	370.65	0.8641017021813827	-0.8342993999642135	
407.0135	420.58	0.690130436584961	-1.5190043132808841	
533.3497	27.41	0.8445631480332104	-0.9790377044671645	
407.2285	218.36	0.9749431644491543	-0.2854271780581591	C19H34O9
408.8274	207.42	0.9749431644491543	0.1907805720656299	
408.8274	211.49	0.595675486804337	-1.8575391739394225	
408.89	367.49	0.8023125807592318	-1.202654062968736	
543.3411	25.18	0.9048738365489336	-0.7047525509525471	
544.7603	208.08	0.9095240522239892	0.6166170840665539	
544.7603	210.71	0.9048738365489336	0.6836546259945289	
671.0603	310.32	0.9749431644491543	0.2032605535922025	
672.005	224.13	0.8445631480332104	1.0003115187293306	
782.5677	28.98	0.9749431644491543	0.22765974986095716	
782.5677	36.21	0.9630074435977064	0.4344188608115864	
679.0128	224.26	0.9641346434077357	0.4008599273252317	
679.5142	224.13	0.8641017021813827	0.8513146011225247	
680.0161	224.66	0.9749431644491543	0.2768803374983765	
784.5837	29.12	0.9749431644491543	0.2638455513317053	
784.5837	36.6	0.9311113985246773	0.5164709335238314	
681.018	224.13	0.8587127468462379	0.8857819700378556	
785.5872	28.98	0.9749431644491543	0.26889344379990415	
785.5872	36.6	0.9520394394666508	0.47004797614250643	
786.1636	312.94	0.8445631480332104	0.9635065314774557	C27H33N9O15P2,C27H33N9O15P2
597.0099	224.26	0.9725297770251871	0.3385089984046003	
786.5995	36.6	0.9095240522239892	0.648494352451653	
682.4858	24.26	0.9095240522239892	0.6106589539789167	
787.6032	29.12	0.9710115671012038	0.3710872958004361	
787.6032	36.21	0.9048738365489336	0.7071924800589456	
788.0015	223.87	0.7267774963641173	1.4504429653933735	
788.0015	224.66	0.9749431644491543	0.2912481526905122	
685.4346	24.26	0.9749431644491543	0.29875075092905834	
598.0133	224.66	0.9725297770251871	0.32988302278021747	
598.0676	420.58	0.7539580057744913	-1.3746604231853992	
789.99	222.95	0.9749431644491543	0.2839988642204828	
789.99	225.97	0.9549675350111543	0.4553989639536512	
686.0975	347.31	0.9974486559894211	0.061150403478135884	C21H27N7O14P2,C21H27N7O14P2
599.0149	224.13	0.9474003100084178	0.486121041781968	
599.0709	420.28	0.8023125807592318	-1.178396770558977	
688.1553	263.42	0.993315335399147	0.09266271745599934	C21H35N7O13P2S
795.0095	224.26	0.5978874800684753	1.8495175296176494	
692.4056	36.21	0.9749431644491543	-0.22791493397022566	C38H53N5O7
554.1754	24.39	0.9990731120014948	0.03512733108849075	
802.0173	224.53	0.9990731120014948	-0.03593351350624633	
802.5189	224.66	0.9299166507167356	0.5353913399985644	
803.0198	224.4	0.8023125807592318	1.2456692836729428	
603.5218	207.82	0.9645757282738668	-0.3958696110395031	
603.5218	210.84	0.9520394394666508	0.4714394413465487	
604.3531	35.42	0.8587127468462379	0.9031491165670302	
555.1059	248.79	0.6281268801428691	1.746061450265027	
555.1059	250.11	0.6857648634298434	1.537608001517338	
555.1059	256.04	0.5176569119032446	-2.2943444513810163	
808.1454	313.2	0.9725297770251871	0.32869539852300494	C27H33N9O15P2,C27H33N9O15P2
696.4369	36.99	0.9798147375150087	0.15090230906074376	
810.5989	28.85	0.9645757282738668	0.3930376767538647	
810.5989	36.21	0.9163817463167807	0.5831077502162287	
608.0883	356.17	0.8445631480332104	-0.9637068792668938	C17H27N3O17P2
608.3846	36.21	0.9990731120014948	-0.043494248855156036	
609.0915	356.17	0.8410779451512679	-1.0150603080489962	C17H27N3O17P2
818.0119	347.04	0.9725297770251871	0.3268657538475694	
610.093	356.04	0.8641017021813827	-0.8273285591656104	C17H27N3O17P2
706.065	355.65	0.9631551968839914	-0.4197572397587255	
610.8511	208.87	0.8641017021813827	0.8283374774505575	
824.484	36.6	0.9095240522239892	0.6220966192070425	
707.9869	222.95	0.9048738365489336	-0.7185751484061358	
707.9869	226.1	0.9749431644491543	0.20141857348630296	
708.5108	24.13	0.8641017021813827	0.8537547405970706	
708.8273	209.13	0.7501715893392363	1.3965202069400198	
708.8273	209.53	0.8587127468462379	0.8926585780346299	
829.0031	224.0	0.9749431644491543	0.19109934500374712	
830.006	224.26	0.9749431644491543	-0.2522392606989793	
611.8531	209.66	0.9311113985246773	0.5116251468349277	
560.9495	28.85	0.9555578941042313	-0.4463262018720138	
612.1193	370.51	0.9095240522239892	-0.6302159319108532	
830.9924	223.21	0.5770387134498712	1.909691016136412	
830.9924	225.71	0.9731823552817911	0.31922464655522637	
709.5139	24.13	0.8445631480332104	0.9506984899173007	
612.3159	134.26	0.8403590110823748	1.044936981820412	C37H42N2O6
612.8086	209.26	0.9749431644491543	0.2943736939202684	
612.8491	208.87	0.9990731120014948	0.02032961352901763	
710.5174	24.26	0.8445631480332104	0.9425193684394204	
614.1615	446.72	0.7501715893392363	1.386622796593599	C20H32N6O12S2
836.011	224.0	0.9749431644491543	-0.30307262029491505	
836.5123	224.13	0.7864409077225064	1.2951012431332933	
615.1545	366.44	0.7673820007712452	-1.3551498091063963	C20H31N4O16P,C20H31N4O16P
615.1545	446.72	0.7642660678660709	1.362645908109501	C20H31N4O16P,C20H31N4O16P
713.0065	224.0	0.9749431644491543	0.18521763524633725	
713.508	224.4	0.9990731120014948	-0.0012037777103058827	
616.1573	366.05	0.8445631480332104	-0.9486939071237481	C20H31N4O16P,C20H31N4O16P
714.4677	24.52	0.8445631480332104	-0.9668234095764398	
843.0187	224.26	0.9990731120014948	-0.007458869769350638	
843.5202	224.92	0.9923320118929272	0.10152673832883764	
715.3026	252.87	0.9640048031525865	0.4122587914908862	C30H50O19
844.022	224.53	0.98167325146768	-0.1428723163701807	
564.3585	35.94	0.9753116070516852	-0.16874236468637213	
716.0244	146.2	0.8445631480332104	-0.9609946502923792	
716.0244	156.84	0.6839009488130365	-1.5516786080693603	
716.3053	252.87	0.8413982592804891	1.0122234442951834	C30H50O19
718.0219	146.34	0.9749431644491543	0.21906919008447234	
718.0219	156.71	0.8445631480332104	0.9864819157862376	
720.0143	224.66	0.8127963599882979	-1.1417867358013616	C15H25N5O20P4
720.958	370.78	0.9110483304182075	-0.5990121201795503	
721.0166	223.87	0.9725297770251871	0.3252310134654153	C15H25N5O20P4
721.506	24.26	0.9105983252313767	0.602036149642059	
567.3544	134.52	0.855512206400298	0.9164283299397391	
721.9571	370.91	0.9095240522239892	-0.6097357297552742	
622.9812	370.38	0.9749431644491543	-0.24786517857486295	
722.5089	23.99	0.9095240522239892	0.6425546017658835	
623.9808	370.65	0.9749431644491543	-0.2758722047308366	
568.1843	313.86	0.9095240522239892	0.628460688348534	C20H35NO16
723.5121	23.99	0.9034729505658737	0.7360565308093373	
624.976	370.65	0.9163817463167807	-0.5867787413823237	
568.9228	324.13	0.8641017021813827	0.8287777922141354	
625.1147	355.78	0.9095240522239892	-0.6193746761808625	
724.8012	209.26	0.9163817463167807	0.585025010214687	
871.993	223.08	0.9749431644491543	0.3143789600462776	
871.993	225.71	0.9095240522239892	0.6155291477379252	
873.0739	153.82	0.9630074435977064	0.43190992282668156	
625.9664	323.08	0.6745373607104136	1.5862770916174713	
625.9843	222.69	0.8587127468462379	0.8953173611525092	
625.9843	226.1	0.7960953931461081	1.2745628945948326	
570.0491	226.76	0.8023125807592318	-1.1625039876287502	
626.0986	420.28	0.8403590110823748	-1.018995355356745	
570.5467	28.2	0.9974486559894211	-0.0704153590694263	
570.5467	57.22	0.9749431644491543	0.23127944101286607	
626.8244	209.13	0.9749431644491543	0.2629823318763655	
627.8277	209.13	0.9725297770251871	0.3355629869166573	
877.0122	224.13	0.9535545353545688	0.465216001995737	
877.0122	224.79	0.9990731120014948	0.05289396831762853	
628.8232	209.13	0.9731823552817911	0.32029332219776435	
571.5501	28.33	0.9970942400708652	-0.08359602041226995	
630.07	355.78	0.9749431644491543	-0.29996843483825847	C17H27N3O17P2
884.0199	224.26	0.9974486559894211	0.061345365340434575	
884.5217	224.13	0.9095240522239892	-0.6104051863713132	
631.0733	355.35	0.9095240522239892	0.6184358925823649	C17H27N3O17P2
635.8553	207.95	0.8641017021813827	-0.8506498218791795	
635.8553	211.1	0.919264638504905	-0.5728952429502839	
736.4317	36.21	0.992274413380419	-0.10328956429795276	
636.9607	420.58	0.7501715893392363	-1.3909279505636722	
637.1359	366.18	0.8224483845008047	-1.0896586589483435	C20H31N4O16P,C20H31N4O16P
736.5417	23.99	0.8364305957115352	1.0611572438533599	
575.4905	208.61	0.9048738365489336	0.6832941265925331	
575.4905	210.44	0.9749431644491543	0.18884238982148055	
637.9594	420.58	0.8023125807592318	-1.2064448281911535	
638.0113	224.4	0.9990731120014948	0.02367877095700909	
638.5133	224.26	0.9990731120014948	0.04005781549589744	
638.5133	224.79	0.8364305957115352	1.0623983499337117	
576.9747	28.72	0.8224483845008047	-1.0883153732113495	
740.463	37.52	0.947610561297367	0.4832772462272171	C38H72NO8P
577.5184	28.07	0.9974486559894211	0.07150653599655978	C37H68O4
918.0136	224.26	0.9791753258260021	-0.1598076958198867	
741.1731	369.99	0.8086186537853746	-1.1490680160096374	
925.0217	224.26	0.9725297770251871	0.3444910181852307	
925.5231	224.26	0.9749431644491543	0.19475978666803614	
926.0248	224.26	0.9474003100084178	-0.487912753950118	
927.0263	224.26	0.8587127468462379	-0.8838543190472566	
643.9776	5.81	0.98167325146768	0.14594981424635428	
747.0001	223.87	0.9095240522239892	0.6348985925762688	
581.041	420.58	0.6738601986691812	-1.6300282749400117	C15H22N2O18P2,C15H22N2O18P2
748.0035	224.13	0.6249609635862134	-1.7684572628572501	
647.458	24.13	0.9048738365489336	0.6996855169207608	
748.9883	222.95	0.8587127468462379	0.8930460074966826	
748.9883	225.97	0.9798147375150087	0.15258536541567258	
749.2812	343.6	0.9990731120014948	-0.01260829773981451	C28H48N2O21
749.4897	222.95	0.930535836057118	0.5282516211753877	
749.4897	226.23	0.8641017021813827	0.8366657683849925	
648.3793	35.68	0.9549675350111543	0.45054837770450784	
648.4615	24.13	0.9047617274274484	0.7299425778457673	
959.0146	223.87	0.9048738365489336	-0.6774495617199094	
959.0146	224.66	0.7708909639363243	1.339106990843176	
751.5104	25.18	0.7309436173876078	-1.4350350191017618	
649.4647	24.13	0.9549675350111543	0.45751898905035787	
966.0229	224.66	0.8615952851298705	0.8750186973082484	
966.5237	224.26	0.9749431644491543	-0.19869382432730423	
582.9943	224.26	0.9710115671012038	0.36782075863074637	
652.052	226.76	0.8445631480332104	-0.9461800885141388	
753.6124	36.6	0.9311113985246773	0.5189262732929977	
754.0079	224.4	0.98628070788428	0.12610653167465116	
754.5094	224.4	0.8445631480332104	0.9599197857785347	
653.146	356.17	0.8445631480332104	-0.9666178262497089	
584.0883	370.65	0.8403590110823748	-1.0177482485050056	
585.0916	370.65	0.8445631480332104	-0.9904820382269078	
758.5685	36.21	0.919264638504905	0.5737407254258838	C41H76NO7P
586.0931	370.78	0.8023125807592318	-1.2465606602946766	
759.572	29.25	0.9990731120014948	-0.006954251927972146	C43H78NO7P
664.0078	355.78	0.98167325146768	-0.1430206079306673	
664.1157	347.44	0.9749431644491543	-0.3107889589675412	C21H27N7O14P2,C21H27N7O14P2
761.5165	224.26	0.5745028683019064	-1.9759685127093727	
761.5876	36.73	0.9095240522239892	0.6155893299276318	C43H78NO7P
762.0191	224.4	0.9749431644491543	-0.20971160604085437	
762.9834	355.78	0.9095240522239892	0.6380489321653033	
763.0208	224.0	0.5745028683019064	-1.9499058387268888	
664.9972	224.13	0.9990731120014948	-0.024331811596794574	
763.1549	370.12	0.8387714336667168	-1.052567899179011	
665.0382	370.51	0.7654906898942995	-1.3592059269636272	
665.1186	347.57	0.9048738365489336	-0.6768744973692317	C21H27N7O14P2,C21H27N7O14P2
665.4594	24.13	0.9203015570793772	0.5663554352423681	
666.0014	224.0	0.9095240522239892	0.6512435406087307	
666.1208	347.31	0.9725985843083473	-0.3222684419639524	C21H27N7O14P2,C21H27N7O14P2
666.1313	319.11	0.7007953075977821	1.4963483946170986	C21H29N7O14P2
666.9847	222.69	0.8224483845008047	1.0946577027128823	
666.9847	225.97	0.9749431644491543	-0.20109555773955876	
667.1343	319.51	0.8452397668127727	0.9323491871207024	C21H29N7O14P2
589.0436	370.91	0.8587127468462379	-0.8848864744928994	C15H24N2O17P2
768.5372	25.18	0.9095240522239892	-0.6328677851512027	
769.5403	25.18	0.8127963599882979	-1.1283304066120228	
590.0469	370.38	0.9645757282738668	-0.3977877746088389	C15H24N2O17P2
590.089	378.26	0.7708909639363243	-1.3335948289841513	C16H25N5O15P2
780.458	36.6	0.919264638504905	0.5752521759596702	
