m/z	rtime	p-value	t-score	custom_id
69.0704	187.3	0.5200022786071533	-1.091222060442197	
135.0844	33.32	0.6298291840883838	-0.81019004206787	C5H11NO3
218.9431	209.53	0.2939341198378225	-1.9719011044226384	
181.105	26.62	0.17786236781551557	-2.7970154247930497	C11H12O2
219.0716	246.3	0.055306172132703474	-6.315658187795359	
219.0975	361.29	0.07251210195053592	-4.865581506640002	C8H14N2O5
136.9107	208.74	0.40810832802990055	1.4395299080593125	
136.94	209.39	0.027540502333587142	9.955956487103025	H3O4P,C2H3KO2
136.9693	209.66	0.6728426946783195	0.7124083804434452	
219.1127	27.8	0.19938193796262432	2.589457696423371	C12H14N2O2
219.1168	307.95	0.055306172132703474	-6.108688722675062	C8H15N3O4
219.1168	318.33	0.40290190500702555	-1.462404006741993	C8H15N3O4
219.1338	232.57	0.28809790521234846	-2.0069363119599806	C9H18N2O4
219.1338	271.47	0.17009312099133939	2.873983394550294	C9H18N2O4
137.0594	28.07	0.31087007445914805	1.8661314106213736	
219.1743	24.65	0.22593926731618777	2.374221284488564	
137.0709	200.99	0.029615217931761646	8.723064112419417	C7H8N2O
137.0727	211.36	0.48318696724134097	1.2070075913962626	
137.9433	209.39	0.02831475639028949	9.32687757779538	H3O4P,C2H3KO2
138.0549	356.04	0.2295202805715996	2.3531091196754583	C5H4O2
138.0742	200.99	0.09006783479013333	4.183651295451183	C7H8N2O
138.9194	207.42	0.8781969438321353	-0.29423668251901053	CK2O3
138.9194	212.15	0.6483640978855284	-0.7706040012832778	
138.9381	209.39	0.027714939815755364	9.83097992920627	
138.9441	209.39	0.06922137128678958	5.043287871188393	
139.0753	201.25	0.5144495943613855	1.1306210837035064	
139.0977	202.7	0.25548312790641303	-2.186329787348139	C6H10N4
220.0927	333.88	0.15245617298157826	-3.0476954415369937	C7H13N3O5
139.9146	207.42	0.7255977805766877	-0.6075516253307406	
139.9146	212.41	0.3910236407862731	1.5100788906773361	
139.9415	209.26	0.021104143857775447	12.380856963301156	
220.1178	185.07	0.1820925385623323	-2.745665758953346	C9H17NO5
140.0106	265.26	0.8834677420579592	0.2813672471607183	H3O4P,C2H3KO2
140.9362	209.13	0.027877899512965612	9.712970302739004	
140.9424	209.39	0.6661866492887597	0.7322665794446912	
220.9014	209.39	0.03622923278785652	8.134445396896774	
220.9412	209.79	0.43861412672381644	-1.3304805957132597	
221.0178	318.59	0.06922137128678958	-5.004039165793351	
221.0768	376.29	0.1852968210369037	-2.710396668768356	C7H12N2O6
221.0956	252.61	0.5693315594324553	-0.9674050673122871	C8H16N2O3S,C8H16N2O3S
221.1131	280.3	0.06922137128678958	-4.9975017943971505	C8H16N2O5
77.9273	209.53	0.055306172132703474	6.075853942011474	
78.9562	206.9	0.4674506021830135	-1.2453388239904641	
78.9562	212.94	0.996834408722268	0.004820887696735519	
221.8996	146.6	0.8414421841655191	-0.3846546942723011	
221.8996	156.84	0.19849304221954572	-2.5977133485816757	
221.9047	209.53	0.06922137128678958	5.016365230085101	
184.9797	242.58	0.17786236781551557	-2.7975939454577166	
80.9935	209.39	0.057668245681057786	5.594341731512985	
81.9883	209.39	0.04199764961867313	7.62050394781015	
82.9916	208.47	0.5831060502607951	-0.9246540953118705	
222.8995	209.39	0.06468562964770466	5.261830479671656	
144.0477	201.65	0.2679838132892911	-2.114653844624717	
144.0655	356.3	0.2702563066552317	2.089559998604308	C6H9NO3
223.0635	24.52	0.5817392214767235	0.9325721262677353	
84.9117	211.76	0.02831475639028949	9.563507329947738	
85.0289	324.92	0.12199469746419597	3.4255122847858392	
144.9275	206.64	0.8146015958124438	-0.4472353348497214	
144.9275	213.33	0.5652551522254162	-0.9798972450963805	
186.0761	356.3	0.22666907561369112	2.368814741413524	C8H11NO4
186.0872	318.59	0.30239670563382504	-1.9348432653975105	
87.0445	282.94	0.0785484049550026	4.480187509067748	
87.0548	324.53	0.4450579952819586	1.3065772938338454	
187.0713	318.46	0.2808078880261404	-2.0435379326470473	C8H9NO4
187.0713	325.84	0.5151508852490115	-1.1223535569905918	C7H10N2O4
187.0713	355.22	0.8990236792911178	0.24699238318094943	C7H10N2O4
187.094	28.2	0.7751348757762376	-0.5154699767847623	C8H12O3
224.1109	177.59	0.30618332085113265	-1.9005547355818035	C11H14N2O3
146.0923	261.19	0.1530812649287527	3.0288862010604873	C5H11N3O2
146.1175	27.67	0.3065013048218787	-1.8964758009615394	
146.1175	330.99	0.20839620574180348	-2.50259811746072	C7H15NO2
187.144	27.67	0.7364037608289271	-0.5868022022430768	
224.1572	26.88	0.05839408277141679	-5.531052978636887	
224.1854	26.62	0.3444787283410457	-1.7062990152920305	
89.0965	26.23	0.3035417890673625	1.9256769493727899	
147.0473	27.54	0.8781969438321353	-0.29330334968741173	C6H10O2S,C6H10O2S
225.0466	216.52	0.1192706654594084	3.4730861421875248	
188.0919	271.2	0.13137956418594882	3.2645499718125905	C8H13NO4
147.1014	26.88	0.029615217931761646	-8.697287179945342	C7H14O3
147.1208	27.67	0.3000916448109622	-1.9480510348918996	
189.0738	166.43	0.055306172132703474	6.4813559293324445	C11H9NO2,C6H10ClN5
91.0587	254.97	0.05655830678197647	5.67824043388611	C3H7NO2
189.1345	197.68	0.40176575447887897	-1.471395018642102	C7H16N4O2
189.179	410.79	0.44466464882172413	-1.312302295249746	C9H21N3O
190.0713	24.65	0.5280898715421464	1.074328776537422	C8H11NO2S,C8H11NO2S
190.0821	315.57	0.5889044054556212	-0.9094155537458228	C6H11N3O4
190.0821	339.79	0.46612957942347627	-1.2492742801914118	C6H11N3O4
94.0655	168.92	0.9745968404293226	-0.056489049971450565	C6H7N
225.97	208.08	0.5831060502607951	-0.9238326228777349	
225.97	210.31	0.8781969438321353	0.29865401027701155	
149.0575	324.66	0.09157216117770772	4.118961222051579	
190.1379	197.68	0.42539245210948856	-1.387265021257185	C7H16N4O2
97.0288	370.65	0.6164048578131355	-0.8463716195838118	C5H4O2
97.0288	420.28	0.9367814401421954	-0.14809265554417367	C5H4O2
226.0797	297.58	0.8999084076893742	-0.24248595944613044	C7H13N3O4
226.0797	332.04	0.6336818189876501	-0.8024616727900348	C7H13N3O4
190.9018	1.57	0.11543647248049373	3.5404696781656875	
190.9926	274.49	0.9879492763178379	-0.026771439847520975	
149.096	25.18	0.9411291211880198	0.1344927065262337	
97.0652	27.28	0.09270372591776636	-4.046359651673533	
226.1648	28.2	0.04850140957354572	-6.991758834744507	
191.1025	296.0	0.09285708526304644	-4.034760439900656	C7H14N2O4
226.1801	34.24	0.8993568589370593	-0.2448648745344816	
150.0645	324.79	0.09255990618195742	4.064861050243019	
150.0773	205.06	0.12238274178512612	-3.417559676069756	C6H7N5
98.9846	265.26	0.9829704511552694	-0.039278957567601316	H3O4P,C2H3KO2
227.066	310.71	0.17786236781551557	2.8034760321684615	
192.106	295.74	0.07806571227983475	-4.496658274700616	C7H14N2O4
192.1581	35.68	0.7017332600241861	-0.6534922139461945	
227.1683	28.2	0.08513607797347622	-4.318995214331973	
152.0373	252.61	0.8216487322823163	-0.43660009979377085	C4H9NO3S
152.0566	146.73	0.3444787283410457	1.7058973084935531	C5H9NO2S,C5H9NO2S
152.0566	174.83	0.38408869058536466	-1.5479438185792949	C5H5N5O,C5H13NS2
227.96	146.73	0.5084343163379605	-1.1467984229181816	
227.96	156.97	0.3065013048218787	-1.8938971276079895	
193.1436	34.37	0.19093158212918973	-2.6548580430570596	
153.0406	174.83	0.3892022553073475	-1.5263468807437903	C5H4N4O2
153.0599	146.73	0.3508691894707011	1.6821321063594545	C5H9NO2S,C5H9NO2S
153.0599	174.83	0.3868127913679429	-1.538519393743272	C5H5N5O,C5H13NS2
228.1958	27.01	0.38408869058536466	1.5516383921035917	
194.0222	199.25	0.9227061076430653	-0.17976277839564558	
154.0742	324.53	0.7538165817329062	-0.5553893103310077	
194.8549	207.16	0.6183375345080417	-0.8375992281655297	
194.8549	212.81	0.990448631106977	-0.021080239135166604	
229.1546	320.03	0.09324815933648972	-4.004162000713179	C11H20N2O3
195.0028	299.42	0.05807192449323058	-5.556106866268705	C3H9O6P
195.0798	252.61	0.7577248896671687	-0.5481476903186198	
195.0798	275.7	0.8706508575365265	-0.3125477152459234	C14H10O
104.0579	168.4	0.6594173997749192	-0.7507345860101633	
229.9564	146.73	0.8132329797102101	-0.45227436342395616	
229.9564	157.5	0.3097337393844239	-1.8759852559138788	
155.0871	146.34	0.950473441438683	0.11669117688552456	
155.0871	166.03	0.5246434724845263	-1.0811709501023818	
230.1134	323.08	0.5309844719983916	1.0660250705297285	
195.855	207.16	0.18014329304318155	-2.78133074602803	
195.855	212.68	0.2520292731016727	2.21166452206615	
156.042	211.49	0.9247537079212643	0.17601425225665768	C3H10NO4P,C7H7O4
196.0091	274.35	0.7175337869696633	0.6204105411447486	
105.0702	26.23	0.6467544899358965	0.7776886653036688	C8H8
196.0969	28.07	0.4288792350886509	1.370453661979326	
231.0546	221.11	0.25555044867258153	-2.1839023583986577	
157.0454	211.49	0.9040074279307266	0.23337519978974394	C3H10NO4P,C7H7O4
231.1202	28.2	0.20571260374242994	-2.520057895848693	C16H10O,C8H14N2O3S
106.9509	207.42	0.8459912506757337	0.3749473629049646	
106.9509	211.36	0.3058183172812854	-1.9089866976675562	
231.1702	28.07	0.5183863738838658	-1.1015818646240956	C13H20O3
196.853	207.16	0.8134955905273896	-0.4508370048387815	
196.853	212.68	0.8645679914601014	0.3281913616994601	
196.9612	209.39	0.09543596192916153	3.9425315124724682	
157.1083	364.97	0.5371708219046691	1.0512501916294739	
232.1291	281.89	0.31087007445914805	-1.8656289997879865	C7H14N2O4
197.1009	364.44	0.8279105290796968	0.4150666347051855	
197.1145	146.47	0.029615217931761646	8.854934687784098	
158.0401	211.36	0.9598575328234364	0.09099648083195676	
158.0678	196.76	0.712475314186194	0.6325813803124438	
158.0678	197.81	0.8990236792911178	-0.24787598326964536	
232.8106	208.21	0.11543647248049373	-3.5394460867082596	
232.8106	211.49	0.1289303362991585	-3.296859082408838	
198.0105	146.6	0.2911722409893236	-1.9840245827450351	
198.0105	157.1	0.3757634827627016	-1.5886594882746403	
198.0526	299.55	0.0724333803914415	-4.90826909630134	C5H12NO5P,C9H9O5
233.0631	197.41	0.9410429300759846	-0.1376596230702162	C13H12O2S
233.087	227.81	0.05655830678197647	-5.794375641324254	
233.087	231.39	0.11602230874991716	-3.5176078512032296	
233.1494	33.84	0.8560141238309198	-0.35000003806566016	C10H20N2O4
233.8108	207.42	0.4892677801849005	-1.1875384764575565	
233.8108	212.55	0.45085364567936637	-1.2914629036553484	
159.0916	166.43	0.08288870040233445	4.385952159246382	
234.0269	214.51	0.9197405090654998	0.19014063840562254	
111.1171	25.7	0.4187644741428139	-1.401916587144872	
160.0756	27.93	0.3900677010470191	1.518967017008558	C8H6O
198.9594	209.39	0.23159045229456648	2.3376847780930112	
198.9744	214.78	0.9222036956172697	0.18403238887096085	
112.0508	163.67	0.608219877526886	-0.8739796302763111	C4H5N3O
160.9013	207.16	0.6915003601796995	-0.6705751294607203	CK2O3
160.9013	212.81	0.8619490664805957	-0.33372441875858666	
234.1963	199.25	0.9739033088787215	-0.06179991733353542	
234.8088	207.56	0.9694129722408215	-0.0711883741368864	
234.8088	211.63	0.021104143857775447	-12.310397309604708	
161.0377	227.42	0.12852582100768892	3.304356801523019	
234.917	209.39	0.055306172132703474	6.148887538702287	
112.8959	209.0	0.6661866492887597	0.7314446070212217	
161.092	293.87	0.09543596192916153	-3.9237039208201647	C6H12N2O3
235.0923	371.96	0.023297000059282626	-10.932906881711693	
235.1115	316.49	0.17621844607947704	-2.825602281039339	C8H15N3O5
161.1284	213.33	0.9598575328234364	0.09064011735260728	C7H16N2O2
113.0541	163.67	0.5817392214767235	-0.9356413244120309	C4H5N3O
235.1481	400.19	0.06776838833705875	-5.166783632545521	C9H19N3O4
161.9354	207.42	0.8268296238496722	-0.41752658272100884	
161.9354	212.15	0.7624221888145721	-0.5366218131090255	
235.9203	209.26	0.10551263487189368	3.752570047819601	
161.9927	207.82	0.5371708219046691	-1.0523122951155228	
161.9927	211.23	0.8512161004486565	-0.36106479236473077	H2NaO4P
200.1029	307.95	0.05655830678197647	-5.792898588855513	C8H13N3O3
162.05	221.77	0.8302146391280263	-0.4088620133614042	
162.05	228.07	0.43200107988845227	-1.357974152161731	
236.0224	214.51	0.9410429300759846	0.13689481330890418	
162.0953	293.87	0.10539190080679382	-3.764989126705231	C6H12N2O3
236.915	209.26	0.055306172132703474	6.3817106142103945	
162.8994	207.16	0.4534674815896887	-1.2788126443028147	
162.8994	212.94	0.6928689257425478	0.6671522734820264	
201.061	227.55	0.11102918912831014	3.651384286985712	C6H8N4O4
162.9977	242.58	0.18077929957560476	-2.7704602877522735	
201.0869	308.08	0.06186408213742131	-5.355857275487657	C8H12N2O4
201.0869	344.25	0.8844980046711148	-0.27754118997507526	C8H12N2O4
163.0712	315.04	0.3035935941210923	-1.9171851443566443	C5H10N2O4
237.0902	252.61	0.8965029528889104	0.2569024729895898	
237.1233	27.8	0.43397887687075826	-1.3514293636216514	C14H11NO2,C8H12N5OP,C6H15N3O4S
237.1334	26.23	0.1389382069111741	-3.177796035593513	C13H11N3O
237.9184	209.53	0.04780239278926381	7.146957293267359	
117.0548	26.23	0.07722428307057365	-4.626597097874994	
202.0862	27.8	0.2520292731016727	2.2095926220346604	C12H11NO2,C7H12ClN5
238.045	299.42	0.06776838833705875	-5.170175131467633	
117.1137	146.34	0.8781969438321353	0.2943583757552414	
117.1137	165.9	0.5180226950046967	-1.1103581057679095	
164.0741	27.54	0.8834677420579592	-0.28032138812645246	C5H10N2O4
164.0741	315.04	0.2911722409893236	-1.986473507830137	C5H10N2O4
238.1267	27.8	0.38408869058536466	-1.5481261952972702	C14H11NO2,C8H12N5OP,C6H15N3O4S
202.9692	207.42	0.398439815613092	-1.485575395937882	
202.9692	211.63	0.2796001581340164	-2.0513807491824725	
202.9692	221.77	0.3111255791355723	1.8631319123999326	
118.0613	260.11	0.006932384300298224	19.91119443853445	C3H7N3O2
238.9131	209.39	0.049828674344585905	6.811016296910009	
238.9194	209.66	0.2452214834674814	2.250029270301767	
119.0493	28.07	0.25548312790641303	-2.186871298488736	C8H6O
239.038	253.92	0.6102989885489136	-0.8619081063325033	
165.0545	211.1	0.2376404101351455	2.292288385498705	C9H8O3
239.0483	299.55	0.07962510173599059	-4.454150314936463	
203.0526	198.07	0.6746255832662521	0.703418742446775	
203.0526	217.3	0.8512161004486565	0.35940614405354365	
203.0766	214.51	0.6363537488140393	-0.7975447927544583	
203.0766	221.9	0.6635918333408346	0.7416911340075127	
165.0772	27.54	0.9160268941926217	0.2029754917939472	C5H10N2O4
239.1023	220.19	0.8619490664805957	-0.3336914608101047	C11H14N2O4
239.1023	227.68	0.6852605221384702	-0.6847694218486573	
119.1261	201.12	0.9122363005163696	0.21455628911248634	C6H15NO
203.1026	307.69	0.3097337393844239	-1.8773586211006992	C8H14N2O4
239.1278	25.96	0.91933365290234	-0.19514574459238307	C13H18O4
120.0906	214.12	0.9608717334306411	0.08619213260837312	
204.0243	242.71	0.12470878017919557	-3.3706940071721774	
204.0243	246.95	0.6720397858881537	-0.714606226901717	
120.1021	198.6	0.08747659413796431	4.247471322622658	C5H13NO2
165.9302	207.95	0.11211237532896581	-3.6240627486458035	
165.9302	212.28	0.16017316960499026	-2.9651080745208795	
120.9663	208.08	0.5093926996668977	-1.1431098456302597	H3O4P,C2H3KO2
120.9663	210.71	0.33135768368920543	-1.767272663717028	H2NaO4P
120.9873	221.51	0.22982008362732062	-2.3488768684893495	
121.0163	209.13	0.31087007445914805	1.868363604664516	
204.0866	356.04	0.2699663091035334	2.0968886964100397	C8H13NO5,C9H17NS2
204.0978	331.91	0.5195039306496174	-1.0932483442056495	C7H13N3O4
166.0145	366.97	0.6000218596119558	0.8883116375374036	
121.0649	26.49	0.28809790521234846	-2.009887531621875	C8H8O
166.0697	27.54	0.9936046861410424	0.01570193267373783	
240.0953	308.08	0.055306172132703474	-6.059881739807429	
240.0953	317.8	0.38731644836305895	-1.533416486113803	C8H15N3O4
121.9697	207.82	0.20910529849794066	-2.496780193189589	H3O4P,C2H3KO2
121.9697	211.76	0.9040074279307266	-0.23137400014874412	H2NaO4P
204.9673	207.16	0.2699663091035334	-2.0925703866449106	
204.9673	211.89	0.31381520505569926	-1.8485930795256864	
122.9246	209.39	0.05655830678197647	5.926532945022969	
122.9645	207.95	0.31332055089982613	-1.85172476145867	
122.9645	211.23	0.20115900632659547	-2.560042636858142	
166.9506	208.61	0.5817392214767235	0.928825929111363	
205.0682	197.41	0.6091492109068327	0.8680962533611466	
205.0682	215.73	0.4851445532804898	1.2016238325370354	
123.0442	211.1	0.411555555900154	1.42071988344881	C7H6O2
205.1182	261.32	0.4851445532804898	-1.2010378828112172	C8H16N2O4
240.9667	224.0	0.5144495943613855	-1.1296871407326325	
123.0747	201.65	0.26508401446854163	-2.133935997420982	C4H4N2
123.0806	27.28	0.3721959752112772	-1.6004356007011178	
123.1291	2.1	0.6183375345080417	-0.8346268340703794	C7H12O
241.1015	252.87	0.5741295899547226	-0.9523611188487048	
241.1095	252.61	0.8465329449394706	-0.3707503700125241	
205.9956	256.43	0.7121553280066638	0.6340965132839467	
124.0587	32.92	0.5817392214767235	0.928179453787168	
168.0901	168.13	0.8706508575365265	0.310563942647974	
168.0931	168.0	0.8216487322823163	0.43287147468413034	C9H11NO2
206.04	205.45	0.6183375345080417	-0.8345419852447289	
124.9227	209.53	0.07286439283333469	4.833825849314519	
241.1837	26.88	0.03728022220798174	-7.965465046920135	C12H20O4
206.0716	197.55	0.6471856563583364	0.7748184282699412	
168.1263	146.47	0.6517927079557413	0.7635844321120614	
124.9998	319.51	0.12470878017919557	-3.38358849517561	C3H5ClO3,C2H5O4P
206.1004	165.9	0.034651340830202305	8.287768993278483	C11H12N2O2
206.1216	261.32	0.6164048578131355	-0.8456024479693838	C8H16N2O4
242.0182	213.07	0.432543836399901	1.35557117088116	
126.0219	220.46	0.055306172132703474	6.431234075584262	C2H7NO3S
169.0844	173.25	0.9248944504501913	-0.17470003133547665	
242.0374	227.28	0.20227273784615554	2.5521001857592687	
169.0858	27.8	0.12330533725974091	-3.404925436679638	
242.0746	333.62	0.19938193796262432	-2.5794641817360695	C7H13N3O5
242.0997	185.2	0.26829685302224865	-2.1105458500256504	C8H10N6O3
242.1047	252.61	0.5183863738838658	-1.1058176547571725	
242.1128	253.0	0.5180226950046967	-1.1102339642987635	
206.9695	1.44	0.2699663091035334	2.095108410440517	
242.2841	28.33	0.6136937726591976	0.8535820341160145	C16H35N
169.9857	220.98	0.7272577765825381	0.6031838485754429	
170.0599	165.9	0.04463268472521332	7.363012445582886	C11H7NO
242.9617	206.77	0.9829704511552694	0.040363850764789065	
242.9617	214.38	0.8619490664805957	-0.3381296505623757	
243.0159	212.41	0.7691487795141535	0.5268726661205121	C7H4ClNO4
207.0798	243.24	0.3276318772027961	-1.7854578533985872	C7H14N2O3S,C15H10O
127.123	203.35	0.4142180128623803	-1.4138916517015956	C7H14N2
128.1264	203.35	0.4885685848480377	-1.1900118112872138	C7H14N2
207.1591	26.62	0.7173362603130018	-0.6217598795786486	
171.1379	25.7	0.3548935109076632	1.6612386422038141	
208.0694	198.2	0.10553701662490944	3.7442997970384484	
208.0694	217.04	0.3234985049777877	1.8118825072645657	
244.0529	214.78	0.5150852276749138	-1.1252839114874231	
244.0529	221.77	0.8338006171554075	-0.4011263940387267	
244.0529	228.2	0.42997787638543583	-1.3646336985057548	
244.0926	163.67	0.5602304152597887	-0.9896699281811882	C9H13N3O5
208.1009	300.86	0.055306172132703474	-6.228444669544357	C7H14N2O5
244.1291	315.57	0.6860998835400888	-0.6804131216038422	C10H17N3O4
130.0651	166.29	0.6225444224792922	0.8273359199354714	
244.9538	222.69	0.2197430569290996	-2.4222454182590196	
245.0203	277.02	0.9538172973458535	0.10825245102474045	
131.0492	168.13	0.9951640617270714	0.012436068441134327	
131.0702	27.67	0.8512161004486565	-0.3593280164961443	C6H10O3
245.0959	163.67	0.5425620577302894	-1.039043259871731	C9H13N3O5
245.113	357.49	0.7874492205095094	0.4925330173228028	C8H13NO5,C9H17NS2
245.1357	201.91	0.8230107471127714	-0.4289508901922975	
245.1858	27.8	0.2584445740447516	-2.169469017180055	
174.0386	145.55	0.19086755018366927	2.6580979347186093	C5H9NO2S,C5H9NO2S
246.0971	163.8	0.5166579423583144	-1.1162842051382764	
246.1195	257.09	0.9745968404293226	-0.0541410497809993	
246.1195	294.92	0.6928689257425478	0.6665476266319703	
132.0655	301.52	0.1551966717790514	3.0041308762703522	
246.1447	274.62	0.41070378140267044	-1.4252271940473082	C10H19N3O4
246.152	36.07	0.30618332085113265	-1.9019516541773265	C12H11N3
132.0808	27.93	0.6183375345080417	-0.8349210439224414	C9H9N
132.0808	166.29	0.09157216117770772	4.084593596375812	
246.1811	362.48	0.04850140957354572	-6.9420506589419215	
246.1811	411.58	0.32213324449048863	-1.81901243310734	C11H23N3O3
210.1416	28.2	0.04780239278926381	-7.154667690616013	
133.0859	26.75	0.09543596192916153	-3.9222562394346983	
247.0222	256.7	0.8619490664805957	0.3355019867280549	
210.17	28.07	0.5026650713781556	-1.159466688496758	
133.099	178.64	0.7157241128377905	-0.625005039845928	
247.0579	265.39	0.9089773470894821	0.2209331680463823	C6H15O8P
175.1077	246.3	0.181376199950129	-2.7526045551686606	C7H14N2O3
247.1033	335.19	0.16814019705952718	-2.8888410419748456	
133.1012	25.18	0.825411300882239	0.4226237035236821	
247.1287	330.47	0.40468366648069015	-1.4530322388344203	C10H18N2O5
247.1481	274.88	0.3762542296512607	-1.5819680681721746	C10H19N3O4
247.1528	384.83	0.055306172132703474	-6.240774120131524	
211.0769	217.17	0.28951233399228504	1.99683819400781	
247.1593	384.83	0.055306172132703474	-6.361769818488523	C9H19N5O3
247.1844	362.08	0.03728022220798174	-7.99626067278374	
247.1844	411.58	0.3352657614452852	-1.7505080685152479	C11H23N3O3
134.0188	256.7	0.8216487322823163	-0.4336854093963764	
176.0294	187.7	0.04850140957354572	6.932325663845371	
248.0215	367.1	0.6521603009909159	0.7619674321759011	
248.034	32.66	0.35283381342431325	-1.6736516700578772	
248.0587	24.52	0.8459912506757337	0.37550281375568345	
134.0812	41.72	0.5602304152597887	-0.9900345029166179	C5H11NO3
176.111	246.43	0.13516768156034614	-3.2224323632821723	C7H14N2O3
134.106	178.77	0.8606338518218272	-0.3408942730313856	
248.124	308.08	0.05655830678197647	-5.781060624344208	C9H17N3O5
176.1393	212.02	0.9967584732067596	0.009015923764580602	
248.2371	28.33	0.6698656798288906	0.722904801687977	
279.8322	207.03	0.9364940637813015	-0.14960413547647497	
279.8322	212.94	0.9315158918856324	0.15940791320390554	
249.0609	166.29	0.1188040177488683	3.482049367850371	C10H8N4O4
249.082	261.32	0.16288311266589905	-2.9447092848588112	
249.0958	217.04	0.758174706880864	0.5464738369203518	
212.8515	207.56	0.7272577765825381	-0.6036880677390104	
212.8515	211.36	0.8834677420579592	-0.2799917037244901	
249.108	345.47	0.5525389706141243	-1.0155882563405239	C9H16N2O6
249.108	359.32	0.09287418315875663	-4.021562265617756	C8H7FN2O3
249.1194	304.93	0.16528724811926387	-2.9230491811367814	
249.1271	164.72	0.4288792350886509	-1.3697982650137226	
249.1271	308.08	0.06922137128678958	-5.007839968140754	C9H17N3O5
280.0918	318.46	0.05655830678197647	-5.888995185494704	C8H20NO6P
280.1289	198.73	0.11238420216410416	-3.6059967334050853	C13H17N3O4
280.1289	201.38	0.2030197481579276	-2.5394604638504292	C13H17N3O4
177.8881	208.61	0.8299132371864436	-0.41145360055207486	
177.8881	210.18	0.7181838104731835	-0.6184603737792724	
177.9667	209.26	0.4359857854334025	1.3435209492375302	
178.024	213.6	0.40176575447887897	-1.4704704177184869	
250.0933	35.29	0.15252358193446314	3.0435611814223837	
250.0991	197.68	0.40810832802990055	1.438853126001083	
250.0991	216.91	0.3240257192650026	1.8087425328515119	
178.0903	298.37	0.38408869058536466	1.5529790085214792	C6H12N2O4
281.0952	318.33	0.055306172132703474	-6.124904608983397	C8H20NO6P
250.884	207.42	0.7745849984824074	0.5185258642822704	
250.884	211.63	0.4534674815896887	1.2837064348708624	
281.113	285.04	0.07750280617491732	-4.521530307067498	C13H16N2O5
281.1493	162.09	0.10553701662490944	-3.7413340540410958	C14H20N2O4
281.1493	175.49	0.4534674815896887	-1.282287391196492	C14H20N2O4
281.2066	26.88	0.3035935941210923	-1.9180014743561475	C12H20O4
251.0427	243.37	0.057668245681057786	-5.592836711390897	
251.0695	312.29	0.38268246359129326	1.5600683764057335	C8H14N2O5S,C8H14N2O5S,C9H15O6P
251.1388	27.67	0.5445300334924438	-1.0335354202314544	C11H20O6
179.0703	28.07	0.4487220989192091	1.2967788724510567	C10H10O3
282.1188	205.06	0.12199469746419597	-3.427831673092949	
282.1422	239.53	0.3097337393844239	-1.8789578862021925	C11H21N3O4
252.0725	303.88	0.021104143857775447	-12.110923653870811	
282.2789	29.38	0.398439815613092	1.484655341963327	C18H35NO
282.2789	35.02	0.4018209157360766	1.4684811965274018	C18H35NO
252.1886	27.41	0.4426808586893771	1.3174015158080938	
179.881	213.99	0.7481856747133012	0.5637902554723931	
283.1174	28.07	0.2376404101351455	-2.2939736295624646	C14H18O6
283.1287	203.22	0.04850140957354572	-6.929980993072416	C13H18N2O5
283.1287	206.64	0.28809790521234846	-2.0040314681973173	C13H18N2O5
180.0879	349.54	0.8230107471127714	-0.4296810679729874	C7H9N5O
215.1265	28.07	0.9137493228625123	0.21032632216255076	
253.1644	28.2	0.055306172132703474	-6.4517549096785665	
215.139	242.19	0.09543596192916153	-3.9516789602834117	C10H18N2O3
180.879	213.86	0.7814521289245361	0.5034617317222292	
253.2385	199.25	0.14082468187666428	3.152125267928688	
284.0733	248.66	0.45811740384932187	-1.267586351703043	C13H9F3N2O2
284.0987	174.96	0.3827750545860534	-1.5583537207684788	C10H13N5O5
284.121	28.07	0.8953827983314944	-0.25952989529944337	C14H18O6
284.121	218.09	0.8697931633638315	-0.31608920286590053	
216.0631	299.42	0.06922137128678958	-5.005658443149639	C5H14NO6P
311.1235	314.65	0.6831611074059528	-0.689538270841635	C14H18N2O6
311.143	247.09	0.2155496884875718	-2.451373701819706	C15H15N3O4
284.2065	27.41	0.029615217931761646	-8.815908216652304	
254.1214	182.18	0.3150603542369198	-1.8430765814950978	C12H16N2O4
254.1598	175.75	0.05655830678197647	-5.688824535030357	
216.8367	206.9	0.5183863738838658	-1.0979306523849754	
216.8367	212.94	0.4288792350886509	-1.3735250855717773	
254.1961	26.62	0.037512870318983066	-7.900932121398472	
254.1961	28.2	0.14253710641905512	-3.1357398203233404	
284.9717	222.03	0.610429373305306	0.8605935866935857	
284.9717	227.28	0.6664256017084468	0.7300172352726587	
254.9825	224.4	0.1266896581834518	-3.3290121777092185	
285.1023	174.96	0.4406120465225425	-1.3239967326681852	C10H13N5O5
312.1948	252.87	0.5817392214767235	0.9347988234148488	C20H25NO2
312.2375	27.41	0.2155496884875718	-2.4523719858743247	
285.2099	27.41	0.02831475639028949	-9.308858962862637	
217.0616	276.23	0.09692888261005152	-3.8854727569235394	
217.0664	299.42	0.07750280617491732	-4.545225493901294	C5H14NO6P
312.9018	209.39	0.272058885525446	-2.077535676104311	
217.0818	359.32	0.7953318968370738	-0.47813447761267003	
313.0767	235.85	0.05655830678197647	-5.777819111483394	C14H17ClN2O2S
255.9515	207.56	0.5693315594324553	-0.9666451534890802	
217.1182	289.41	0.4098341226940932	-1.42978403688735	C9H16N2O4
255.9862	224.4	0.4284495273813066	-1.37711636618157	
256.0087	214.91	0.8596501278953812	-0.34323507459961483	
313.8994	207.95	0.7157241128377905	-0.6249910269215967	
313.8994	210.31	0.5150852276749138	-1.1249242755236273	
286.1507	290.72	0.05839408277141679	-5.501488946311712	
286.1759	245.08	0.08835574034399946	-4.225791082408738	
256.0902	316.22	0.20355313964876792	-2.532645095729282	C8H15N3O5
286.2114	27.41	0.012873274277408498	-15.034115092252838	
256.0946	320.03	0.8338006171554075	-0.40105362356255564	C9H12N2O4S
256.1324	253.0	0.5183863738838658	-1.1021696740885505	C16H17NO2
314.0843	268.15	0.8485174778515913	0.3660295325362506	
314.8134	207.29	0.272058885525446	-2.0790830485474903	
314.8134	212.94	0.5150852276749138	-1.12698055368396	
218.1134	308.08	0.0724333803914415	-4.900536835409043	C8H15N3O4
218.1134	318.33	0.35283381342431325	-1.6677825634169374	C8H15N3O4
315.0795	341.23	0.45957051210933947	-1.263616147456225	C10H16N2O8
288.1803	26.23	0.2030197481579276	-2.5377975575293092	
288.2894	28.2	0.7875824521024064	0.49126602647765866	C18H33NO
288.8397	208.34	0.8240340341383847	-0.42545469182080686	
288.8397	210.58	0.9303613035895257	0.16316351076145322	
316.1264	196.23	0.3150603542369198	-1.8416489624619665	C17H18FN3S
316.1628	277.15	0.06806686839116716	-5.147197146135445	C15H23N3O3
316.1864	255.23	0.1266896581834518	-3.3358738890800783	
316.234	294.53	0.4450579952819586	-1.3063637103227104	
289.2063	304.01	0.2808078880261404	-2.0441819010390847	C12H25N5O3
257.9931	210.31	0.16340673873758196	2.9379933879298235	
316.9199	209.53	0.41086229016539455	-1.42352220453032	
258.1446	308.74	0.09157216117770772	-4.118189133444755	
290.1457	424.39	0.0755969283082578	-4.684592516250211	C10H19N5O5
290.1595	27.28	0.17422040574860193	-2.846875387609828	C11H20O6
344.0906	309.0	0.2155496884875718	2.447728460702224	C18H15O7
290.1708	34.89	0.11778891014279806	-3.49618721380786	
290.1708	48.68	0.14782957183693685	-3.0867343389653215	
290.1708	273.83	0.2911722409893236	-1.9879209582056059	
317.1105	285.04	0.8642741712514902	-0.3296709318871978	C14H18N2O5
344.2276	34.76	0.5309082759641067	-1.0673436046654283	
258.279	28.46	0.2854330726470822	-2.025918319581435	
291.0214	265.39	0.673030908593508	0.709967989855988	
291.0754	221.11	0.26832175662790597	-2.1083694116340435	
258.9356	207.16	0.7846228056419506	0.49832444963246686	
258.9356	213.2	0.7758962030926138	-0.5127512267695264	
317.9233	209.53	0.34883981302912037	-1.688687809517581	
258.9891	210.44	0.4450579952819586	1.3072320532768236	
344.9841	221.51	0.8993568589370593	-0.24432615239087777	
318.0764	319.64	0.5656807709743789	-0.9769125697826045	
318.1058	257.49	0.07722428307057365	-4.606348831665547	C13H17N3O5
291.9623	209.39	0.13458102606334083	-3.231015070321682	
345.1054	348.49	0.6673911135478732	-0.7275858588798272	C9H19O11P
318.1907	25.96	0.45761704486076143	-1.2697972643606128	
318.1907	27.28	0.16738618415579734	-2.9013306437536945	
259.1131	319.51	0.11106259944049642	-3.64583586058405	C8H20NO6P
345.144	166.95	0.17786236781551557	-2.8091173245465364	C18H20N2O5
318.8781	209.26	0.04935192055420569	6.8628118090586	C8H4Cl6
259.9922	210.58	0.09157216117770772	4.107916573585252	
318.9177	209.0	0.5183863738838658	-1.1021061869542172	
292.1331	1.18	0.35988330031094734	1.638369163465802	
292.1331	404.69	0.5568310089522399	-1.0001947254414807	C10H18N4O6
292.1753	27.28	0.15482895430352706	-3.010120675926102	
292.2015	25.18	0.6908869202563742	0.6724940751324184	
292.9594	222.03	0.5570386688961173	-0.9985053228475614	
292.9594	227.55	0.3868127913679429	-1.5360007483865543	
260.0269	299.42	0.2515369275295148	-2.2186220668654824	
346.0406	365.92	0.13632160794139592	3.205558063577005	C9H14N3O8P
319.8817	209.26	0.055306172132703474	6.124438403010848	C8H4Cl6
260.1138	319.51	0.09543596192916153	-3.9307460972261112	C11H17NO6
293.0551	4.2	0.5438304918216685	1.0358342786598926	C7H15O10P,C7H15O10P
293.0977	341.23	0.2155496884875718	-2.454701828585413	C10H16N2O8
260.1491	26.49	0.05655830678197647	-5.707686524249901	
260.1603	239.66	0.35283381342431325	-1.6687516259529347	C11H21N3O4
260.1967	329.91	0.2326997308001318	-2.3160747889120845	C12H25N3O3
320.2065	26.75	0.18961071824779968	-2.6673679232914154	C13H26O6
320.876	209.26	0.08683140601038918	4.264295491166096	
347.107	176.14	0.5842375567511049	-0.9198646354161565	C17H17Cl2N
260.9877	210.58	0.5817392214767235	0.93314027388673	
294.1005	341.23	0.23159045229456648	-2.3346511512612573	C10H16N2O8
321.0377	166.03	0.3276318772027961	1.7857523324553202	C12H17O4PS2
294.1445	196.23	0.16814019705952718	-2.889613542780707	
294.1809	277.02	0.09157216117770772	-4.099370159599794	C15H23N3O3
294.2272	25.7	0.35583840806048916	1.6556162865982833	
261.1189	335.46	0.6119360483942818	-0.8572685300146027	C7H13N3O5
261.1443	305.33	0.2854330726470822	-2.025152252545362	C11H20N2O5
261.1443	311.37	0.12470878017919557	-3.376950641062712	C11H20N2O5
294.9289	207.82	0.6467544899358965	-0.7777278403432645	
261.1637	239.92	0.38751310760204405	-1.531507124299468	C11H21N3O4
348.1696	217.44	0.8094640407638937	-0.4581085075980611	
348.8064	207.56	0.9624124273482313	-0.08266208166657829	C8H4Cl6
348.8064	211.76	0.3065013048218787	1.8923261222725962	
322.0698	374.32	0.06922137128678958	5.00842298874484	
295.0677	367.36	0.9844106154754203	-0.0350100989301095	
295.0775	364.58	0.9510685374998633	-0.11476873891226647	
262.1184	186.52	0.3841999368731578	-1.5462053712381048	C13H15N3O3
295.1286	285.18	0.13202245118655295	-3.255324176209404	C14H18N2O5
295.1844	277.02	0.11238420216410416	-3.6018709027724087	C15H23N3O3
322.874	209.39	0.07286439283333469	4.826421850729068	
295.9484	210.44	0.6467544899358965	0.7803439878623332	
296.1238	257.75	0.09543596192916153	-3.9521842696350142	C13H17N3O5
296.1321	284.78	0.14079162851699603	-3.1562174470415303	C14H18N2O5
296.9257	28.98	0.5842375567511049	-0.9198484978492473	
296.9278	207.29	0.4404675128304585	-1.3255909590069372	
296.9278	211.76	0.35988330031094734	-1.638338137614024	
296.9454	210.31	0.4777902496244702	-1.2203701926435828	
263.0872	396.38	0.07722428307057365	-4.597848540395957	C9H14N2O7
263.0946	147.12	0.28809790521234846	-2.003093350688929	
263.0946	156.71	0.6635918333408346	-0.7405325144685253	C16H10FN3
350.2183	203.35	0.9263867483505726	0.1705224576670936	
350.2183	216.78	0.4534674815896887	-1.2799099595191157	
324.0587	366.18	0.98672949575743	0.03076146970897075	C9H14N3O8P
297.0819	24.52	0.5144495943613855	1.130677118450818	
297.0819	182.31	0.11238420216410416	-3.609582618641719	C9H14N4O6,C12H13F3N2O2,C11H16NO7
297.1078	317.67	0.19252585600332514	-2.6410947480680513	C14H17NS2
324.2013	27.15	0.08513607797347622	-4.3229446627431125	
297.1267	257.75	0.33732812201823265	-1.7385992082978732	C13H17N3O5
350.9872	367.23	0.551437741541633	1.0190493279905444	
297.1588	252.61	0.3910236407862731	-1.5065154502807172	C16H17NO2
351.0009	224.4	0.11543647248049373	-3.531208870500297	
324.8971	242.19	0.2442238696100057	-2.2559952569635953	
324.9874	242.45	0.250233285665706	-2.227248002036431	C4H6N4O12
325.0187	212.68	0.996834408722268	0.004220804035738591	
297.9829	246.95	0.945816285868505	-0.12615532139789598	
351.2219	203.35	0.9608717334306411	0.08583474358545325	
351.2219	217.17	0.4450579952819586	-1.3063296910182356	
325.043	227.15	0.7354182749460415	0.5900405203712256	
325.043	310.58	0.2198608289155453	2.4181933395554	C9H13N2O9P
297.9884	221.38	0.5183863738838658	-1.1043038277160182	
325.0623	337.03	0.23190272290190023	2.3239132963258875	C9H14N3O8P
325.0623	366.18	0.2196345945603895	2.4263551634485	C9H14N3O8P
298.0966	34.63	0.26039020716206024	2.1606016844952736	C11H15N5O3S
352.0043	224.66	0.10732711223657278	-3.711200930412578	
298.1862	26.49	0.6635918333408346	-0.7409627513206872	C11H20O6
298.3466	28.07	0.30618332085113265	1.902859422615494	C20H43N
265.1115	201.65	0.26750642894291027	-2.1194806747051405	
298.8396	206.9	0.4917342956054935	-1.1817917972873728	
298.8396	213.2	0.6084007268263893	-0.8722303191835019	
326.046	310.71	0.17532157093248993	2.8340028112653433	C9H13N2O9P
326.0561	222.03	0.8146015958124438	-0.44756144471527587	
326.0561	227.81	0.4044093673290658	-1.455821330047749	
299.0435	248.0	0.32803262776440323	1.7810234542379044	
299.1002	34.63	0.19483782515418033	2.6239407890475315	C11H15N5O3S
265.9989	196.1	0.9197405090654998	-0.18920613742570713	
327.1407	142.66	0.4044093673290658	-1.4550120183184987	
327.201	36.21	0.9598575328234364	-0.09067241596277824	
353.0055	224.66	0.055306172132703474	-6.143905628856261	
266.0745	164.06	0.9543043033861592	-0.10596157028080634	C9H13N3O5
299.2579	29.38	0.6102188040476998	0.8631502926729643	
299.2579	35.29	0.6471856563583364	-0.7744695808817561	C19H30O2
353.1452	273.17	0.0010313567891112668	-42.3310961854494	
266.115	201.65	0.26750642894291027	-2.120464374527352	
328.1532	253.92	0.11339434141672736	3.5868306584059275	C19H21NO4,C12H26NO7P
328.2326	27.93	0.029615217931761646	-8.904297369594111	C13H26O6
353.92	321.24	0.4917342956054935	-1.180745320527076	
300.066	319.9	0.5961568513440771	-0.896311160301764	
267.0713	177.72	0.329828291409964	-1.7746221269197904	C9H14O9,C8H9F3N4O3
267.078	164.19	0.9378315067858237	-0.14445805801414327	C9H13N3O5
300.1209	251.56	0.5407333365619552	-1.0431538268203513	C10H22NO7P
267.1078	201.78	0.2442238696100057	-2.2568073094051724	C11H14N4O4,C10H18O8
267.1078	273.96	0.07750280617491732	-4.5742119099103835	C11H14N4O4,C10H18O8
267.1224	26.23	0.8953827983314944	0.2594316156177269	C13H11N3O
329.0054	366.84	0.18246017317637625	2.7406144931455163	
267.1337	159.86	0.13137956418594882	-3.2651903661522224	C12H16N2O3
329.0152	364.58	0.9598575328234364	-0.09513534212089084	
267.1716	25.05	0.46612957942347627	1.2490207160081404	
267.18	27.41	0.02831475639028949	-9.40137804217305	
300.2895	29.38	0.42771773067820223	1.3799240395262142	C18H37NO2
300.2895	35.02	0.40810832802990055	1.4375161788430255	C18H37NO2
355.011	341.23	0.33596517644446466	-1.745107440023764	
300.946	208.08	0.23190272290190023	-2.3258861936011606	
300.946	210.71	0.31087007445914805	-1.8664638229882007	
355.9695	210.05	0.2666756206645535	2.1264840481156217	
356.0147	340.84	0.30239670563382504	-1.9337721373154027	
356.0495	324.92	0.6164048578131355	-0.8449000657741957	
268.1266	274.88	0.3910236407862731	-1.5087078552747932	C10H19N3O4
356.0755	388.37	0.2155496884875718	2.4490641935825974	C17H12ClF3N2O,C19H12O7
268.1374	159.6	0.6698960690424414	0.719747863613735	C12H16N2O3
268.1753	26.1	0.18077929957560476	-2.765535463335159	
356.8549	208.08	0.333697362070761	-1.7595573704484955	
331.0105	364.58	0.7465958605751892	-0.5680398627280323	
269.0395	265.39	0.9013323200013091	0.23846551244223885	
356.9664	210.58	0.5371708219046691	1.0531721782631953	
357.0078	341.23	0.34531854727540573	-1.6989560911358743	
269.113	236.11	0.3934347638305144	-1.4996740596119769	C12H16N2O5
357.0553	352.59	0.32691917206643295	1.795907217300804	C9H19O11P
302.1107	198.6	0.1389382069111741	-3.180601405160877	C13H17N3O4
302.1107	201.38	0.06922137128678958	-4.987063176880015	C12H16N2O4
332.1213	247.09	0.09006783479013333	-4.174376647577041	C15H15N3O4
332.1925	275.7	0.8389983890669039	-0.39123177059435327	
302.1456	165.38	0.9720808372832084	0.06535818655906578	
269.9571	242.19	0.2624119133746563	-2.1493024325077985	
332.3308	28.07	0.010128232189644003	-17.403639189457852	
332.3308	33.58	0.023297000059282626	-11.000529178539404	
357.9684	210.84	0.5817392214767235	0.9382490302811275	
270.0014	224.4	0.08513607797347622	-4.29674808095472	
302.2071	28.07	0.5685246825000438	-0.9713657693383221	
332.8937	209.26	0.06186408213742131	5.366021586240884	
270.1058	308.08	0.06922137128678958	-5.072381481380072	C9H17N3O5
270.1164	236.11	0.32803262776440323	-1.7810028045023445	C12H16N2O5
302.3051	28.33	0.7745849984824074	0.5177153855489454	C18H39NO2
270.1909	28.2	0.055306172132703474	-6.064046699190575	
302.9042	209.0	0.8465329449394706	-0.37072837596225516	
333.1553	201.65	0.4288792350886509	-1.368685514740357	C16H20N4O4
270.3153	28.2	0.5151508852490115	1.1234605294804152	C18H39N
333.1916	284.13	0.3271762796472138	-1.79350862708545	C17H24N4O3,C16H28O7
359.0066	340.84	0.37077601627160556	-1.6052259491921947	
270.9772	229.52	0.21309712708778758	-2.4738787373509763	
271.0023	224.53	0.11543647248049373	-3.535737186590448	
333.3343	28.07	0.023297000059282626	-10.514927565716892	
333.8971	209.13	0.057668245681057786	5.582638250251334	
303.1448	203.88	0.8680224406054791	0.31941888829960674	C15H18N4O3,C14H22O7
334.0514	248.53	0.5656807709743789	-0.9777168227942397	
334.0514	256.3	0.5479163691027759	-1.026975443295355	
334.1394	282.81	0.47032034914800086	-1.2375871290035854	C16H19N3O5
271.3187	28.33	0.5174873042763869	1.1135652757939125	C18H39N
334.8916	209.26	0.05655830678197647	5.75064202501253	
334.9238	367.23	0.660339339048488	-0.7483503138426354	
304.1613	288.88	0.22484757851795556	-2.38890123954223	C11H21N5O5
272.149	26.23	0.3445336881018376	-1.7041367702242671	C14H20O5
304.2996	28.2	0.005004464311335637	-23.93642234545203	
304.2996	33.84	0.006932384300298224	-20.43714556857246	
304.8626	209.13	0.07402534386533532	4.752788195844169	
335.0452	168.0	0.9227061076430653	0.18002226485837677	C12H14O9S,C15H12Cl2N4O
335.0734	352.59	0.38408869058536466	1.548120705461511	C9H19O11P
335.0945	246.82	0.519080164642289	1.0951530256711415	C17H16ClFN2O2
361.0784	375.37	0.5571291291643413	0.9971952701768795	
361.1825	301.78	0.40549125497871713	1.4499420519066517	
361.1978	256.83	0.09157216117770772	-4.105868420155193	C17H24N6O3
335.8949	209.39	0.07750280617491732	4.544347878105587	
361.2354	25.05	0.6095143042294602	-0.8654495948822699	
335.9213	367.23	0.8985016069320838	-0.2498965670469761	
305.165	289.01	0.26889864053490325	-2.104377028283747	C11H21N5O5
305.165	422.42	0.3035417890673625	-1.9232313608013438	C11H21N5O5
305.3029	28.07	0.0010313567891112668	-46.81422468552413	
305.3029	33.84	0.023297000059282626	-11.403591163062146	
336.0869	319.38	0.22051995410383896	-2.4114384311019026	C11H17N3O7S,C19H13NO5
336.2016	27.54	0.05655830678197647	-5.798804042313276	
306.0806	176.14	0.43698186932989225	-1.3382687236587028	C17H17Cl2N
306.0943	375.64	0.11211237532896581	3.6197698576884436	C10H15N3O8
306.1445	170.23	0.4009283697237611	-1.476519198579172	C15H19N3O4
306.1592	304.14	0.2403913123241286	2.2795225815149953	C11H19NO8
306.1592	317.01	0.3804032937397046	-1.569678584990758	C11H23N5O3S,C11H23N5O3S,C19H19N3O
336.8894	209.26	0.07251210195053592	4.880591881277984	
362.9561	221.77	0.6084007268263893	-0.8714512536403486	
362.9561	227.81	0.43698186932989225	-1.335225280839101	
336.9191	366.97	0.7602580983622705	-0.541598371779555	C6H12N2O4Se2
336.9854	224.26	0.10732711223657278	-3.7138293724890903	
307.0843	176.14	0.4037266806595736	-1.4592607608063624	C17H17Cl2N
274.1647	25.96	0.05655830678197647	-5.747711032136387	
337.2733	27.93	0.3248756973548056	1.8047545473326336	C21H36O3
274.1871	339.79	0.15749320859000376	-2.9856860177283977	C11H23N5O3
274.1871	379.97	0.029615217931761646	-9.023813033783057	C11H23N5O3
337.8932	209.13	0.1829636442068656	2.734017719303496	
274.9094	207.42	0.6483978702180142	-0.7694541698755907	
274.9094	212.15	0.33890003890817716	-1.7313143267539979	
337.9664	221.64	0.3276318772027961	-1.78950612136376	
274.9362	207.56	0.8414421841655191	0.3838813398835884	
274.9362	209.53	0.3276318772027961	-1.7877393804576882	
337.9889	224.66	0.7132773982686863	-0.6304242401372708	
363.9547	228.86	0.40810832802990055	-1.4401981477600994	
308.1964	24.91	0.3984526497877462	1.4831927521103925	
364.0066	185.2	0.8982768948597984	-0.2513030112338547	
275.0534	214.51	0.9251909934889978	0.1731866014023409	
275.1347	329.25	0.7407372552842089	0.5789516634516786	C10H18N4O5
308.8493	209.39	0.5405310785070641	1.0446658681962773	
364.2326	27.28	0.38268246359129326	-1.5604728232914846	
275.1906	339.66	0.2198608289155453	-2.41671119601925	C11H23N5O3
275.1906	380.23	0.09543596192916153	-3.941992763839425	C11H23N5O3
364.9523	221.77	0.5789371217755203	-0.943886841452646	
364.9523	228.47	0.30178964592789354	-1.9412263802197882	
339.0965	374.45	0.07402534386533532	4.769943616338908	
339.1856	297.05	0.023297000059282626	-10.635693534474978	C15H23N5O4
365.9636	27.28	0.775954081366271	0.511582725992037	
339.2077	24.91	0.9040074279307266	-0.23059200956969203	
339.289	27.93	0.41070378140267044	1.4254653288028614	
339.9956	212.02	0.5525389706141243	1.014955341748129	
310.0247	227.15	0.707319450634677	0.6449119562021739	
366.2132	278.33	0.09543596192916153	-3.915529269853996	
340.0807	402.72	0.4168789392463169	-1.4071035200193085	
276.134	167.21	0.36906740509030106	-1.613802073484548	
310.1395	247.09	0.6647817776099003	0.7377840331077616	C15H15N3O4
276.1553	425.44	0.9838297624913176	-0.036961671497511076	C11H21N3O5
310.8506	207.29	0.6659539375816973	0.7339627762846945	C8H4Cl6
310.8506	212.02	0.6852605221384702	0.6844971995787692	
340.9925	211.76	0.8706508575365265	0.31302879268594436	
277.0488	214.38	0.9713332941624315	-0.06750811315862308	
277.1029	387.32	0.9745968404293226	-0.05686953059232439	C10H16N2O7
277.1029	392.57	0.9829704511552694	-0.039454373309606695	C10H16N2O7
341.0281	249.19	0.5568310089522399	-1.0000000000000007	
368.0471	248.92	0.897137581507802	-0.2538582052267639	
341.0977	179.69	0.9598575328234364	-0.09363138847413864	
341.0977	188.49	0.8901010474627421	-0.2683044361383338	
278.1167	243.76	0.34243666780159426	1.7158679159730572	C10H19N3O4S,C18H15NO2
278.1599	27.28	0.23190272290190023	-2.327768777186454	C13H11N3O
376.9929	341.23	0.409386833696973	-1.4320930228703237	
370.0318	367.76	0.09543596192916153	3.916613559043798	
410.8786	209.13	0.3900677010470191	-1.5163998160851302	
371.1009	24.52	0.793476765403301	0.4815847359141298	
378.0574	388.5	0.1865830655765634	2.6969301663017946	C17H12ClF3N2O,C19H12O7
279.1007	287.7	0.761844846156387	-0.5384584560154998	
279.1007	296.0	0.09821047129078103	-3.864226400086982	C10H18N2O5S
279.1007	316.22	0.6860998835400888	-0.6818815201736902	C10H18N2O5S,C18H14O3
412.0062	319.11	0.1876006674731699	-2.6861822077192192	
372.101	24.65	0.9348143353707246	-0.15290014560920956	
372.1898	303.49	0.3900677010470191	1.521387633049537	C22H26O5,C20H23FN4O2
372.8288	209.39	0.4870131678628838	-1.1939861308970017	
379.2484	37.52	0.12470878017919557	-3.3746130391954194	
379.2681	25.18	0.6235252547942948	0.8236971693214142	
380.0169	318.33	0.40839032488946797	-1.4355419859371399	
380.032	319.77	0.6420181309927416	-0.7883997968900764	
450.0668	370.65	0.8234050219058207	0.42734955481448544	
450.0668	373.01	0.617579440305205	0.8412133945135042	
381.2782	25.05	0.9153833215718921	-0.20522719088859698	
414.8967	209.26	0.7093618253426981	-0.6389138801300374	
374.9625	221.9	0.7298881442045476	-0.5986285375473078	
452.9879	341.23	0.20115900632659547	-2.561512823343556	
453.1005	299.55	0.06372187367296571	-5.297823576843597	C20H19FN4O4S
375.1983	288.23	0.5183863738838658	-1.0982385158552888	C22H30O3S
453.3428	30.82	0.11543647248049373	-3.5509389736269426	
453.3428	34.89	0.07722428307057365	-4.590099478574831	
453.9464	210.05	0.3035417890673625	1.9273205335597055	
454.0265	325.71	0.35583840806048916	-1.6567878413382366	
415.9005	209.39	0.9315158918856324	-0.15976517472981883	
382.9946	248.66	0.26508401446854163	-2.13492734174112	
382.9946	257.35	0.9598575328234364	0.09075339217933097	
454.2915	26.23	0.6860998835400888	-0.6800929901124751	
454.2915	135.17	0.40290190500702555	-1.4635742557336089	
454.9434	210.31	0.11102918912831014	3.6522696463009217	
454.9846	341.23	0.2911722409893236	-1.9849369453169818	
491.2914	23.21	0.48318696724134097	1.2073414901558694	
455.9458	210.05	0.47878109694479726	-1.2173390964307254	
416.2252	29.77	0.6164048578131355	-0.8469187079609171	
492.2951	23.34	0.8260985686347244	0.41954870520666004	
384.1145	303.88	0.017673765621576836	-13.475589779039094	C14H17N5O8
456.9419	210.18	0.1919755699011695	-2.6467282707708715	
456.9651	222.03	0.8540039846044561	-0.3538935848986617	
456.9651	227.81	0.8654531365779838	-0.32593592471380833	
416.855	209.26	0.06922137128678958	5.015740842197789	
416.86	321.9	0.3065013048218787	-1.8925320090976925	
416.8946	209.13	0.8414421841655191	-0.3837434185946026	
385.1284	277.67	0.1530812649287527	-3.0297350946738457	C17H19FN4O4
417.2452	233.22	0.8820114138881522	-0.2862856121629549	C17H32N6O6
494.3238	136.62	0.33931676916364434	-1.726969114464192	C24H48NO7P,C24H48NO7P
386.7625	207.95	0.30239670563382504	1.9344107341759282	
386.7625	211.1	0.3444787283410457	1.7090672747087152	
418.8531	209.26	0.09157216117770772	4.0955331200461025	
496.3393	125.72	0.9601668931792094	-0.08907624963158112	
418.9884	224.53	0.17621844607947704	-2.8223812750855046	
419.1696	28.07	0.3757634827627016	-1.5874337833434304	C22H26O8
387.0844	168.26	0.9227061076430653	-0.18139018372521923	
387.1798	26.23	0.13904844358998378	3.1730769960062974	
497.3427	125.72	0.9745968404293226	-0.0538409715541911	
497.3427	136.36	0.16664348291159442	-2.91142108705369	
419.9915	224.13	0.07402534386533532	-4.7600072193296175	
498.858	208.74	0.673030908593508	-0.7107257748117299	
420.3185	1.97	0.9967584732067596	0.007920545283012156	C26H42O4
388.1832	26.23	0.5240415899500906	1.0833590478521142	
388.2182	0.78	0.26199125389518946	-2.152971105812608	
499.9909	319.38	0.6026317068047943	0.8833237017620647	
388.2539	34.89	0.4018209157360766	-1.46751067317658	
500.9913	224.26	0.17786236781551557	-2.7988613498192088	
464.2611	305.85	0.11096178496694363	-3.6678712679747614	
501.9946	224.66	0.8005923616464757	-0.4703814917334967	
502.3156	25.18	0.7864963612365183	0.49484267744721505	
464.8906	221.51	0.9745968404293226	-0.05528595501089137	
502.9858	370.38	0.43698186932989225	-1.3373851853986698	
502.9961	224.0	0.6698656798288906	-0.7219488086567559	
466.0131	378.0	0.35283381342431325	-1.671322921744722	C10H15N5O11P2,C10H15N5O11P2
424.1016	416.47	0.7751348757762376	0.5148205044454626	C18H21N3O5S2,C14H21N3O10S
503.3186	25.18	0.8654531365779838	-0.32374873331930326	
391.0478	221.24	0.023297000059282626	-10.561881651916133	
467.1402	254.32	0.8781969438321353	0.29580490458787434	
468.308	138.85	0.18485629357862246	-2.715726897464721	C22H46NO7P
469.9769	303.09	0.7446981028169584	-0.5726931747714805	
509.9829	319.51	0.2155496884875718	-2.455132741737156	
473.3175	24.65	0.18077929957560476	2.760996746634678	
430.302	302.44	0.05197574953927909	-6.669047066138704	
511.0962	391.0	0.14659488147715377	3.0991265457688604	C14H26N4O11P2
511.1196	297.05	0.09270372591776636	4.043249639093284	
430.8707	209.26	0.07251210195053592	4.875371866057874	
394.9047	207.82	0.5602304152597887	-0.9888567987599284	
394.9047	211.89	0.35988330031094734	-1.6394759365696383	
431.1186	299.55	0.05655830678197647	-5.883149896910835	C20H19FN4O4S
512.8737	209.13	0.6746255832662521	0.7034372038880423	
395.1558	197.41	0.472934382781107	1.2303310830430592	C19H20N2O7
395.1558	217.17	0.3338263850430089	1.7575447433638478	C18H22O7S,C19H18N4O3S
431.8738	209.26	0.09157216117770772	4.088148624755272	
513.877	209.13	0.9369818035584989	-0.14669264115045685	
514.8321	209.39	0.07750280617491732	4.535789500566097	
514.8714	208.74	0.13137956418594882	3.271365721104079	
514.8714	209.53	0.6467544899358965	0.7772872596890695	
515.007	224.53	0.09543596192916153	-3.9531456901910667	
396.2939	25.18	0.9873500849342312	0.02875297378070208	
515.2124	319.11	0.05655830678197647	-5.778678049094574	
432.2801	35.16	0.3900677010470191	-1.5176803059701567	
432.8678	209.26	0.06922137128678958	5.068742095671232	
516.0103	224.53	0.11971169157842038	-3.46440786419321	
433.0039	224.26	0.09623410942464855	-3.899796703068399	
433.2405	26.23	0.7577248896671687	-0.548276731888829	
516.8302	209.13	0.1217509765812262	3.4413134040167295	
477.2042	252.61	0.5371708219046691	-1.0525992911193525	C21H29N6O5P
517.0116	224.0	0.07417354730407275	-4.739971036177184	
478.2071	252.87	0.5875885074693122	-0.9132068477358701	C21H29N6O5P
434.0074	224.26	0.8834677420579592	-0.28286994629218976	
479.1985	252.61	0.43698186932989225	-1.336383842981945	C26H32ClFO5
479.2607	203.88	0.48697124764822636	-1.1965745304744155	
479.2607	205.72	0.3342322519470432	-1.754826106321408	C27H36F2O5
434.8669	209.26	0.07402534386533532	4.776530356927574	
480.2025	252.61	0.4301699501973371	-1.362911396880679	C26H32ClFO5
435.0087	224.26	0.1266896581834518	-3.3239385341503165	
520.3324	35.68	0.044114340253258555	-7.475362611103301	
520.3379	124.8	0.8485174778515913	-0.36646446155926904	
520.3379	131.24	0.9153833215718921	-0.20492210151837345	
520.3379	133.21	0.9474229568890025	0.12178203497479798	
520.3379	136.09	0.3762542296512607	-1.5805008769523967	
520.8318	221.24	0.447743646765793	-1.299928881997884	
520.8318	229.65	0.055306172132703474	-6.350557439478744	
399.2457	36.6	0.20299456116370698	-2.5436892327081853	
399.7476	36.6	0.19938193796262432	-2.580864204289151	
482.3238	136.88	0.6477328045540736	0.77259543345019	C23H48NO7P,C25H43N3O6
482.3599	138.46	0.07402534386533532	-4.779176286977825	C24H52NO6P
522.355	134.52	0.3900677010470191	-1.5186084811866203	
400.0505	318.46	0.8465324191342034	-0.3729470666209135	
523.3583	134.65	0.39759266182342223	-1.4893344906944175	
400.8811	209.53	0.5183863738838658	-1.0975074869556378	
524.371	123.23	0.5817392214767235	-0.9300318700112523	C26H54NO7P
524.371	132.81	0.8844980046711148	-0.276464313576022	
438.8831	230.04	0.38263134021162615	-1.5632091464956326	
438.9696	211.23	0.6698656798288906	0.7208833027079813	
401.1588	28.07	0.07750280617491732	-4.514632242727866	C22H24O7
401.1588	307.95	0.0803101805490098	-4.434794176409333	C17H26N4O3S2,C15H26O12
401.1588	311.89	0.15245617298157826	-3.050117164331458	C22H24O7
401.1588	318.06	0.05655830678197647	-5.698647492951871	C22H24O7
485.2889	25.18	0.8781969438321353	0.2997152746661486	
486.2924	25.31	0.8216487322823163	0.4346840651276554	
486.3456	132.94	0.9120942593662281	0.21586553745761236	
488.0462	226.89	0.9411291211880198	-0.13523947698120273	
441.1516	28.2	0.9514752575982348	-0.11308896471871789	C22H26O8
528.8476	209.26	0.07722428307057365	4.59206401658229	
489.1141	391.0	0.35583840806048916	1.6539270923122047	C14H26N4O11P2
529.851	209.26	0.07549622723124773	4.69617953781685	
404.2062	26.23	0.4359857854334025	1.3446140947447407	
490.1175	391.0	0.28809790521234846	2.010083963885298	C14H26N4O11P2
530.3468	25.31	0.9165877546576409	0.20113317046199558	
444.0312	378.0	0.3910236407862731	-1.5071377579384453	C10H15N5O11P2,C10H15N5O11P2
530.8457	209.26	0.07286439283333469	4.846327605178804	
404.973	223.87	0.9040074279307266	-0.23238040843809268	
405.009	370.65	0.6164048578131355	-0.8440370841918606	
405.009	420.28	0.996834408722268	-0.005178247686089826	C9H14N2O12P2
444.96	221.77	0.40668032996066056	-1.4460638048753434	
444.96	227.94	0.2953699570916794	-1.963794322934966	
405.2092	26.23	0.33894346883071985	1.7295557459092579	
405.2092	292.43	0.4534674815896887	1.2799470903870194	C23H29FO5,C23H32O4S
445.2324	26.23	0.9184201404643695	-0.19767676729624495	
406.0433	227.15	0.966624498490583	-0.07599855049892885	
445.9981	174.57	0.5492961581864712	1.0236099013929214	
445.9981	176.8	0.4426808586893771	1.318437994880931	
406.1315	258.27	0.029615217931761646	-9.066924420554622	C14H25NO11,C15H29NO6S2
538.9516	2.75	0.8352842668513879	-0.3980904371236707	
538.9683	222.16	0.5692472246772885	-0.9690933807858094	
538.9683	227.28	0.08513607797347622	-4.299861844330187	
446.7834	207.95	0.9222036956172697	0.18380306045968933	
446.7834	211.1	0.6746255832662521	-0.7044337578688363	
532.8439	209.39	0.12491259067006129	3.3646047681371214	
447.0672	365.92	0.19985443948097384	2.574450522705328	C11H20N4O11P2
407.0135	370.65	0.6239833640379359	-0.8208175220650412	
407.0135	420.58	0.5945329412341468	0.8998624089445495	
533.3497	27.41	0.6720397858881537	0.7155031010354319	
407.2285	218.36	0.4534674815896887	-1.2799953117975749	C19H34O9
408.8274	207.42	0.5568310089522399	1.0000000000000027	
408.8274	211.49	0.5568310089522399	0.9999999999999971	
408.89	367.49	0.8706508575365265	0.3111194578835944	
543.3411	25.18	0.9137493228625123	0.20925261789904473	
544.7603	208.08	0.91933365290234	0.1940916692095914	
544.7603	210.71	0.5282366052614123	-1.072892183488899	
671.0603	310.32	0.2624119133746563	2.147235381049952	
672.005	224.13	0.6788393109384067	-0.696540746375676	
782.5677	28.98	0.337876758773391	1.7355529450239333	
782.5677	36.21	0.18077929957560476	2.7624651418487343	
679.0128	224.26	0.18077929957560476	-2.7589321939151596	
679.5142	224.13	0.07491210006612216	-4.716553382557648	
680.0161	224.66	0.08513607797347622	-4.323284837324523	
784.5837	29.12	0.28809790521234846	2.004737950755717	
784.5837	36.6	0.2515369275295148	2.218063980313171	
681.018	224.13	0.1266896581834518	-3.323918109440871	
785.5872	28.98	0.3035417890673625	1.9229434346224243	
785.5872	36.6	0.1841037702508174	2.722716984088855	
786.1636	312.94	0.9067220094209117	-0.22491076599962168	C27H33N9O15P2,C27H33N9O15P2
597.0099	224.26	0.11543647248049373	-3.5594702638336324	
786.5995	36.6	0.23190272290190023	2.3243077236876855	
682.4858	24.26	0.22484757851795556	2.388287737911131	
787.6032	29.12	0.43579285402401163	1.3465621208858027	
787.6032	36.21	0.22484757851795556	2.382470677362111	
788.0015	223.87	0.31229647065734173	-1.8581042670521508	
788.0015	224.66	0.30618332085113265	-1.9020889155018819	
685.4346	24.26	0.185639654683076	2.705594192759131	
598.0133	224.66	0.09157216117770772	-4.122360735696644	
598.0676	420.58	0.8459912506757337	0.3747326301923842	
789.99	222.95	0.3757634827627016	1.5893351521704426	
789.99	225.97	0.57277266465137	-0.957740716198104	
686.0975	347.31	0.3757634827627016	1.5861897039690265	C21H27N7O14P2,C21H27N7O14P2
599.0149	224.13	0.25548312790641303	-2.1892837750549994	
599.0709	420.28	0.9745968404293226	0.05620736581758464	
688.1553	263.42	0.4288792350886509	-1.3681451079667817	C21H35N7O13P2S
795.0095	224.26	0.12398298923918223	-3.3945373285554266	
692.4056	36.21	0.1829636442068656	-2.7317936870164274	C38H53N5O7
554.1754	24.39	0.7927213391488241	0.4836418735686919	
802.0173	224.53	0.055306172132703474	-6.452889411855841	
802.5189	224.66	0.022644035638153807	-11.68650394764004	
803.0198	224.4	0.22484757851795556	-2.3811266755244356	
603.5218	207.82	0.4288792350886509	-1.3698512281790447	
603.5218	210.84	0.9465232306188109	-0.12409365829478743	
604.3531	35.42	0.5137527504580949	-1.1345672857126121	
555.1059	248.79	0.25548312790641303	-2.1864753467570828	
555.1059	250.11	0.8999084076893742	0.24138493480316192	
555.1059	256.04	0.945816285868505	0.12727991905829328	
808.1454	313.2	0.8781969438321353	0.29437843880520825	C27H33N9O15P2,C27H33N9O15P2
696.4369	36.99	0.10042949300792234	-3.8323137296215686	
810.5989	28.85	0.25548312790641303	2.1869066238736115	
810.5989	36.21	0.20032728111904796	2.5694525130338994	
608.0883	356.17	0.19938193796262432	2.583223226570867	C17H27N3O17P2
608.3846	36.21	0.05035356357033681	-6.758615190457894	
609.0915	356.17	0.13632160794139592	3.209465674669004	C17H27N3O17P2
818.0119	347.04	0.20299456116370698	2.543309958881782	
610.093	356.04	0.2326997308001318	2.318246108995555	C17H27N3O17P2
706.065	355.65	0.28768867398049264	-2.0162410585991783	
610.8511	208.87	0.6183375345080417	0.8380262580090198	
824.484	36.6	0.25733569368917536	-2.1754896097341314	
707.9869	222.95	0.6297253146568641	-0.8114476428669207	
707.9869	226.1	0.5084343163379605	-1.1459654881733676	
708.5108	24.13	0.7405093550993443	0.5803397868823674	
708.8273	209.13	0.5568310089522399	1.0022242481526504	
708.8273	209.53	0.9197405090654998	-0.18965541217872545	
829.0031	224.0	0.07665542193248666	-4.656239693711631	
830.006	224.26	0.3910236407862731	-1.5063227120337372	
611.8531	209.66	0.09006783479013333	-4.179831158045211	
560.9495	28.85	0.7088837160854027	0.6406415143213633	
612.1193	370.51	0.9049421852497871	0.22828601617859776	
830.9924	223.21	0.8399190940654646	0.38897268946822056	
830.9924	225.71	0.49539355847401784	-1.173166408497432	
709.5139	24.13	0.7458993977857217	0.5700374571331079	
612.3159	134.26	0.9336945080401011	0.15547655784130235	C37H42N2O6
612.8086	209.26	0.05839408277141679	5.5053420963891595	
612.8491	208.87	0.1455104799781512	3.1105641179928303	
710.5174	24.26	0.7585748936765212	0.5448646104586953	
614.1615	446.72	0.3900677010470191	-1.5156612648778638	C20H32N6O12S2
836.011	224.0	0.05973069221551658	-5.437399890733054	
836.5123	224.13	0.055306172132703474	-6.213271850177987	
615.1545	366.44	0.2679838132892911	2.1136812984210422	C20H31N4O16P,C20H31N4O16P
615.1545	446.72	0.401521150803396	-1.4738389321555296	C20H31N4O16P,C20H31N4O16P
713.0065	224.0	0.08835574034399946	-4.220087695958216	
713.508	224.4	0.2704563705904692	-2.0868505405072955	
616.1573	366.05	0.6331230939513464	0.804367537183129	C20H31N4O16P,C20H31N4O16P
714.4677	24.52	0.8260985686347244	0.42044343462248057	
843.0187	224.26	0.09270372591776636	-4.0545872297903305	
843.5202	224.92	0.5721284257537581	-0.9600386096561895	
715.3026	252.87	0.34477701639241926	-1.7019131242225591	C30H50O19
844.022	224.53	0.3129331439293308	-1.8545671594738984	
564.3585	35.94	0.05655830678197647	-5.798984604453274	
716.0244	146.2	0.9556228861505899	-0.10309589805736667	
716.0244	156.84	0.9538172973458535	0.10774853949020526	
716.3053	252.87	0.42771773067820223	-1.3801149515974243	C30H50O19
718.0219	146.34	0.33565166863720347	-1.7478527075840542	
718.0219	156.71	0.6239833640379359	0.8214012171217554	
720.0143	224.66	0.04850140957354572	-7.036268702364292	C15H25N5O20P4
720.958	370.78	0.9410088081857434	-0.1392305744000874	
721.0166	223.87	0.07750280617491732	-4.525468023303635	C15H25N5O20P4
721.506	24.26	0.2295202805715996	2.3524907256490497	
567.3544	134.52	0.29348197432372125	-1.975179867950268	
721.9571	370.91	0.5970639494595122	-0.8938297791758835	
622.9812	370.38	0.33596517644446466	1.7437231977731724	
722.5089	23.99	0.23159045229456648	2.3354305051242457	
623.9808	370.65	0.32184344009902305	1.8215386185992453	
568.1843	313.86	0.17532157093248993	-2.8367480615911305	C20H35NO16
723.5121	23.99	0.2520292731016727	2.213609913064365	
624.976	370.65	0.19849304221954572	2.598347343998049	
568.9228	324.13	0.012569805942005066	-15.930792272245922	
625.1147	355.78	0.30767055068609245	1.8872068911149635	
724.8012	209.26	0.10551263487189368	3.7571689313303347	
871.993	223.08	0.5694185849850826	0.9653539990550901	
871.993	225.71	0.8315162555937543	0.4061260839226542	
873.0739	153.82	0.5166579423583144	-1.1161662107039365	
625.9664	323.08	0.6084274846611801	-0.870282002476418	
625.9843	222.69	0.35283381342431325	-1.6739813738353921	
625.9843	226.1	0.9283152516247032	0.16691921865026266	
570.0491	226.76	0.8302146391280263	-0.4098466897068938	
626.0986	420.28	0.91933365290234	0.19311974378759808	
570.5467	28.2	0.18077929957560476	2.7674699042734217	
570.5467	57.22	0.11188823179382273	3.6322852036618585	
626.8244	209.13	0.08513607797347622	4.298144507211834	
627.8277	209.13	0.11102918912831014	3.6537729518678312	
877.0122	224.13	0.24984572214324066	-2.2309087332960185	
877.0122	224.79	0.24355599941551523	-2.263060009871739	
628.8232	209.13	0.11543647248049373	3.5279668896852363	
571.5501	28.33	0.20628033327689554	2.514810546525667	
630.07	355.78	0.2427887930766498	2.268219843302196	C17H27N3O17P2
884.0199	224.26	0.1530812649287527	-3.0340373505820284	
884.5217	224.13	0.09157216117770772	-4.086607422415638	
631.0733	355.35	0.3232789927068522	1.8142097478929302	C17H27N3O17P2
635.8553	207.95	0.37077601627160556	-1.605337411866968	
635.8553	211.1	0.3410678559384394	-1.7209279830400763	
736.4317	36.21	0.12620928363175	-3.3454517600084603	
636.9607	420.58	0.5734039789473622	0.9546227702512318	
637.1359	366.18	0.6746255832662521	0.7056650037770688	C20H31N4O16P,C20H31N4O16P
736.5417	23.99	0.6659539375816973	-0.7341728480974302	
575.4905	208.61	0.29451761224232187	-1.9682404383230685	
575.4905	210.44	0.8619490664805957	-0.3360792394956631	
637.9594	420.58	0.6095143042294602	0.8653069588123813	
638.0113	224.4	0.11543647248049373	-3.540340291006329	
638.5133	224.26	0.35583840806048916	-1.652658231509692	
638.5133	224.79	0.15482895430352706	-3.010241465998856	
576.9747	28.72	0.6235252547942948	-0.8244201586030053	
740.463	37.52	0.12183868401992375	-3.4359642417309013	C38H72NO8P
577.5184	28.07	0.19938193796262432	2.587554593183181	C37H68O4
918.0136	224.26	0.08505074863394282	-4.344996128683935	
741.1731	369.99	0.48697605230995467	-1.195307746954051	
925.0217	224.26	0.07722428307057365	-4.614664519942259	
925.5231	224.26	0.37077601627160556	-1.6061792677040327	
926.0248	224.26	0.2196345945603895	-2.425233508869577	
927.0263	224.26	0.22484757851795556	-2.383696534884176	
643.9776	5.81	0.3757790550158985	-1.5846244751249443	
747.0001	223.87	0.10138026266284778	-3.815638603428197	
581.041	420.58	0.9881831801266251	0.02527231748928789	C15H22N2O18P2,C15H22N2O18P2
748.0035	224.13	0.35283381342431325	-1.6691279857731292	
647.458	24.13	0.8820114138881522	-0.28652433357473117	
748.9883	222.95	0.36800259890836884	-1.6178138121243137	
748.9883	225.97	0.5817392214767235	-0.9305978459102491	
749.2812	343.6	0.09287418315875663	-4.015322832333672	C28H48N2O21
749.4897	222.95	0.897137581507802	-0.2545406557514148	
749.4897	226.23	0.8540039846044561	-0.3536229164585445	
648.3793	35.68	0.32691917206643295	-1.796885582283439	
648.4615	24.13	0.8216487322823163	-0.43535081650887336	
959.0146	223.87	0.023297000059282626	-10.516621068090405	
959.0146	224.66	0.012873274277408498	-14.963917955176035	
751.5104	25.18	0.3035935941210923	1.9200891681663528	
649.4647	24.13	0.9137493228625123	-0.20990208505478095	
966.0229	224.66	0.0025539971084844446	-30.465554549041787	
966.5237	224.26	0.057668245681057786	-5.6247436780458235	
582.9943	224.26	0.16738618415579734	-2.9001208393557905	
652.052	226.76	0.8654531365779838	-0.32445681691426626	
753.6124	36.6	0.1876006674731699	2.6835148996001887	
754.0079	224.4	0.07750280617491732	-4.545723654756133	
754.5094	224.4	0.04463268472521332	-7.3638176514977305	
653.146	356.17	0.5527570518742154	1.0134339246077613	
584.0883	370.65	0.7354182749460415	-0.5891836675250275	
585.0916	370.65	0.7076520263539254	-0.6433774843277689	
758.5685	36.21	0.19843129745454288	2.6036825266724266	C41H76NO7P
586.0931	370.78	0.57277266465137	-0.9567421100526313	
759.572	29.25	0.8383061331021853	0.3932054796578509	C43H78NO7P
664.0078	355.78	0.05973069221551658	5.439967890695782	
664.1157	347.44	0.5166579423583144	1.1185502702602494	C21H27N7O14P2,C21H27N7O14P2
761.5165	224.26	0.05655830678197647	-5.968620540634801	
761.5876	36.73	0.21051604114200387	2.487866449293373	C43H78NO7P
762.0191	224.4	0.09287418315875663	-4.019163230220072	
762.9834	355.78	0.3868127913679429	-1.5361397708016842	
763.0208	224.0	0.2699663091035334	-2.094298246787698	
664.9972	224.13	0.12620928363175	-3.344899022513168	
763.1549	370.12	0.5077064556035882	-1.149683140594532	
665.0382	370.51	0.4707453243646231	-1.2355471857950855	
665.1186	347.57	0.5183863738838658	1.097901864151642	C21H27N7O14P2,C21H27N7O14P2
665.4594	24.13	0.1934593351522213	2.6335885511924015	
666.0014	224.0	0.05655830678197647	-5.710648731501495	
666.1208	347.31	0.5183863738838658	1.102455356581404	C21H27N7O14P2,C21H27N7O14P2
666.1313	319.11	0.1865830655765634	2.694704754267424	C21H29N7O14P2
666.9847	222.69	0.5568310089522399	-1.0017135128794135	
666.9847	225.97	0.5817392214767235	-0.9314525467661126	
667.1343	319.51	0.43698186932989225	1.3349581173005203	C21H29N7O14P2
589.0436	370.91	0.5875885074693122	0.9125271830745575	C15H24N2O17P2
768.5372	25.18	0.7481856747133012	0.5644060373846839	
769.5403	25.18	0.4698815763923047	1.239654396005378	
590.0469	370.38	0.8590899237681285	0.3450468734133018	C15H24N2O17P2
590.089	378.26	0.33031000862815396	-1.771677244604599	C16H25N5O15P2
780.458	36.6	0.18903452789114783	-2.6732346194167493	
