m/z	rtime	p-value	t-score	custom_id
114.1028	0.79	0.6678005938673315	0.8187394528684211	
183.0781	23.19	0.25194771043576775	2.56901003400399	
237.1272	113.22	0.07267457652053497	6.142253779671703	
116.0622	38.62	0.3287589740106847	2.06039120335675	
237.9547	2.24	0.6439058372407915	0.8862769949252872	
237.9779	2.89	0.5759884638960411	1.0782546801585622	
238.1201	26.76	0.7179718252313337	-0.6756381732921365	
117.0741	23.19	0.11989750919088726	4.142824170179869	
238.2276	0.79	0.40414568504028253	1.619965491904757	
184.8889	20.04	0.9755440310436664	0.07095409501580516	
294.1555	27.81	0.5642339212679456	-1.1190658139977194	
294.2789	215.88	0.15198571036200606	3.488267891310037	
294.2789	220.63	0.6648816360463643	0.826687499141656	
239.1754	0.66	0.2916680254739313	2.296011707572932	
239.1754	21.75	0.6536326714469859	0.8588660447291683	
294.9386	21.09	0.11147698923416173	-4.5743975551555	
119.0492	27.15	0.1127124584543731	-4.423802868202306	C8H6O
119.0492	30.87	0.11989750919088726	-3.9549608642000718	
295.1515	25.29	0.22603094083867137	-2.754291715339966	
295.9419	21.09	0.11989750919088726	-4.048741060816349	
240.1804	24.51	0.8476705851743888	0.3721346711678786	
296.2073	24.64	0.711991342187544	-0.6930846540640664	
185.1648	0.79	0.38381729989214336	1.7438048425622474	
240.2683	78.69	0.002373478133935737	-24.919768778857637	
240.9668	21.09	0.12054421554291746	-3.906195252995854	
120.0809	24.51	0.11989750919088726	3.947327625094207	
241.1042	24.51	0.39735101961938335	-1.6552238157622374	
298.0829	26.5	0.7226513948839759	-0.6631631334268709	
298.0829	68.03	0.9268802796529625	-0.18586782703785545	
186.1681	0.79	0.3657473326544354	1.8365740206269967	
241.1545	0.79	0.6465342928593407	0.8797132631912635	
298.1861	24.64	0.18141037485857245	-3.152222736305229	
121.0649	30.74	0.5100712219593901	-1.3047958659310634	C8H8O
241.1838	24.51	0.8766294582565537	0.30442499186947686	
121.0843	24.77	0.11989750919088726	4.015761194715433	
298.2737	36.91	0.9515457866797328	-0.1255318454422736	C18H35NO2
298.2737	48.78	0.10761394777012379	-4.917644420539558	C18H35NO2
299.0886	24.11	0.461822975541965	1.4431438525266673	
299.1483	36.52	0.9515457866797328	-0.12753033568824937	
299.2771	36.91	0.9898679277706612	0.022384125919181555	C18H35NO2
299.2771	48.78	0.10761394777012379	-4.961043602137647	C18H35NO2
242.1861	0.79	0.9268802796529625	0.18535534007828042	
122.0686	30.61	0.7385685018202202	-0.6337232960704142	C8H8O
122.0686	65.25	0.12219462885745293	-3.8833654637374595	C8H8O
242.9253	22.8	0.6878893493359283	0.7693347579595738	
188.0705	24.51	0.056358282650138085	6.99017899567965	
300.9046	20.17	0.9541997040488305	0.1164345556363271	
301.0945	26.63	0.453288604407637	-1.4695230306154365	
301.1044	24.51	0.5486774824888201	1.1937511168392096	
243.1826	21.09	0.25772213610855427	-2.5313848601919813	
188.1756	23.19	0.25902127963420574	-2.514842066574139	
243.6844	20.7	0.2940891422240028	-2.2774871904579914	
243.9415	22.14	0.3366657022850169	-1.9886220387967797	
189.0522	22.93	0.4131263088900791	1.5881129015573965	
189.0732	22.14	0.8982865530816403	-0.26497456833811295	
303.1197	26.1	0.7695667726328927	-0.563217415969548	
244.0342	22.27	0.6800694480027516	-0.787068599468116	
189.1022	0.66	0.8126092828754735	0.4830295787022738	
189.112	108.19	0.8334706361186766	-0.4055086854341178	C9H16O4
189.123	22.01	0.18526294153652753	3.0644217493284813	C6H13NO3
244.2137	610.37	0.821172730719388	-0.4412928662367978	
190.0862	24.51	0.9029513631237018	0.2557276850931625	
244.2632	36.39	0.38546352265994976	-1.7321696170763323	
244.2632	41.14	0.34653223000313765	-1.915019149993577	
244.2632	44.29	0.5026063657491686	-1.3266291111775286	
305.0992	24.64	0.20683256346080153	-2.870898785709009	
305.1355	26.37	0.4022460355660844	-1.6255530789045642	
245.0993	22.27	0.9262689373635442	-0.194350167753026	
190.1224	108.85	0.657978548148311	0.847414575969382	
124.0245	1.05	0.4380435564615631	-1.5252254744053688	
124.0587	23.19	0.12465588238621429	3.8013128421849594	
306.2279	25.97	0.1141147392911114	-4.388732741542424	
246.1012	22.41	0.9153429780277205	-0.22023882908498296	
307.892	20.04	0.3657473326544354	1.8404659405617831	
308.1429	69.34	0.15380583949907084	3.433224067121493	
308.1965	0.66	0.6948695248217844	0.7501100788513295	
308.1965	36.91	0.9727905421737524	0.08063057641736848	
309.1459	69.6	0.26866171346982304	2.450513394848871	
309.2279	31.4	0.5130535876953817	-1.285322296271481	
309.2279	33.1	0.108931417130247	-4.645104417425657	
310.9124	22.93	0.6760337307293022	-0.7967979201976455	
248.237	36.52	0.8134161780986812	0.47256372984798956	
248.237	41.14	0.7407274365214368	0.6283551467479326	
311.0887	24.11	0.4527514757060919	1.4800212671885207	
311.1462	25.03	0.24753458004512413	-2.59217362232735	
311.1462	26.76	0.1141147392911114	-4.361674593408473	
193.1012	41.14	0.12040913309886113	-3.9212221567188608	
249.1118	30.61	0.29024745654597467	-2.309249549699984	
193.1699	0.79	0.4798494895417935	1.386495991366426	
311.9292	22.14	0.18242347567552766	-3.1365896902246457	
312.1656	0.79	0.8112160682646756	0.48876873286769645	
312.2528	66.06	0.36512390805865613	-1.8467124445058984	
312.3257	218.24	0.3080043619737996	2.1721609200434355	
313.1044	24.24	0.44881250871930006	1.4934857117320768	
313.162	24.64	0.24377567100930822	-2.616475791597109	
313.329	217.98	0.3512582483660132	1.896432165388919	
314.1607	27.15	0.5571687429155281	1.1571827980240137	
314.3323	218.24	0.3407641705308596	1.9718183722753673	
315.1739	79.21	0.002373478133935737	-28.74563644009028	
252.1706	0.79	0.9661383710804867	0.0903134161437969	
316.2116	21.75	0.9886493931489284	-0.028298921327691084	
316.2485	28.2	0.8076462298396221	0.4983871201443535	
316.2842	36.52	0.1172614217539061	-4.2304658091734	C19H33NO2
317.1145	26.5	0.6107128183969643	-0.9881282933922536	
317.2149	21.75	0.9985894388083101	-0.006324852649205512	
253.1192	21.22	0.861338729429401	0.33279484161761125	
318.1917	25.29	0.9440173383426849	0.14523105398307645	
318.1917	29.65	0.2036386305869815	-2.905421630474561	
318.2172	21.88	0.8757634862036681	-0.30653682423731266	
318.228	26.37	0.8541411949939344	-0.3448862589842496	
319.0938	25.71	0.3521248424563942	1.8894968499042921	
196.0968	21.88	0.6948695248217844	0.7496078843816779	
254.1604	24.64	0.6534027152711138	0.8602877909355269	
320.2073	25.84	0.1881069301481263	-3.0338651543641006	
254.2476	29.91	0.9515457866797328	0.12555490944789702	
254.2476	36.52	0.5485216665815512	-1.1993373920391626	C16H31NO
254.2476	44.03	0.2785552895804833	-2.3890463355097507	C16H31NO
254.8997	20.17	0.711991342187544	0.6939252100858546	
255.1205	27.94	0.3366657022850169	-1.9983809305193023	
255.1233	0.66	0.8131906597578645	-0.476304931684265	
129.0546	30.87	0.5293301355630555	-1.249397681283772	
322.0772	2.1	0.37941512381757475	-1.7634646617961545	
322.1865	0.79	0.711991342187544	0.6929187282636178	
322.1865	27.55	0.18360397205011136	-3.1005600244571947	
322.2228	25.84	0.2850730398003983	-2.345906721055772	
129.1386	0.79	0.5896632817203111	1.0463213111920975	
257.0571	26.5	0.5100712219593901	-1.2932498638041592	
257.0793	1.32	0.6878893493359283	0.7691067644521532	
325.1618	25.16	0.11989750919088726	-4.149868415461763	
257.1391	25.16	0.5760417550781581	-1.0756094993934229	
326.1609	0.66	0.8271248546493113	0.41850782727995905	
326.1967	0.79	0.9986968373394869	-0.0028453718045650138	
131.0491	26.37	0.11164342969266708	4.46696690188097	
131.0491	47.2	0.19000489896544345	3.018984693663347	
326.3415	224.31	0.20075618101789142	2.9313375338122505	
258.0605	26.5	0.3657473326544354	-1.8318145249214197	
327.1201	24.51	0.3226938025779197	2.0979318523568176	
327.1376	41.01	0.3971901227519134	-1.6625199187146356	
327.1411	24.64	0.18242347567552766	-3.11650541178854	
327.1411	27.15	0.04887804528952049	-7.596173608230434	
327.3366	213.12	0.38625103193263166	1.7238290091751038	
327.3449	224.31	0.3287589740106847	2.04354100901286	
328.2124	0.79	0.7683347755899882	0.5696151109582699	
328.3401	213.39	0.5485216665815512	1.2003951320974835	
259.0746	1.45	0.6500721057415747	0.8681751012260569	
259.105	21.49	0.0903591895445328	-5.616565597467942	
198.0977	24.64	0.25902127963420574	2.5117699205666226	C12H14O
132.0031	21.88	0.11989750919088726	-4.135977932099605	
329.1357	24.11	0.34569915761451964	1.9219636390564703	
329.1533	47.07	0.5775449144614696	-1.07095272854204	
132.0888	38.36	0.2290903291612377	2.7305635284650203	
330.1563	47.07	0.6439058372407915	-0.8855679199682011	
330.3362	80.79	0.9029513631237018	0.2549907274182426	C20H43NO2
331.1666	58.66	0.5100712219593901	-1.2981981186042708	C17H26O4
331.3396	80.79	0.18242347567552766	3.1159740803024008	C20H43NO2
261.0733	22.93	0.3946087419118742	1.6725732498987724	
261.1095	0.53	0.8502890169151914	0.35442137166963866	
261.1095	28.73	0.6926661144212681	0.7584796335334533	
261.1306	22.41	0.8573198772620966	-0.3398769328047279	
332.2434	28.2	0.5486774824888201	-1.1952911083733335	
133.0981	103.19	0.657978548148311	0.8490201765603861	
133.1052	23.85	0.15216765723585396	3.481429625190335	C6H13NO2
334.1861	26.76	0.10761394777012379	-4.939809504606134	
334.2229	26.76	0.5100712219593901	-1.298402005088647	
334.2945	36.78	0.091306048231207	-5.525069727510517	
334.2945	49.96	0.05292606481895864	-7.2341020934210585	
334.3374	78.69	0.002373478133935737	-26.926041343534937	
199.1011	24.64	0.18036397961509848	3.168330026865411	C12H14O
335.1894	26.5	0.4468493008034403	-1.5022850604738973	
262.2021	25.84	0.3287589740106847	-2.046785603536507	
199.1917	3.02	0.8102366030231923	0.4920607462233828	
336.2019	24.9	0.28421408012007693	-2.3584733713279857	
336.2019	27.55	0.10761394777012379	-4.7737369874260045	C14H22O6
336.882	2.24	0.5100712219593901	1.2938843891055565	
337.1043	24.51	0.31116495975853803	2.153710729101267	
337.1615	24.9	0.3414912347718982	-1.9501245561375848	
337.1615	26.89	0.38625103193263166	-1.7073060016537556	
337.1771	0.66	0.7797762926878066	-0.5392509667532501	
200.1182	0.66	0.9515457866797328	-0.1311169006872581	
265.1066	27.15	0.3296551356522427	-2.033862023691142	
265.1066	30.74	0.303696111173177	-2.1968517264526484	
339.1411	26.63	0.06240305337053169	-6.654946904850074	
339.2071	70.79	0.7705370938369435	-0.5593043521581246	
340.2302	51.54	0.18526294153652753	-3.0674571194800913	
135.1209	1.32	0.3149896719782803	2.130914730662628	
135.1209	21.75	0.6381531082920634	0.9002495001506973	
265.9621	20.04	0.5903767934962466	1.043123270954859	
340.3572	232.35	0.38381729989214336	1.7385545101610023	C22H45NO
340.9306	20.44	0.37172390786480586	-1.8046092408726797	
341.1357	24.77	0.25902127963420574	2.514631908033934	
341.1566	24.64	0.2593477483232308	-2.4966136754862074	
341.1566	27.42	0.11164342969266708	-4.5235563202326485	
136.1201	38.36	0.2867544410364749	2.336527736380472	C10H14
267.1223	30.87	0.38625103193263166	-1.702451181674425	C14H18O5
267.1586	26.5	0.724237126290907	-0.6590201941242542	
341.3606	232.75	0.2593477483232308	2.4950082278189107	C22H45NO
267.1814	24.51	0.39148406639594857	-1.6876321966971894	
137.0457	22.54	0.23883916537423258	2.649235120128795	
268.1186	0.66	0.7650110413400042	0.5776749203017861	
342.2278	26.5	0.5628960279538862	1.1291886099954016	
342.2278	28.86	0.8093700445263312	-0.49417300118787394	
268.1257	30.74	0.40527112372958957	-1.6160222983984167	C14H18O5
268.1761	24.77	0.6642093735709013	0.8316810717324881	
268.2116	24.64	0.7003334843961908	0.7259620439368701	
268.2712	229.43	0.5100712219593901	-1.2949379640848842	C18H34O
268.2712	234.72	0.09722664638786029	5.285439165937751	C18H34O
268.2712	241.06	0.11989750919088726	4.017813976766694	C18H34O
268.2996	120.07	0.002373478133935737	-22.35783857834581	
342.9288	20.44	0.575135735400329	-1.0857981044127398	
269.136	24.51	0.002642611103714994	-20.370194011464577	
343.1149	24.51	0.7419063439803044	0.6258020943545196	
343.1149	27.15	0.38381729989214336	1.740623700858626	
343.1322	41.27	0.10887436005733266	-4.696948180700774	
343.1689	53.51	0.6530610593727687	0.8622862322414258	
343.1724	24.64	0.15469898257443745	-3.420419159161821	
343.1724	27.68	0.1036961212733972	-5.0989235734237015	
270.1345	0.79	0.8232253806897938	-0.4305367319995007	
138.0489	22.54	0.22192244868995264	2.7757789281978935	
203.0073	22.27	0.6926661144212681	-0.7587961106310295	
344.1358	41.01	0.11989750919088726	-4.179658969184919	
344.1717	0.66	0.8625070424145358	0.3303078774564694	
344.1717	53.24	0.14217842797951577	3.596509849513395	
344.2072	29.12	0.828654149302285	-0.41493548234641375	
344.2434	26.5	0.871757942939655	-0.3146289870029113	
203.1388	21.88	0.11164342969266708	4.450930121658491	
271.1547	64.99	0.2916680254739313	-2.294175378015425	
345.1305	24.24	0.19174900483380047	3.005610123098262	
346.1868	0.66	0.6076562870926621	-0.9971902541029682	
346.2161	92.12	0.03130246883440706	-9.029338097672095	
346.2161	95.97	0.03553254737285004	-8.598913078573547	
272.2581	36.52	0.6257820974510391	-0.9523014901214456	C16H33NO2
346.2228	26.76	0.5985981168595678	-1.0232393694435942	
346.2228	29.52	0.3922414517551137	-1.6793891313494973	
346.952	21.09	0.575135735400329	-1.0903438905267526	
139.0947	0.66	0.8898883541938668	0.2806397192547076	
347.2911	26.76	0.046268824227154955	-7.79268549345124	
273.9451	20.3	0.4644259014761746	-1.4340190911842403	
274.0836	26.5	0.5669800348552825	-1.1120260260432486	
204.9979	22.27	0.590398811305221	-1.0387643039011982	
205.0279	2.76	0.711991342187544	-0.6984895210548423	
274.1656	24.77	0.9755440310436664	0.0714757062568654	
205.0971	0.66	0.4527514757060919	1.477450699737711	
205.0971	24.64	0.06116130569417346	6.726606169897897	
274.2737	34.15	0.8126092828754735	-0.4845279116449786	C16H35NO2
274.9415	20.44	0.40536189603122325	-1.6139416012075545	
348.2021	25.71	0.6982477873455376	0.7318788432590574	
140.0679	21.22	0.3028823914106744	-2.2115369009499695	
140.0679	22.8	0.42758001854106625	1.5518446134769643	
140.0679	189.41	0.18036397961509848	-3.169824699983315	
140.0679	194.66	0.07652237067650282	-5.999629950579529	
348.2383	26.1	0.6888509401451325	-0.7659784105614243	
275.0874	26.63	0.4436946102617165	-1.5098003891473233	
275.0999	21.36	0.5535012877643484	1.1671216831201432	
140.1069	0.79	0.44881250871930006	1.4927130120762397	
275.9553	280.27	0.5395122788745416	1.2225497693952256	
349.8916	20.04	0.2900609580925847	2.3125163695968807	
276.2175	27.94	0.6948695248217844	-0.7515961293892515	C16H24O3
350.1774	145.79	0.34569915761451964	-1.9223812955801525	
350.1774	189.54	0.828654149302285	-0.41455266816959424	
350.2173	27.42	0.3366657022850169	-2.0005815998807837	
350.2534	27.15	0.4893571221216011	-1.359797579106716	
351.1352	47.07	0.6171480665478953	-0.9754690311786133	
277.9333	2.63	0.34464919151539947	1.9368534096231766	
352.8972	21.88	0.25373028695030947	2.5496782119107215	
206.8938	22.27	0.2785552895804833	2.385580360980943	
141.1103	0.92	0.23054312128033402	2.7209175196501385	
278.9311	2.89	0.575135735400329	1.0908145220732497	
278.9648	20.83	0.9621892434853202	-0.10173442204699475	
353.352	218.24	0.3287589740106847	2.0465785730768764	
279.1222	36.39	0.776955303696497	-0.5477045683089741	
207.1492	0.79	0.8232253806897938	0.4323656243969618	
354.3727	243.42	0.15991118100902776	3.353729662953117	
280.2632	36.91	0.776955303696497	-0.5470698092801073	C18H33NO
280.2632	48.78	0.10761394777012379	-4.910607887447937	C18H33NO
281.1013	30.87	0.6642093735709013	-0.8346145128566625	
281.1379	34.94	0.5498130880849893	1.1893838268310246	C15H20O5
281.2665	36.91	0.8476705851743888	-0.37090128833719666	C18H33NO
281.2665	48.78	0.11164342969266708	-4.454416429476361	C18H33NO
208.155	22.93	0.21833870504977845	2.8062945830103017	
356.3519	140.77	0.6054171828075687	-1.0098395699117189	C22H45NO2
356.9084	23.33	0.9268802796529625	0.18323559603661446	
283.0939	24.24	0.6078148929651073	0.9957892993422534	
283.1173	26.76	0.108931417130247	-4.647255567312159	
283.1173	29.25	0.0645664254999193	-6.4935607266748905	
357.1306	24.11	0.30376316211053245	2.1932626365998473	
357.1306	27.15	0.35597884404799235	1.8741830093456608	
357.3553	140.77	0.3369683774659665	-1.9857479052305125	C22H45NO2
209.0961	47.07	0.6439058372407915	-0.886677146284117	
284.1207	26.76	0.15991118100902776	-3.3627232744539293	
284.1207	29.25	0.10761394777012379	-4.888463750717621	
284.2064	24.51	0.9440173383426849	0.14819931225044292	
358.2226	0.66	0.8652869845256483	0.32580233114829676	
284.2945	77.64	0.6068493051940103	-1.003442093500808	C18H37NO
284.9099	22.01	0.2593477483232308	2.4996192817342635	
359.1462	24.77	0.19914093986362963	2.9531548799315943	
285.1096	24.11	0.6182187155945135	0.9704573279951618	
285.1704	0.66	0.9558476539022276	0.11324592624595091	
285.2099	24.51	0.773318705608624	-0.5547557733361672	
285.2979	77.24	0.9334611935804789	-0.17050870662510073	C18H37NO
210.05	24.51	0.6300345815752133	0.9382102868995773	
210.0991	47.07	0.7183800316489455	-0.6697731098242772	
360.1585	41.27	0.38625103193263166	-1.7246682624874055	
360.202	27.15	0.3366657022850169	-2.0041930628904763	
360.2383	0.79	0.8178892372493642	0.45255101514192414	
360.2383	26.76	0.9800595879088062	-0.05706590830555063	
360.2383	29.65	0.01046649163729978	-12.755020062357115	
286.9068	22.14	0.3031534365468128	2.206809032125479	
286.9597	20.3	0.27877202559332653	-2.381820268100857	
287.0888	24.51	0.17576359459241536	3.2093725858459745	
287.1496	0.66	0.6410114593397485	-0.8940442961497408	
361.1923	210.89	0.7705370938369435	-0.5603113517783074	
361.1974	26.76	0.8158656012308264	-0.46167270463507254	
361.2343	0.79	0.9898679277706612	-0.024476832532549998	
361.2343	32.05	0.40213791359105483	-1.6321007748127923	
210.1964	0.79	0.3657473326544354	1.832208781974385	
361.3653	119.94	0.002642611103714994	-19.382071692504187	
210.9775	21.09	0.8460943423621846	-0.3793465822577439	
288.2893	34.42	0.29650477236293343	-2.255495292847438	C17H37NO2
288.2893	36.26	0.4798494895417935	-1.3862790458322929	C18H33NO
288.2893	42.45	0.22192244868995264	-2.776793553597776	C17H37NO2
362.217	26.76	0.3657473326544354	-1.8356597180721637	
362.217	31.79	0.814410162836676	-0.46719857787407265	
362.217	32.18	0.762509402459256	0.5870716499736268	
362.3685	119.55	0.0037108131371850887	-17.1432839465879	
289.2926	36.39	0.551601390046521	-1.182708473844046	C18H33NO
289.2926	42.32	0.2704323226013633	-2.441473907841409	C17H37NO2
362.9259	21.09	0.11147698923416173	-4.555086774342719	
290.1969	25.16	0.563899300109585	1.1208122226505384	
211.1804	0.79	0.4682849783450772	1.4209604791306478	
363.1715	243.29	0.7827986225317416	-0.532490086182128	
363.2209	26.76	0.5669800348552825	-1.1099629305992667	
363.2209	192.56	0.3287493948798258	2.0656519014363868	
291.1814	0.66	0.9268802796529625	0.18441130731260647	
291.1925	31.92	0.3410323788656403	-1.9603292345301753	
363.9293	21.09	0.09722664638786029	-5.3243081438101845	
147.0439	23.19	0.12323307281212281	3.8403384018245585	
147.065	30.74	0.6331924098459281	-0.9150356832654433	
147.0764	23.85	0.13904696350182602	3.634502455966371	
364.9947	24.51	0.38625103193263166	1.7109448065106843	
366.2483	25.71	0.5576076493292162	-1.151704710018513	C19H30O6
366.2483	27.68	0.34569915761451964	-1.928893247754913	
404.2061	30.74	0.4022460355660844	-1.6275847928886715	
404.2639	28.2	0.4425775400894193	-1.5149796300967449	
405.2094	30.74	0.7307921030612308	0.6466148013767476	
406.0421	21.75	0.3366657022850169	-1.9910532802788325	
406.2009	41.01	0.11989750919088726	-4.099690969942844	
406.2122	30.87	0.6257820974510391	0.9549383105432661	
406.2433	27.68	0.8502890169151914	0.35205384596006994	
406.2433	33.89	0.6199662937833659	0.9645014867283993	
406.2433	36.65	0.665628574968824	0.8227718953136146	
367.2822	112.31	0.11041370576861813	-4.602428553871031	
213.1961	0.79	0.6306094860759422	0.9334236287307112	
407.2044	41.01	0.3723657079828905	-1.7892559783708937	
407.2044	41.79	0.25772213610855427	-2.528729106806676	
408.2229	26.37	0.1036961212733972	-5.099649727519991	
408.2494	0.79	0.7683347755899882	-0.5679566133847294	
408.2494	56.29	0.7636666436799453	-0.5835281242948049	
408.2589	28.2	0.3296551356522427	-2.033301454454671	
408.2924	110.03	0.7183800316489455	-0.6704341516053632	
408.9185	20.57	0.38625103193263166	-1.7204940948467187	
409.1614	30.87	0.10761394777012379	-4.752729879946724	C22H26O6
409.2623	28.2	0.39735101961938335	-1.6566592159941345	
409.2803	36.91	0.7566487847668022	-0.5965840497095916	
409.2958	110.03	0.5571687429155281	-1.1554074558234166	
409.9204	20.57	0.28803376363951827	-2.3297322611804185	
410.1647	30.87	0.10761394777012379	-4.782090773516103	C22H26O6
410.2111	161.99	0.2290903291612377	-2.7309671955447374	
410.2294	0.79	0.551601390046521	1.178571300883479	
410.2382	26.89	0.1622473251183205	-3.333126954691205	C19H34O9
410.2746	25.29	0.3409045831320881	-1.9692692395704738	
368.3883	266.63	0.8271248546493113	-0.41888649990857785	
368.4246	189.93	0.575135735400329	-1.0830143049461538	
369.169	30.87	0.31845630772277694	-2.118866497498013	C15H29O8P,C22H24O5
369.1882	28.73	0.23882964654363734	-2.665593185773045	
412.3207	52.19	0.11489620320381448	-4.27445924257174	
413.1779	26.1	0.002373478133935737	-40.148494087438344	C20H28O9
413.1949	36.52	0.8340135710820396	0.4029802360602689	
369.8873	22.14	0.7683347755899882	0.566221930676351	
214.2527	36.39	0.1100702271080382	-4.618822784859616	
150.0582	24.11	0.14708778384236676	3.541346172408685	
370.3311	225.62	0.22192244868995264	2.7838239800909097	
414.9393	20.83	0.9291749023845626	0.17700458678317105	
415.1743	24.77	0.6982477873455376	0.7326293565990117	
415.2436	62.1	0.6257820974510391	-0.952940724658782	
415.2793	233.01	0.04587068932045949	-7.922466758982755	
417.1525	25.16	0.14317275324590195	3.5829003816583342	
417.1525	26.37	0.7183800316489455	0.6697863800936372	
417.1583	283.47	0.8158656012308264	0.461265244438559	
417.255	210.76	0.6300345815752133	-0.9397244672742289	
417.3359	151.99	0.13117592031787206	-3.717641175765618	
417.8789	20.17	0.6819035406724567	0.7824599058046726	
418.1618	283.47	0.7784374067348546	0.5441696824633648	
418.2433	26.89	0.48009463440079714	-1.3830127612818364	
418.2433	28.86	0.4527514757060919	-1.4741732580686389	
418.2583	166.48	0.6968921510659826	0.7419021115209409	
418.2583	210.76	0.6349513641919304	-0.9080737904969749	
418.3392	152.12	0.2850730398003983	-2.3447546699438453	
419.1696	24.77	0.20477325770153784	2.888403388663742	C23H22O7
419.1696	27.15	0.029586133802905205	-9.31757563604688	
419.2251	30.61	0.9032706648411449	-0.2514559056539602	
419.2342	134.31	0.03130246883440706	-9.04648097245979	
419.2342	194.01	0.35597884404799235	-1.872418001467329	
419.2342	243.42	0.9833720649016711	-0.04400467540339952	
420.1729	27.15	0.07652237067650282	-6.00582584608711	
420.201	31.0	0.09615059498503124	-5.382389647559446	
420.2318	177.04	0.30431506823802046	-2.187751938327489	
420.2318	186.65	0.1146313527253982	-4.305945489268163	
420.2954	31.92	0.6678005938673315	-0.8161375928492591	
420.8849	21.88	0.31139532328197533	2.150503072278242	
421.2623	28.6	0.4893571221216011	-1.3611082976744657	
372.2382	0.79	0.5779048329649817	1.0692127143668138	
422.2421	0.66	0.9867746079315203	0.03406096471208915	
422.2746	26.63	0.40213791359105483	-1.6366708686061442	
422.8815	21.75	0.29650477236293343	2.2568026480661727	
423.1409	26.63	0.15558329269123042	-3.4038102740183502	C22H24O7
423.1409	33.1	0.10761394777012379	-4.817544212301408	C22H24O7
215.1444	21.75	0.7018764155376831	-0.7222781256758896	
372.8808	20.17	0.38546352265994976	1.7314242897148118	
372.8808	23.33	0.31116495975853803	-2.1535244485675733	
424.254	26.76	0.47692222868351053	-1.3971519854355823	
424.8961	20.17	0.9529112359992076	-0.12235877241215472	
425.135	30.61	0.38625103193263166	1.7242737987866716	C22H26O6
152.0567	22.27	0.15380583949907084	3.4319871080595563	
426.1389	30.44	0.38625103193263166	1.716059968884715	C22H26O6
426.2694	25.29	0.631411538310796	-0.9306871119390838	
426.2694	138.38	0.9096196160920287	0.22996071316565558	C20H41O7P
426.2694	139.56	0.575135735400329	1.0858205191244996	
374.2111	47.33	0.8126092828754735	0.4798775869854947	
374.2173	0.66	0.4895361982477662	1.3529647498669508	
374.2538	0.79	0.7174225813606085	0.67831791686294	
374.2538	28.2	0.657978548148311	-0.849067282203615	C19H35NO6
427.2509	284.12	0.7230448314364915	-0.6616109503990397	
374.8816	20.04	0.3971901227519134	1.6620919868303206	
428.0364	1.71	0.4895361982477662	-1.3526295540996058	
428.253	283.6	0.657978548148311	0.8475756981383102	
428.2572	145.79	0.5896632817203111	-1.0458104751918231	
428.3366	64.85	0.3346220301813529	-2.0150565037865436	
375.214	0.79	0.7683347755899882	0.5707841386160184	
375.214	47.2	0.2036386305869815	2.908520604500261	
375.3214	88.71	0.24366424262712072	-2.620191795716778	
376.2327	26.1	0.40213791359105483	-1.6361060734494925	
430.2739	110.42	0.8980490467876674	-0.26631140644894036	
430.2739	189.54	0.9268802796529625	-0.18432202833891004	
430.9138	21.09	0.1141147392911114	-4.3711378180578215	
376.9414	21.09	0.27456994303513005	-2.4128866152842128	
431.1781	200.74	0.002373478133935737	-22.376315037418205	
431.217	30.61	0.5571687429155281	-1.1565229382904703	C22H26O6
431.3836	294.9	0.40536189603122325	-1.6125734388329345	
431.9163	21.09	0.091306048231207	-5.568277356144401	
432.1814	200.74	0.0038262964295253357	-16.820784734583984	
377.2007	193.61	0.7797762926878066	-0.5399267573638892	
432.3871	294.9	0.38625103193263166	-1.7130119027896287	
433.2157	75.8	0.6937026185211524	-0.7559474228227633	
433.2406	30.87	0.9183512857409631	-0.21367884864960576	
434.2431	30.61	0.9032706648411449	-0.2527296845353844	
434.3347	149.72	0.6441916588082912	-0.8840566629665725	C27H44O4
378.2085	193.87	0.6068493051940103	-1.002999774066554	
378.2119	27.15	0.18526294153652753	-3.057200403479575	
378.2119	33.24	0.3472206656785785	-1.9113435307084234	
378.2119	36.39	0.19908476320640495	-2.959559568576834	
435.2447	30.74	0.8131906597578645	0.4758948607475111	
435.2619	193.87	0.5628960279538862	-1.1265044714220018	
378.8997	22.8	0.8340135710820396	-0.4027450680226669	
436.1963	26.89	0.10761394777012379	-4.763081295238571	
436.2538	26.37	0.3296551356522427	-2.03612318633864	
436.2538	30.44	0.509439223485688	-1.3104307451318264	
436.3417	202.31	0.9898679277706612	0.0222959241128288	
437.2581	193.74	0.5760417550781581	-1.0761145667335354	
379.2163	33.24	0.9440173383426849	0.14437990369997564	
437.3112	37.17	0.8791059842565273	0.297242956614755	
437.345	202.31	0.6937026185211524	-0.754962222290193	
379.2816	161.6	0.9032706648411449	-0.25071370507240437	C21H40O4
379.2816	168.19	0.7154120003534511	-0.6851264509904921	C21H40O4
437.8745	22.01	0.5295282009302356	1.2477426670096499	
438.2613	0.66	0.6068493051940103	1.0	
438.2613	193.87	0.6199662937833659	-0.9660797642219285	
438.2695	27.02	0.2940891422240028	-2.2814098128723765	
439.1359	28.86	0.1146313527253982	-4.2925654677108795	
379.9164	21.88	0.3286298431256556	-2.070464113396798	
439.3181	152.9	0.8476705851743888	-0.37318634990315835	
439.3391	182.03	0.6182187155945135	-0.9716182946044964	
380.2083	193.87	0.8406124187952979	-0.3899976930780421	
380.2189	0.66	0.9029513631237018	-0.25556595723340003	
380.2277	25.43	0.6852567818549002	0.7754796703026124	
380.2277	28.07	0.9867746079315203	0.03597702566994393	
380.3307	239.58	0.07267457652053497	-6.148247259926286	
440.8687	20.3	0.8486638876611833	0.36450662502147807	
441.1308	24.51	0.0644497122652056	6.529528263473808	
441.1308	29.25	0.8406124187952979	0.3893920969192542	C22H26O7
441.1516	27.15	0.05292606481895864	-7.276965521679157	
441.2371	0.66	0.9755440310436664	-0.06947028323196931	
441.3546	209.68	0.2940891422240028	-2.282165097752999	C27H47NO2
442.1547	27.15	0.10761394777012379	-4.787515403051036	
442.1547	153.82	0.4302874659218841	1.5449568486893226	
442.1547	161.07	0.3657473326544354	1.8302475336365698	
442.2573	52.19	0.8303496695232465	0.4114112133022296	
442.2573	56.82	0.6680022966191485	-0.8141166177433108	
442.2573	59.58	0.6684707417257854	-0.8113115415691284	
442.2573	160.94	0.6948695248217844	-0.7469955501573403	
442.4041	254.49	0.6760337307293022	-0.7975917301445524	
442.8692	20.17	0.44881250871930006	1.4925298310108395	
381.2135	194.01	0.7695667726328927	-0.5625966262245078	
443.1568	27.28	0.1141147392911114	-4.34882125999146	
381.2996	176.25	0.7540621271199033	-0.6029912552753751	C23H40O4
443.3879	201.26	0.04935093277320196	-7.508853381192534	C30H50O2
381.3147	243.82	0.3657473326544354	-1.8413673401913686	C27H40O
444.3316	64.46	0.18526294153652753	-3.0732089677973744	
444.9287	21.09	0.21611854919485082	-2.820032084732586	
445.3349	64.85	0.15338602566623502	-3.450870190080517	
446.2168	26.89	0.6799361785889443	0.7883282792031355	C19H34O9
446.2168	33.24	0.9420963895740899	-0.153191503412503	C24H31NO7
446.887	22.67	0.3031534365468128	-2.203606669178838	
382.2043	193.87	0.9230724418080555	-0.1997850039659048	
447.3828	269.52	0.23487600378891513	-2.69332130493705	C29H50O3
156.072	24.11	0.11989750919088726	3.959107645358789	
447.9039	21.88	0.5817137753153293	-1.062340361828357	
448.2325	29.78	0.3922414517551137	-1.6793503460072852	
448.2325	30.87	0.27446574301141524	-2.4219167614041783	C20H32O8
383.125	41.01	0.10408222938332977	-5.076020457174648	
383.1479	27.02	0.590398811305221	-1.0394809959921891	
449.245	211.02	0.9867746079315203	-0.03576374529347971	
383.2787	64.99	0.10761394777012379	-4.882011483106253	C22H38O5
383.3304	254.1	0.6349513641919304	0.9094835564493766	C27H42O
450.2735	189.41	0.9789760687495009	-0.05956820005690396	
451.2571	0.79	0.9268802796529625	0.1904305365647904	
384.3104	65.67	0.1243435970760948	-3.8105714608538928	C22H41NO4
451.3543	31.92	0.9631473059939928	-0.09848102287961417	
452.2484	27.28	0.1473868098884041	-3.5334336536859055	
452.2484	32.58	0.04043932873978371	-8.24991497983732	
384.3338	254.1	0.8112160682646756	0.4890635048801189	C27H42O
384.7715	22.54	0.5100712219593901	-1.2916184901832803	
216.0875	0.66	0.6479848028827104	0.8757615136993768	
454.1703	36.39	0.3603569992795895	1.859952104447893	C24H30O6
454.2644	27.15	0.39151502814508843	-1.6847579603022822	
454.2924	95.14	0.25356143104117823	-2.556541054175472	C21H44NO7P
385.1635	30.17	0.012331144739851158	-12.11009479115061	
385.1828	25.43	0.16887644312755384	-3.265871985210792	
385.1828	28.2	0.0903591895445328	-5.60953312026565	
385.2731	276.99	0.15338602566623502	-3.446225070105641	
456.289	193.74	0.6349513641919304	-0.9081579707824249	
456.3004	189.15	0.8460943423621846	-0.37808688490105813	
456.3164	27.02	0.9530531187292054	0.12023015747246639	
385.3421	197.85	0.38381729989214336	1.747029330089144	
385.3421	203.36	0.3366657022850169	1.9944188733685635	
457.1256	26.89	0.3052776861628114	2.1825146837615637	
216.9226	22.14	0.23883916537423258	2.6586382346568147	
457.2035	27.15	0.11989750919088726	-3.9481609876067836	
457.2035	32.32	0.23882964654363734	-2.669143732148327	
457.2483	187.31	0.16742650320838373	3.289633136762308	
457.2857	188.75	0.7109800093931858	-0.7062322749992889	
457.2922	193.87	0.5378370689500837	-1.2265204145599735	
458.2896	188.75	0.575135735400329	-1.0936803168862967	
458.4714	199.95	0.575135735400329	-1.0864345938439943	
459.2195	25.43	0.2916680254739313	-2.2948172204560278	C21H32O9
459.2195	27.42	0.04887804528952049	-7.577333592830219	
459.2365	0.66	0.44335576471028254	-1.511968308645755	
459.2365	197.32	0.8093700445263312	-0.49515504241115293	
386.2535	0.66	0.8460943423621846	-0.380459565814774	
386.2535	28.86	0.3414912347718982	-1.9500068498371748	
217.1044	22.41	0.563899300109585	-1.1210893064536922	
459.2652	177.83	0.4798494895417935	-1.3873675625572564	
459.2652	198.51	0.37172390786480586	-1.7973597831227839	
386.2763	276.99	0.11491384656089296	-4.264985118466938	
460.305	305.9	0.9032706648411449	-0.250423005057887	
157.1698	0.79	0.3296551356522427	2.0324818487572993	
157.1698	22.67	0.821172730719388	0.44423863867949326	
461.3625	211.55	0.5571687429155281	-1.1549129412235584	C29H48O4
461.3625	221.29	0.30221003895453974	-2.220994025676058	C29H45NO3
387.1986	25.16	0.11164342969266708	-4.455620562380914	
387.2127	61.97	0.27456994303513005	-2.4165652961749537	
387.2526	58.0	0.18526294153652753	-3.0789382730113912	C24H34O4
462.3056	28.07	0.38625103193263166	-1.7171376486984569	
462.4149	203.1	0.8502890169151914	0.3524795535893907	
462.4149	210.21	0.6054171828075687	-1.0100546696181776	
463.2771	34.94	0.25902127963420574	2.5074006790883323	
388.1829	30.87	0.3720135811841367	-1.7918669106376952	C22H26O6
388.1902	41.66	0.23883916537423258	-2.649483548289744	
464.2188	193.35	0.8847315213346538	0.2881122776429531	
464.2277	27.15	0.30221003895453974	-2.2233721046061508	
388.2266	53.38	0.056694321479673994	6.939970245933829	
388.2266	66.45	0.11989750919088726	3.9829806321622128	
388.2327	26.76	0.551601390046521	-1.1792346197203578	
464.4457	272.27	0.9183512857409631	-0.21271587373477277	
158.1368	0.79	0.40213791359105483	1.6329408065543636	
465.2309	27.15	0.3287589740106847	-2.0495515699870497	
465.2309	161.07	0.575135735400329	1.083201743930955	
388.3935	171.37	0.006847513602380045	-14.358170116608095	
158.1651	0.92	0.6319771419971029	0.9209441343280986	
158.1651	2.37	0.23882964654363734	2.6627275270438204	
158.1651	23.85	0.5600725331591536	-1.1454018321478394	
389.1855	30.74	0.4642274612529478	-1.437260060142729	C22H26O6
389.1937	0.66	0.7110438901072109	-0.7045060636610492	
389.1937	41.27	0.2593477483232308	-2.48931420048775	
389.2298	0.66	0.5896632817203111	1.047082724254495	
389.2298	54.16	0.44881250871930006	1.4965000724235737	
158.9639	21.75	0.10761394777012379	-4.817154564000963	
158.9924	22.27	0.8791059842565273	-0.2997703962649756	
159.0276	22.14	0.8131906597578645	0.47410699243806115	
218.9196	22.14	0.24828243901026717	2.58609092372065	
390.1883	30.87	0.29650477236293343	2.256898659728138	C22H26O6
218.9817	22.8	0.7566487847668022	0.5965838254593745	
391.2837	201.52	0.8487289130840692	-0.3607607691051493	
219.1127	21.75	0.6354972350036527	-0.905065055079727	
219.1127	24.51	0.9988691971627481	-0.0015077378303980083	
392.2276	26.37	0.711991342187544	0.6972394700868383	
392.2276	28.6	0.9073656015257177	0.2400879707590883	
392.2537	36.91	0.996111274704098	-0.011815002998362804	
392.2639	26.76	0.38625103193263166	-1.7129715202673328	
392.2639	29.12	0.243987741066227	-2.612215931240091	
392.2639	33.5	0.4527514757060919	-1.47324466700332	
392.2871	201.52	0.5959701751510952	-1.0282449733644656	
159.1491	1.32	0.3028823914106744	2.2128708682272977	
466.2644	27.68	0.08396290247978631	-5.772794997515933	
466.3007	27.68	0.39151502814508843	-1.6842407487875695	
467.2686	27.94	0.108931417130247	-4.654681993486617	
159.9674	22.01	0.1707242099989585	-3.249539553093086	
160.0309	22.27	0.9230724418080555	0.19960901535022121	
393.2574	37.04	0.9515457866797328	0.12635060240637097	
468.3342	174.91	0.108931417130247	-4.658254872624471	C23H48NO6P
468.3454	179.67	0.10887436005733266	-4.713307230014726	C30H45NO3,C23H50NO6P
394.2161	162.38	0.4562981823816809	-1.4606599281809216	
394.2433	25.84	0.18526294153652753	-3.05960560918487	
395.0262	22.01	0.40213791359105483	-1.6376903689651185	
472.9009	20.7	0.9019701798047354	0.25934255744917817	
473.3176	210.76	0.6888509401451325	-0.7656788661162348	
474.321	210.89	0.6982477873455376	-0.7336913124583845	
395.3994	249.46	0.25902127963420574	2.509008084738645	
475.1572	193.87	0.6199662937833659	0.9650748374549346	
475.1934	25.16	0.20683256346080153	2.8730802576949017	C21H32O9
475.3241	210.76	0.6319771419971029	-0.9203551035569667	
475.3776	278.17	0.7109800093931858	0.7072531230750283	C30H50O4
476.2439	30.61	0.18524496311688973	3.087055056565526	
476.2439	229.82	0.8606949419274994	0.3346243676043032	
476.2848	29.52	0.551601390046521	-1.1775553277671427	
476.3281	305.9	0.9761962489179852	0.06601181214148007	
476.3941	185.18	0.30125893644640866	-2.228843938138363	
476.906	20.57	0.3366657022850169	-1.9886137587944757	
477.2159	283.86	0.8486638876611833	0.3639966808892796	
396.2316	193.74	0.7468128854087169	-0.6143206116696347	
396.2939	32.18	0.29650477236293343	-2.258656082201798	
221.096	41.14	0.13904696350182602	-3.6333213325677813	
396.4194	286.21	0.11989750919088726	4.0393430258594245	
478.1985	168.45	0.1881069301481263	-3.033325628214871	
478.2188	203.23	0.39735101961938335	1.6565972872861299	
478.2738	75.93	0.07767752800989491	5.922709179219538	
478.3007	28.2	0.3798570698477926	-1.7597019960440026	
397.183	25.29	0.19914093986362963	-2.9476635432181704	
397.183	28.07	0.1146313527253982	-4.286733500870072	
397.2351	193.87	0.9153429780277205	-0.21963743309045894	
161.0919	22.01	0.12343834174151286	3.826885825546661	
480.2797	27.55	0.453288604407637	-1.4692105655571104	
480.2797	32.32	0.17498450992460823	-3.2187696900665306	C26H37NO7
398.2403	32.18	0.4895361982477662	-1.3529034558468103	
482.2877	102.8	0.11989750919088726	-4.073411808049814	C22H44NO8P
482.2956	27.42	0.38381729989214336	-1.7385869029218126	
482.9267	21.09	0.9867746079315203	-0.03560960150185533	
483.2991	27.28	0.3731844648536161	-1.7843775809230857	
398.8899	22.27	0.2780183800582145	2.3956415411384513	
222.0986	41.14	0.11989750919088726	-4.175453422359459	
222.0986	93.83	0.353308798183279	-1.8836435805317866	
485.2793	218.24	0.3366657022850169	2.0041325435625494	
485.3587	21.09	0.3287589740106847	-2.0512548966344633	
399.1434	28.86	0.07767752800989491	-5.942363678679443	C22H22O7
399.2499	0.79	0.711991342187544	0.691694187519498	
399.2499	62.1	0.521911186719181	-1.2680991293649624	
399.3253	192.96	0.003407826321400453	-17.7234968266018	C27H42O2
487.3156	213.39	0.8796915952017712	-0.2954461946156405	
487.3331	220.63	0.8234239920734778	-0.42834339091921253	
162.1356	611.02	0.8487289130840692	-0.35918879301812356	
488.2498	24.64	0.2900609580925847	-2.3138760123109194	
162.1488	1.19	0.548904834200578	1.1920949717625087	
488.2878	218.9	0.40536189603122325	1.6111087184335589	
488.3366	220.63	0.8970859680626776	-0.26855204490982926	
488.8718	21.75	0.3149896719782803	2.13149829127634	
400.3053	65.12	0.10761394777012379	-4.9603285597653075	
489.3124	175.86	0.09722664638786029	-5.298791212202566	C23H48NO6P
489.3124	214.17	0.711991342187544	-0.7011617240473844	
489.3611	64.2	0.18242347567552766	-3.120403552495335	
490.3156	175.31	0.1274841656408497	-3.7627897045674654	C23H48NO6P
490.3156	194.4	0.18526294153652753	-3.0765101531576926	
490.3156	214.17	0.6852567818549002	-0.7752635164070322	
490.3443	210.89	0.6319771419971029	-0.9238270703066073	
490.4612	275.03	0.9533536963521367	-0.11858977588705996	
401.159	27.15	0.091306048231207	-5.542368342993361	C22H24O7
490.8689	21.88	0.3186187615445431	2.1137909044113314	
401.2642	224.18	0.39735101961938335	-1.6600771018094038	
401.3087	64.85	0.11989750919088726	-3.9679223545909887	
491.3347	27.15	0.11989750919088726	-4.095288932892984	
491.3477	210.63	0.6982477873455376	-0.7308314465208081	
401.341	192.96	0.15991118100902776	3.3547267156446616	C27H44O2
401.341	200.21	0.920363223687415	0.20704039859904166	C27H44O2
491.4647	275.03	0.9268802796529625	0.18306859787615556	
402.1623	27.15	0.1526434380480049	-3.4670586928286804	C22H24O7
492.2802	29.25	0.46582690122565623	-1.4285700091320461	
492.2802	43.11	0.5486774824888201	-1.1946707420054963	
492.2802	44.29	0.75448103073378	-0.6014187387266023	
492.2902	91.33	0.6968921510659826	0.7420698242450465	
492.3381	27.15	0.1146313527253982	-4.304203918473229	
492.3444	181.9	0.09137067594915868	-5.480424646107034	
492.4249	222.07	0.34569915761451964	-1.9236042633258241	
402.3445	193.09	0.6142895517976646	0.9806932907915891	C27H44O2
164.0738	22.54	0.40213791359105483	-1.6318522854957684	
493.3481	182.16	0.07267457652053497	-6.2076974053656	
493.3883	294.9	0.3366657022850169	1.9900499394259503	C30H52O5
403.1743	24.77	0.9036274241485791	-0.24712207544315595	
403.1743	30.87	0.16839961082729218	-3.2737097899054453	C22H26O7
494.2958	27.94	0.3287589740106847	-2.0545337123244622	
494.3602	213.65	0.06116130569417346	-6.73600792861019	C25H52NO6P
494.3917	294.63	0.9804462440855364	-0.05259731506272387	C30H52O5
495.2995	28.07	0.2785552895804833	-2.385352884874857	
495.2995	210.76	0.9867746079315203	0.03490264840652463	
495.2995	246.31	0.711991342187544	-0.6975601627199214	
496.3112	27.02	0.020533342049634834	-10.424704347272515	
498.415	264.11	0.3286298431256556	-2.071088970193348	
498.9005	21.09	0.1141147392911114	-4.355645398157809	
165.0546	23.19	0.12323307281212281	3.850917267722588	
224.1581	24.51	0.6486197302745313	-0.8735033385105634	
502.2921	65.8	0.5994425380863584	-1.0208287438316852	C25H44NO7P
165.0909	318.38	0.6291822746537642	0.9446142485646806	C10H12O2
527.2899	151.59	0.19914093986362963	-2.947320437836794	
527.2899	152.25	0.2780183800582145	-2.397836075517793	
527.2899	210.63	0.8968523535460122	0.2698836645904102	
502.3733	83.68	0.563899300109585	-1.1218173689343711	
527.4024	208.24	0.6319771419971029	-0.9212481440286712	
527.4495	263.85	0.11989750919088726	-3.9521098470805445	
503.3269	224.04	0.6319771419971029	-0.9201256168970926	
503.3703	263.58	0.4685891279632675	-1.4149242009480938	
528.1434	36.78	0.6300345815752133	0.9376663252241617	
528.3029	26.76	0.15338602566623502	-3.4455825035178758	
505.3082	210.89	0.9730362031048407	-0.07905098995539551	
505.389	209.16	0.6642093735709013	-0.8315590114212795	C31H52O5
505.8908	209.29	0.6678005938673315	-0.8161581571645422	
506.311	210.76	0.8933199802467411	0.27532363500622764	
225.1127	0.66	0.7486121815459286	-0.6109812212846701	
530.2868	76.46	0.5628960279538862	-1.1294604579613525	
225.1207	21.49	0.4761733373915309	1.3999113603915931	
166.0515	1.84	0.3994081422079459	-1.6492069284129967	
530.3216	95.27	0.5070902573171725	-1.3157280818932995	C25H50NO7P
530.4539	275.16	0.4354828397547022	1.531720763696852	C32H61NO3
508.3028	112.04	0.09722664638786029	-5.312385412413607	
508.4718	275.16	0.7636666436799453	-0.584016747244423	C32H61NO3
225.1598	0.66	0.7744984456190193	0.5522337828362094	
509.3063	112.31	0.05398839911762898	-7.1530883115839705	
509.4753	274.9	0.420819077269252	-1.56689729060013	C32H61NO3
532.2066	193.35	0.8419386414824861	0.3867139136659152	
532.3024	105.03	0.10761394777012379	-4.79866645807332	
510.8556	20.3	0.002642611103714994	20.417410550002455	
532.384	63.15	0.2950026207965187	-2.2707797829117604	
532.3914	221.02	0.821172730719388	-0.44419959080373106	
533.2101	193.48	0.9804462440855364	-0.05189678328548262	
226.0448	23.19	0.24337914716682954	2.624601874855899	
512.2041	154.09	0.5628960279538862	-1.1335024340458313	
512.3064	26.76	0.814410162836676	0.47007617372019944	
512.3064	91.99	0.5956464941460726	1.029905071105717	C24H47O9P
512.4941	308.92	0.11147698923416173	4.546836023150405	C32H63NO3
533.3761	210.76	0.3006142346393369	-2.2358200471354586	
533.3873	63.54	0.3006833462215258	-2.2330854982078794	
533.4728	308.53	0.11147698923416173	4.542150555924497	C32H63NO3
226.1549	0.79	0.9587283683243676	-0.10846795358895209	
534.3703	194.66	0.3382260659564519	-1.9804170040000777	C28H52NO6P
534.3703	214.3	0.6982477873455376	-0.7368566425488315	
534.3703	235.24	0.8223678948787038	-0.43877712793686635	
167.0894	24.51	0.11989750919088726	3.9429764059585124	C7H8O2
515.134	36.52	0.7797762926878066	0.5383574040439354	
515.328	198.51	0.12054421554291746	-3.906292453990984	
515.8908	21.88	0.4682849783450772	-1.422351389520213	
226.1913	0.79	0.5534977867503289	1.1694874979929712	
517.3429	234.85	0.665628574968824	0.8235935662750715	
517.3557	210.76	0.8487289130840692	0.360194989501012	
518.3107	37.04	0.6642093735709013	-0.8300788895399182	
226.9513	21.62	0.10122607701219766	-5.188292728915723	C6H4Cl2O5
518.3686	176.25	0.9115076041316733	-0.22654556745307322	
518.3756	210.89	0.6500721057415747	-0.8699687709053632	
518.4563	317.6	0.4131263088900791	1.5871930058055521	
519.1384	287.26	0.23883916537423258	2.6495129519168863	
536.1099	36.39	0.6747834651570636	0.8006435531437028	
519.3593	305.64	0.4895361982477662	-1.3542897700860415	
519.379	210.89	0.7179718252313337	-0.6744701301485524	
519.4598	317.73	0.5416636802876205	1.217839709566925	
227.0419	22.93	0.2850730398003983	2.344645254267728	
520.3547	111.65	0.7832125905254365	0.530938825209609	
520.3819	210.76	0.9804462440855364	0.05203297221847214	
520.4355	277.38	0.6306094860759422	0.9350266399562991	
521.3582	111.39	0.7385685018202202	0.6332095516489171	
521.3712	208.76	0.2593477483232308	2.4922265596407294	
227.1753	0.79	0.590398811305221	1.0411257358607924	
227.1753	24.51	0.034314613512099176	-8.745428787606771	C12H14O
168.0654	23.85	0.6948695248217844	-0.7478197517619269	
522.3267	29.65	0.20691566719699375	-2.86674901753937	
537.2787	119.94	0.41658034793583	-1.577028217356132	
523.2994	186.26	0.003174892467480949	-18.26700486892964	
227.9547	21.75	0.09137067594915868	-5.500198873964806	C6H4Cl2O5
524.303	186.13	0.002373478133935737	-22.615549094193874	
526.4463	263.71	0.12024126905734449	-3.929801314290748	
228.2685	58.39	0.11164342969266708	-4.5167745670699215	
228.9556	21.62	0.07267457652053497	-6.1400068682795075	
540.1698	196.27	0.6694515403864486	0.8089024898961281	
540.4257	176.12	0.3693069179432957	1.8163590268321	
540.4257	257.77	0.11989750919088726	-4.071592570931419	
540.8884	20.57	0.814410162836676	0.4675365398514176	
229.191	0.79	0.37172390786480586	1.7961452701942628	
543.3887	192.69	0.6300345815752133	0.9411711895530631	
544.8933	20.7	0.203684421537548	-2.901351878040268	
170.0811	23.85	0.9096196160920287	0.2324428998219368	
546.1859	168.72	0.18141037485857245	-3.148569001804538	
546.399	82.5	0.5300544998763177	-1.2455632871224214	
546.399	176.12	0.9804462440855364	-0.050024323223647874	
546.4067	210.89	0.6648816360463643	-0.825967424935519	
547.4026	82.5	0.40213791359105483	-1.6305522924479052	
547.4026	82.89	0.5343459504133913	-1.236043457873222	
547.4026	176.25	0.5485216665815512	-1.1992234145804517	
547.4104	210.89	0.7307921030612308	-0.6484988584054323	
170.1731	0.79	0.25902127963420574	2.505555263294674	
585.4297	164.88	0.631411538310796	-0.9297294076118984	C40H56O3
585.4297	209.29	0.7362349288076129	0.63829365150623	C40H56O3
585.4297	231.7	0.7683347755899882	-0.5669076757396271	
586.4314	192.69	0.3507134643280118	-1.9007141336477196	
586.4314	209.42	0.4527514757060919	1.4731768221450037	C40H56O3
586.4376	292.53	0.815398060438397	0.46493928333488216	
232.112	44.55	0.3006142346393369	2.2368513888765142	
587.4142	191.64	0.6354972350036527	0.9060131450202952	C29H56NO8P
587.441	292.93	0.8725355910607964	0.3126288856342854	
232.1189	0.66	0.9513859738925099	0.1328464306894593	
232.1447	0.79	0.9635075748857418	-0.0969411139742628	
588.2137	188.23	0.5270737247681977	1.254366009314142	
588.2137	198.77	0.5571687429155281	1.1561513624776067	
588.2137	216.8	0.5222190035568585	1.2649077144912733	
588.2137	221.94	0.6175335937300971	0.9737565034670941	
588.2866	194.14	0.8476705851743888	0.37034926441132004	
588.444	292.53	0.9820965950044036	0.04676996630275122	
588.4773	255.01	0.9986968373394869	-0.003157938456237319	
590.1927	152.77	0.7307921030612308	-0.6472027893632701	
590.1927	188.75	0.8232253806897938	0.43139548416662665	
590.1927	222.34	0.6573799208607988	0.8526490010972526	
590.1927	233.93	0.7644348346741703	0.5803804022528857	
590.4253	81.32	0.5509088548766763	-1.1861698583067004	
549.4151	207.58	0.575135735400329	-1.0833490494546898	C33H56O6
549.4151	248.41	0.8480807545383839	0.3667693803003926	C33H56O6
549.4536	294.37	0.8178892372493642	-0.4528760006094819	C34H60O5
232.8965	22.67	0.12600397538044042	3.782537128833022	
591.4286	81.18	0.6642093735709013	-0.8300053099331399	
232.9173	20.04	0.9096196160920287	0.2339698170589206	
550.2544	58.0	0.6500721057415747	-0.868190304570039	
550.3655	210.89	0.9067471026862608	-0.24190525614143848	
593.4415	205.88	0.5222190035568585	-1.2656797003091598	
233.0783	22.93	0.32374327079778564	2.0927723348418086	
593.9433	205.88	0.5628960279538862	-1.136174765982336	
594.4726	248.28	0.6968921510659826	-0.7411238726405333	
594.4726	248.81	0.9755440310436664	-0.07003471332263073	
594.4726	289.36	0.9284076976587586	-0.17902970357247425	
594.5096	295.03	0.3720135811841367	-1.7927401787352473	C37H66O5
550.9143	21.09	0.41167620166833946	-1.5947762486482786	
551.3683	210.89	0.8172645967232176	-0.45649975083777344	
233.1508	0.66	0.9428164951518148	0.151214710373091	
596.3864	239.18	0.8172645967232176	-0.4564356944448895	
172.0942	21.75	0.6642093735709013	0.831041193285923	
599.3894	21.09	0.37172390786480586	-1.7982729534093584	
599.3894	23.72	0.28506276252861784	-2.352961257437477	
552.269	76.46	0.8393619006314974	0.39466163899520096	
233.9128	22.27	0.6948695248217844	0.7487289142754293	
602.2303	181.51	0.7644348346741703	0.5794413825520511	
602.2303	198.77	0.5628960279538862	1.1304651773476595	
602.2303	217.06	0.5462364754820342	1.2080405055553374	
173.0783	22.41	0.5676738041132341	-1.1076825003521535	
604.2086	188.23	0.8480807545383839	0.36681404459268624	
604.3693	283.99	0.6763393575454136	-0.7953049659294633	
604.4429	191.9	0.5516923932337081	-1.1735595734279065	
604.4429	533.25	0.324109360298073	-2.0894944518381253	C33H63O7P,C40H58O4
604.4721	196.14	0.9621892434853202	0.1007911456636505	
553.8553	20.3	0.3312189929828744	2.0261726471119332	
605.2118	188.23	0.873123373003011	0.3108658916292806	
605.3146	283.47	0.8232253806897938	0.4314423052043946	C29H49O11P
605.4753	196.4	0.9369872759413007	-0.16180649466304087	
554.2425	116.27	0.5026063657491686	1.3260207530406127	
554.3164	31.13	0.3031534365468128	-2.2032998674930204	
173.096	36.26	0.5100712219593901	1.2920114932228397	
173.096	243.82	0.9985894388083101	0.006311591268767341	
554.3414	193.74	0.5308587482069065	-1.2429414218350565	
173.1073	0.66	0.9986968373394869	-0.004883654544707584	
606.188	108.71	0.8131906597578645	-0.47630001258415583	
606.3179	283.47	0.8226830332927317	0.43633316680976464	C29H49O11P
607.3209	283.47	0.7817549119207374	0.5348344115082413	C29H49O11P
235.0751	33.63	0.5100712219593901	-1.2958792196417694	
555.4444	204.15	0.18242347567552766	3.127051892838056	
555.5266	309.97	0.31036495429498245	2.162949425973415	
556.3026	83.02	0.7307921030612308	-0.6463598483813248	
556.8575	21.75	0.3226938025779197	2.0981521243229944	
612.8807	20.7	0.35146920828213063	-1.8930383189674183	
558.318	109.9	0.5516923932337081	-1.1737420597766972	C28H48NO8P
558.378	108.19	0.8172645967232176	0.45647065212400356	
615.2633	193.22	0.6319771419971029	0.9236530908974625	
615.4547	204.81	0.6852567818549002	-0.7747580133395544	
615.9567	204.81	0.6331860492709135	-0.9161747607009636	
616.2449	217.59	0.37172390786480586	1.8063923334567793	
616.3175	218.64	0.5628960279538862	1.1270481794609772	
558.8565	22.01	0.3287485603601562	2.0678965592866327	
617.3211	218.64	0.5759884638960411	1.0781041219660241	
174.938	22.8	0.2680699292635382	2.4555169086741175	
559.3815	107.66	0.9230724418080555	0.20254644493115173	
559.3815	108.58	0.8226830332927317	0.4364249929394175	
618.224	188.49	0.8502890169151914	0.3517629293655304	
618.4878	225.23	0.8262086222231562	-0.4221533572106577	C34H68NO6P
619.2277	188.49	0.9096196160920287	0.23136567083542595	
619.4913	225.36	0.9658173727258671	0.09288257251959497	C34H68NO6P
175.0014	22.93	0.10887436005733266	4.704814892629639	
620.4363	62.1	0.34653223000313765	-1.9164571473933927	
236.1502	24.9	0.8178892372493642	0.45369414745385245	
562.402	234.98	0.6530610593727687	-0.8618632760631093	
175.119	1.58	0.3512582483660132	-1.8954904918537478	
175.119	24.11	0.25356143104117823	2.5534550356575365	
623.3252	283.47	0.8234239920734778	0.42824403857088367	
623.3853	287.39	0.3028823914106744	2.2126318632817403	
563.2267	283.2	0.5669800348552825	1.1108177611393792	
563.4662	319.3	0.9096196160920287	-0.23149118504272156	
624.3286	284.12	0.7683347755899882	0.5688937204043617	
624.3889	287.26	0.29650477236293343	2.2533220046557436	
624.4171	288.18	0.9230724418080555	-0.19943093062965375	
624.5058	275.81	0.8487289130840692	0.3580005008763989	C41H66O4
564.2955	84.07	0.2916680254739313	-2.294443713448636	C28H47NO8
624.8464	21.75	0.38625103193263166	1.7034563343027773	
625.3918	287.52	0.4562981823816809	1.4612294799443324	
625.4096	231.7	0.37941512381757475	-1.762468028805424	
176.0657	23.85	0.9940081162708833	0.015708296146663074	
627.3612	209.16	0.002373478133935737	-32.787951173580836	
628.3649	209.16	0.013054574621765786	-11.820105487785469	
653.3361	214.17	0.5026063657491686	-1.326765488788909	
653.4515	288.18	0.3677007993991683	-1.8219556456696342	
630.2011	153.82	0.814410162836676	0.4680853118800949	
630.2011	161.33	0.8393619006314974	0.39402306207319854	
630.2604	201.26	0.6642093735709013	0.829065960180693	
630.5647	293.32	0.11989750919088726	-3.945489461379613	
566.8878	21.09	0.11989750919088726	-4.131362074915023	
631.2638	201.39	0.3410323788656403	1.958841593818805	
631.2638	204.02	0.4682849783450772	1.4175852285227204	
631.4828	195.88	0.6306094860759422	0.9344368944859129	
631.4951	293.06	0.6082005226725989	-0.9932763210774787	
632.2399	185.18	0.5100712219593901	1.2985389983432094	
632.2399	192.82	0.6423849074083087	0.8910246062084864	
632.2399	195.06	0.9408539689654024	0.15583147428613559	
632.2399	213.52	0.5100712219593901	-1.3023437837904017	
632.2399	217.46	0.45868964335782636	1.4532960617465445	
656.2753	222.07	0.13904696350182602	3.641210978129628	
656.2753	227.2	0.12323307281212281	3.8542650748388776	
656.2974	194.53	0.5759884638960411	1.0802701465097087	
656.2974	197.85	0.5775449144614696	1.0716953274759669	
656.2974	200.08	0.4527514757060919	1.4746240687043706	
656.2974	205.61	0.38625103193263166	1.7043521948869917	
656.2974	209.29	0.5654411966782381	1.11599539800162	
656.2974	212.73	0.5486774824888201	1.19713597059487	
632.4984	292.93	0.920363223687415	0.20723135187484243	
632.5048	196.14	0.8480807545383839	0.36741708351200486	
632.5048	237.47	0.6123676191037051	-0.9845977421547614	
657.2789	222.21	0.11989750919088726	4.102185725669203	
657.2789	226.93	0.23487600378891513	2.6960994159370495	
633.2792	289.1	0.09987519086778301	5.226722467603797	
568.3565	186.0	0.002642611103714994	-19.724699818663147	
568.4568	217.06	0.18141037485857245	3.1543259250793407	
568.4568	257.64	0.05422992267369197	-7.102906185879836	
569.3324	283.86	0.6678005938673315	-0.815476663656756	C30H48O10
569.3604	186.0	0.002373478133935737	-30.370764967624698	
634.3856	189.15	0.5535012877643484	-1.1669241204650267	
569.4348	196.27	0.9183512857409631	-0.2132572254889348	C40H56O2
569.4348	225.23	0.9761962489179852	0.0659307544685368	C40H56O2
569.4348	262.8	0.711991342187544	0.693157192720291	C40H56O2
569.4348	276.07	0.8487289130840692	0.36233184170388943	C40H56O2
569.4348	309.18	0.5818419568805413	1.0609496906415312	C40H56O2
570.153	154.48	0.24199109927910906	2.6333699316250754	
570.153	158.44	0.8126092828754735	0.4803159983438521	
634.8752	21.09	0.11989750919088726	-4.087359013645739	
570.4381	196.27	0.9268802796529625	-0.1845362440419495	C40H56O2
570.4381	225.49	0.919534906187624	0.21017948869490027	C40H56O2
570.4381	237.47	0.871757942939655	0.31462953412730876	C40H56O2
570.4381	262.8	0.8487289130840692	0.35779549947366057	C40H56O2
570.4381	275.81	0.8791059842565273	0.29720891494786766	C40H56O2
637.3045	137.07	0.7797762926878066	-0.5409589366999995	
637.4671	203.89	0.927593402882158	-0.1811137572460284	C33H66NO8P
660.5344	237.47	0.8334706361186766	-0.40546761826710975	
660.5344	263.32	0.6985041482310608	0.729433841871556	
637.4924	106.61	0.45956419475547744	-1.450217666525366	
661.2733	205.61	0.23487600378891513	2.6924767301802666	
571.331	295.03	0.9730362031048407	-0.07814573449987627	
571.4281	206.4	0.6801387335925686	-0.7858953106926704	
571.4415	196.27	0.9804462440855364	0.050539308467853476	C40H56O2
571.4415	225.36	0.9096196160920287	0.23007355306367885	C40H56O2
571.4415	237.47	0.7838044359206361	-0.5291640877091833	C40H56O2
571.4415	262.66	0.9761962489179852	0.0653650423135364	C40H56O2
177.1637	38.62	0.34464919151539947	1.9336924254847592	C13H20
664.2653	189.67	0.48522425463744995	1.3697864622034757	
664.2653	198.9	0.3287589740106847	2.0545593256125216	
642.4363	231.57	0.310671171090947	-2.1596859290912525	
573.4358	120.07	0.41167620166833946	-1.5932909119711185	C26H56NO7P
644.2402	187.7	0.6642093735709013	0.8340959530896941	
645.4987	225.36	0.8126092828754735	-0.47977514989022246	
668.4444	237.61	0.12323307281212281	-3.84945595888106	
668.4444	249.2	0.11164342969266708	-4.481575592224502	
646.5202	225.23	0.8791059842565273	-0.29769876640540477	C36H72NO6P
669.2408	203.49	0.4682849783450772	1.417786259497093	
669.2408	211.02	0.711991342187544	0.6919953745263691	
669.3759	207.45	0.9661383710804867	0.09069318219225908	
647.4219	261.75	0.11989750919088726	-4.087937818462036	
647.523	225.36	0.7428835180994492	-0.6207199981296603	C36H72NO6P
670.254	199.16	0.11989750919088726	3.9433649447564663	
648.4379	189.41	0.4895361982477662	1.3524986553155312	C32H64NO8P
670.3781	207.45	0.8476665840024995	-0.3744499336035542	
179.0815	0.79	0.7018764155376831	0.7207565287759133	
672.4194	209.16	0.002642611103714994	-19.962426898610076	
672.5759	67.9	0.2940891422240028	-2.276187836864083	
576.4105	62.88	0.3252413431009957	-2.084139981829698	
673.3025	288.57	0.06760283790177073	6.381842865949906	
673.4228	209.03	0.002642611103714994	-19.908927013322124	
577.4126	62.62	0.30376316211053245	-2.191795790566613	
714.2795	217.46	0.2713364270455357	2.435449752978254	
715.2828	217.46	0.3657473326544354	1.8344654181460052	
715.3695	279.61	0.22720699299731864	2.745670606158922	
716.3084	205.61	0.3961748497021902	1.6675531752943786	
716.3084	210.89	0.9755440310436664	0.07272274612067747	
716.4251	189.15	0.5142885729952916	1.2819330315073858	C34H66NO10P
677.2626	203.23	0.5628960279538862	1.1302170149149584	
716.4633	195.06	0.8262086222231562	-0.42169661835978023	C36H68NO9P
717.3292	206.01	0.4642274612529478	1.4358350561081663	
717.3292	210.89	0.711991342187544	0.6951076963265609	
717.3292	214.57	0.25356143104117823	2.5572033675320704	
717.4671	194.92	0.868998178176389	-0.3201337136774697	C36H68NO9P
678.4614	24.77	0.8158656012308264	-0.4613606465297962	
678.6757	508.64	0.20477325770153784	2.891899339903547	C44H87NO3
679.448	257.12	0.15558329269123042	-3.4060472721683346	
679.448	286.21	0.4650288069850494	1.4314698279837006	
680.4501	256.98	0.1146313527253982	-4.308576078321142	
680.4501	286.34	0.4523616028857929	1.482858820071387	
680.868	20.7	0.7172493780929291	0.6795890609674055	
580.2999	110.29	0.11989750919088726	-4.021524659382266	C28H48NO8P
720.4951	284.25	0.6982477873455376	0.7378214891799468	
580.493	305.51	0.9447933197040204	0.1423279280633838	
682.399	184.13	0.5628960279538862	1.1270403727666358	
720.8735	212.07	0.4608643231751978	-1.4463635082217126	
721.3578	215.22	0.821172730719388	-0.4415170263896166	
722.3629	215.22	0.3731844648536161	1.7837858575342567	
723.3031	153.56	0.3287589740106847	2.0511324461719522	
723.3031	188.75	0.9898679277706612	0.025386183921278338	
723.3664	215.49	0.48391752514292996	1.3748887458168704	
724.5067	256.72	0.06288113721702038	-6.606743881171394	
724.5067	286.73	0.7583145650103817	-0.5934288387572529	
582.3363	119.81	0.7018764155376831	0.7215983715798607	
582.4724	242.77	0.5593597315405624	1.147755273597738	
686.25	177.83	0.3141130314624876	2.1383104826502373	
686.25	182.29	0.38381729989214336	1.7428341882320346	
686.25	186.26	0.7179718252313337	0.6750907106809113	
686.25	189.67	0.6982477873455376	0.7337766684172866	
181.0096	22.01	0.9440173383426849	0.14488613879566115	
686.4625	226.01	0.17851452943388008	-3.188392224730796	
686.4625	235.64	0.1127124584543731	-4.417437620287456	
583.4144	171.37	0.6982477873455376	0.7357513649426042	C40H54O3
583.4144	209.29	0.5903767934962466	-1.0423725928651415	C40H54O3
583.4757	242.37	0.2896507618099099	2.3200259510863526	
583.878	21.75	0.11989750919088726	-3.992297658441061	
728.2585	193.48	0.5738896144124619	1.097091758429769	
689.1476	279.35	0.9036274241485791	0.24685263623567547	
728.5872	216.41	0.6300345815752133	-0.9401438683735851	
690.4701	198.24	0.40597565325209534	-1.6082554535017284	C36H68NO9P
690.4701	201.92	0.11989750919088726	-4.092334929374221	C36H68NO9P
690.4701	204.41	0.046268824227154955	-7.800072214991639	
731.3086	177.43	0.53695102252028	1.2292492910426442	
731.3086	182.29	0.4798494895417935	1.386923850451662	
731.3086	186.13	0.6479848028827104	0.8754890375119393	
731.3086	190.33	0.6068493051940103	1.0007586540131166	
731.4145	282.68	0.6068493051940103	0.9995226906639354	
731.4244	230.65	0.002373478133935737	-22.803795429785385	
732.4277	230.65	0.002373478133935737	-24.77272632169458	
692.2962	217.72	0.34569915761451964	1.921030199453438	
692.3182	196.01	0.3141130314624876	2.1380636098954082	
692.334	289.36	0.1141147392911114	4.34062499763867	
692.8337	21.62	0.353308798183279	1.882751043569819	
693.3001	217.59	0.41578822291701717	1.5801918484879494	
733.3243	173.08	0.3677007993991683	1.8221725243234193	
733.3599	222.34	0.7387260963033355	0.6319669663843204	
733.3599	225.23	0.3031534365468128	2.200896097725632	
694.3322	196.01	0.342875294494756	1.9440487243887041	
694.3322	220.63	0.9339578426628947	0.1688235334204683	
694.3322	222.86	0.45868964335782636	1.454565374855755	
694.3322	226.93	0.37172390786480586	1.8028481233115066	
694.3322	231.3	0.1392870343458729	3.6254785342439217	
694.3322	236.82	0.2036386305869815	2.9057297008559826	
694.3982	207.45	0.8126092828754735	0.484347643822531	
182.0297	25.29	0.4682849783450772	-1.4169081482758614	
694.4431	188.1	0.16829121542845396	3.279258002078503	
182.0574	532.99	0.551601390046521	-1.179659324895743	
182.0811	23.19	0.11164342969266708	4.47120811820974	
734.326	173.34	0.37586770820654997	1.7748955062522933	
734.3623	214.57	0.7168623058231549	-0.68190574564528	
695.3651	271.22	0.5349582980365577	1.2337397150506826	
695.4015	207.45	0.6319771419971029	0.9206314046800043	
695.4431	253.83	0.5050912992390508	-1.3204576941049377	
695.4431	262.01	0.631411538310796	-0.9288748463168698	
182.1037	0.79	0.9365682594368101	0.1644520830433797	
182.1037	22.27	0.243987741066227	2.609126556075726	
696.4046	207.45	0.5267112311931957	1.2562912690508052	
698.3414	185.18	0.1461122857971376	-3.554449052122317	
698.3414	272.14	0.5516923932337081	1.1754098300724174	
698.3414	279.61	0.18242347567552766	3.1286569246121667	
698.5559	286.21	0.20013971032335678	-2.9383486151116958	C40H75NO8
698.5559	288.7	0.1036961212733972	-5.115854018785534	C40H75NO8
737.3551	217.46	0.40213076317519764	1.6418087481686694	
738.3583	217.72	0.3896762754951876	1.6932468760279273	
700.6073	299.96	0.7428835180994492	-0.6211169224327792	
701.3538	194.66	0.37172390786480586	1.7981012968680576	
701.3538	197.06	0.5421844483574819	1.2157006792972214	
701.3538	202.97	0.7180715927418805	0.6732977385248954	
701.3538	209.03	0.9440173383426849	0.14446712970726686	
701.3538	212.99	0.6390559817493632	0.8978745344677543	
701.4727	193.74	0.5572791885304383	-1.153475244387935	
740.4997	253.44	0.1937420024058192	-2.9910638529592792	
740.4997	255.67	0.05292606481895864	-7.319573091937729	
740.4997	262.4	0.5628960279538862	1.1260612880424345	
702.3184	236.69	0.1526434380480049	3.468251809837354	
702.3573	194.4	0.4022460355660844	1.6258925114459952	
702.3573	197.19	0.8131906597578645	0.47387743480226335	
702.3573	203.1	0.8178892372493642	0.4505177378241253	
702.3573	204.94	0.8232253806897938	-0.4315659665996261	
702.3573	209.82	0.8178892372493642	0.45110261690025033	
702.3573	212.73	0.9515457866797328	0.12517686739058032	
702.3733	189.67	0.7168623058231549	-0.6811399428628329	
702.4697	194.66	0.11989750919088726	-3.940180490549423	
702.4697	197.85	0.6068493051940103	-1.0053672633786392	
702.8625	21.09	0.11989750919088726	-4.13733920347631	
704.4855	202.05	0.6257820974510391	-0.9505279645428807	C37H70NO9P
704.4988	134.83	0.5100712219593901	-1.2935800243256417	
704.4988	220.21	0.026981854180703577	9.627059845714404	
743.4006	264.9	0.5485216665815512	1.1997451154702885	
743.4006	271.88	0.5509088548766763	1.185088392941005	
743.4006	278.69	0.28147507344117595	2.3701485611127078	
743.4821	283.99	0.3409045831320881	-1.9652899453287616	C38H73O10P
705.3287	205.07	0.37586770820654997	1.7740712711334892	
859.5244	301.29	0.509724265485914	1.3085775857454118	
860.6664	212.6	0.632818926272723	-0.9178182512782918	
747.3758	214.83	0.38625103193263166	1.7083121056824586	
709.3238	217.72	0.3414912347718982	1.9554006019141277	
748.379	214.83	0.45084079029300983	1.4872098847869264	
748.379	236.82	0.484414792322089	1.372608327969174	
748.8546	20.7	0.14883501755792833	-3.516974801767557	
712.4774	36.78	0.7109800093931858	-0.7056465580483322	
865.496	276.07	0.15598710725465614	3.3958402624836963	
751.3346	188.23	0.38625103193263166	1.7056913607782185	
713.4804	36.65	0.3810688586910191	-1.7552091589894523	
752.3376	188.23	0.38625103193263166	1.7101877195333528	
867.5117	286.6	0.6257820974510391	0.951140401099165	
759.4391	156.21	0.575135735400329	1.0879420180050403	
759.4391	160.02	0.18358457327406566	3.1050319029047078	
760.821	21.75	0.34464919151539947	1.9335633444275873	
874.444	276.46	0.3409045831320881	-1.9661774818575715	
762.4686	160.68	0.27456994303513005	-2.4155606828066443	
762.4686	195.32	0.8406124187952979	-0.3896143551364114	
880.6342	298.25	0.16238527327393604	3.327238302162397	
950.9396	711.33	0.8258198223230887	-0.4242269155551094	
881.3762	155.4	0.7640519434345961	0.5820017799913161	
881.3762	158.05	0.7126227674112581	-0.6898202364043763	
881.3762	159.89	0.6788753763282968	0.7908279794723088	
953.1856	202.57	0.48009463440079714	1.383029133368143	
769.5427	32.18	0.3410323788656403	-1.9598230510614354	
770.8498	21.09	0.10761394777012379	-4.978963315555451	
772.4876	219.95	0.8541411949939344	-0.3450709590985733	
773.4915	220.08	0.2373289640073854	-2.6790243112045937	
817.7626	634.55	0.6597456889881449	-0.8439091882471382	
776.4824	230.65	0.002373478133935737	-22.646906065712493	
821.6617	308.66	0.8126092828754735	0.48144828510725335	
777.4857	230.52	0.002642611103714994	-19.4604286836174	
976.6466	227.33	0.9365824332848333	-0.16337763099004637	
784.4518	195.06	0.9886493931489284	0.028774466069000013	
785.4548	195.06	0.9036274241485791	0.24854392913516407	
981.2167	216.41	0.22192244868995264	2.780404594369715	
1037.2796	254.75	0.5628960279538862	1.13015849773514	
1039.2702	224.31	0.6082005226725989	0.9928933371496101	
1040.2905	224.31	0.9268802796529625	0.1882159422838908	
1041.2939	224.31	0.2896507618099099	-2.319196480433496	
1042.6873	292.27	0.11989750919088726	-3.9560711670005966	
995.2329	224.31	0.12782423569394905	3.753527551938121	
995.6639	189.15	0.3287589740106847	-2.0447068861910522	
995.6776	103.72	0.6349513641919304	0.9093832714634422	
996.2361	224.44	0.3414912347718982	1.9495805689505437	
1068.3214	243.42	0.606303022626595	1.0073835911983138	
838.8375	21.09	0.12343834174151286	-3.8254782778809333	
1009.2486	233.27	0.37064866279973896	1.8113985099461092	
1082.3367	255.01	0.7423253700337276	0.6242252025997798	
1012.2587	209.42	0.9530531187292054	-0.12004291042307925	
1012.2587	224.04	0.9515457866797328	0.12779680893328582	
1110.3677	270.83	0.5600827235962421	1.1441245228261634	
1023.2639	243.82	0.43120289168487874	1.5416201034126635	
1026.2744	216.54	0.9589382764811977	0.10712630941295333	
1029.0017	611.02	0.7675286163340326	-0.5734537660949608	
1155.7256	291.88	0.3366657022850169	1.9920987894112192	C57H104N2O21
1342.9249	332.32	0.9877336543572274	-0.03170094326052062	
1167.7888	246.44	0.9804462440855364	-0.054394151647181845	
1176.704	291.75	0.3185268704600429	2.116354987588077	C57H104N2O21
1182.7795	244.74	0.9093575404765037	0.23655050054311444	
1183.7834	244.47	0.6684707417257854	-0.8120306649193489	
851.3963	36.52	0.8460943423621846	-0.37743474685122147	
1196.8222	283.07	0.10761394777012379	4.969255228360066	
1197.8253	283.07	0.12323307281212281	3.844332119722213	
1198.8282	283.07	0.10761394777012379	4.771257585742091	
852.3999	36.52	0.9268802796529625	-0.18937265270013887	
1286.6696	207.45	0.9789760687495009	-0.059993513795860855	
1287.6731	207.45	0.7428835180994492	-0.6203952293993826	
1642.5654	598.55	0.821172730719388	-0.44174235539586604	
