m/z	rtime	p-value	t-score	custom_id
113.9879	21.75	0.4166667942653939	-2.3995406613692745	
114.0164	22.8	0.3084188813083664	3.3494735803998443	
170.9435	22.02	0.5452156929843229	1.3814556844862558	
114.9887	21.75	0.2500888529023306	-3.8812457354832572	
264.9346	22.8	0.942281743122686	-0.14866601262487594	
171.8703	24.25	0.4988188552869464	1.7119598801336773	
265.148	36.79	0.5099621796757042	1.647909365179112	
171.9293	0.65	0.4698540671100606	1.9187509192682781	
265.9508	22.02	0.7965772621751515	-0.6010021398821991	
266.1515	36.79	0.4988188552869464	1.714552093225547	C15H22O4
266.9325	22.8	0.49409150485752606	1.739428153147696	
215.8765	1.04	0.46979280893908065	1.9938150352573822	
267.0089	188.17	0.8626373754788703	-0.3782911759227317	
267.0089	193.68	0.7481729839834533	-0.7631703629611696	
267.0089	219.52	0.6449335084199378	-1.017296256798355	
267.0736	21.89	0.7567418612905328	0.7292877201782378	
267.1438	36.79	0.48776791825905125	1.7918132990187332	
216.9888	266.55	0.5115144643072769	-1.6046862752272075	
216.9888	267.73	0.8054015648663319	-0.560085232727669	
216.9888	275.78	0.7240299641370822	-0.8069666904003675	
216.9888	277.62	0.8940265953040859	-0.3006430795788803	
216.9888	280.38	0.6634757871760691	-0.954197248605872	
268.9544	23.2	0.9248088088366617	-0.2087700196274716	
268.9841	26.24	0.48507402199743804	-1.8248155409169848	
172.9405	21.89	0.800571585156978	0.5781828180715659	
217.0125	219.65	0.3104897183165514	-3.143463432373608	
217.0125	331.09	0.46979280893908065	1.9606507022605095	
217.0125	419.12	0.7965772621751515	-0.6027952120414679	
217.0125	424.11	0.49409150485752606	-1.741554351770506	
217.0125	430.97	0.8947472011647014	-0.28479868646288714	
217.0125	431.89	0.7410357036405307	0.7805721974802922	
217.0125	634.11	0.8712933461433142	0.3560837337608007	
269.249	199.1	0.44988664776301446	-2.254398166128025	C17H34O2
269.9866	26.24	0.22049491624795237	-4.494123399715616	
119.0491	36.13	0.5049829527869837	1.6800568408393548	
271.9846	1.83	0.05501767090754202	10.051717717052984	
218.9864	25.04	0.5238556130916396	-1.5437402113242438	
219.0082	156.81	0.9249051306579086	-0.20506260382199665	
219.0082	189.35	0.7748786303379881	-0.6779527995426442	
219.0082	286.96	0.6990224759366874	0.865713962006292	
221.0526	22.15	0.5099621796757042	1.6411738682716939	
274.8909	25.56	0.9249051306579086	-0.2033915349339554	
274.8909	27.42	0.942281743122686	-0.1469320887207455	
221.1543	58.25	0.46979280893908065	-2.114305079030678	C14H24O3,C14H22O2
174.9464	1.57	0.7009054003287	0.8606617470446681	
223.0498	22.15	0.5238556130916396	1.5430932222557114	
175.9459	1.7	0.7965772621751515	-0.6012307885470465	
276.0177	24.51	0.31679726201363995	3.047729483226134	
223.8855	188.3	0.4341142493824714	2.3320073877541336	
277.1445	34.27	0.8297779601868083	0.4675249416748036	C16H24O5,C16H22O4
224.8777	1.83	0.1815309937877224	5.298607101926982	
278.8979	2.48	0.6586080122009266	-0.9723739678897331	
225.0149	196.47	0.8940265953040859	0.2919484357795114	
225.0149	198.05	0.7862726431136172	0.6541387680902392	
225.0149	201.49	0.7077817669707219	-0.846541094111527	
281.0221	201.09	0.6591911238135731	0.9644114414045706	
281.0244	188.82	0.665384612440464	-0.9465089571723929	
128.8798	183.68	0.48507402199743804	1.8176541769415124	
128.8798	190.14	0.5239688888184243	1.5300177388976592	
128.8798	256.42	0.3084188813083664	3.399790001363889	
281.2486	193.95	0.3084188813083664	-3.444850867423243	C18H34O2,C18H36O3
128.9585	22.67	0.6566051620014804	-0.9769753120102374	
281.8725	0.78	0.8108805921063896	0.539363096380678	
178.9723	1.96	0.8773807219246677	-0.3390037775567587	
282.2521	194.08	0.2573152731049627	-3.7955438009152047	C18H34O2
282.2802	286.83	0.5405390724311533	-1.4047711687241962	C18H37NO,C18H39NO2
226.9658	23.07	0.766152765535031	-0.7058347413385774	
283.1105	31.39	0.5099621796757042	1.6383070231672483	C15H20O3
283.1105	156.81	0.4098198142468985	2.426818104969966	C15H20O3
283.1375	36.4	0.623184863223963	1.0908041620837288	
283.2836	286.83	0.5467752012364564	-1.375721741400399	C18H37NO
179.8916	1.57	0.22684341103576028	4.306955495464924	
227.0129	193.29	0.5242411474795021	1.5016971296868293	
227.0129	201.35	0.7965772621751515	0.6038151294460663	
180.0152	25.04	0.6591911238135731	0.965841410265261	
284.9248	19.9	0.46979280893908065	1.9972281087624022	
227.9665	22.94	0.8088195190843097	-0.5451764903347975	
130.9565	22.94	0.6320248199509478	-1.0653168772245012	
181.0008	22.94	0.9600922622314872	0.10050625566393848	
228.9633	23.07	0.800571585156978	-0.5817690638695786	
181.063	23.07	0.10756636757024841	7.298596427540891	C7H14O3
181.0711	22.02	0.7199237707330853	0.8184644870614781	
181.9466	1.04	0.5915405424804983	1.1808368103545237	
181.9758	21.62	0.46979280893908065	-1.969999862659944	
182.0203	0.91	0.46979280893908065	1.9320335431994395	
133.0133	1.7	0.9573255308969889	0.10506764068954909	
230.9865	25.69	0.9314275292256464	-0.1729537439288717	
182.8788	0.78	0.46979280893908065	1.997255879024349	
134.0462	22.94	0.6591911238135731	-0.9649325892553486	C4H9NO4
231.0815	21.89	0.4406510085403454	2.298183241272266	
290.9878	22.02	0.8746280811029211	-0.34649514914253116	
183.1385	35.59	0.803868653656631	-0.5656990153762663	C11H20O2,C11H22O3
135.0302	22.15	0.36725902944672434	-2.635483660001308	
135.0442	24.64	0.2539866189770625	3.850005110579928	
135.0442	27.03	0.17842996371746522	5.498781657442857	
183.9337	0.78	0.46979280893908065	1.9976126890248345	
232.9865	21.23	0.9403103376078069	0.15432303012241325	
136.0477	26.9	0.10756636757024841	7.508901817653466	
184.8759	0.78	0.5337528933919866	1.4444151963517515	
233.8436	1.83	0.19567154075315482	5.066176419860823	
292.9832	36.27	0.1815309937877224	-5.285406173418934	
293.0042	22.41	0.800571585156978	-0.5866809472489241	
136.8908	0.78	0.4744326563428814	1.8885676214976905	
234.9139	1.7	0.6761308410383571	0.922800137448969	
185.0758	22.15	0.6565678000123948	0.9783695366485489	
185.1542	29.66	0.9226210837864293	-0.21649312390457187	C11H22O2,C11H24O3
185.9408	1.7	0.46979280893908065	1.991428637116102	
293.9866	36.27	0.3084188813083664	-3.219111926340664	
294.9533	20.55	0.96299751526907	0.09081638607839884	
294.9533	22.8	0.8014786864723116	-0.5755712211890261	
294.9824	25.69	0.9258244831502468	-0.1934318297358925	
138.0187	26.24	0.34784058648902744	2.8260241845974106	
295.9547	20.55	0.9676362827817669	0.078700844352944	
295.9547	22.94	0.8186587961042767	-0.5100302011813759	
235.9086	2.22	0.46979280893908065	1.9447557968591684	
296.2232	191.32	0.7862726431136172	-0.6453616221485815	C17H33NO4
296.8904	22.15	0.558359977662688	1.3062582103175433	
296.9508	20.29	0.861652287138678	0.38231165968121844	
296.9508	22.8	0.8773807219246677	-0.3392730150787467	
138.9837	333.84	0.7240299641370822	0.8075036621582153	
297.0366	188.56	0.5452156929843229	1.3854166505059826	
297.0366	193.03	0.8112113125001938	-0.5345933683873595	
297.0366	196.87	0.6059988996634647	1.140772874657826	
297.0366	201.22	0.6243694236312519	1.0842974108016965	
297.0366	218.6	0.929940859238849	-0.17722376005612023	
297.0366	219.92	0.9930826804059002	0.013282156382092637	
297.0366	284.08	0.8894899221938127	0.31355697275179406	
297.1531	36.66	0.5246323098918922	1.487642198268755	
139.0221	26.24	0.517788101908104	1.578210595729359	
236.9989	36.13	0.7121624618021387	-0.8359369649028635	
236.9989	150.34	0.5798539779598373	1.234274013878297	
236.9989	194.08	0.46979280893908065	1.9580240428141211	
236.9989	283.95	0.8746280811029211	-0.34507371459101904	
298.1565	36.66	0.5153758923391039	1.5927348897488263	C16H25NO2,C19H22O3
237.0919	36.4	0.22049491624795237	4.422410689969602	C16H16O3,C16H14O2
237.0919	39.81	0.47336344324872254	1.8929114085972707	C16H16O3,C16H14O2
298.8874	22.15	0.558359977662688	1.312968244969847	
140.9933	0.91	0.46979280893908065	1.923786144745193	
299.0693	21.89	0.48031512769732715	1.848197111432561	
299.1489	36.66	0.5027351288300276	1.6921806622246651	
238.0953	36.4	0.4406510085403454	2.286388323989491	C16H14O2
238.0953	39.94	0.6360606041402094	1.0478293767168279	C16H14O2
188.9307	1.83	0.46979280893908065	1.9988343331669562	
299.9283	281.06	0.8655335566160893	0.3717917744708956	
299.9283	709.16	0.579125302583326	1.239099058521235	
299.9283	715.1	0.49409150485752606	1.7399228130583793	
238.9316	22.02	0.5517378387084628	1.3643156294347047	
300.334	326.11	0.8238711612496411	0.49251109011390587	
239.0927	25.98	0.4988188552869464	1.713914729633698	C12H16O5,C12H18O6
300.9743	20.97	0.9258244831502468	0.19691308339911023	
301.2173	116.74	0.2253712249126164	-4.35717376478911	C20H30O2,C20H32O3
240.9286	21.89	0.5239688888184243	1.532996108739034	
303.0699	26.64	0.6586080122009266	0.9690285236706642	
144.0445	25.04	0.3084188813083664	-3.326543275551766	
241.8848	50.6	0.5246323098918922	-1.4881876574513704	
241.8848	62.45	0.4406510085403454	-2.2884836954165437	
241.8848	156.02	0.681743934188774	-0.9033894293059898	
241.9069	279.46	0.05501767090754202	9.874182357332046	
192.1025	28.47	0.3084188813083664	3.335917340304804	
306.9193	22.02	0.5242411474795021	1.506522274531029	
242.9665	1.57	0.31460961843505086	3.101483143769754	
193.0864	25.56	0.35807232731661953	2.7754394158182905	
193.0864	30.44	0.7950022935457882	-0.6257533116756182	
308.9163	22.02	0.5246323098918922	1.4860347554343991	
309.1532	36.4	0.5027351288300276	1.6924150475998783	
194.0817	36.4	0.5115144643072769	-1.6085352118885876	C10H15NO4
194.0897	25.43	0.6360606041402094	-1.0508480022285294	
194.0897	30.44	0.6406184982859606	-1.0359408260259961	
244.8975	19.76	0.46979280893908065	2.199541626350163	
244.8975	23.33	0.6157974963494367	1.1158118493458498	
310.002	24.91	0.3084188813083664	3.2612196532664632	
195.1385	35.33	0.6807343914781901	-0.9058095034543587	C12H20O2,C12H22O3
195.8546	1.04	0.6565678000123948	0.9796271459132166	
246.0077	22.15	0.654986797769949	0.984873333557886	
246.0077	24.38	0.8123417934224233	0.5315711791866209	
246.8771	1.7	0.6050471809056084	-1.1496607120339726	
311.223	36.4	0.46979280893908065	-2.1447248431944828	C18H34O5,C18H32O4
311.2958	222.8	0.33356845932134405	2.939010603023712	C20H40O2
311.2958	229.27	0.17842996371746522	-5.518911810108011	C20H40O2
246.9815	26.24	0.3084188813083664	-3.3321107652597264	
312.9733	26.24	0.9065717581217174	0.25196716017337006	
313.0306	188.43	0.6565678000123948	-0.978171137458406	
313.0306	193.95	0.5422010369754132	-1.3991695773790602	
313.0306	201.49	0.9177165639232615	-0.22649191687239278	
313.0306	219.39	0.7582365465827323	-0.7243008236340881	
248.054	22.94	0.8351368137530512	0.45137506968197044	
248.0719	22.02	0.5242411474795021	1.502445808347263	
313.2387	36.4	0.46979280893908065	-1.9894221232228648	C18H34O4,C18H36O5
248.9604	21.36	0.7717504605249028	-0.6892048444651606	
313.9765	26.24	0.5027351288300276	-1.6913112198713478	
314.2975	245.07	0.4922186107298843	-1.7587641373203116	C23H38
314.2975	253.0	0.46979280893908065	-2.158476872829017	C23H38
314.2975	266.68	0.36725902944672434	-2.6243493857512243	C23H38
197.8517	1.04	0.5798539779598373	1.2189746660888168	
315.137	32.3	0.39381501562244575	2.504438294529139	C16H24O4
197.9912	22.41	0.8940265953040859	-0.29383166746667405	
316.9479	21.36	0.8602545549050036	-0.38787197284826574	
249.0188	188.17	0.8351368137530512	-0.4519598799756185	C15H8O5
249.0188	218.86	0.4889970426774505	-1.7853158300726286	C15H8O5
249.0188	635.42	0.7956567257908501	0.6179282067294913	C15H8O5
151.0002	154.67	0.9620650878234944	0.0956751948761788	
151.0002	188.56	0.9478020333268778	-0.1299778838499951	
151.0002	201.88	0.8385127753909856	0.4321834769146601	
249.051	23.33	0.23203802107269472	4.105626198099788	
317.0387	23.33	0.46979280893908065	1.982284083557669	
151.0253	22.15	0.3084188813083664	-3.3362772513099928	
151.0253	23.2	0.35807232731661953	-2.7496807033015638	
317.0429	155.2	0.8805693055983939	-0.3297562517507033	
317.0429	157.47	0.7950022935457882	0.626956693487382	
317.0429	158.78	0.967985774582462	0.06852573332583714	
317.0429	197.0	0.9291551688670353	0.18112672163426005	
317.0429	201.35	0.6662326424756295	0.9415371453992238	
249.1495	36.53	0.19567154075315482	4.905214395302081	C15H24O4,C15H22O3
249.1495	68.66	0.5972078361637716	1.1658722832972457	C15H24O4,C15H22O3
249.9639	21.36	0.7862726431136172	-0.6445744595569433	
317.9513	21.23	0.8866122466421062	-0.31997976067678197	
250.1527	36.4	0.6662326424756295	0.9416876677368915	C15H22O3
250.1527	68.13	0.9347878370151037	0.16621620545775345	C15H22O3
250.9648	21.36	0.6500471315650866	-0.9972466724166533	
318.9522	21.1	0.8291101075854592	-0.47318645819815336	
318.9809	28.21	0.7531867909719095	-0.7549130542393736	
153.0156	159.04	0.508481612936999	1.6689068577139294	
154.0137	25.98	0.2285742553210929	4.2262623488918525	
252.9241	1.57	0.5609831713179853	1.2974072839326918	
322.8933	22.8	0.5570475283640037	1.3375825547748983	
322.9142	19.9	0.4837036996512458	1.8300507609054728	
252.9929	330.95	0.7717504605249028	0.6879281402143805	
253.0299	192.89	0.8292013680116782	0.4720924803974567	
253.0299	199.36	0.47173123860603805	1.9031185232107926	
253.0299	340.92	0.5001417471763889	1.702298525228922	
253.0871	28.08	0.9036777556512686	-0.26030380222266053	C16H16O4,C16H14O3
323.2204	188.17	0.9676362827817669	-0.08230543249643424	C17H34O4
324.2544	210.83	0.7793104536149228	-0.6705290034112974	C19H37NO4
324.2544	244.41	0.10028205610116306	-8.154078789406904	C19H37NO4
324.2544	262.09	0.3604419249682513	-2.7125866099656895	C19H37NO4
254.2489	255.24	0.6322426530610628	-1.063814384368414	C16H33NO,C16H35NO2
324.8543	1.96	0.800571585156978	0.5783587753335556	
254.9058	22.8	0.8112113125001938	0.5356217490821572	
254.9267	19.9	0.33430879445602024	2.9021797314712594	
202.9501	711.16	0.3104897183165514	3.171725026206132	
203.0455	23.07	0.5877669288467547	1.1960958196003215	C6H12O6
326.27	287.09	0.5337528933919866	-1.440852596632541	C19H37NO3
255.1968	36.53	0.9973573897934547	-0.004542511184447629	C15H30O4,C15H28O3
256.92	1.17	0.4406510085403454	2.298983387607347	
329.1548	36.27	0.7717504605249028	0.6863988312519573	
329.9017	23.2	0.8664089834468873	0.36783409270404605	
330.9638	20.55	0.7644461554420245	-0.7114890083188625	
258.9813	22.02	0.6918987308712891	0.8812188406878466	
330.9822	22.02	0.9349483984687357	0.16504040782167115	
330.9822	194.6	0.6162900211697562	1.1126510523650277	
330.9822	201.09	0.8940265953040859	0.29190367590560184	
330.9822	272.5	0.9131558442869939	0.23604848990933153	
330.9822	329.0	0.46979280893908065	1.9887500787679813	
207.1021	2.22	0.9727540034239792	-0.05923034390753568	C12H16O3,C12H18O4
207.1021	27.16	0.8944427534788058	-0.2873814007278569	C12H16O3,C12H18O4
332.9221	22.8	0.8940265953040859	-0.2962859610133626	
333.171	35.46	0.6449335084199378	1.0169206493112493	C19H26O5
260.9638	2.09	3.986534431676016e-05	106.97452942289871	
333.9383	22.02	0.7965772621751515	-0.603154300204334	
334.8739	1.83	0.5239688888184243	1.5347898946914287	
209.0968	29.39	0.7963899524222545	-0.6136227813908776	C15H16O2,C15H14O
209.0968	34.01	0.538284827904624	1.4188097249921432	C15H16O2,C15H14O
209.0968	36.4	0.3084188813083664	3.4197511538885057	C15H16O2,C15H14O
262.9763	21.36	0.654986797769949	-0.9858441786565821	C13H8S2
262.9763	25.04	0.4341142493824714	-2.33093705965692	C13H8S2
209.9204	31.91	0.33430879445602024	2.9120357463416036	
209.9204	78.54	0.6062847218269638	-1.1391177928629992	
209.9204	80.25	0.8385127753909856	0.4364569997460409	
209.9204	82.11	0.8746280811029211	-0.3453729373330955	
209.9204	102.26	0.8999820450995942	0.27411695527222285	
336.9419	20.03	0.5185991972418692	1.5733418782051463	
336.9419	23.2	0.9958936871282698	0.007510203877517148	
162.9327	10.94	0.7700990127432363	0.6931093311586272	
162.9327	15.14	0.9274897521598136	-0.18807816332837066	
210.9098	2.35	0.34095588224031365	-2.8532298111730916	
210.9121	21.1	0.8466206793316176	0.41658633461576805	
210.9121	23.59	0.9075303309004922	-0.24884682331980995	
391.8968	22.02	0.5452156929843229	1.3796111041827495	
392.8958	20.03	0.5176461400712512	1.580219574398344	
392.8958	23.46	0.7683514669513283	-0.697315730814206	
392.9222	3.01	0.9249051306579086	-0.2028276387539786	
163.0605	24.38	0.934368199615968	-0.16772112473250395	C6H12O5
339.2329	130.59	0.558359977662688	-1.3174858429330214	C23H34O3,C23H32O2
339.3016	217.81	0.9620650878234944	-0.09427052935535916	
339.8604	158.39	0.9896039724701245	0.021188848480226525	
211.9053	0.91	0.9729341078018361	-0.05799773639366463	
340.2363	130.59	0.5570475283640037	-1.3423772225527602	C23H32O2
340.3051	217.55	0.8940265953040859	-0.3002477408874644	
393.8938	20.03	0.22684341103576028	4.278481757122153	
394.8404	1.7	0.5176461400712512	1.5816621778362454	
394.8908	20.03	0.5115144643072769	1.6065908411137897	
394.8908	23.33	0.9663391870781233	-0.08549111687330235	
164.0709	24.38	0.9214472077840528	0.22066294169799122	
212.9102	2.35	0.818269684345166	-0.5136429225787692	
212.9102	20.68	0.5798539779598373	1.2155366954299385	
212.9102	23.46	0.9131558442869939	-0.23631450744229932	
212.9788	24.38	0.5115144643072769	-1.608947965131897	
212.9959	192.76	0.9283620249278882	-0.1840687767678844	
341.1183	33.09	0.8233066533819945	0.4948434961504623	
341.1183	36.4	0.31934698199743144	3.0250703738225027	
341.1183	39.81	0.33430879445602024	2.8986365912398906	
395.8938	20.03	0.5991066227005933	1.1618921180277377	
395.8938	23.59	0.9478020333268778	-0.12692487229410115	
396.8913	20.03	0.32932156456563233	2.9640926196647235	
341.8655	1.57	0.3395217152972669	2.863016280770342	
397.8893	20.03	0.5452156929843229	1.3798526888698999	
397.8893	23.33	0.7076535861678479	0.8481757905529538	
397.9505	26.24	0.19567154075315482	-4.865451813427708	
213.8792	1.04	0.35807232731661953	2.7438733917626057	
398.8866	20.03	0.35807232731661953	2.7525387943310897	
398.9511	20.55	0.7219919488367812	-0.8138333987398979	
213.9082	1.7	0.6432582791380431	-1.0274074747589224	
343.134	33.62	0.9387558290734037	0.15922533407330855	
343.134	36.13	0.9258244831502468	0.19115078689619916	
343.1704	57.07	0.7567418612905328	-0.741254164929761	C24H24O2,C24H26O3
399.8891	19.76	0.9051212655286134	0.2556982245377878	
400.1478	192.89	0.24081824273629537	3.9919088522628186	
400.8347	23.86	0.5798539779598373	1.2362045146595717	
400.9094	22.67	0.8385127753909856	-0.4323192015189558	
344.0231	253.0	0.5337528933919866	-1.439150298601573	
344.2806	286.44	0.5099621796757042	-1.6332953173645806	
401.9256	21.89	0.8054015648663319	-0.5568391193337602	
166.9918	231.51	0.967985774582462	-0.07162264724111127	
402.1448	192.89	0.19567154075315482	5.017465456491337	
345.1193	23.99	0.9314275292256464	0.17242833220705037	C15H22O9
215.1649	36.4	0.654986797769949	-0.9875895760515323	C12H24O3
167.0648	22.02	0.46979280893908065	1.933601378475469	
403.1654	188.69	0.6320248199509478	1.0662015585618951	C23H35O2Br,C16H33O7P
346.8365	2.09	0.7862726431136172	-0.6539714498785247	
404.1505	36.27	0.31934698199743144	3.0118485234088146	
168.0658	23.72	0.8385127753909856	0.4328352029267849	C8H13NO4
404.9292	20.03	0.5570475283640037	1.333876426784213	
404.9292	23.07	0.8278512854069047	0.4756901366732872	
168.9886	24.38	0.46979280893908065	-1.980316298758752	C8H6S
348.896	23.07	0.9620650878234944	-0.09301412571353654	
405.0335	22.02	0.4768096732419039	1.865588643954417	
349.2361	193.29	0.46979280893908065	-1.9830949382788101	C19H36O4
407.0082	22.94	0.7539427826836727	0.752479370832301	C17H14O11S
453.1326	26.77	0.19567154075315482	4.961873361377071	
453.2819	95.02	0.5798539779598373	-1.2222930702035861	C21H44NO7P
407.281	32.7	0.16291207685022663	-5.764467965202546	C24H40O5
453.9262	20.97	0.8186587961042767	-0.5044028702637189	
352.2857	296.43	0.5773431928891972	-1.253548334021979	C21H41NO4,C21H39NO3
454.1714	31.78	0.39381501562244575	-2.5010447958862034	
509.325	212.14	0.636079688096299	-1.04661244964003	C26H50O7,C32H46O5
510.3284	212.41	0.5358355057098199	-1.4331603018175638	C30H48O5
454.9275	21.1	0.8746280811029211	-0.34819916508855625	
510.8815	21.89	0.5242411474795021	1.507873509866019	
408.934	23.07	0.7416135727869474	-0.7761418082623404	
455.0136	22.02	0.5570475283640037	1.3454617815322405	
409.3114	225.04	0.9036368517636811	-0.2623587848742683	C28H42O2,C28H44O3
410.1767	192.89	0.3084188813083664	3.482293610022497	
410.2218	31.91	0.46979280893908065	-1.9890754542851958	
455.1295	27.16	0.5001417471763889	1.7016828103875772	
410.8649	23.72	0.9478020333268778	-0.12324666383257428	
456.1222	36.4	0.6178149463172834	1.1090302656377864	
354.9095	22.54	0.5425680474008411	1.3950710539704672	
456.1693	31.91	0.3104897183165514	-3.1362249204207955	C21H31NO8S
411.1792	192.24	0.46979280893908065	1.9443167853618797	C18H32O8
411.2253	31.78	0.46979280893908065	-2.2026683703710286	
511.8849	21.62	0.5237271307484275	1.5561762950121103	
512.1304	193.16	0.48848085414619175	-1.7883878043055488	
512.26	257.73	4.921449764624335e-05	85.31736807272173	
412.2185	31.78	0.4922186107298843	-1.7562496615166645	
512.8787	21.89	0.5099621796757042	1.6285229533029706	
412.8655	23.33	0.7965772621751515	-0.6088890252081176	
457.135	152.7	0.7460974281377133	0.7678561515652935	
457.135	159.96	0.5242411474795021	1.5074678566423734	
412.9858	21.75	0.7567418612905328	0.7388443880633683	
412.9858	198.05	0.9249051306579086	-0.20221933285669483	
458.0012	37.45	0.6185752014376739	-1.1057715293374408	
458.8684	22.54	0.5490983421313039	1.3706640216600514	
458.8894	20.29	0.8238711612496411	0.48905182834009686	
514.1466	188.17	0.6449335084199378	-1.0170034195773674	
459.0024	37.45	0.46979280893908065	-2.1691324665087364	
514.8927	20.16	0.48507402199743804	1.8142134569855874	
514.8927	23.07	0.818269684345166	-0.5153784846267622	
359.1655	36.27	0.10028205610116306	7.79647640418332	C24H26O4
459.2616	31.78	0.5242411474795021	-1.5198400414254818	C23H40N2O5
515.0327	21.75	0.9036777556512686	0.2584563342528415	
515.0327	185.94	0.5570475283640037	-1.340182556736531	
515.0327	302.23	0.46979280893908065	1.9424658486633049	
459.3271	199.89	0.2573152731049627	3.808060231073195	C32H46O3
459.3271	219.26	0.3742128380518352	2.570612261052149	C32H46O3
515.122	31.12	0.558359977662688	1.3068151665104064	C25H26O13,C25H24O12
459.8841	22.02	0.5655441034025642	1.283310941001378	
516.0727	27.03	0.766152765535031	0.7055797837604187	
460.2131	188.17	0.6990224759366874	-0.8681991061509748	
361.0016	24.64	0.8712933461433142	-0.35635516976753334	C16H12O9S
416.8836	22.94	0.967985774582462	0.07121540622014415	
417.0361	21.89	0.7862726431136172	0.6479280085169431	C20H14O8
517.0768	27.03	0.4857212096767555	1.801646930865564	C21H22O13
417.0764	188.3	0.33136393943552556	2.951745454243018	
417.1559	27.03	0.23203802107269472	4.128072259149149	
418.1593	26.9	0.46979280893908065	2.1379801866474524	
362.9409	20.55	0.9248088088366617	0.20940340960081313	
362.9409	22.8	0.8036395316706939	-0.5685842778362273	
462.8786	20.03	0.3604419249682513	2.719200841498737	
462.8786	23.2	0.9743076306630355	-0.05419885926540549	
362.9701	28.21	0.558359977662688	-1.3051638787970754	
519.2135	202.01	0.48031512769732715	1.8505505903423762	C29H32N2O7,C28H39O8Cl,C28H37O7Cl,C27H31O2F7
463.1615	26.9	0.18087489965757023	5.439720360369972	C23H28O10
520.1764	157.99	0.13039854545031543	-6.7816479416143505	
520.836	20.03	0.3084188813083664	3.2694069146025986	
520.836	23.07	0.46979280893908065	2.17524780538711	
464.0187	188.17	0.2573152731049627	3.7867288564545425	
520.9102	20.97	0.7956567257908501	-0.6190755602208246	
420.0681	188.3	0.3084188813083664	3.2277647382083767	
420.2507	31.91	0.5099621796757042	-1.632594406560664	C21H39NO5,C20H42NO7P,C20H40NO6P
464.8787	20.03	0.35807232731661953	2.7703908196378992	
363.9224	1.96	0.46979280893908065	1.9771197089528059	
363.9427	20.29	0.929940859238849	0.17733325404162792	
363.9427	22.8	0.8036395316706939	-0.5671711557301746	
420.8999	22.67	0.5238556130916396	1.5387136388678848	
420.9462	23.72	0.967985774582462	-0.0691297933836532	
364.8762	22.15	0.5390514992949803	1.4086085307163803	
364.9377	20.42	0.8948559808502907	0.2828673041746555	
364.9377	22.94	0.8519700782775915	-0.40466066973908776	
465.3044	205.29	0.5337528933919866	1.442301654001028	C27H46O4S
521.3849	256.15	0.3742128380518352	2.583286257952272	
421.2269	69.05	0.660439940138722	0.9603519799206899	C20H38O7S
421.2542	31.91	0.508481612936999	-1.666172294630936	C20H40NO6P
521.9135	21.1	0.8362452797592617	-0.4470650667065284	
522.0327	188.43	0.4701621329380325	1.9132900846129874	
466.3077	205.16	0.5373544325798068	1.4249545717951573	C27H45NO3,C23H47O7P,C28H41O2F3,C30H42O4
466.3308	178.03	0.6225701652831325	-1.0928751365832488	C27H46O6,C30H45NO3,C23H50NO6P
522.9148	20.68	0.7567418612905328	-0.7433707439960313	
522.9148	36.4	0.5099621796757042	-1.6376473925161323	
365.0411	193.03	0.8669015032206441	-0.36626947139109295	C17H14O7
422.1588	36.0	0.7607239745772505	0.7181134586371756	
422.2569	31.91	0.5779764720595706	-1.248574268886842	C20H40NO6P
466.8741	20.03	0.42074971873672645	2.3826911989540274	
466.9384	20.97	0.9676362827817669	-0.07685999931625778	
422.3279	77.75	0.46979280893908065	-1.981172153503171	C25H45NO4,C25H47NO5
365.1404	36.66	0.4768096732419039	1.8630599616659635	C22H22O5,C22H24O6
422.9442	20.42	0.8944427534788058	0.2866182784764936	
422.9906	36.27	0.30218585635991957	-3.526194885286494	
467.2985	189.22	0.986546184677382	0.027922424860795107	C27H42O4F2
467.2985	205.16	0.677184789323179	0.9182175621885379	C27H42O4F2
523.2633	205.16	0.46979280893908065	1.9962620082707305	C27H38O3F6
524.1748	219.39	0.950824192981743	-0.11753401984010474	
366.8748	22.15	0.538284827904624	1.411507450271583	
468.1821	193.03	0.538284827904624	-1.4132733830733306	C20H35NO7S
468.8968	21.49	0.8483187606214849	-0.41304282186553504	
468.8968	22.54	0.8186587961042767	-0.5075788249104299	
524.9977	22.15	0.9447641211513664	-0.1398535872286722	
524.9977	156.28	0.6586080122009266	-0.9703056882309171	
524.9977	187.9	0.795403311889785	-0.6212984286433435	
524.9977	197.66	0.7908796574778802	-0.6369823766544136	
469.1844	193.42	0.5798539779598373	-1.225625877268587	
469.9132	21.89	0.8036395316706939	-0.5709569443419195	
525.0361	22.15	0.5242411474795021	-1.5028454235366975	C21H20O15S
525.0361	154.15	0.8560726468438744	-0.3939427539877736	C21H20O15S
525.0361	187.25	0.9434348027796728	-0.143506928653847	C21H20O15S
525.0361	197.92	0.48507402199743804	-1.8141625440110773	C21H20O15S
368.8882	23.2	0.9797175812403462	0.03924716283534779	
425.3064	187.12	0.5798539779598373	1.214113319099164	C28H42O3,C28H44O4
368.9616	20.97	0.9148518423453481	0.23296737334825812	
526.2578	57.46	0.5719270119863762	-1.2683297798257145	C26H44NO9P,C30H38O8
526.2941	70.5	0.39769049765482833	-2.475142602560044	C27H46NO7P
426.1035	188.43	0.5329855304446697	1.4488842506650896	
526.8555	22.41	0.6188377116110886	1.1041765029213402	
426.3098	187.12	0.7539427826836727	0.7518483599422116	C28H42O3
426.9208	21.75	0.46979280893908065	1.9926059848852575	
369.3011	231.11	0.5775484510897836	1.251896789093732	C22H42O4
427.3216	200.96	0.5242411474795021	-1.5012710200678687	C28H44O3,C28H46O4
527.2612	57.59	0.538284827904624	-1.4186742877944556	
527.2975	70.5	0.46979280893908065	-1.988183130199305	C27H46NO7P
428.325	200.96	0.558359977662688	-1.3073102397438459	C28H44O3
428.8394	1.83	0.9314275292256464	-0.17376606232089337	
527.8716	22.02	0.63196465241283	1.0698671656813972	
472.1765	192.89	0.22684341103576028	-4.281605461931053	
528.2599	57.86	0.556350187931846	-1.3537035386893104	
528.2733	75.62	0.36725902944672434	2.615804227781971	C26H46NO9P,C30H40O8
528.3098	94.36	0.3577898193604207	-2.7838169300938866	C27H48NO7P
472.9169	20.29	0.46979280893908065	1.9663962403914785	
472.9169	23.07	0.8805693055983939	-0.3310396604692968	
429.1793	193.55	0.3084188813083664	-3.417588108123426	C24H37O3As,C18H35O7P
429.3281	200.54	0.6360606041402094	-1.0488539361116829	C28H44O3
429.3374	226.25	0.5246323098918922	1.488042000410729	C28H46O3,C28H48O4
372.8963	23.99	0.6194455132350364	-1.1010836978963376	
430.3408	226.39	0.8232582454470578	0.495878454955363	C28H46O3
430.9281	20.55	0.8944427534788058	0.2878030869549944	
430.9281	22.54	0.8410136203270222	-0.4248707073862781	
529.2226	258.12	0.10028205610116306	7.9274096346452225	
529.2769	75.78	0.39492519406536364	2.4941884862367583	
473.1797	192.89	0.2377204663244652	-4.0212473208111765	C19H34O11
473.327	200.54	0.37838590844340947	-2.5557704845902496	C29H48O6,C29H46O5
529.8692	20.29	0.8054015648663319	0.5601105668723375	
529.8692	22.15	0.7416135727869474	0.776931549843584	
530.0885	30.44	0.5560748445520681	-1.3555831461259253	
530.2794	75.78	0.33430879445602024	2.895482192442643	
530.2889	104.23	0.48944491124387013	1.772013175385588	C26H48NO9P,C30H42O8
530.866	20.03	0.4698509725944752	1.9212138232438585	
530.866	23.07	0.8725762092558889	-0.35258852963070997	
474.1032	148.5	0.3084188813083664	-3.262367174675561	
474.1032	149.55	0.46979280893908065	-2.1462968803811497	
373.0297	192.76	0.8519700782775915	-0.4018455436697916	
373.0297	194.73	0.7582365465827323	-0.7252801479050195	
373.0297	197.13	0.5570475283640037	-1.3353703456352393	
373.0458	36.27	0.9716169654672631	0.061718064855279656	
431.3167	135.18	0.5743071166643062	-1.2620870253991054	C27H44O4,C27H46O5
431.9301	20.29	0.9105687155785762	-0.24120464972135658	
432.8652	22.15	0.5570475283640037	1.3449767501277223	
432.9261	20.42	0.8487526449043216	-0.41155026927557037	
432.9261	22.94	0.7959442494232098	-0.6158286049085191	
374.2451	31.91	0.5099621796757042	-1.6290489985974574	C20H37NO3,C19H40NO5P,C23H34O4
531.0916	30.86	0.5278407172193512	-1.4666761799310477	
531.2924	104.36	0.7851591497931871	0.6583076971204077	
374.9068	21.89	0.5238556130916396	1.541382443588872	
433.1406	54.41	0.3084188813083664	3.366030942000108	C23H26O6
433.1506	27.16	0.818269684345166	0.5157585766439786	C22H26O9
531.8687	20.29	0.46979280893908065	1.978927991653896	
375.2486	31.91	0.508481612936999	-1.669927788773006	
475.2892	110.83	0.8297779601868083	0.46800270132827515	C24H44O9
375.2785	218.21	0.9276407862081454	0.1869185710389986	C23H37NO3
532.8665	20.03	0.39769049765482833	2.475826224586781	
375.9102	22.02	0.7913041557884001	0.6342960115893748	
376.2515	31.91	0.5115144643072769	-1.6156631074954595	C19H39NO4S
434.1435	54.28	0.31460961843505086	3.0971281109463735	C23H31BrO3,C23H31O3Br
376.9036	21.89	0.5237271307484275	1.5509884744866038	
376.9568	20.29	0.8987358407793966	-0.2771013927476025	
376.9568	22.8	0.6320248199509478	-1.0656338829233567	
376.9854	36.27	0.22684341103576028	-4.321383137655114	
434.8614	21.89	0.5242411474795021	1.5032267324562947	
533.291	205.03	0.5278407172193512	1.465039146815971	C26H47O9P,C33H42O6
534.2951	205.16	0.6990224759366874	0.8675675390411929	C26H47O9P
534.8618	20.03	0.3742128380518352	2.5739904354122785	
534.8618	22.8	0.9006174116789717	0.2689941600172638	
534.9263	20.97	0.784846250513138	-0.6597208913814951	
436.0597	78.81	0.5001417471763889	-1.7018435367184077	
436.3151	253.13	0.23203802107269472	-4.093212082540573	C27H42O2F2,C27H42F2O2
378.918	23.2	0.8351368137530512	-0.452417450368181	
535.001	22.02	0.9214472077840528	0.21989894471407362	
436.8786	19.9	0.15165969162379458	6.020164316173139	
436.8786	23.2	0.5798539779598373	1.2271554275647387	
436.9492	20.97	0.9797175812403462	0.03848574457735897	
477.0885	188.04	0.4857212096767555	1.801541958041309	
477.1793	157.99	0.15165969162379458	-6.034461582612822	
437.1374	30.86	0.24685932310368125	3.9093686739114952	C22H26O7
379.9314	22.41	0.7827228093476177	-0.6633085198472453	
437.2407	31.91	0.46979280893908065	-1.9685666276078464	C25H45BrO2
536.0588	152.44	0.5425680474008411	1.3941096459372464	
536.1695	193.42	0.9258244831502468	-0.1913224173540399	
536.2081	112.15	0.5770725876361453	1.2552981751517103	
478.8524	23.46	0.9258244831502468	-0.19780796469273512	
536.8845	21.36	0.8944427534788058	-0.28921655779921573	
536.8845	22.54	0.800571585156978	-0.5887502416974186	
381.174	192.89	0.22884791649130842	4.201593665117328	
438.2441	31.91	0.4857212096767555	-1.804315262212751	C21H41NO4S
439.0193	22.02	0.6852002421597557	0.8952461079121039	
439.0193	24.38	0.6093642236890922	-1.1310321704304716	
479.2242	214.77	0.4988188552869464	-1.7177904464251674	
479.3743	262.74	0.929940859238849	0.17889003215528443	
537.901	21.89	0.8112113125001938	-0.5354271077779325	
439.3216	199.49	0.7567418612905328	0.7366895620694921	C29H46O4,C29H44O3
538.1425	202.14	0.8746280811029211	0.3481140648203621	
480.1507	27.29	0.2539866189770625	3.8381060155352547	
480.2734	102.39	0.46979280893908065	2.0306742301224663	C22H44NO8P,C22H46NO9P,C26H40O8
480.3777	262.35	0.5909018361227051	1.1897860751437406	
440.325	199.49	0.7567418612905328	0.7335218893585397	C29H44O3
384.8618	19.9	0.46979280893908065	2.1344332631205574	
384.8618	23.33	0.4857212096767555	1.7977743935937036	
384.9355	20.97	0.8543979523268782	-0.39695248624827023	
385.3073	217.68	0.9004373795304562	-0.2711425854625995	C21H42N2O4
441.3282	199.49	0.7582754821585113	0.7231339847087794	C30H46
441.3375	212.41	0.5099621796757042	-1.6274301592318516	C29H46O3,C29H48O4
482.3158	150.6	0.6194455132350364	-1.1008764716307755	C23H48NO7P
482.3158	152.31	0.7567418612905328	-0.7301525413342432	
442.0902	192.76	0.4922186107298843	1.7577597311188211	C22H18O10
540.1643	192.63	0.23203802107269472	-4.113197266070134	
442.3409	212.14	0.538284827904624	-1.4123552634458194	C29H46O3
385.9392	20.97	0.8231597619580997	-0.49697472051549163	
540.9044	20.29	0.3604419249682513	2.7091759524542596	C15H10O16S3
540.9044	23.07	0.818269684345166	-0.5162229580512727	C15H10O16S3
442.8942	21.89	0.5238556130916396	1.5388099939230848	
482.9888	22.15	0.9030114683670372	-0.2650402520320604	
482.9888	192.89	0.8385127753909856	-0.43529230119318424	
483.141	36.4	0.9991348487214265	0.0011535353578779582	C23H33BrO6,C23H28O9
483.2575	257.07	0.0018853149352758315	27.693542460380208	C25H40O9
483.2575	257.99	3.986534431676016e-05	99.53160574186404	
443.2476	214.9	0.4406510085403454	-2.280632894168427	
443.3442	212.28	0.558359977662688	-1.3145671921041577	C30H48
443.3532	238.5	0.6736058559052326	0.929531711474893	C29H48O3,C29H50O4
388.253	91.21	0.3104897183165514	-3.1506490347546574	C20H39NO4S
443.8977	21.89	0.7700990127432363	0.6933700804032141	
444.0868	36.92	0.39381501562244575	2.5034272114379896	
444.0868	192.37	0.5655441034025642	-1.2844274632204264	
484.8709	22.8	0.8940265953040859	-0.2977547557817347	
444.2496	215.03	0.31934698199743144	-3.0076220659868715	C23H39NO5,C26H36O6
542.0207	27.03	0.47336344324872254	1.894726530815952	
542.2182	257.73	0.46979280893908065	1.9699707515270413	
542.2639	195.39	0.46979280893908065	2.0795548148973677	
542.4347	273.81	0.22049491624795237	-4.481908278969526	C32H61NO3,C35H58O4
444.8912	21.89	0.5153758923391039	1.5924594990156178	
444.9732	36.13	0.28846001040774205	-3.621611691695596	C16H21BrCl2O3
485.0237	22.02	0.6416955033476759	1.0330635700127886	
543.0071	22.02	0.579125302583326	1.2388552698571982	
543.0071	189.87	0.8297779601868083	0.4685069582724762	
543.0071	199.1	0.942281743122686	-0.1484363194532036	
543.0071	201.22	0.7965772621751515	-0.6060946672685307	
485.1662	193.81	0.22049491624795237	4.571710935537169	
485.1662	202.27	0.3084188813083664	3.3020989696955554	
486.2287	192.89	0.1815309937877224	-5.328076528959279	
445.109	219.39	0.33430879445602024	2.930236331560608	
445.245	214.9	0.5237271307484275	-1.551749966431431	
446.0884	78.67	0.46979280893908065	-2.1719437066120055	
446.1609	188.43	0.5798539779598373	-1.2178997318677103	
446.3766	246.68	0.29006421448195296	-3.5908421994154116	C26H53NO2,C27H41D7O2,C29H50O3
390.0443	32.17	0.40693929536177	-2.437388339034146	
390.2401	36.79	0.46979280893908065	-1.9271249731623077	C23H34O5,C20H37NO4
390.881	22.67	0.654986797769949	0.9851836884906979	
390.9021	20.03	0.5278407172193512	1.4636084987643763	
390.9021	23.33	0.9786165767989357	-0.043897065348986866	
446.9056	1.96	0.0009458720853076441	35.824214537830336	
446.9056	20.03	0.4768096732419039	1.8687318283275218	
446.9056	23.07	0.8385127753909856	-0.4315689104315673	
544.909	22.94	0.9676362827817669	-0.07983052418612183	
487.1945	166.04	0.24685932310368125	3.929631345300043	
447.064	36.4	0.9226210837864293	-0.21694775341053002	
447.1059	217.42	0.5202056877399241	1.5671933977228971	
447.1059	218.86	0.00033418698700096744	49.16191719616759	
447.1059	219.39	0.008314209391893904	18.432927363512103	
447.1476	115.95	0.19567154075315482	-4.904738593393046	
447.1647	30.99	0.2661798379119258	3.7243555236905426	C22H37BrO2,C23H28O9
447.1647	188.43	0.5001417471763889	-1.7025978204765744	C22H37BrO2,C23H28O9
447.3118	114.12	0.5779790989088339	-1.2472268984945072	C27H44O5,C27H46O6
488.0375	192.5	0.526318123778028	1.48171314103261	
488.2445	219.13	0.3104897183165514	-3.137084342324489	C24H40O8S,C30H37NO6
488.3467	102.53	0.4765436190535103	1.8776007584508256	
447.9723	37.71	0.7950022935457882	0.624851576027116	
448.0994	219.39	0.4156837014664964	2.4070575065243798	C21H21O11,C21H20O11
565.5394	384.16	0.3716421111085248	-2.599349425765691	C36H71NO3
448.138	31.12	0.7375978262844312	0.7879879943116364	C22H24O10
448.1694	30.58	0.7567418612905328	-0.7305487070230224	C23H28O9
488.8876	22.41	0.5110829056974031	1.623710847231305	
448.9727	37.58	0.8036395316706939	-0.5694354653184291	
546.1895	273.55	0.9478020333268778	0.12476439701150606	
546.1895	282.64	0.8257484674939065	-0.4814549006686683	
546.2815	104.76	0.5181397126489538	-1.5758623040495554	C26H46NO9P,C30H42O9
546.8398	23.33	0.9036777556512686	0.2591119269162687	
566.9034	20.42	0.9786165767989357	-0.04311687111989233	
449.1506	115.95	0.46979280893908065	1.9995390757988931	
449.1633	149.55	0.14141396389283276	-6.415205234235297	
449.9693	37.71	0.7567418612905328	-0.7359992749895096	
450.1773	36.0	0.6162900211697562	-1.113434057789817	
567.0272	22.02	0.08541917908630675	8.651627833578573	
567.0272	189.09	0.6493299320809754	1.0011464038714086	
489.1914	165.78	0.48031512769732715	1.8475012304066194	C29H30O7
489.2777	156.42	0.800571585156978	0.5852218947204124	C29H42O4
450.9829	21.75	0.766152765535031	0.7040024944431348	
450.9829	197.26	0.8316648600939246	0.4623193940919673	
490.1115	152.57	0.41722846706635075	2.394352305699874	C23H23O12,C23H22O12
490.1992	195.0	0.10756636757024841	7.275928935520737	C19H38NO9P,C26H33NO6,C29H30O7
490.2812	156.68	0.5915405424804983	1.1790995572714333	
548.0667	219.78	0.46979280893908065	1.9723925279216041	
548.1865	273.68	0.8999820450995942	0.27363264246293006	
548.1865	283.17	0.7965772621751515	-0.5985554134190239	
451.8439	1.04	0.3084188813083664	-3.2248859967425294	
567.9054	20.29	0.8385127753909856	-0.44002485996327	
568.1127	214.77	0.5798539779598373	1.2195495654672406	
568.2659	65.21	0.5798539779598373	-1.2235690948517655	C29H43NO8,C28H44NO9P
452.2785	94.63	0.63196465241283	-1.0690229613921887	C25H40O7,C21H44NO7P
452.849	20.03	0.4705815426878863	1.9100816607887907	
452.849	23.2	0.46979280893908065	1.9476524331668785	
568.8401	2.22	0.7862726431136172	-0.6512131288890965	
568.8401	21.89	0.5278407172193512	1.4715921705819404	
568.9023	20.42	0.6736058559052326	0.9284841961014846	
452.9229	20.97	0.8231597619580997	-0.49756027551374477	
453.0171	22.28	0.39769049765482833	2.4791239102329534	
549.0368	187.25	0.5452156929843229	1.3835340949458401	
549.0368	195.0	0.6597350343430612	0.9625537290506592	
549.0368	202.14	0.9154525184779168	-0.23125141359251966	
549.0368	218.08	0.8186587961042767	0.5061650213024803	
549.0368	283.56	0.9681374667002338	-0.0672756643659792	
491.2841	156.42	0.6449335084199378	1.0182177957549552	
569.8493	20.29	0.800571585156978	0.5776675061931582	
569.8493	22.67	0.9941733798014569	0.01081636528549349	
492.1085	152.57	0.46979280893908065	1.9326668219894638	
492.1455	116.22	0.15165969162379458	-6.223217564017305	C21H31NO8S
492.3463	212.14	0.5239688888184243	-1.531068914147196	C25H54NO7P,C25H52NO6P,C29H48O6,C32H49NO4
570.8366	22.02	0.5246323098918922	1.4926237165093035	
626.1074	36.13	0.6334163315909577	-1.05942283599299	
550.2824	205.29	0.5364256409528452	1.4286294920969063	
627.082	189.22	0.508481612936999	-1.664013226712288	
627.1105	36.27	0.6490564853148935	-1.0063756664295185	C27H28O15
492.9914	337.64	0.558359977662688	1.3214289409702193	
628.1982	107.78	0.6918987308712891	-0.8803317970039337	
628.2776	207.94	0.8351368137530512	-0.4513150883374635	
572.2442	201.75	0.19567154075315482	-4.911738444003918	
493.1114	152.97	0.49409150485752606	1.7445828855911478	
493.1114	160.75	0.46979280893908065	1.9783136977910272	
493.1235	35.87	0.6056314707325604	-1.144461695480364	
572.9243	20.97	0.7963899524222545	-0.6129691631440556	
493.2938	187.12	0.8799268400380567	0.33299438176650126	C24H49O9P,C31H42O5
493.3358	223.2	0.766152765535031	-0.7054494171869427	
552.2736	71.15	0.31460961843505086	-3.0871279491057724	
552.4636	273.28	0.3620996487620621	-2.6850562823209843	C33H63NO5
629.2013	107.91	0.7127769185843078	-0.8340747136668907	
494.1611	149.55	0.19567154075315482	-4.871099591888218	
572.9977	22.28	0.5798539779598373	1.2336615268411018	
572.9977	187.12	0.5047442850018319	1.6839625792714203	
572.9977	191.45	0.967985774582462	-0.0739734143606418	
630.8847	21.49	0.5798539779598373	1.216278935583883	C18H32Br4O2
552.8586	22.8	0.8054015648663319	0.5568090110436633	
494.9087	21.75	0.36725902944672434	2.6446414055848178	
631.0199	22.02	0.23255919453286603	4.0760445172793425	
631.0199	189.74	0.795403311889785	0.6221934830122653	
631.0199	197.0	0.4768096732419039	1.8659316196027282	
631.0199	200.28	0.49409150485752606	1.7343244104951228	
631.0199	267.47	0.9420472985170553	0.15113522561318843	
631.0199	275.39	0.10028205610116306	7.829947936090129	
631.0199	282.64	0.9030114683670372	0.2640982567785222	
631.0199	284.08	0.8940265953040859	0.29222512697967984	
631.0199	343.67	0.6056314707325604	1.1425450964767114	
553.0111	189.09	0.46979280893908065	2.05883133339648	
553.0111	201.49	0.6115112839727164	1.1255276250900703	
631.2845	201.09	0.5337528933919866	-1.4383384578590024	
573.2481	201.49	0.3084188813083664	-3.441553705873148	C27H45O12P
632.2056	156.94	0.8375010083448664	0.44263705936244957	
574.0388	36.13	0.8940265953040859	0.2915865641973557	
574.2766	112.01	0.3149164801330407	3.0735956227023835	C31H42O10
553.4669	273.42	0.35922953066952007	-2.7326185405447463	C33H63NO5
495.1643	149.55	0.16291207685022663	-5.800624117368327	C27H30O10
495.1951	195.13	0.19567154075315482	4.84056612977017	
495.3094	200.96	0.5841522204935452	-1.203936300258242	C25H48O7,C24H49O8P
553.8755	1.04	0.2377204663244652	-4.031788028872394	
553.8755	22.41	0.7232814911182527	-0.8111409481041318	
554.2023	257.73	0.0013447768505483546	31.33316319647079	
554.2896	82.37	0.9086406879042995	-0.24487003526440415	C28H48NO9P
634.2966	206.37	0.6243694236312519	-1.085037842404844	C29H52NO13P
575.0138	350.96	0.8940265953040859	0.30217558776303527	
496.1769	176.19	0.13635187013308536	-6.542407689146994	
496.1769	185.65	0.19567154075315482	-5.020047673009982	
634.8913	20.55	0.8355807829310876	-0.44980728338091375	
496.3128	200.96	0.6220061879616425	-1.0948780547576749	C24H49O8P
635.0527	431.36	0.800571585156978	0.581253542625299	
635.8931	20.42	0.9676362827817669	0.07810930421546619	
636.2427	212.67	0.3084188813083664	-3.2523839326643698	
575.2968	199.49	0.6360606041402094	1.049565760927279	C28H51O11P,C28H49O10P
497.082	26.9	0.3084188813083664	3.2074960589744994	
636.8281	21.89	0.5268742078475362	1.4787460477532952	
575.8638	20.03	0.5099621796757042	1.6281036960975275	
497.3252	226.39	0.8112113125001938	0.5356059658737328	C25H50O7,C24H51O8P,C31H48O6
576.2313	212.01	0.5272359022996874	-1.4754364073405977	C26H45NO10S2
576.8597	20.03	0.8302207292663023	0.4660166604898486	
576.8597	23.2	0.9472387755876763	0.13179475434127236	
637.0101	22.02	0.7410357036405307	0.7794427787508709	
637.0101	194.08	0.7746529586848527	0.6792649115282801	
555.2928	82.37	0.967985774582462	-0.06846646953087027	C25H49O11P
498.0844	152.7	0.8238711612496411	0.49008007798345316	
498.263	37.05	0.9797175812403462	0.03806558608045964	C25H42NO7P,C25H44NO8P
498.263	50.34	0.31679726201363995	-3.0549447466987343	C25H42NO7P,C25H44NO8P
498.2849	192.76	0.6843079989328953	-0.8978498570012147	C22H46NO9P
638.4201	237.06	0.48507402199743804	1.8186517396174544	C35H64NO8P,C33H65NO6S
577.0108	197.92	0.35979868822646993	2.7259918767838447	
577.0108	284.22	0.6493299320809754	1.00052485340317	
498.9161	20.55	0.9249051306579086	0.20657386365617667	
555.8347	185.26	0.5798539779598373	1.2167761237838903	
555.8347	207.02	0.656096114244177	0.9822448326627757	
555.8347	222.41	0.7815848587613586	0.6667534891511389	
555.8347	239.03	0.6638901036639526	0.9525181876030824	
555.8347	253.66	0.5570475283640037	1.3361969889786482	
555.8347	260.49	0.6501825461150058	0.9959087750916128	
555.8347	503.82	0.5099621796757042	1.6386520165524512	
555.8347	529.4	0.5821841705131269	1.2094006732224234	
638.8254	22.15	0.7717504605249028	0.6880810970207015	
577.0305	21.89	0.13039854545031543	6.759661862952187	
577.0305	155.46	0.9248088088366617	0.2110474336405999	
577.0305	157.07	0.31934698199743144	3.0301790166393405	
555.8384	230.59	0.8935480814143999	0.3066517546687738	
555.8384	232.69	0.9283620249278882	-0.18451348424557842	
555.8384	695.7	0.7567418612905328	-0.742902522271549	
555.8384	708.77	0.35807232731661953	-2.7646374848095876	
555.8384	712.47	0.2650550465844891	-3.7407690387174273	
556.1448	228.49	0.5358355057098199	1.4319579161979243	
556.2952	82.11	0.6761308410383571	-0.9210853428505656	
639.311	253.0	0.36134365151104714	-2.6985423558419614	
640.2872	234.53	0.46979280893908065	-2.1268176217545416	C35H44O11
640.9121	21.1	0.8238711612496411	-0.4883227496063958	
577.2341	102.26	0.4406510085403454	2.295847867509186	C34H38O6
577.2341	212.41	0.8506230277188338	0.40830161828527645	C34H38O6
577.2766	91.74	0.5213955783114668	-1.5634992627101558	C27H49O12P,C27H47O11P
577.3126	212.41	0.6500471315650866	-0.9978690536389241	
577.4476	281.85	0.6056314707325604	-1.1460877882049643	C35H64O7,C35H62O6
556.875	22.41	0.46979280893908065	1.9738957639793713	
578.1416	214.9	0.6775048666407244	-0.9137072945183233	C30H27O12,C30H26O12,C27H29NO11
578.8692	21.89	0.5115144643072769	1.6133367498045204	
499.0792	26.77	0.3084188813083664	3.2707485817859956	
557.0039	22.28	0.6736058559052326	0.930139991708412	
557.0039	191.32	0.8519700782775915	0.4028141842762128	
499.918	20.55	0.9258244831502468	-0.19145714022448612	
499.918	22.54	0.6990224759366874	-0.8697180816951366	
500.2787	65.21	0.5237271307484275	-1.553097221592568	C25H44NO7P,C26H43NO6,C29H40O7
500.3007	192.11	0.31460961843505086	-3.0812904110140162	
500.3007	197.0	0.7965772621751515	-0.6046795001075305	
500.3007	212.67	0.5239688888184243	-1.5338594185042056	
557.0237	22.54	0.7498542384784406	0.7600447927324773	C21H18O16S
557.0237	153.75	0.7567418612905328	0.7347660763477466	C21H18O16S
557.0237	155.46	0.800571585156978	0.5883391224308776	C21H18O16S
557.0237	188.04	0.8257484674939065	-0.4811643836162417	C21H18O16S
557.0237	201.62	0.7199237707330853	0.8175030191358332	C21H18O16S
557.0237	275.91	0.8940265953040859	-0.2998330329633497	C21H18O16S
557.0237	288.28	0.6586080122009266	-0.9685992720528905	C21H18O16S
500.8529	21.89	0.5655441034025642	1.2851960310096926	
500.9146	20.42	0.9453187359552929	0.1381665867814728	
500.9146	22.41	0.9478020333268778	0.12590615152154214	
579.1435	214.9	0.6852002421597557	-0.8944838893934187	C30H27O12
579.8062	19.76	0.8691581842873695	-0.36160221967275485	
579.8723	21.36	0.5364256409528452	1.4279513466303553	
580.1388	214.9	0.558359977662688	-1.3271017446345212	C33H24O10
580.8666	21.89	0.4857212096767555	1.7976030384483035	
643.8514	20.16	0.9075303309004922	0.24932648337727012	
557.2885	68.79	0.49409150485752606	-1.7416150923262312	C28H49O10P,C35H42O6
644.8477	20.03	0.8342222929394328	-0.45762379437372236	
644.8477	23.46	0.818269684345166	-0.5117158624621817	
558.1999	190.93	0.9478020333268778	-0.12421344044962669	C29H32N2O7,C28H37O7Cl,C27H31O2F7
558.4656	325.98	0.34784058648902744	-2.822404146019323	C36H62O4,C33H65NO3
558.7435	11.07	0.7076535861678479	0.8482098744955453	
558.7435	12.26	0.710471866827791	0.8391584945870374	
558.7435	13.44	0.6791855510144245	0.910043970684965	
558.7435	16.22	0.7644461554420245	0.7118236339298533	
501.2821	65.34	0.4825086839295886	-1.8344468282994744	C27H46O4S
645.0359	171.05	0.840734902534873	0.427132262588721	
645.0359	197.13	0.7567418612905328	0.745055215304078	
558.8722	22.54	0.8054015648663319	0.5620582500368649	
582.1359	188.17	0.4573227160405532	-2.2360464250252106	C29H26O13
646.2216	178.16	0.950824192981743	0.11640170900262202	
559.0005	474.71	0.8257484674939065	0.4814373894937733	
646.4276	192.89	0.7235651391279813	0.8097059503677753	
501.862	20.03	0.967985774582462	0.0697980598918302	
501.862	22.8	0.5115144643072769	-1.6101440053407867	
582.8796	20.29	0.5246323098918922	1.4930113646718117	
582.8796	22.94	0.7965772621751515	-0.6106906340050747	
502.1018	192.5	0.6360606041402094	1.0505375312245064	
646.8571	21.89	0.5115144643072769	1.6164622655553758	
502.2947	89.75	0.19567154075315482	-5.038118956557116	C25H46NO7P
583.0008	21.89	0.3084188813083664	3.421117103299473	
583.0008	69.05	0.8112113125001938	0.5340320981267017	
647.0143	30.58	0.5246323098918922	-1.4976839518346654	
502.8012	4.59	0.9006174116789717	0.2690618811630716	
502.8487	22.15	0.5153758923391039	1.5900461966866066	
583.2595	80.25	0.48944491124387013	-1.7695355676132312	C32H40N2O6
583.3143	102.92	0.36725902944672434	-2.618915908242307	C27H52O11S,C30H48O11,C30H50O12
647.052	188.04	0.8805693055983939	-0.3293191831820484	
647.052	200.54	0.5743071166643062	-1.263254482906884	
559.4369	286.83	0.5755413965672186	-1.2589083980877518	C35H60O5,C35H62O6
584.2444	199.1	0.665384612440464	0.9460299731364408	
584.2444	200.54	0.6896076716692053	-0.8854828404251653	
647.8591	21.36	0.8385127753909856	0.4373394007537101	
647.8591	21.89	0.8100327528505114	0.5423660220206001	
648.2491	247.2	0.6490564853148935	-1.0053692110616181	
648.2491	253.27	0.46979280893908065	-2.0647785812820296	
648.2491	258.39	0.5646632955055385	-1.288747299506288	
648.8545	21.62	0.579125302583326	1.2389763805015361	
585.0172	36.66	0.6406184982859606	1.0357042479021268	
585.0172	198.71	0.5609831713179853	1.2956677086092165	
650.3279	255.89	0.4288784989730669	-2.3573442268399813	C30H54NO12P,C34H50O12
503.0333	21.89	0.9620650878234944	0.09509707187712914	
503.0333	159.7	0.825683129010395	-0.48415963220562047	
503.0333	186.59	0.9676362827817669	-0.07892497645304697	
503.0333	189.48	0.538284827904624	-1.4131679272850681	
503.0333	192.76	0.7199237707330853	0.8182638994509218	
503.0333	194.47	0.800571585156978	0.5886131583915006	
503.0333	198.58	0.6463691408259851	1.0138181408330769	
503.0333	200.02	0.8054015648663319	0.5558957278790252	
503.0333	219.65	0.558359977662688	1.3173810324424406	
503.0333	272.89	0.2285742553210929	4.219152038926776	
503.0333	282.38	0.9472387755876763	-0.13187248954426867	
650.8667	20.42	0.7573488761227737	0.7274920498109944	
650.8667	22.8	0.818269684345166	-0.5155622533486054	
561.0167	21.89	0.42225834134767765	2.375497862054177	
561.0167	187.64	0.6150149954948746	1.1181427802746813	
561.0167	190.01	0.5909018361227051	1.1889833402174381	
561.0167	200.96	0.8535755815436725	-0.3989199063290297	
586.2602	212.41	0.33430879445602024	-2.9078416102152396	
651.0266	22.15	0.9163087060303589	-0.22921620630025194	
651.0266	30.99	0.46979280893908065	2.0808062641232077	
651.0266	36.53	0.7965772621751515	0.5994977838977309	
651.0266	155.46	0.8385127753909856	0.4371587071142362	
651.0266	187.51	0.766152765535031	0.7031206821520383	
651.0266	189.09	0.8060427572421189	-0.5541275728104426	
651.0266	192.63	0.950824192981743	-0.1167253737632631	
651.0266	195.39	0.7734031961027731	0.6828559571601991	
651.0266	197.26	0.5972078361637716	1.1662139933841027	
504.0986	192.76	0.8374508998177698	-0.44366284422391034	
651.8715	21.49	0.5570475283640037	1.3380336577088132	
504.8649	20.03	0.3104897183165514	3.1401304121481095	
504.8649	23.2	0.5452156929843229	1.3837220795235017	
504.937	20.97	0.9896039724701245	-0.019929556747990372	
561.0739	144.79	0.46979280893908065	1.9870181381731973	
561.1854	194.73	0.21491447089374877	4.688662202649708	
561.1854	202.4	0.46979280893908065	2.0521812640253767	
561.3797	206.63	0.36134365151104714	-2.6968571442894094	C33H54O7
653.3963	306.44	0.4341142493824714	-2.3372105020366245	C33H63O8P,C40H58O5
562.1798	202.14	0.6056314707325604	1.1460059665325106	
654.253	102.66	0.35807232731661953	2.749558960470997	C31H42O15
654.2824	261.04	0.558359977662688	-1.3113552938034094	
562.8965	21.36	0.3620996487620621	2.6886840567424057	
587.2647	212.41	0.32890042362547206	-2.9715523853123975	C29H44O10
588.1707	214.9	0.3639797091432727	-2.6752252118385784	
588.2543	237.71	0.3084188813083664	-3.348651081014577	
588.2543	244.02	0.3084188813083664	-3.2805184827617606	
588.2543	248.78	0.23203802107269472	-4.1653960497493445	
588.825	20.16	0.4857212096767555	1.8080240230193703	
588.825	23.07	0.46979280893908065	1.9864203163941363	
588.898	20.97	0.7862726431136172	-0.6527822734770501	
505.3328	220.57	0.9403103376078069	0.15438755664779308	
506.044	26.9	0.24685932310368125	3.919638493276797	
563.0136	21.89	0.7077817669707219	0.8447385962514794	
563.0136	152.97	0.8940265953040859	0.3007884727343335	
563.0136	188.43	0.5609831713179853	1.2960909539224263	C21H18O15S
563.0136	194.73	0.818269684345166	0.5124306799817919	C21H18O15S
563.0136	257.86	0.9086406879042995	0.24457262551127876	
563.0136	276.3	0.44817085688223723	2.26143152168049	C21H18O15S
563.0136	335.02	0.9058964887898929	0.25377074326356275	C21H18O15S
506.2258	198.31	0.7009054003287	0.8602052030054974	C26H32O3F6
506.2258	199.63	0.8626373754788703	0.3772577839520365	C26H32O3F6
506.2711	167.22	0.8088195190843097	-0.5486461114796647	C24H42O11,C28H42O6S
656.8858	20.97	0.7167420945999561	-0.8280011600004328	
589.0299	21.75	0.05501767090754202	10.531610193922926	
589.0299	157.2	0.05501767090754202	9.888985830656496	
589.0299	160.35	0.6011131027321603	1.1577678770828743	
589.0299	196.61	0.8088195190843097	-0.54860871548972	
589.0299	201.62	0.7965772621751515	-0.6114781491408435	
657.0921	192.63	0.2277750235038604	-4.256455444634104	
589.1045	192.76	0.22049491624795237	-4.4965626079331225	
589.1726	214.77	0.36537749070645836	-2.666725820003388	
657.8891	20.68	0.6360606041402094	-1.0517134179848806	
658.2481	196.61	0.46979280893908065	-1.9582847833391335	
658.278	247.46	0.46979280893908065	-2.0109260016606805	C28H50NO12P
658.278	254.19	0.4328132190504745	-2.3451274955021035	C28H50NO12P
658.278	258.65	0.5452156929843229	-1.3807441771920044	C28H50NO12P
589.4034	306.83	0.33430879445602024	-2.9230612360859967	
658.2906	263.27	0.7453442221546431	-0.7698531195227517	
589.9013	20.97	0.7582754821585113	-0.7221466855839814	
563.0891	188.43	0.558359977662688	-1.322625488708407	
563.2967	201.35	0.7567418612905328	-0.7396303258502188	C27H51O11P,C27H49O10P,C28H48O9
590.9025	21.1	0.6178149463172834	-1.108060126204143	
658.8904	20.68	0.9573255308969889	-0.10507339479493494	
564.0908	188.3	0.5278407172193512	-1.463366381103383	
564.3	201.09	0.6490564853148935	-1.0032133568590915	C27H49O10P
659.1079	219.52	0.818269684345166	-0.5181825321944221	
660.2374	191.32	0.9437400901650972	-0.14214021270679994	
660.2872	263.01	0.5915405424804983	-1.1861609555719008	
591.12	219.26	0.8879547635153197	0.31658413775380995	
507.117	219.65	0.46979280893908065	1.9880630615533335	
507.2518	165.48	0.8342222929394328	-0.4563206302234077	
591.4014	306.57	0.3084188813083664	-3.3907394509115667	C31H61O8P
507.3091	199.49	0.6490556182425967	1.0080406401536657	C25H51O9P
507.3328	179.74	0.36725902944672434	-2.6173247898941554	C25H50NO7P,C29H48O7
507.3692	215.69	0.46979280893908065	-2.057920483700983	C26H54NO6P,C30H52O6
507.3692	263.4	0.3084188813083664	-3.2015976356522198	C26H54NO6P,C30H52O6
507.8761	20.16	0.8186587961042767	0.504398704772285	
507.9834	37.58	0.9478020333268778	-0.1270474792916013	
661.0669	193.42	0.49419404508832454	-1.730055486983367	
661.0669	197.26	0.7190834817897873	0.8239790987230697	
661.2405	191.45	0.8746280811029211	-0.3443029737494518	
508.3125	199.36	0.6896076716692053	0.885934222520273	C30H46O5
661.4399	235.05	0.6439719460876046	-1.024034628922102	
593.4076	217.42	0.31934698199743144	3.0198781391048923	C30H60NO8P
662.2482	212.14	0.5099621796757042	1.64226593946363	
662.2482	225.17	0.6654349744468809	0.9448378563990084	
594.2455	57.07	0.4765436190535103	-1.8798745652261628	
594.2455	57.86	0.8108805921063896	-0.539952875150574	
594.2818	70.24	0.3577898193604207	-2.787104674934584	C27H47O12P
508.8783	667.49	0.4025323321852568	-2.4597445142656693	
508.8783	683.57	0.8292013680116782	-0.4711349461157366	
508.8783	697.82	0.7820745405105434	-0.6651259493528884	
692.2636	260.23	0.46979280893908065	-2.062051137621334	
594.8433	22.41	0.9896039724701245	0.019975830681678557	
508.9851	37.58	0.9620650878234944	0.09305656527023512	
664.2487	75.78	0.49409150485752606	1.744401360322299	
509.0044	22.02	0.5049829527869837	1.679631486751582	
665.0428	197.92	0.9258244831502468	0.19342682179677692	
509.0426	186.59	0.5099621796757042	-1.659602773677882	
509.0426	192.5	0.6216477188263049	1.096598571661476	
509.0426	274.73	0.8879547635153197	-0.31640419416856563	
595.8597	21.89	0.6025282119396975	1.1544927134681462	
596.2611	75.92	0.3084188813083664	3.33243882401576	
696.186	107.78	0.7481729839834533	-0.7635262053292156	
696.4885	345.87	0.6427704749910543	-1.0292464488887698	
666.8416	20.29	0.5329855304446697	1.4497129408297424	
666.8416	23.07	0.818269684345166	-0.5125095841998244	
667.4546	269.05	0.8123417934224233	0.5305884035992171	
597.0176	21.89	0.967985774582462	0.072628560708017	
597.0176	195.65	0.8940265953040859	0.29571460120574483	
597.0176	198.44	0.7567418612905328	0.7299561887516772	
697.0486	22.54	0.7913041557884001	-0.6333897998847282	
697.0486	219.92	0.8123417934224233	-0.5297081104653166	
697.189	107.78	0.7287644644993704	-0.7999918948491401	C32H38O15
668.2821	217.55	0.5294269609568397	-1.4592543239911802	
668.3187	262.35	0.16291207685022663	-5.767159922358184	C33H54NO12P
668.4572	306.04	0.46979280893908065	1.9584268247112118	
757.2168	214.64	0.22049491624795237	-4.430594769915961	C33H41O20,C33H42O20
757.2168	263.14	0.49419404508832454	-1.7308641536318345	C33H41O20,C33H42O20
668.842	20.29	0.4825086839295886	1.835701884908866	
668.842	22.94	0.8186587961042767	0.5054745528917383	
698.2292	197.0	0.7950022935457882	0.6263672074043152	
698.2292	255.37	0.508481612936999	-1.6658808507126106	
597.2644	75.92	0.46979280893908065	1.9409839051619933	
758.4772	250.22	0.29006421448195296	-3.582489469715488	C43H70NO8P,C47H66O8
758.4772	252.35	0.31460961843505086	-3.1109741140459732	C43H70NO8P,C47H66O8
758.4772	253.92	0.3725695417700711	-2.5924927748451463	C43H70NO8P,C47H66O8
758.4772	257.21	0.571713880695404	-1.2700076067473536	C43H70NO8P,C47H66O8
598.0762	30.86	0.9258244831502468	0.19563635404920335	
669.3221	262.35	0.16576836038802453	-5.693912982849515	
598.8538	20.16	0.46979280893908065	1.9703831949960122	
598.8538	23.07	0.8263201458357335	-0.4794968797367156	
758.8671	21.1	0.538284827904624	-1.413420570602394	
670.2975	189.87	0.7965772621751515	-0.6000045974168722	
670.9017	20.97	0.800571585156978	-0.5777662251361985	
599.0132	187.9	0.8944427534788058	0.28626201202424556	
599.0132	193.16	0.5570475283640037	1.3438302828748068	
599.0132	199.49	0.8088195190843097	0.5470551407964899	
760.8378	22.28	0.46979280893908065	1.998514948767523	
672.1881	57.99	0.5153758923391039	-1.5893013276227335	
701.0235	22.15	0.3084188813083664	3.463575273005476	
701.0235	73.65	0.8036395316706939	-0.5699402142910145	
701.0235	156.55	0.46979280893908065	1.998973591671657	
701.0235	158.65	0.46979280893908065	1.9274554619627806	
701.0235	185.94	0.8088195190843097	0.544852234034485	
701.0235	193.16	0.5268742078475362	-1.4776148305471575	
600.3241	122.68	0.7683514669513283	-0.6977223959848907	C27H53O12P
673.1963	75.49	0.5115144643072769	1.6137664815324693	
702.2395	263.66	0.8313251434556752	-0.46370165578256506	
600.854	20.03	0.46979280893908065	2.1565817944900667	
600.854	22.94	0.9403103376078069	0.1559847559495989	
702.879	20.55	0.861652287138678	-0.3830322356984265	
673.8763	21.49	0.7956567257908501	-0.6181618067169264	
674.2522	200.68	0.8723746875291541	-0.3537977542314945	
674.2691	244.41	0.46979280893908065	-2.1812554983020513	
601.2799	205.03	0.5570475283640037	1.3500481703945255	C29H49O12P,C30H46O10
703.8811	20.29	0.795403311889785	-0.6231499433784784	
703.8811	22.28	0.7913041557884001	-0.6343639705286396	
704.2379	263.14	0.7862726431136172	0.64556567639825	
704.8161	21.89	0.6056314707325604	1.1433077530370086	
675.0469	36.13	0.46979280893908065	-2.032261347877834	
602.5665	487.5	0.7389280585683052	0.7852706081209454	C40H74O3
602.8493	20.29	0.49094521337928376	1.7647926203131612	C15H10O19S4
602.9137	21.1	0.9248088088366617	-0.20793432437026055	
676.0193	30.44	0.8385127753909856	-0.43295719984635267	
676.2801	276.96	0.976775393428579	-0.04819627352800107	
676.2801	285.0	0.5570475283640037	-1.3340345319344935	
706.8133	22.15	0.800571585156978	0.5781214880375012	
708.0481	218.86	0.7416135727869474	0.7755026931284954	
766.2357	102.79	0.558359977662688	1.3195931351696757	
708.2582	197.79	0.9004373795304562	0.27204398033415883	
708.2582	255.37	0.608613627254578	-1.133335218733268	
708.462	264.19	0.579125302583326	-1.240977106953189	C39H68NO8P
604.1573	192.76	0.7567418612905328	0.7307790421467397	
604.8723	21.36	0.774137771137776	-0.6809274975362654	
604.8723	22.41	0.766152765535031	-0.7039075542515836	
708.8997	20.97	0.7567418612905328	-0.7355288176428907	
678.2774	276.96	0.9930826804059002	-0.013658612387435858	
678.2774	285.27	0.5660829731051888	-1.2797706415804995	
709.2615	197.66	0.7902873379216637	-0.6387219336768505	
709.2615	255.76	0.6334163315909577	-1.0588188328473682	
710.2663	214.64	0.3104897183165514	-3.1465993726609067	
710.2663	219.13	0.22049491624795237	-4.624118903263747	
710.2663	262.48	0.46979280893908065	-2.155132845256927	
710.2663	274.2	0.5425680474008411	-1.3958866769596676	
605.241	80.12	0.8947472011647014	-0.28396285833646695	
679.0576	194.6	0.5915405424804983	1.179130343145575	
679.0576	198.84	0.6807343914781901	0.9059520230032446	
679.0576	284.74	0.9085600403551436	-0.2466005707267964	
679.2808	277.49	0.8663209176842572	0.36951461485363185	
679.2808	285.0	0.5609831713179853	-1.2977813143834218	
605.889	21.75	0.7862726431136172	-0.6461526397105621	
680.0163	188.43	0.558359977662688	-1.3216533406136954	
770.2105	217.29	0.6490556182425967	-1.0078742082078498	
770.2105	287.23	0.5971339449447016	-1.1685171863499753	
711.2694	214.64	0.3084188813083664	-3.2857105516792555	
711.2694	219.26	0.15165969162379458	-6.177988487459005	
711.2694	262.61	0.5246323098918922	-1.4892482792709132	
711.2694	273.68	0.46979280893908065	-2.1053910659608457	
680.884	20.29	0.46979280893908065	1.9982837780158809	
680.884	22.67	0.48944491124387013	1.7733785305402585	
711.839	20.29	0.8516127489723744	-0.4061296787788202	
712.2637	214.38	0.3084188813083664	-3.236639902156084	
712.2637	219.13	0.22049491624795237	-4.4557119272934536	
712.2637	262.35	0.4406510085403454	-2.2916776985498886	
712.2637	273.81	0.5422010369754132	-1.4002674010483571	
681.0165	188.56	0.7009054003287	-0.860025516248181	
770.8667	20.55	0.660439940138722	-0.9593508397802547	
771.214	217.29	0.6586080122009266	-0.969633699928749	C37H39O18
771.214	287.49	0.5915405424804983	-1.1801121325577864	C37H39O18
682.2341	195.13	0.4406510085403454	-2.3089758363768556	
682.2341	233.08	0.13635187013308536	-6.565133718798829	
682.2341	242.44	0.31460961843505086	-3.0916360152609643	
682.3341	275.39	0.7096694396529045	-0.8412612715819094	C31H55O14P
771.8689	21.1	0.5915405424804983	1.1850836726820477	
772.2088	217.29	0.7547529078933548	-0.7497921383223508	C33H41O21,C33H40O21
772.2088	287.09	0.5798539779598373	-1.2268656239940718	C33H41O21,C33H40O21
608.1406	107.65	0.9291551688670353	-0.18129286390545873	C27H31O17,C27H28O16
608.1518	193.68	0.1815309937877224	-5.258779353959241	C31H29O13,C31H28O13
608.2658	197.0	0.4406510085403454	-2.3098942350633216	
608.8921	20.42	0.5915405424804983	1.1824236763222107	
772.8031	22.02	0.7862726431136172	0.6480329994488979	
714.8448	21.62	0.5242411474795021	1.5265566358601854	
773.2117	217.03	0.5876945321106298	-1.19749151126014	C40H38O16,C33H41O21
773.2117	287.49	0.538284827904624	-1.4113214193547101	C40H38O16,C33H41O21
683.0332	21.89	0.7862726431136172	0.6527264796406081	
609.0168	198.18	0.46979280893908065	1.9845494542407156	
609.0168	375.5	0.8519700782775915	0.40247900406562304	
774.1291	107.65	0.5798539779598373	-1.2183695456139985	
715.0394	156.94	0.8410136203270222	-0.425141876276982	
715.0394	187.51	0.861652287138678	0.3840396001686664	
609.0371	111.88	0.8088195190843097	-0.5448245563923713	
609.2687	197.26	0.4156837014664964	-2.4056865497413766	
685.3092	263.53	0.608613627254578	-1.1333380642853887	C31H55O12P
685.3092	271.45	0.5337528933919866	-1.439548865131219	C31H55O12P
685.3165	253.0	0.46979280893908065	-1.9619693907052205	
716.8429	21.89	0.8054015648663319	0.5563424012458513	
775.0402	34.8	0.023533011558687787	13.745732818974897	
685.865	21.36	0.46979280893908065	1.9934357540414942	
718.8542	20.29	0.6761308410383571	0.920708860213733	
718.8542	22.8	0.800571585156978	0.5849940509395714	
776.1299	108.3	0.8866062312250006	0.320952257715207	
687.1387	198.97	0.8168479204272465	0.5232615196716284	
687.1387	199.76	0.9248088088366617	0.2107429070060784	
610.8093	19.76	0.5242411474795021	1.5043209127032693	
610.8093	24.12	0.8626373754788703	-0.3780625671828764	
688.2685	195.82	0.4406510085403454	-2.280352927727276	
688.2685	210.7	0.950824192981743	-0.11543192054394723	
688.2685	244.8	0.10756636757024841	-7.395911165907112	
720.295	262.48	0.29006421448195296	-3.596376648343921	
720.295	273.55	0.5798539779598373	-1.2148304140096462	
720.295	293.28	0.4825086839295886	-1.8351263375291245	
611.0338	153.89	0.7976371114999741	0.5962685378483036	
721.2333	276.7	0.8374508998177698	-0.443890447968639	C34H42O17
721.2333	284.22	0.637253959675052	-1.0438265515699774	C34H42O17
778.4657	288.01	0.5779296760595226	-1.2499886041108064	C42H70NO10P,C39H71O13P
722.2282	276.44	0.7959442494232098	-0.6155424005699783	
722.2282	276.96	0.942281743122686	0.14784849650060916	
612.8964	20.42	0.8054015648663319	0.5586318718468057	
612.8964	22.8	0.7767639591453898	0.6746374480119445	
722.4775	276.3	0.5278407172193512	-1.4701415531859332	C40H70NO8P,C40H72NO9P
722.4775	281.06	0.46979280893908065	-2.0169021183560187	C40H70NO8P,C40H72NO9P
613.0294	259.44	0.4959607723929979	1.7249671056213653	
613.0294	289.33	0.8612305777710532	0.3857170656964971	
724.8736	20.97	0.6420602262339854	-1.0313874175996496	
725.877	21.1	0.6775048666407244	-0.9154118221738887	
726.261	217.29	0.6245296433474916	-1.08286223558649	
726.261	286.83	0.558359977662688	-1.3084460532312516	
782.832	21.62	0.5242411474795021	1.5082481736029463	
616.8466	20.29	0.48205128942968234	1.8420977152309828	
727.2644	217.03	0.558359977662688	-1.3198760770067681	
727.2644	287.09	0.5517378387084628	-1.3636728456199	
833.5737	276.83	0.9743076306630355	-0.05459543214104308	C48H85O10P,C48H83O9P
728.2585	217.29	0.6101207434095907	-1.128723404412244	
728.2585	286.83	0.558359977662688	-1.3214941358373047	
729.2618	216.9	0.6243694236312519	-1.0846240295097158	
729.2618	286.83	0.5115144643072769	-1.605999848044692	
619.02	58.38	0.5329855304446697	-1.4493486269785967	
619.2891	53.75	0.625406379847202	1.0804407922946073	C29H49O12P,C29H51O13P,C30H48O11,C27H52O11S
620.2318	102.92	0.9756729797981943	0.05140457315721074	
731.2749	117.53	0.46979280893908065	1.9992318356938956	
731.2749	119.5	0.46979280893908065	1.9953219698351774	
731.2749	120.85	0.5242411474795021	1.521524453641145	
787.8465	21.23	0.8385127753909856	0.4308169735080505	
732.5194	260.36	0.7199237707330853	-0.8216693646058376	C39H76NO9P,C40H75NO8
838.854	20.97	0.39381501562244575	-2.504839670441426	
621.3056	283.56	0.5237271307484275	-1.551192523253409	C29H51O12P,C29H53O13P
733.0307	22.15	0.8940265953040859	0.2993461792011698	
622.2777	82.76	0.6990224759366874	-0.8667625336932517	C30H45N3O9S,C30H47N3O10S
623.2803	82.76	0.8940265953040859	-0.2928109227050308	C30H45N3O9S
792.4917	256.42	0.2253712249126164	-4.36424233342182	C41H76NO9P,C44H73O10P
734.8296	20.16	0.9434348027796728	-0.14374434380539589	
734.8296	22.8	0.8186587961042767	-0.5085796668055405	
792.8611	20.97	0.6397977004531877	-1.0391885065493462	
736.2899	216.76	0.9235223511063166	-0.21439692116108744	
736.2899	286.83	0.5656031447206656	-1.2818551840872818	
737.2914	216.76	0.8796641724647863	-0.33468695275192567	
737.2914	286.83	0.5962293589908425	-1.171084410287106	
794.5071	285.91	0.3742128380518352	-2.5768449273095895	C40H77NO12S,C41H78NO9P,C44H75O10P
738.2954	217.03	0.818269684345166	-0.5135095790680202	
738.2954	287.23	0.5099621796757042	-1.6357475084850652	
740.2402	188.04	0.800571585156978	-0.5889771684945487	
740.2402	192.63	0.6736236191514623	-0.9273404654017908	
740.517	325.85	0.9254957526475008	0.20028219210768275	
741.8639	21.62	0.7717504605249028	-0.6858959489917724	
742.1916	75.36	0.6490564853148935	1.0040275445434637	
910.6071	453.51	0.5126643182344004	1.6009715265537505	C51H90NO8P
910.6071	455.22	0.766840519284905	0.7012395099731425	C51H90NO8P
910.6071	456.14	0.5242411474795021	1.512325180751371	C51H90NO8P
747.1888	102.39	0.22049491624795237	-4.445472592151523	C32H40O18
747.1888	103.18	0.4701621329380325	-1.914207968243767	C32H40O18
915.4779	293.28	0.8691581842873695	-0.3611888807468909	C47H77O13P
802.8171	20.42	0.7410357036405307	-0.7796064650750618	
802.8171	23.07	0.8265590841878112	-0.47823507039308777	
750.269	187.64	0.9472387755876763	0.13327382298335935	
751.2703	188.04	0.7012185753793997	-0.8585325301573249	
850.8197	21.62	0.800571585156978	0.5815402402750306	C54H109NO5
918.4363	274.6	0.40693929536177	-2.4378941300216224	
753.2798	216.9	0.7563585161830313	-0.746771442133632	
753.2798	287.75	0.5841522204935452	-1.2047112349492335	
920.4519	284.87	0.5047442850018319	-1.6841922244964396	
754.216	214.25	0.3084188813083664	-3.2073618394998613	
754.216	219.26	0.23203802107269472	-4.146757672543125	
754.216	262.88	0.5238168457044159	-1.5473776014118321	
754.216	273.94	0.5798539779598373	-1.2209793033892198	
754.2828	217.03	0.6852860724366582	-0.8932689642046465	
754.2828	287.62	0.579125302583326	-1.2425982170176304	
756.2138	214.25	0.35807232731661953	-2.740875869609922	C33H41O20,C33H40O20
756.2138	219.26	0.22049491624795237	-4.446884406529585	C33H41O20,C33H40O20
756.2138	262.88	0.36725902944672434	-2.622458030992091	C33H41O20,C33H40O20
756.2138	273.55	0.5570475283640037	-1.3453992970436093	C33H41O20,C33H40O20
808.8354	21.1	0.8915096068296909	-0.3101158181438595	
810.08	195.95	0.5575915627413345	-1.3316228566194896	
810.08	201.49	0.9676362827817669	-0.07702130863555305	
810.5086	265.5	0.22049491624795237	-4.512826775563919	C47H74NO8P,C41H78NO10P
927.4579	333.05	0.5278407172193512	1.4650060528118318	
811.083	201.75	0.8238711612496411	-0.48733809290247565	
928.8368	21.1	0.5099621796757042	-1.6309399713004382	
928.8368	23.07	0.8691581842873695	0.36062161119900044	
1012.575	463.64	0.8466206793316176	-0.4160814408159778	
813.4722	219.52	0.46979280893908065	-2.070615864127529	C40H75O12P,C46H71O10P
860.8488	21.1	0.6243694236312519	-1.0870177655997866	
1023.5717	430.31	0.6773758707512972	-0.9168529321485457	
816.4918	235.74	0.9478020333268778	-0.12714965163696026	C46H73O10P,C43H76NO9P
865.2172	214.25	0.36725902944672434	-2.636488684571258	
865.2172	273.15	0.7077817669707219	-0.8452521678461598	
865.2172	273.55	0.6439719460876046	-1.0241969856323652	
865.5039	238.24	0.05501767090754202	10.190847925440588	C50H75O10P,C45H76N2O15
1039.2259	223.33	0.33946261394242644	-2.8722333641262616	
1040.229	222.67	0.31679726201363995	-3.049184464218941	
867.5187	246.94	0.1815309937877224	-5.385998096540038	C44H81O12P
944.7052	429.79	0.986546184677382	-0.0270142158035282	C52H99NO13
872.4995	369.86	0.48944491124387013	1.7713967726916093	
872.4995	431.5	0.46979280893908065	1.999341914041295	
872.4995	433.33	0.46979280893908065	1.9628635513444768	
872.4995	435.3	0.33946261394242644	2.8688397439162467	
872.4995	439.54	0.46979280893908065	1.9242153088977851	
872.4995	443.87	0.46979280893908065	1.9938792213047447	
872.4995	448.37	0.46979280893908065	1.9950937425742439	
872.4995	456.53	0.5099621796757042	1.6575175313781048	
954.5223	297.75	0.8342222929394328	-0.4562979331427453	C53H79O13P
873.6225	453.25	0.9786165767989357	0.04252533631085163	C48H93O12P
955.5205	452.33	0.8036395316706939	0.5669720813400445	
955.5205	456.4	0.9258244831502468	0.19649084492209526	
955.5205	459.81	0.8238711612496411	0.48755181236570583	
955.5205	461.02	0.8663209176842572	0.36890399116376005	
955.5205	463.12	0.8655335566160893	0.3718789876087619	
955.5205	466.53	0.9249051306579086	0.20199383758641618	
955.5205	470.77	0.6115494289803649	1.1242320007068842	
955.5205	476.57	0.8796641724647863	0.3342791956571108	
955.5205	478.28	0.665384612440464	0.9482190212868897	
955.5205	481.3	0.6647112696326617	0.9503030244303653	
955.5205	483.53	0.7199237707330853	0.8200311739903173	
955.5205	486.71	0.4731523643135	1.8980988971210928	
827.6116	349.68	0.5099621796757042	1.6363300929029738	
827.6116	352.14	0.4768096732419039	1.8649882643706324	
874.6271	327.55	0.46979280893908065	1.9927088731347025	
874.6271	472.87	0.46979280893908065	1.952346134482937	
874.6271	478.54	0.46979280893908065	1.9334653061516915	
874.6271	483.53	0.5176461400712512	1.5814849164594398	
958.5535	457.98	0.36725902944672434	2.61515455691692	C53H83O13P
958.5535	459.55	0.46979280893908065	1.9547132888128207	C53H83O13P
958.5535	461.94	0.36725902944672434	2.6314420150932194	C53H83O13P
958.5535	464.69	0.406303620461161	2.446976455481735	C53H83O13P
958.5535	466.66	0.3104897183165514	3.1693202403097387	C53H83O13P
958.5535	468.5	0.3084188813083664	3.445544167545237	C53H83O13P
958.5535	473.79	0.48507402199743804	1.8167054625496113	C53H83O13P
958.5535	477.89	0.4786398906036949	1.8574318472187539	C53H83O13P
958.5535	478.94	0.46979280893908065	1.9826067035725559	C53H83O13P
958.5535	480.38	0.46979280893908065	1.936408934459651	C53H83O13P
958.5535	481.96	0.46979280893908065	1.9999192003912987	C53H83O13P
958.5535	486.31	0.46979280893908065	1.9249948247149984	C53H83O13P
1119.7144	245.59	0.5192451241511256	-1.570521496771451	
1150.6943	259.83	0.4857212096767555	1.7996153711473202	
966.4707	302.1	0.7965772621751515	0.5985929714892527	
1155.7181	287.49	0.5246323098918922	1.4905986305911707	
1155.7181	289.46	0.47173123860603805	1.9050038516781114	
1168.7044	284.87	0.4765436190535103	1.8795563210362476	
1175.7766	280.8	0.49409150485752606	-1.7367432430358847	
1176.7804	280.8	0.48944491124387013	-1.7715096440989702	
1177.7838	280.8	0.48944491124387013	-1.7800523872154153	
1178.7831	280.8	0.48944491124387013	-1.7746904614339118	
881.4169	297.35	0.6439719460876046	-1.0229104959655275	
1207.6272	287.09	0.5099621796757042	1.6389896112546096	
1207.6272	290.25	0.49409150485752606	1.7346871917422257	
1450.1342	349.94	0.46979280893908065	-1.9479679096475015	
1221.7823	280.51	0.46979280893908065	-2.125785761873596	
1222.7856	280.8	0.46979280893908065	-1.9917327243878413	
1223.7892	280.64	0.46979280893908065	-2.192830379072168	
884.5754	323.73	0.6334163315909577	1.0586061327162848	
1250.8187	418.33	0.976775393428579	-0.04795480609104306	
1465.1107	352.93	0.558359977662688	1.3136778140455838	
1465.1107	354.63	0.5242411474795021	1.5071352981539867	
1272.7014	259.96	0.5242411474795021	-1.520373373992805	
887.5064	274.34	0.5238168457044159	-1.5484564511752814	C49H79O13P,C56H72O9
888.5094	274.2	0.5242411474795021	-1.5187599498499988	
893.4711	299.98	0.6828106351300697	0.9008974152742939	
893.4711	302.1	0.9036777556512686	0.25897909014439374	
893.4711	303.54	0.946521890670956	0.13564840937927625	
896.5388	279.85	0.3084188813083664	-3.244173370053841	C48H81O13P,C45H84NO12P
896.5388	286.04	0.4768096732419039	-1.8736660672574585	C48H81O13P,C45H84NO12P
1526.0225	300.92	0.24685932310368125	-3.9258869978406365	
1569.1843	387.32	0.7862726431136172	0.6469403129935063	
1569.1843	389.81	0.8626373754788703	-0.37905557529149614	
1569.1843	391.34	0.8238711612496411	0.4876422102114538	
1569.1843	393.44	0.8357762253418991	0.44860308307971286	
1569.1843	458.11	0.6775048666407244	-0.9133450722932622	
1571.0865	326.37	0.15165969162379458	-6.043889515928412	
