m/z	rtime	p-value	t-score	custom_id
114.1028	0.79	0.8298338228462234	-2.731601160688999	
183.0781	23.19	0.8873652217826288	0.5145563178869346	
237.1272	113.22	0.8298338228462234	1.0634212240663665	
116.0622	38.62	0.9745228308884799	0.14954612630339392	
237.9547	2.24	0.9664715712349283	0.19896616258559596	
237.9779	2.89	0.8298338228462234	-1.2646196557064788	
238.1201	26.76	0.9530062498199612	0.2879137131470334	
117.0741	23.19	0.8298338228462234	2.0463914675090518	
238.2276	0.79	0.960958261053231	0.25310304950844115	
184.8889	20.04	0.9944242292726041	-0.06532040454489522	
294.1555	27.81	0.9846937116234822	-0.116066790141925	
294.2789	215.88	0.8298338228462234	0.949498785699324	
294.2789	220.63	0.8298338228462234	1.3665868286180265	
239.1754	0.66	0.9944242292726041	-0.06488844206669961	
239.1754	21.75	0.8298338228462234	1.2580978279757127	
294.9386	21.09	0.8298338228462234	1.4386064660136932	
119.0492	27.15	0.8298338228462234	-1.180956935668908	C8H6O
119.0492	30.87	0.8906046601867588	-0.49244972015948807	
295.1515	25.29	0.8590130186018422	-0.6608251510959647	
295.9419	21.09	0.8298338228462234	1.8502100508370931	
240.1804	24.51	0.8298338228462234	-1.5421490208845055	
296.2073	24.64	0.8298338228462234	-1.5893688554087142	
185.1648	0.79	0.9944242292726041	0.033737689002367434	
240.2683	78.69	0.8298338228462234	0.9256176098570025	
240.9668	21.09	0.8298338228462234	1.3406219721376185	
120.0809	24.51	0.9944242292726041	-0.08256372107499466	
241.1042	24.51	0.8738094546953717	-0.581825449711895	
298.0829	26.5	0.8298338228462234	-1.6175534109936256	
298.0829	68.03	0.8563896071204178	0.6917723450912451	
186.1681	0.79	0.9944242292726041	-0.049562743049647216	
241.1545	0.79	0.9944242292726041	0.03535109287250623	
298.1861	24.64	0.8298338228462234	-1.6089166053075135	
121.0649	30.74	0.9621580597334388	-0.2468021295200908	C8H8O
241.1838	24.51	0.98186651490999	0.1300644347855315	
121.0843	24.77	0.9944242292726041	-0.046967195537394285	
298.2737	36.91	0.8298338228462234	1.1009689704147447	C18H35NO2
298.2737	48.78	0.8298338228462234	0.9078399581129811	C18H35NO2
299.0886	24.11	0.9944242292726041	-0.08530250652446947	
299.1483	36.52	0.9520472505897664	-0.31039830557452913	
299.2771	36.91	0.8298338228462234	0.9667717575542739	C18H35NO2
299.2771	48.78	0.8298338228462234	0.9828032720752707	C18H35NO2
242.1861	0.79	0.8415880661438032	-0.7719805032948753	
122.0686	30.61	0.8298338228462234	-1.4225988548485358	C8H8O
122.0686	65.25	0.9356701577562792	0.36119577761991084	C8H8O
242.9253	22.8	0.8298338228462234	1.386188048902307	
188.0705	24.51	0.8298338228462234	-0.9712843532735194	
300.9046	20.17	0.8415880661438032	0.7765018380409022	
301.0945	26.63	0.8298338228462234	-1.2274443011149412	
301.1044	24.51	0.9907297867832335	-0.1053918078119253	
243.1826	21.09	0.2007327193423795	6.500431289455957	
188.1756	23.19	0.8563896071204178	0.6806768085412438	
243.6844	20.7	0.4098613797815854	5.386728904868379	
243.9415	22.14	0.8298338228462234	1.6753202577739181	
189.0522	22.93	0.9944242292726041	0.044642001333950986	
189.0732	22.14	0.9971479846989347	-0.01886107230103723	
303.1197	26.1	0.8298338228462234	-2.5371307394739735	
244.0342	22.27	0.8874824228049272	-0.5038730079100506	
189.1022	0.66	0.9974437748824467	-0.010849040196308118	
189.112	108.19	0.8298338228462234	-3.250620787490043	C9H16O4
189.123	22.01	0.8298338228462234	1.1199109906831657	C6H13NO3
244.2137	610.37	0.98186651490999	0.1300561647999976	
190.0862	24.51	0.9846937116234822	-0.11622131925475561	
244.2632	36.39	0.916810179854565	0.4148716090709124	
244.2632	41.14	0.9245780876292109	0.38541800106790003	
244.2632	44.29	0.8298338228462234	1.1468931231067323	
305.0992	24.64	0.8298338228462234	-1.2308472870620317	
305.1355	26.37	0.8298338228462234	-1.8607372854389277	
245.0993	22.27	0.8430843200617194	-0.7411164158076066	
190.1224	108.85	0.8298338228462234	-1.40898368901359	
124.0245	1.05	0.8298338228462234	1.2699244718699683	
124.0587	23.19	0.8726788158787705	0.60941067054122	
306.2279	25.97	0.8298338228462234	-3.070900440824305	
246.1012	22.41	0.8298338228462234	-1.056390557153857	
307.892	20.04	0.8298338228462234	1.246444781569196	
308.1429	69.34	0.8298338228462234	2.5847164508829996	
308.1965	0.66	0.9085856569915591	-0.4406604463151328	
308.1965	36.91	0.9056723412504953	0.45677306613375257	
309.1459	69.6	0.8298338228462234	1.3030597502820482	
309.2279	31.4	0.8298338228462234	1.9191219470412875	
309.2279	33.1	0.8370102727367094	0.8461064565220378	
310.9124	22.93	0.8298338228462234	1.1877482159220674	
248.237	36.52	0.9971479846989347	-0.017850558656322423	
248.237	41.14	0.9929793132293082	0.09227254091809443	
311.0887	24.11	0.9944242292726041	0.06656152093488406	
311.1462	25.03	0.8298338228462234	-1.3429573792712293	
311.1462	26.76	0.9245780876292109	0.3854129960852059	
193.1012	41.14	0.8997533591207266	-0.47427941132882	
249.1118	30.61	0.8373309469337445	-0.8246713873817388	
193.1699	0.79	0.9745228308884799	-0.1528648488687996	
311.9292	22.14	0.8298338228462234	1.4317382074676273	
312.1656	0.79	0.8298338228462234	-1.0673528688716443	
312.2528	66.06	0.8507217709919813	0.7190129627249977	
312.3257	218.24	0.8298338228462234	0.9857039801706272	
313.1044	24.24	0.8298338228462234	1.3378589114510575	
313.162	24.64	0.9664715712349283	0.20477190778328225	
313.329	217.98	0.8298338228462234	1.0471367388405435	
314.1607	27.15	0.8415880661438032	-0.7724386273312877	
314.3323	218.24	0.8298338228462234	1.1841629177350816	
315.1739	79.21	0.8298338228462234	-1.1220329077314806	
252.1706	0.79	0.9056723412504953	-0.45475241366655833	
316.2116	21.75	0.8563896071204178	0.6900490430171307	
316.2485	28.2	0.9402165942263095	-0.34862081417077856	
316.2842	36.52	0.8298338228462234	1.1216093623325307	C19H33NO2
317.1145	26.5	0.8298338228462234	-1.7437658225890333	
317.2149	21.75	0.8430843200617194	0.7397931873605282	
253.1192	21.22	0.9228731690048038	0.3957763785122467	
318.1917	25.29	0.8298338228462234	-1.880268177324615	
318.1917	29.65	0.8841833014278302	-0.5410648976567299	
318.2172	21.88	0.8298338228462234	1.2517877846931373	
318.228	26.37	0.9974437748824467	-0.0125303799218976	
319.0938	25.71	0.8298338228462234	-1.457272987782048	
196.0968	21.88	0.8298338228462234	1.8435867049399464	
254.1604	24.64	0.8430843200617194	-0.7330953952236761	
320.2073	25.84	0.8298338228462234	-1.2294563502344473	
254.2476	29.91	0.9664715712349283	-0.215175023852689	
254.2476	36.52	0.8563896071204178	0.689138708472965	C16H31NO
254.2476	44.03	0.8862291678131067	0.5229275236091881	C16H31NO
254.8997	20.17	0.8298338228462234	1.3134471129657723	
255.1205	27.94	0.8298338228462234	-1.398488582738465	
255.1233	0.66	0.8298338228462234	-1.1260151857744947	
129.0546	30.87	0.8298338228462234	-1.3684065271118995	
322.0772	2.1	0.8298338228462234	1.8818471299989081	
322.1865	0.79	0.9578096972088433	0.2636137068645904	
322.1865	27.55	0.8298338228462234	-1.2959148891881958	
322.2228	25.84	0.8563896071204178	-0.6739162849535191	
129.1386	0.79	0.916810179854565	-0.4113011809678621	
257.0571	26.5	0.8298338228462234	-1.8724483011972841	
257.0793	1.32	0.9745228308884799	-0.1553018965485264	
325.1618	25.16	0.8298338228462234	-1.0683900400125652	
257.1391	25.16	0.8298338228462234	-1.474246560904104	
326.1609	0.66	0.9245780876292109	-0.3890297610094439	
326.1967	0.79	0.9664715712349283	0.2002685253588145	
131.0491	26.37	0.8298338228462234	-1.1354481191117778	
131.0491	47.2	0.9433847501678273	-0.3440748057380527	
326.3415	224.31	0.8298338228462234	1.0793664423678988	
258.0605	26.5	0.8298338228462234	-1.7760853685432034	
327.1201	24.51	0.8563896071204178	0.6812740972655797	
327.1376	41.01	0.960958261053231	-0.25329977007356685	
327.1411	24.64	0.8361948126414734	-0.8493440578161373	
327.1411	27.15	0.9864334914638768	-0.11167562658108322	
327.3366	213.12	0.9634326694850855	0.23523299916691398	
327.3449	224.31	0.8298338228462234	1.1340007640320942	
328.2124	0.79	0.9944242292726041	0.056294137485998964	
328.3401	213.39	0.9664715712349283	0.2103729325880941	
259.0746	1.45	0.8629348418188546	-0.64906683232144	
259.105	21.49	0.8298338228462234	1.4384624224934848	
198.0977	24.64	0.9455540072462961	0.33734727811597315	C12H14O
132.0031	21.88	0.98186651490999	-0.13097369508143103	
329.1357	24.11	0.9520472505897664	0.2922224562180076	
329.1533	47.07	0.8298338228462234	1.375587708249448	
132.0888	38.36	0.8298338228462234	-0.9781628014104164	
330.1563	47.07	0.8298338228462234	1.2155926267875836	
330.3362	80.79	0.8298338228462234	1.3646347994901824	C20H43NO2
331.1666	58.66	0.8430843200617194	0.7418544215328392	C17H26O4
331.3396	80.79	0.8298338228462234	1.1913508807304796	C20H43NO2
261.0733	22.93	0.9520472505897664	0.2944913878786337	
261.1095	0.53	0.9944242292726041	0.051492481365295155	
261.1095	28.73	0.9056948984426032	-0.4529474254545694	
261.1306	22.41	0.8298338228462234	-1.4439584828470864	
332.2434	28.2	0.9745228308884799	0.15471068435484572	
133.0981	103.19	0.8563896071204178	0.688409036538398	
133.1052	23.85	0.8298338228462234	-0.9161767400140569	C6H13NO2
334.1861	26.76	0.832197239866528	-0.9026098435402893	
334.2229	26.76	0.9619298060200596	-0.24984916241552615	
334.2945	36.78	0.8298338228462234	1.223105469629935	
334.2945	49.96	0.8351177638473586	0.8891963545032535	
334.3374	78.69	0.8298338228462234	1.2572130918909146	
199.1011	24.64	0.8563896071204178	0.6836150273332292	C12H14O
335.1894	26.5	0.8733037072208502	-0.5965190767497647	
262.2021	25.84	0.8298338228462234	-1.7729606517216963	
199.1917	3.02	0.979318440375064	0.14167698971490733	
336.2019	24.9	0.8298338228462234	-1.2511826460865991	
336.2019	27.55	0.8373309469337445	-0.8116878305850035	C14H22O6
336.882	2.24	0.9520472505897664	0.31184817003122495	
337.1043	24.51	0.9846937116234822	-0.11485686272330034	
337.1615	24.9	0.8298338228462234	-1.4042877077109965	
337.1615	26.89	0.9929793132293082	0.08955833358428206	
337.1771	0.66	0.8298338228462234	0.9162224347927309	
200.1182	0.66	0.8579881181325566	0.6659291716867967	
265.1066	27.15	0.8298338228462234	-1.6266573265115478	
265.1066	30.74	0.9494197604338886	-0.33094316393474804	
339.1411	26.63	0.9974437748824467	0.003876981056985394	
339.2071	70.79	0.8298338228462234	1.4254726211079092	
340.2302	51.54	0.9663266552395908	0.22977756969767812	
135.1209	1.32	0.9520472505897664	-0.31076075245103557	
135.1209	21.75	0.8563896071204178	0.694917068879339	
265.9621	20.04	0.9664715712349283	0.2048299755200178	
340.3572	232.35	0.8373309469337445	0.8030491021758127	C22H45NO
340.9306	20.44	0.8535518258568219	0.710065293015764	
341.1357	24.77	0.9621580597334388	0.24636076446260843	
341.1566	24.64	0.8298338228462234	-1.0649784824268804	
341.1566	27.42	0.9714291118486045	0.16737041335120076	
136.1201	38.36	0.9743840600874959	0.15718121898784354	C10H14
267.1223	30.87	0.9520472505897664	-0.29907851460029555	C14H18O5
267.1586	26.5	0.8773392743003933	0.564632527363318	
341.3606	232.75	0.8430843200617194	0.7657429144310542	C22H45NO
267.1814	24.51	0.8298338228462234	-0.9982281712613608	
137.0457	22.54	0.8298338228462234	-0.9623672784389555	
268.1186	0.66	0.8298338228462234	1.089890374763556	
342.2278	26.5	0.9578096972088433	-0.26525534912765075	
342.2278	28.86	0.9944242292726041	0.0796833829141286	
268.1257	30.74	0.8874824228049272	-0.5056082253129267	C14H18O5
268.1761	24.77	0.8298338228462234	-2.485212448080561	
268.2116	24.64	0.9664715712349283	0.21852570379904618	
268.2712	229.43	0.9371680951996865	0.3535824837870024	C18H34O
268.2712	234.72	0.9622424631796279	-0.24196280068492398	C18H34O
268.2712	241.06	0.8773392743003933	0.5637972653279236	C18H34O
268.2996	120.07	0.832197239866528	0.9012447901275196	
342.9288	20.44	0.8298338228462234	1.0759671055439226	
269.136	24.51	0.8298338228462234	-1.6468537565455355	
343.1149	24.51	0.8298338228462234	1.1785950110297156	
343.1149	27.15	0.8298338228462234	0.9932264019718947	
343.1322	41.27	0.8298338228462234	-1.7332288790185442	
343.1689	53.51	0.8298338228462234	1.5681413200749879	
343.1724	24.64	0.8298338228462234	-1.1996902352975034	
343.1724	27.68	0.9455540072462961	-0.3374930066599592	
270.1345	0.79	0.8351177638473586	0.8947913514268491	
138.0489	22.54	0.8360571938616196	-0.8600755447785827	
203.0073	22.27	0.8873652217826288	-0.5138819980481124	
344.1358	41.01	0.8298338228462234	-1.8648986040049027	
344.1717	0.66	0.9929793132293082	0.09019021547322374	
344.1717	53.24	0.8298338228462234	1.1093415213667075	
344.2072	29.12	0.8298338228462234	-1.3709204030866216	
344.2434	26.5	0.8298338228462234	-0.9828710010964128	
203.1388	21.88	0.8298338228462234	1.3225858334889322	
271.1547	64.99	0.9944242292726041	-0.06516744802985218	
345.1305	24.24	0.8415880661438032	0.7791482857429973	
346.1868	0.66	0.8430843200617194	-0.7386059228099231	
346.2161	92.12	0.8590130186018422	-0.6596827767700566	
346.2161	95.97	0.8356851473950055	-0.8720259307163748	
272.2581	36.52	0.8726788158787705	0.6064645328604897	C16H33NO2
346.2228	26.76	0.8738094546953717	-0.5796088950155823	
346.2228	29.52	0.9714291118486045	-0.1854894784062275	
346.952	21.09	0.8298338228462234	0.9542432022724631	
139.0947	0.66	0.8738094546953717	0.5767379836282	
347.2911	26.76	0.8298338228462234	1.9659838254006297	
273.9451	20.3	0.8706659348029031	0.6216048479885553	
274.0836	26.5	0.8298338228462234	-1.7819071681264214	
204.9979	22.27	0.916810179854565	0.411975099750534	
205.0279	2.76	0.9944242292726041	-0.031327494204058	
274.1656	24.77	0.8298338228462234	-1.2930414106844141	
205.0971	0.66	0.9926744325216907	-0.09656239166163146	
205.0971	24.64	0.8563896071204178	-0.7057926495499919	
274.2737	34.15	0.8906046601867588	0.4906704399469465	C16H35NO2
274.9415	20.44	0.8373309469337445	0.8224323206148954	
348.2021	25.71	0.8298338228462234	-1.0757997003180444	
140.0679	21.22	0.8298338228462234	1.0229556818734742	
140.0679	22.8	0.9714291118486045	0.17702736631919264	
140.0679	189.41	0.8738094546953717	-0.5772352778856285	
140.0679	194.66	0.8841833014278302	-0.5397135691653754	
348.2383	26.1	0.9212131161952517	-0.39866270653154817	
275.0874	26.63	0.8298338228462234	-2.3922765921810636	
275.0999	21.36	0.8298338228462234	1.3017495716547356	
140.1069	0.79	0.9944242292726041	-0.07171243597907101	
275.9553	280.27	0.8839221061438345	0.5493708210156726	
349.8916	20.04	0.98186651490999	0.13349720162809836	
276.2175	27.94	0.884204826473251	0.5385668133928485	C16H24O3
350.1774	145.79	0.8958019763439267	-0.4817951842306436	
350.1774	189.54	0.9971479846989347	0.02036773107444805	
350.2173	27.42	0.9520472505897664	-0.3119914172113798	
350.2534	27.15	0.8298338228462234	-1.739367537823531	
351.1352	47.07	0.8360571938616196	0.8547537316275817	
277.9333	2.63	0.8298338228462234	-0.9863387493762547	
352.8972	21.88	0.916810179854565	-0.40730441039036624	
206.8938	22.27	0.8738094546953717	-0.5720771585175517	
141.1103	0.92	0.9294236084170445	0.3787285080208081	
278.9311	2.89	0.8839221061438345	-0.5433639367899071	
278.9648	20.83	0.8949327985342764	0.48382358969521033	
353.352	218.24	0.8415880661438032	0.7861856872124456	
279.1222	36.39	0.8298338228462234	-2.095883045820813	
207.1492	0.79	0.9944242292726041	-0.06892751003691414	
354.3727	243.42	0.8873652217826288	0.5108949144453123	
280.2632	36.91	0.8430843200617194	0.7517456491971992	C18H33NO
280.2632	48.78	0.8373309469337445	0.8423488198539446	C18H33NO
281.1013	30.87	0.8298338228462234	-1.4333236976496233	
281.1379	34.94	0.9846937116234822	0.11748389457959578	C15H20O5
281.2665	36.91	0.8706659348029031	0.6266296877476162	C18H33NO
281.2665	48.78	0.8298338228462234	0.9161543148011231	C18H33NO
208.155	22.93	0.9944242292726041	0.047748890736130374	
356.3519	140.77	0.8298338228462234	1.8561155120650337	C22H45NO2
356.9084	23.33	0.8563896071204178	0.6962870095694506	
283.0939	24.24	0.8591143399510796	0.6574485092314256	
283.1173	26.76	0.8298338228462234	-1.2378682805070191	
283.1173	29.25	0.8298338228462234	-1.0891098482872483	
357.1306	24.11	0.9745228308884799	0.1498423623304767	
357.1306	27.15	0.8653276663844778	0.6407419201391834	
357.3553	140.77	0.8298338228462234	1.6446399539257863	C22H45NO2
209.0961	47.07	0.8298338228462234	1.4092394186993586	
284.1207	26.76	0.8298338228462234	-0.9951061220293759	
284.1207	29.25	0.8563896071204178	-0.6761327386447734	
284.2064	24.51	0.8351177638473586	-0.8838727990745435	
358.2226	0.66	0.8298338228462234	-0.9148430629729053	
284.2945	77.64	0.8298338228462234	1.3816652522070145	C18H37NO
284.9099	22.01	0.8815453008934917	-0.5582778185689186	
359.1462	24.77	0.9971479846989347	0.015556035963223153	
285.1096	24.11	0.8373309469337445	0.8347736614553176	
285.1704	0.66	0.9714291118486045	0.18064829370580646	
285.2099	24.51	0.8298338228462234	-0.9538815568680289	
285.2979	77.24	0.8298338228462234	1.5460478842600218	C18H37NO
210.05	24.51	0.8415880661438032	-0.7734008511586109	
210.0991	47.07	0.8298338228462234	1.3760363679937544	
360.1585	41.27	0.8298338228462234	-0.9078805066667113	
360.202	27.15	0.9508320029857684	0.3276071189904487	
360.2383	0.79	0.8726788158787705	-0.598315339307754	
360.2383	26.76	0.8298338228462234	-0.95653938724507	
360.2383	29.65	0.9664715712349283	-0.21109334458450132	
286.9068	22.14	0.9944242292726041	-0.043750869698091846	
286.9597	20.3	0.9544397728512333	0.27507835990958707	
287.0888	24.51	0.9038819132202985	0.46767996634911846	
287.1496	0.66	0.9520472505897664	0.29857255256399906	
361.1923	210.89	0.8298338228462234	1.0007169390960744	
361.1974	26.76	0.8706659348029031	-0.6201765118861656	
361.2343	0.79	0.9813624714323976	-0.13739062071707017	
361.2343	32.05	0.8298338228462234	-1.2503063241238777	
210.1964	0.79	0.9622424631796279	0.24439935271374524	
361.3653	119.94	0.8298338228462234	1.4710562473457207	
210.9775	21.09	0.8298338228462234	0.959022956496161	
288.2893	34.42	0.8356851473950055	0.8777112061785376	C17H37NO2
288.2893	36.26	0.8430843200617194	0.7414368623164295	C18H33NO
288.2893	42.45	0.8298338228462234	0.966636823306199	C17H37NO2
362.217	26.76	0.8839221061438345	-0.5467135516790825	
362.217	31.79	0.8298338228462234	-0.9586887304852539	
362.217	32.18	0.9944242292726041	0.07240917842731702	
362.3685	119.55	0.8298338228462234	1.034777609205925	
289.2926	36.39	0.9520472505897664	0.31150983980595887	C18H33NO
289.2926	42.32	0.8298338228462234	1.1082569607205224	C17H37NO2
362.9259	21.09	0.8298338228462234	1.286810432172568	
290.1969	25.16	0.8298338228462234	-3.116730839437531	
211.1804	0.79	0.9974437748824467	-0.005307458627529224	
363.1715	243.29	0.8298338228462234	1.2000728567969567	
363.2209	26.76	0.9971479846989347	0.01825158790708963	
363.2209	192.56	0.8298338228462234	1.8552452415059082	
291.1814	0.66	0.916810179854565	0.4249752052422352	
291.1925	31.92	0.958881644706637	0.25760523350550524	
363.9293	21.09	0.8298338228462234	1.26464418544632	
147.0439	23.19	0.9515653738749186	0.32314088376110295	
147.065	30.74	0.9515653738749186	-0.3236675463797868	
147.0764	23.85	0.916810179854565	0.406490626632091	
364.9947	24.51	0.8298338228462234	2.188212167531253	
366.2483	25.71	0.8298338228462234	-2.2242344086132246	C19H30O6
366.2483	27.68	0.9520472505897664	0.29512880052403884	
404.2061	30.74	0.9634326694850855	-0.23649924762238173	
404.2639	28.2	0.9926744325216907	-0.09830743104064614	
405.2094	30.74	0.8298338228462234	-1.8467757877389093	
406.0421	21.75	0.8298338228462234	-1.5498095768980467	
406.2009	41.01	0.8298338228462234	-1.4995770093399285	
406.2122	30.87	0.8298338228462234	-1.618788313871922	
406.2433	27.68	0.9714291118486045	-0.1828524440450188	
406.2433	33.89	0.9944242292726041	-0.048586462151580176	
406.2433	36.65	0.9544397728512333	0.2823744415890231	
367.2822	112.31	0.8298338228462234	1.0191345793098203	
213.1961	0.79	0.8839221061438345	-0.5518229615158883	
407.2044	41.01	0.8298338228462234	-1.9058751662877522	
407.2044	41.79	0.8298338228462234	-2.155629843939065	
408.2229	26.37	0.9944242292726041	0.059684049340228876	
408.2494	0.79	0.9846937116234822	0.1198196303798149	
408.2494	56.29	0.8298338228462234	1.7034699793341543	
408.2589	28.2	0.9520472505897664	-0.3127138984665053	
408.2924	110.03	0.8298338228462234	1.1209489071342724	
408.9185	20.57	0.8373309469337445	0.8196205080046037	
409.1614	30.87	0.8298338228462234	-1.0571811654563534	C22H26O6
409.2623	28.2	0.9544397728512333	-0.27516001894127956	
409.2803	36.91	0.8846332337532117	0.5325065835165739	
409.2958	110.03	0.8298338228462234	1.0682555095824884	
409.9204	20.57	0.8298338228462234	1.0888784334174575	
410.1647	30.87	0.8298338228462234	-0.9081070101200387	C22H26O6
410.2111	161.99	0.9696460846735911	-0.1916167803787046	
410.2294	0.79	0.9944242292726041	0.03165208564031331	
410.2382	26.89	0.9245780876292109	0.3868628540099935	C19H34O9
410.2746	25.29	0.8873652217826288	0.5106254488514336	
368.3883	266.63	0.8298338228462234	1.3273809328534625	
368.4246	189.93	0.8298338228462234	1.0585190199213237	
369.169	30.87	0.9655585601137976	-0.2317306287130509	C15H29O8P,C22H24O5
369.1882	28.73	0.8298338228462234	-1.109432663837612	
412.3207	52.19	0.8298338228462234	1.5177961297647602	
413.1779	26.1	0.8298338228462234	-0.9209117327509897	C20H28O9
413.1949	36.52	0.9371680951996865	-0.3530368839353314	
369.8873	22.14	0.8298338228462234	1.5498544101087002	
214.2527	36.39	0.916810179854565	-0.4045211319732693	
150.0582	24.11	0.8298338228462234	-1.2187794484323464	
370.3311	225.62	0.8298338228462234	1.0257426276452115	
414.9393	20.83	0.8298338228462234	0.9077109081578104	
415.1743	24.77	0.8756065646353702	0.5678713245442322	
415.2436	62.1	0.8298338228462234	-2.8861691611326616	
415.2793	233.01	0.8298338228462234	-0.9235274992592329	
417.1525	25.16	0.9056723412504953	-0.4617443876575583	
417.1525	26.37	0.8873652217826288	-0.5130497620119617	
417.1583	283.47	0.8298338228462234	-1.35272907285741	
417.255	210.76	0.8356851473950055	0.8736590513659899	
417.3359	151.99	0.8298338228462234	-1.0544125738168628	
417.8789	20.17	0.9664715712349283	0.20891934298047712	
418.1618	283.47	0.8298338228462234	-1.0753820948156325	
418.2433	26.89	0.8298338228462234	-1.4253099806693283	
418.2433	28.86	0.8734027021389058	-0.5952666247043938	
418.2583	166.48	0.8298338228462234	1.4552952500807625	
418.2583	210.76	0.8298338228462234	1.1132145950672991	
418.3392	152.12	0.8298338228462234	1.3237291245419174	
419.1696	24.77	0.8298338228462234	-1.6729201084807066	C23H22O7
419.1696	27.15	0.8298338228462234	-0.9088970363915408	
419.2251	30.61	0.9634326694850855	-0.23818139365769872	
419.2342	134.31	0.8415880661438032	-0.7772429171498567	
419.2342	194.01	0.9944242292726041	-0.04783459427006763	
419.2342	243.42	0.8298338228462234	1.0403867983819077	
420.1729	27.15	0.8507644165007688	-0.7165276803703463	
420.201	31.0	0.8839221061438345	-0.5472074768792771	
420.2318	177.04	0.8298338228462234	-0.9167272398715937	
420.2318	186.65	0.8373309469337445	-0.8049565083791599	
420.2954	31.92	0.8298338228462234	1.981547705165111	
420.8849	21.88	0.9245780876292109	-0.38883011374312104	
421.2623	28.6	0.9520472505897664	0.2927821126984057	
372.2382	0.79	0.8415880661438032	-0.7731171227140277	
422.2421	0.66	0.8298338228462234	0.9962663382641459	
422.2746	26.63	0.8563896071204178	-0.6814453227857311	
422.8815	21.75	0.9974437748824467	0.004372855928778255	
423.1409	26.63	0.8298338228462234	1.409710210441566	C22H24O7
423.1409	33.1	0.8653276663844778	-0.6419363770559368	C22H24O7
215.1444	21.75	0.8298338228462234	-1.388935701829095	
372.8808	20.17	0.8298338228462234	1.751851294996329	
372.8808	23.33	0.8298338228462234	0.9614364945501289	
424.254	26.76	0.9714291118486045	-0.1691507076232292	
424.8961	20.17	0.8298338228462234	2.924426856139889	
425.135	30.61	0.8706659348029031	-0.622545187216632	C22H26O6
152.0567	22.27	0.9944242292726041	-0.06598684292484798	
426.1389	30.44	0.9664715712349283	0.20281526861298974	C22H26O6
426.2694	25.29	0.9544397728512333	-0.27348836915530644	
426.2694	138.38	0.8855761840330113	0.5292752985866973	C20H41O7P
426.2694	139.56	0.8298338228462234	1.4023813046214695	
374.2111	47.33	0.8298338228462234	1.9699275827785447	
374.2173	0.66	0.8874824228049272	-0.5034025714812743	
374.2538	0.79	0.9294236084170445	-0.37669620841734897	
374.2538	28.2	0.8997533591207266	0.474522729477474	C19H35NO6
427.2509	284.12	0.916810179854565	0.4151032674298665	
374.8816	20.04	0.9311378148417857	0.3724149872271064	
428.0364	1.71	0.8298338228462234	2.2827939061000753	
428.253	283.6	0.8298338228462234	-1.4580001655764776	
428.2572	145.79	0.8873652217826288	-0.5176136560280155	
428.3366	64.85	0.9520472505897664	-0.29380606753182004	
375.214	0.79	0.8862291678131067	-0.5219699478248396	
375.214	47.2	0.8298338228462234	1.3556249436152963	
375.3214	88.71	0.8298338228462234	1.6978548994293534	
376.2327	26.1	0.8373309469337445	-0.8194404443185082	
430.2739	110.42	0.8298338228462234	1.3052713107459872	
430.2739	189.54	0.8298338228462234	-1.1641479847163922	
430.9138	21.09	0.8298338228462234	1.0306747012469408	
376.9414	21.09	0.8298338228462234	1.348074048140483	
431.1781	200.74	0.8298338228462234	-1.21094920029054	
431.217	30.61	0.9714291118486045	-0.1813394181518205	C22H26O6
431.3836	294.9	0.8298338228462234	1.6058454206423496	
431.9163	21.09	0.8298338228462234	1.0358321424022765	
432.1814	200.74	0.8298338228462234	-1.1921268031657046	
377.2007	193.61	0.9621580597334388	-0.24732527364203719	
432.3871	294.9	0.8298338228462234	1.4220569055277152	
433.2157	75.8	0.8298338228462234	1.594372929656627	
433.2406	30.87	0.9245780876292109	0.38753749645039887	
434.2431	30.61	0.9745228308884799	0.14966570205960905	
434.3347	149.72	0.8298338228462234	2.0322034986239603	C27H44O4
378.2085	193.87	0.9544397728512333	-0.2733750852948557	
378.2119	27.15	0.8839221061438345	-0.5437246671248859	
378.2119	33.24	0.8298338228462234	-0.9463315087195145	
378.2119	36.39	0.9664715712349283	-0.214195784478595	
435.2447	30.74	0.916810179854565	0.4098768455853606	
435.2619	193.87	0.8430843200617194	-0.7554462115014714	
378.8997	22.8	0.8298338228462234	1.1494808060494028	
436.1963	26.89	0.8298338228462234	-0.9855808728184542	
436.2538	26.37	0.8738094546953717	-0.576985943706733	
436.2538	30.44	0.9944242292726041	0.028734936932631773	
436.3417	202.31	0.8298338228462234	2.31270207026036	
437.2581	193.74	0.9544397728512333	-0.27666767149301125	
379.2163	33.24	0.8298338228462234	2.7811526800849085	
437.3112	37.17	0.9974437748824467	0.004762083946892785	
437.345	202.31	0.8298338228462234	2.5646501620950684	
379.2816	161.6	0.8298338228462234	-0.9567241799750156	C21H40O4
379.2816	168.19	0.8726788158787705	-0.603199518072784	C21H40O4
437.8745	22.01	0.8298338228462234	1.5941152510747019	
438.2613	0.66	0.8430843200617194	-0.752092257086977	
438.2613	193.87	0.907851226234837	-0.4458324145705722	
438.2695	27.02	0.8862291678131067	-0.5220012427826494	
439.1359	28.86	0.8298338228462234	-0.9406006559809846	
379.9164	21.88	0.8298338228462234	1.5674839112066856	
439.3181	152.9	0.8738094546953717	0.5847094491515633	
439.3391	182.03	0.9530062498199612	0.28924922293761374	
380.2083	193.87	0.8373309469337445	-0.8061886586059281	
380.2189	0.66	0.973240208084915	0.15960822031022687	
380.2277	25.43	0.8298338228462234	-2.5973880023925497	
380.2277	28.07	0.9056723412504953	-0.45725150808198056	
380.3307	239.58	0.8298338228462234	1.76009107129048	
440.8687	20.3	0.8298338228462234	1.3608069640069649	
441.1308	24.51	0.8298338228462234	1.6806511533456625	
441.1308	29.25	0.9714291118486045	-0.17843006392173455	C22H26O7
441.1516	27.15	0.8298338228462234	-1.097870413106065	
441.2371	0.66	0.8738094546953717	-0.5827455509782502	
441.3546	209.68	0.8298338228462234	0.9893508422112067	C27H47NO2
442.1547	27.15	0.8298338228462234	-1.0946364510485833	
442.1547	153.82	0.8846332337532117	0.533986106301181	
442.1547	161.07	0.8738094546953717	0.5777428647453392	
442.2573	52.19	0.8298338228462234	-1.9460019811285494	
442.2573	56.82	0.8298338228462234	-2.9315536207715924	
442.2573	59.58	0.019549953445177595	-10.423588161272326	
442.2573	160.94	0.8298338228462234	-1.4550169482929811	
442.4041	254.49	0.8298338228462234	2.1491141559180336	
442.8692	20.17	0.8706659348029031	0.6276124873784426	
381.2135	194.01	0.8298338228462234	-1.4664722563072752	
443.1568	27.28	0.9714291118486045	0.1852255646306692	
381.2996	176.25	0.8298338228462234	1.5269137582232506	C23H40O4
443.3879	201.26	0.8298338228462234	1.0430817690746566	C30H50O2
381.3147	243.82	0.8373309469337445	0.8232256968475778	C27H40O
444.3316	64.46	0.916810179854565	-0.407564227264311	
444.9287	21.09	0.8298338228462234	1.8840146300667782	
445.3349	64.85	0.9520472505897664	-0.2929575750963809	
446.2168	26.89	0.8706659348029031	0.6257536609252038	C19H34O9
446.2168	33.24	0.8841833014278302	-0.5398926186835902	C24H31NO7
446.887	22.67	0.8298338228462234	0.9473383621486181	
382.2043	193.87	0.8298338228462234	-2.1500087100182586	
447.3828	269.52	0.8373309469337445	0.8110483228745967	C29H50O3
156.072	24.11	0.9920658604067648	-0.10161536535315169	
447.9039	21.88	0.8298338228462234	-1.1127510600154562	
448.2325	29.78	0.8298338228462234	-1.960482753220518	
448.2325	30.87	0.9944242292726041	-0.07225726415315069	C20H32O8
383.125	41.01	0.8298338228462234	-1.8143148000864164	
383.1479	27.02	0.8298338228462234	-1.295288879302834	
449.245	211.02	0.8726788158787705	0.6002257287313911	
383.2787	64.99	0.8846332337532117	-0.5356054794297876	C22H38O5
383.3304	254.1	0.8298338228462234	1.3828159853097126	C27H42O
450.2735	189.41	0.9520472505897664	-0.2981985703023381	
451.2571	0.79	0.8298338228462234	-1.6448638895668535	
384.3104	65.67	0.8563896071204178	-0.6737894830348622	C22H41NO4
451.3543	31.92	0.8298338228462234	1.9044461453470436	
452.2484	27.28	0.916810179854565	0.4218035353546402	
452.2484	32.58	0.9356701577562792	0.3619882337221613	
384.3338	254.1	0.8298338228462234	1.3205741440458163	C27H42O
384.7715	22.54	0.8298338228462234	2.224930148320417	
216.0875	0.66	0.9664715712349283	-0.20714002246590285	
454.1703	36.39	0.8298338228462234	-1.134821429462879	C24H30O6
454.2644	27.15	0.9929793132293082	-0.0894452069115883	
454.2924	95.14	0.8298338228462234	2.2126904451871745	C21H44NO7P
385.1635	30.17	0.8298338228462234	-1.3357924203778193	
385.1828	25.43	0.8298338228462234	-1.2683561282234392	
385.1828	28.2	0.8906046601867588	-0.4942517204886327	
385.2731	276.99	0.8298338228462234	1.3801267608506678	
456.289	193.74	0.916810179854565	-0.4072550992370322	
456.3004	189.15	0.9622424631796279	0.24206450958087675	
456.3164	27.02	0.8298338228462234	-1.1676877506268903	
385.3421	197.85	0.8373309469337445	0.8258957042271796	
385.3421	203.36	0.8298338228462234	1.548495721206657	
457.1256	26.89	0.9548253994472063	-0.27092891703081856	
216.9226	22.14	0.8525042421200473	-0.7135569772745651	
457.2035	27.15	0.8298338228462234	-1.2810917991631985	
457.2035	32.32	0.8298338228462234	-1.1108857667167766	
457.2483	187.31	0.8298338228462234	1.4216057640975743	
457.2857	188.75	0.8298338228462234	0.9893530195889947	
457.2922	193.87	0.9079755834571369	-0.44460232488682494	
458.2896	188.75	0.8298338228462234	0.9326650622317253	
458.4714	199.95	0.8298338228462234	2.291078833656869	
459.2195	25.43	0.8298338228462234	-1.4056268248099038	C21H32O9
459.2195	27.42	0.98186651490999	-0.13176089778908376	
459.2365	0.66	0.8385436805374316	0.7949334330916396	
459.2365	197.32	0.9069309854888982	0.4499522801376377	
386.2535	0.66	0.907851226234837	-0.44653931942074526	
386.2535	28.86	0.8298338228462234	-1.7570533830859156	
217.1044	22.41	0.8298338228462234	-0.9161219581150385	
459.2652	177.83	0.9520472505897664	-0.29782722493609765	
459.2652	198.51	0.8590130186018422	-0.6589683820290417	
386.2763	276.99	0.8298338228462234	1.2411553004357034	
460.305	305.9	0.8298338228462234	1.4221792962319841	
157.1698	0.79	0.9664715712349283	-0.1974588532370731	
157.1698	22.67	0.8298338228462234	2.0482478928340764	
461.3625	211.55	0.8738094546953717	-0.5731904943278386	C29H48O4
461.3625	221.29	0.8298338228462234	0.9104283295896914	C29H45NO3
387.1986	25.16	0.8298338228462234	-1.4407208936298521	
387.2127	61.97	0.8298338228462234	-1.9458883525972952	
387.2526	58.0	0.8360571938616196	0.8563588709212675	C24H34O4
462.3056	28.07	0.9520472505897664	0.31401548143777386	
462.4149	203.1	0.9703858533041444	0.18968299400086527	
462.4149	210.21	0.9664715712349283	0.20730110890467585	
463.2771	34.94	0.8373309469337445	0.8102564918522889	
388.1829	30.87	0.8839221061438345	-0.5544789714174152	C22H26O6
388.1902	41.66	0.8298338228462234	-1.5787518672903327	
464.2188	193.35	0.8567529843035356	0.6696671830446657	
464.2277	27.15	0.8738094546953717	-0.5863594797509332	
388.2266	53.38	0.8298338228462234	2.5081231862570177	
388.2266	66.45	0.8298338228462234	2.935907675955014	
388.2327	26.76	0.8373309469337445	-0.8183490620518789	
464.4457	272.27	0.9520472505897664	0.3020148157928202	
158.1368	0.79	0.9926744325216907	-0.09739816408215123	
465.2309	27.15	0.8430843200617194	-0.747975366597048	
465.2309	161.07	0.9664715712349283	0.21492570055173332	
388.3935	171.37	0.8298338228462234	3.6380498953104747	
158.1651	0.92	0.9056723412504953	0.4601392671256713	
158.1651	2.37	0.9944242292726041	-0.029544858434253973	
158.1651	23.85	0.9152785323971159	0.43030550699375714	
389.1855	30.74	0.9056723412504953	-0.4637741266532174	C22H26O6
389.1937	0.66	0.8298338228462234	-0.9548387015101615	
389.1937	41.27	0.8298338228462234	-1.3918648629543906	
389.2298	0.66	0.8563896071204178	-0.7037791204579629	
389.2298	54.16	0.9520472505897664	-0.3147271614825558	
158.9639	21.75	0.8385436805374316	0.7976765993311346	
158.9924	22.27	0.8726788158787705	0.603157627158289	
159.0276	22.14	0.8373309469337445	-0.8359693501618031	
218.9196	22.14	0.8873652217826288	-0.5118474400695431	
390.1883	30.87	0.8298338228462234	-1.2120036127157678	C22H26O6
218.9817	22.8	0.9371680951996865	0.3546715250605363	
391.2837	201.52	0.8298338228462234	1.1337320447923491	
219.1127	21.75	0.8298338228462234	2.370428467150635	
219.1127	24.51	0.8298338228462234	2.5253857754671514	
392.2276	26.37	0.8298338228462234	-1.5892857169067693	
392.2276	28.6	0.9245780876292109	-0.38522369582811183	
392.2537	36.91	0.8430843200617194	0.7441826947774853	
392.2639	26.76	0.9971479846989347	0.016599626686512093	
392.2639	29.12	0.9944242292726041	-0.0557029438990778	
392.2639	33.5	0.9714291118486045	-0.1711040771209159	
392.2871	201.52	0.8298338228462234	1.2540875683946993	
159.1491	1.32	0.9944242292726041	0.03857916103724476	
466.2644	27.68	0.9634326694850855	-0.2375329059315318	
466.3007	27.68	0.9944242292726041	0.08247478073700504	
467.2686	27.94	0.8738094546953717	-0.5832053596868144	
159.9674	22.01	0.8298338228462234	1.5669558183308523	
160.0309	22.27	0.8298338228462234	-1.0292454410169722	
393.2574	37.04	0.8298338228462234	1.1984966588135466	
468.3342	174.91	0.8298338228462234	2.1400575758615874	C23H48NO6P
468.3454	179.67	0.8298338228462234	2.8640924226486657	C30H45NO3,C23H50NO6P
394.2161	162.38	0.8706659348029031	-0.6200726562911008	
394.2433	25.84	0.8298338228462234	-1.9157446028306326	
395.0262	22.01	0.8298338228462234	-1.1825606836291236	
472.9009	20.7	0.8737045798908714	0.5938051856196251	
473.3176	210.76	0.8373309469337445	0.8084537388505508	
474.321	210.89	0.8430843200617194	0.7362646435681128	
395.3994	249.46	0.9330134877326568	0.36626447989926963	
475.1572	193.87	0.9843300880364036	-0.12387558297686012	
475.1934	25.16	0.8333776105273553	0.8987151595251683	C21H32O9
475.3241	210.76	0.8298338228462234	1.2061874867288924	
475.3776	278.17	0.8298338228462234	-2.0237619763200834	C30H50O4
476.2439	30.61	0.8385436805374316	0.7951302443458569	
476.2439	229.82	0.8298338228462234	1.295807624989188	
476.2848	29.52	0.9944242292726041	0.06213129325082647	
476.3281	305.9	0.8298338228462234	1.4661501782593735	
476.3941	185.18	0.8356851473950055	0.8705247602569659	
476.906	20.57	0.8360571938616196	0.8574577341700871	
477.2159	283.86	0.8298338228462234	-2.347324550176756	
396.2316	193.74	0.9714291118486045	-0.16389210160163414	
396.2939	32.18	0.8298338228462234	1.2468649028620145	
221.096	41.14	0.8298338228462234	-1.490794850742712	
396.4194	286.21	0.9520472505897664	0.30308355005122445	
478.1985	168.45	0.9371680951996865	-0.35405879312169075	
478.2188	203.23	0.8298338228462234	-1.2688985187892965	
478.2738	75.93	0.8298338228462234	1.95317232371179	
478.3007	28.2	0.8567529843035356	-0.6695601383479874	
397.183	25.29	0.8535518258568219	-0.7102931483466414	
397.183	28.07	0.9664715712349283	-0.20223107575979818	
397.2351	193.87	0.8298338228462234	-1.0791757125208952	
161.0919	22.01	0.8298338228462234	1.2540775875172472	
480.2797	27.55	0.8351177638473586	-0.8867120540769834	
480.2797	32.32	0.9944242292726041	0.029160275692758402	C26H37NO7
398.2403	32.18	0.8563896071204178	0.6918670712383407	
482.2877	102.8	0.8298338228462234	2.202131954081795	C22H44NO8P
482.2956	27.42	0.9371680951996865	-0.35510114559280204	
482.9267	21.09	0.8298338228462234	0.9394559688226004	
483.2991	27.28	0.9974437748824467	-0.00331985356864323	
398.8899	22.27	0.8298338228462234	0.9690038294552067	
222.0986	41.14	0.8298338228462234	-1.5064801019847063	
222.0986	93.83	0.9544397728512333	-0.2837291246969089	
485.2793	218.24	0.8298338228462234	1.2563765026909386	
485.3587	21.09	0.6780034658301718	4.681729279824279	
399.1434	28.86	0.9664715712349283	-0.21138154619123006	C22H22O7
399.2499	0.79	0.9296523206452733	-0.375359668100872	
399.2499	62.1	0.8430843200617194	-0.7617295718569228	
399.3253	192.96	0.8563896071204178	0.6744987568744316	C27H42O2
487.3156	213.39	0.8706659348029031	-0.628754412370063	
487.3331	220.63	0.8298338228462234	0.9914912726154553	
162.1356	611.02	0.9463178852916792	0.3354228078301232	
488.2498	24.64	0.8430843200617194	0.7344549788694329	
162.1488	1.19	0.9371680951996865	-0.3551974922697845	
488.2878	218.9	0.8430843200617194	0.7527600104035123	
488.3366	220.63	0.8298338228462234	1.2517110852740263	
488.8718	21.75	0.9320358574300063	-0.36841633659350514	
400.3053	65.12	0.8726788158787705	-0.6167897569736828	
489.3124	175.86	0.8298338228462234	1.9307857890363764	C23H48NO6P
489.3124	214.17	0.8298338228462234	1.1067203402731522	
489.3611	64.2	0.8298338228462234	0.9729593027788789	
490.3156	175.31	0.8298338228462234	1.236539464089931	C23H48NO6P
490.3156	194.4	0.8563896071204178	-0.6734944527172136	
490.3156	214.17	0.8298338228462234	1.4533374229906673	
490.3443	210.89	0.8563896071204178	0.6854081258126362	
490.4612	275.03	0.9634326694850855	0.23551411498235006	
401.159	27.15	0.8298338228462234	-1.0010011664580982	C22H24O7
490.8689	21.88	0.8738094546953717	0.5871083238069006	
401.2642	224.18	0.9944242292726041	-0.0484626810075891	
401.3087	64.85	0.8563896071204178	-0.6767735578880822	
491.3347	27.15	0.8298338228462234	2.003925208586989	
491.3477	210.63	0.8415880661438032	0.7715858354802924	
401.341	192.96	0.8563896071204178	0.6876006766209198	C27H44O2
401.341	200.21	0.8420532233613194	0.7698626658483759	C27H44O2
491.4647	275.03	0.9578096972088433	0.26204458512016987	
402.1623	27.15	0.8298338228462234	-1.0475103251080584	C22H24O7
492.2802	29.25	0.8298338228462234	-1.6846853506038564	
492.2802	43.11	0.8298338228462234	-1.1662265394750897	
492.2802	44.29	0.8298338228462234	-1.399558910641141	
492.2902	91.33	0.8298338228462234	1.3482958642045981	
492.3381	27.15	0.8298338228462234	2.6085004677748387	
492.3444	181.9	0.8298338228462234	1.0431252977300607	
492.4249	222.07	0.8726788158787705	-0.6032846776325024	
402.3445	193.09	0.9056948984426032	0.4525306686284525	C27H44O2
164.0738	22.54	0.8298338228462234	2.0549033087387882	
493.3481	182.16	0.8298338228462234	1.7049718292445537	
493.3883	294.9	0.8590130186018422	0.6591476138364328	C30H52O5
403.1743	24.77	0.8298338228462234	1.0461637795680307	
403.1743	30.87	0.8563896071204178	-0.6945027544850586	C22H26O7
494.2958	27.94	0.9664715712349283	-0.2041730102620253	
494.3602	213.65	0.8298338228462234	2.626576573043434	C25H52NO6P
494.3917	294.63	0.8373309469337445	0.8312950589873148	C30H52O5
495.2995	28.07	0.916810179854565	-0.40474908358128014	
495.2995	210.76	0.8373309469337445	0.8052763100965686	
495.2995	246.31	0.9455540072462961	0.33906815675681	
496.3112	27.02	0.916810179854565	-0.40761832239097184	
498.415	264.11	0.9245780876292109	-0.39044106690414493	
498.9005	21.09	0.8298338228462234	1.2575183639523808	
165.0546	23.19	0.9664715712349283	-0.2169867616270037	
224.1581	24.51	0.8738094546953717	0.5904796222749739	
502.2921	65.8	0.8298338228462234	2.402648723055183	C25H44NO7P
165.0909	318.38	0.8298338228462234	1.2716181777725228	C10H12O2
527.2899	151.59	0.8298338228462234	3.7435941736339897	
527.2899	152.25	0.8298338228462234	1.549033146633712	
527.2899	210.63	0.8726788158787705	0.6059733156731565	
502.3733	83.68	0.9664715712349283	-0.20314163421673057	
527.4024	208.24	0.8298338228462234	-1.2465587075531546	
527.4495	263.85	0.9944242292726041	-0.06880353764636896	
503.3269	224.04	0.8298338228462234	1.1207330169830352	
503.3703	263.58	0.8298338228462234	-1.077754793454655	
528.1434	36.78	0.8298338228462234	-1.3112032076949331	
528.3029	26.76	0.8846332337532117	0.5355001685301143	
505.3082	210.89	0.9152785323971159	0.43019672591218094	
505.389	209.16	0.8298338228462234	-1.402875564883962	C31H52O5
505.8908	209.29	0.8430843200617194	-0.7371494241057571	
506.311	210.76	0.9134060761864822	0.4343973882046786	
225.1127	0.66	0.9843300880364036	0.12480960245403144	
530.2868	76.46	0.8298338228462234	1.369926308101829	
225.1207	21.49	0.8298338228462234	1.4145341144110355	
166.0515	1.84	0.8726788158787705	-0.5996979278571722	
530.3216	95.27	0.8298338228462234	2.4625229180911807	C25H50NO7P
530.4539	275.16	0.9926744325216907	-0.09973265260422662	C32H61NO3
508.3028	112.04	0.8298338228462234	1.2147279311045136	
508.4718	275.16	0.9664715712349283	0.21913718401475019	C32H61NO3
225.1598	0.66	0.9846937116234822	-0.121626591817401	
509.3063	112.31	0.8356851473950055	0.8739575933606464	
509.4753	274.9	0.958881644706637	0.25763911895058234	C32H61NO3
532.2066	193.35	0.9846937116234822	0.11956947268225952	
532.3024	105.03	0.9664715712349283	0.222194172816752	
510.8556	20.3	0.8298338228462234	1.0909435653427693	
532.384	63.15	0.8298338228462234	0.9715432329808303	
532.3914	221.02	0.8298338228462234	1.1620438457108528	
533.2101	193.48	0.9664715712349283	0.19827485924434665	
226.0448	23.19	0.9944242292726041	0.04637969025175207	
512.2041	154.09	0.9664715712349283	0.2029669586935546	
512.3064	26.76	0.8567529843035356	0.6707702382073685	
512.3064	91.99	0.8298338228462234	0.9812808336392227	C24H47O9P
512.4941	308.92	0.9944242292726041	-0.06224553752105504	C32H63NO3
533.3761	210.76	0.8298338228462234	1.1779309238702453	
533.3873	63.54	0.9929793132293082	0.08893307392773896	
533.4728	308.53	0.9714291118486045	-0.1666045440523311	C32H63NO3
226.1549	0.79	0.9944242292726041	0.056079876119016846	
534.3703	194.66	0.8726788158787705	-0.6002577396352725	C28H52NO6P
534.3703	214.3	0.8298338228462234	2.03080302552951	
534.3703	235.24	0.9714291118486045	0.16481417884485658	
167.0894	24.51	0.8298338228462234	-1.1868458548846785	C7H8O2
515.134	36.52	0.9944242292726041	-0.07486779682255051	
515.328	198.51	0.8472408303854544	-0.7238561979359728	
515.8908	21.88	0.8298338228462234	0.9550397122053025	
226.1913	0.79	0.9974437748824467	0.00451911727843667	
517.3429	234.85	0.8906046601867588	0.4906398748492119	
517.3557	210.76	0.8653276663844778	-0.6410289680328178	
518.3107	37.04	0.9843300880364036	-0.12397080321574708	
226.9513	21.62	0.8298338228462234	1.321052696473751	C6H4Cl2O5
518.3686	176.25	0.8298338228462234	1.857880215747165	
518.3756	210.89	0.8298338228462234	1.3173943894500681	
518.4563	317.6	0.916810179854565	0.4055845364150264	
519.1384	287.26	0.8298338228462234	2.3559575707241596	
536.1099	36.39	0.8298338228462234	-1.0230412791527599	
519.3593	305.64	0.8298338228462234	0.9984695052281995	
519.379	210.89	0.8298338228462234	1.4426354863810114	
519.4598	317.73	0.8298338228462234	2.076279216208817	
227.0419	22.93	0.9944242292726041	-0.030518532877243147	
520.3547	111.65	0.8298338228462234	2.259808385871403	
520.3819	210.76	0.8298338228462234	2.0178848740386837	
520.4355	277.38	0.8298338228462234	-1.9408364776575513	
521.3582	111.39	0.8298338228462234	2.154327658414817	
521.3712	208.76	0.8298338228462234	1.6588205546030257	
227.1753	0.79	0.9944242292726041	0.06542507720946199	
227.1753	24.51	0.8298338228462234	-1.1061379465329375	C12H14O
168.0654	23.85	0.8298338228462234	1.368520665746902	
522.3267	29.65	0.9944242292726041	0.04861198155632002	
537.2787	119.94	0.8862291678131067	0.5228277568154888	
523.2994	186.26	0.8298338228462234	-1.2669641781041685	
227.9547	21.75	0.8298338228462234	1.20043750351554	C6H4Cl2O5
524.303	186.13	0.9520472505897664	0.29653871519841435	
526.4463	263.71	0.9714291118486045	-0.181782085589855	
228.2685	58.39	0.8298338228462234	0.9523649075661434	
228.9556	21.62	0.8298338228462234	1.6332821767870647	
540.1698	196.27	0.8298338228462234	1.1573898606602802	
540.4257	176.12	0.8298338228462234	1.7536391406778664	
540.4257	257.77	0.9971479846989347	0.01942514097286253	
540.8884	20.57	0.8298338228462234	1.4116756507604666	
229.191	0.79	0.9619298060200596	-0.2502812624426807	
543.3887	192.69	0.8298338228462234	1.8923677536784107	
544.8933	20.7	0.8298338228462234	0.9472880932474694	
170.0811	23.85	0.8298338228462234	1.6580777314463488	
546.1859	168.72	0.8430843200617194	-0.7571704256735808	
546.399	82.5	0.9578096972088433	-0.26245245515301224	
546.399	176.12	0.8298338228462234	2.6615118748471986	
546.4067	210.89	0.8298338228462234	1.2459584497399763	
547.4026	82.5	0.9544397728512333	-0.2769555646510201	
547.4026	82.89	0.9508710632547273	0.32608276350758536	
547.4026	176.25	0.8298338228462234	2.418927632655141	
547.4104	210.89	0.9056723412504953	0.4604354483565971	
170.1731	0.79	0.9056723412504953	0.45536559837174656	
585.4297	164.88	0.8298338228462234	1.555641089447015	C40H56O3
585.4297	209.29	0.8726788158787705	0.6065926693904352	C40H56O3
585.4297	231.7	0.8298338228462234	1.1618493100601994	
586.4314	192.69	0.9056723412504953	0.46086256994737207	
586.4314	209.42	0.8415880661438032	0.7824293742800095	C40H56O3
586.4376	292.53	0.8298338228462234	1.33025817137186	
232.112	44.55	0.8298338228462234	2.0643225759989567	
587.4142	191.64	0.8385436805374316	0.7957912408779965	C29H56NO8P
587.441	292.93	0.8298338228462234	1.4573952786254931	
232.1189	0.66	0.8874824228049272	0.5062586679520342	
232.1447	0.79	0.8569370060870127	0.6681863629505801	
588.2137	188.23	0.8298338228462234	1.6649868891026507	
588.2137	198.77	0.8356851473950055	0.8687863492277982	
588.2137	216.8	0.8351177638473586	0.8831873018400138	
588.2137	221.94	0.8839221061438345	-0.5435161390215612	
588.2866	194.14	0.8563896071204178	0.6792477772040229	
588.444	292.53	0.8298338228462234	1.6106691560027	
588.4773	255.01	0.8360571938616196	0.8537284423068991	
590.1927	152.77	0.8351177638473586	0.883498963221521	
590.1927	188.75	0.8298338228462234	1.0609442897132588	
590.1927	222.34	0.8298338228462234	1.0406729722859174	
590.1927	233.93	0.8839221061438345	0.5523241622489251	
590.4253	81.32	0.9974437748824467	-0.008881300668055687	
549.4151	207.58	0.8298338228462234	-1.1853833972432717	C33H56O6
549.4151	248.41	0.8298338228462234	-2.8900412786339715	C33H56O6
549.4536	294.37	0.8563896071204178	0.6813278290939053	C34H60O5
232.8965	22.67	0.9714291118486045	-0.17617887124895587	
591.4286	81.18	0.9944242292726041	-0.029983407103560646	
232.9173	20.04	0.8298338228462234	1.9107313149535534	
550.2544	58.0	0.8415880661438032	0.7873484726073399	
550.3655	210.89	0.8706659348029031	0.630077882211761	
593.4415	205.88	0.8298338228462234	-1.6453853210746874	
233.0783	22.93	0.8298338228462234	-1.2784060012708978	
593.9433	205.88	0.8298338228462234	-1.3577829235812953	
594.4726	248.28	0.8298338228462234	-1.9840028570864465	
594.4726	248.81	0.8298338228462234	-1.8908784534939402	
594.4726	289.36	0.8356851473950055	-0.8810123173998741	
594.5096	295.03	0.9530062498199612	0.2889753585601827	C37H66O5
550.9143	21.09	0.9944242292726041	-0.0709571606680868	
551.3683	210.89	0.8298338228462234	0.9387015949692854	
233.1508	0.66	0.9442888109686496	0.3419984710878562	
596.3864	239.18	0.8298338228462234	-1.9474112358814366	
172.0942	21.75	0.9944242292726041	-0.03557721297103062	
599.3894	21.09	0.8298338228462234	1.6821732979988513	
599.3894	23.72	0.8298338228462234	1.8446394789801805	
552.269	76.46	0.8298338228462234	1.3291691452430168	
233.9128	22.27	0.8373309469337445	0.8025510628156275	
602.2303	181.51	0.8472408303854544	0.7237398178512212	
602.2303	198.77	0.8298338228462234	0.9255918141323948	
602.2303	217.06	0.8360571938616196	0.8604859575932431	
173.0783	22.41	0.8298338228462234	-1.3254314633463047	
604.2086	188.23	0.8298338228462234	0.9985819219575369	
604.3693	283.99	0.8563896071204178	0.6839377121908289	
604.4429	191.9	0.8298338228462234	1.230767812946314	
604.4429	533.25	0.8298338228462234	0.9202674862784547	C33H63O7P,C40H58O4
604.4721	196.14	0.8738094546953717	0.5708809409812289	
553.8553	20.3	0.9520472505897664	0.3053594423321828	
605.2118	188.23	0.8360571938616196	0.8619456168639239	
605.3146	283.47	0.8298338228462234	-1.3308771066996152	C29H49O11P
605.4753	196.4	0.8726788158787705	0.6026540349053194	
554.2425	116.27	0.8298338228462234	-2.2867476789930907	
554.3164	31.13	0.9167503468830918	0.4275225881908878	
173.096	36.26	0.9664715712349283	0.22214611989728658	
173.096	243.82	0.8298338228462234	0.9711276827610257	
554.3414	193.74	0.8298338228462234	-1.0300640258222584	
173.1073	0.66	0.8430843200617194	-0.7559346645699172	
606.188	108.71	0.8298338228462234	-1.8296990204900492	
606.3179	283.47	0.8298338228462234	-1.2246159971572883	C29H49O11P
607.3209	283.47	0.8298338228462234	-1.4903279177116548	C29H49O11P
235.0751	33.63	0.9681917476381157	-0.19438351643058407	
555.4444	204.15	0.8298338228462234	1.6868702898613617	
555.5266	309.97	0.8298338228462234	-1.1933461309457005	
556.3026	83.02	0.8373309469337445	0.8106203485125154	
556.8575	21.75	0.9944242292726041	-0.0428788928290409	
612.8807	20.7	0.8373309469337445	0.8399654241606	
558.318	109.9	0.8298338228462234	1.576176628226775	C28H48NO8P
558.378	108.19	0.916810179854565	-0.40542144437657546	
615.2633	193.22	0.9745228308884799	0.1500517522675813	
615.4547	204.81	0.8298338228462234	-1.700515414436645	
615.9567	204.81	0.8298338228462234	-1.8194044124485653	
616.2449	217.59	0.8373309469337445	0.8383058305361367	
616.3175	218.64	0.8298338228462234	1.6074619380578312	
558.8565	22.01	0.9664715712349283	0.22837606296046223	
617.3211	218.64	0.8298338228462234	1.0777905787378161	
174.938	22.8	0.8298338228462234	1.3664649142434582	
559.3815	107.66	0.9069309854888982	-0.4490123648853994	
559.3815	108.58	0.891142883622241	-0.48896445871269634	
618.224	188.49	0.8298338228462234	1.0178314523690184	
618.4878	225.23	0.8298338228462234	1.2372223677747678	C34H68NO6P
619.2277	188.49	0.8298338228462234	1.0751888265692966	
619.4913	225.36	0.916810179854565	0.42631381660026296	C34H68NO6P
175.0014	22.93	0.9714291118486045	-0.1705492379495432	
620.4363	62.1	0.8360571938616196	0.8540044611284761	
236.1502	24.9	0.8298338228462234	-1.410883515787586	
562.402	234.98	0.8298338228462234	1.4136788270959477	
175.119	1.58	0.9083481527951763	0.4431066500462794	
175.119	24.11	0.8298338228462234	-1.06558624348865	
623.3252	283.47	0.8298338228462234	-1.3559379851676643	
623.3853	287.39	0.8298338228462234	1.149403216627619	
563.2267	283.2	0.8298338228462234	2.6457089807169454	
563.4662	319.3	0.8298338228462234	-1.0090758747875637	
624.3286	284.12	0.8298338228462234	-2.2095850910536394	
624.3889	287.26	0.8298338228462234	0.9782876293772405	
624.4171	288.18	0.9944242292726041	-0.03576697977981791	
624.5058	275.81	0.8298338228462234	1.188910935427488	C41H66O4
564.2955	84.07	0.8298338228462234	-1.9697173992700663	C28H47NO8
624.8464	21.75	0.9520472505897664	0.3066705859542514	
625.3918	287.52	0.8726788158787705	0.6048087848249001	
625.4096	231.7	0.8298338228462234	-1.5343672447718004	
176.0657	23.85	0.8298338228462234	-0.9992294857110355	
627.3612	209.16	0.8298338228462234	-1.2124685889706532	
628.3649	209.16	0.8298338228462234	-1.3445660619702375	
653.3361	214.17	0.8298338228462234	-1.052851894463994	
653.4515	288.18	0.8298338228462234	1.1772917893499315	
630.2011	153.82	0.9085856569915591	0.44091406896843155	
630.2011	161.33	0.8430843200617194	0.7303779203538533	
630.2604	201.26	0.8298338228462234	0.9244271211368128	
630.5647	293.32	0.8298338228462234	1.4993371830874882	
566.8878	21.09	0.8298338228462234	1.3295860168464997	
631.2638	201.39	0.8873652217826288	0.5167083390552717	
631.2638	204.02	0.8298338228462234	1.008411571576788	
631.4828	195.88	0.8298338228462234	1.3816107191874991	
631.4951	293.06	0.8298338228462234	1.812185699565561	
632.2399	185.18	0.8298338228462234	1.5416008923312416	
632.2399	192.82	0.8298338228462234	0.9403745744468457	
632.2399	195.06	0.8298338228462234	0.9878506163535843	
632.2399	213.52	0.8430843200617194	-0.7608772718952619	
632.2399	217.46	0.8880740756611943	0.5010571622361671	
656.2753	222.07	0.8430843200617194	0.743202739795205	
656.2753	227.2	0.8298338228462234	1.0739476599366515	
656.2974	194.53	0.8430843200617194	0.7463005288887975	
656.2974	197.85	0.8415880661438032	0.7726515547911077	
656.2974	200.08	0.8298338228462234	1.2785360898985776	
656.2974	205.61	0.8298338228462234	1.3363767844739938	
656.2974	209.29	0.8298338228462234	1.2165161346802988	
656.2974	212.73	0.8298338228462234	1.3479525187656527	
632.4984	292.93	0.9565639445468492	-0.2677548434691274	
632.5048	196.14	0.8298338228462234	2.7238317879360503	
632.5048	237.47	0.8590130186018422	0.663109255566945	
657.2789	222.21	0.8726788158787705	0.609815796690629	
657.2789	226.93	0.9929793132293082	0.0886441904841309	
633.2792	289.1	0.8351177638473586	0.8893446004923505	
568.3565	186.0	0.8298338228462234	-1.2550852240239052	
568.4568	217.06	0.8298338228462234	0.9316531562814225	
568.4568	257.64	0.9719016199671633	0.16226509767988573	
569.3324	283.86	0.8507644165007688	0.7166059470320921	C30H48O10
569.3604	186.0	0.8298338228462234	-1.175904608472798	
634.3856	189.15	0.9622424631796279	0.24203884701861342	
569.4348	196.27	0.8361948126414734	0.8482369155791228	C40H56O2
569.4348	225.23	0.8298338228462234	1.3073936944196827	C40H56O2
569.4348	262.8	0.8298338228462234	1.577819272949234	C40H56O2
569.4348	276.07	0.8360571938616196	0.8584194165346557	C40H56O2
569.4348	309.18	0.8298338228462234	1.0986602771854632	C40H56O2
570.153	154.48	0.8298338228462234	1.2016865112740192	
570.153	158.44	0.9038819132202985	0.4685090242141419	
634.8752	21.09	0.8298338228462234	1.167314973858385	
570.4381	196.27	0.8351177638473586	0.8861489893172354	C40H56O2
570.4381	225.49	0.8298338228462234	1.363928132806935	C40H56O2
570.4381	237.47	0.8298338228462234	1.1223789328149991	C40H56O2
570.4381	262.8	0.8298338228462234	1.4649464759385935	C40H56O2
570.4381	275.81	0.8351177638473586	0.8880478918415146	C40H56O2
637.3045	137.07	0.8298338228462234	-1.7615050036445672	
637.4671	203.89	0.8298338228462234	-1.1723540246615587	C33H66NO8P
660.5344	237.47	0.8298338228462234	1.6403014420442958	
660.5344	263.32	0.8298338228462234	0.967210032008657	
637.4924	106.61	0.8298338228462234	1.9000448341221503	
661.2733	205.61	0.8563896071204178	0.6986073270210157	
571.331	295.03	0.9664715712349283	-0.19815345212979607	
571.4281	206.4	0.8373309469337445	-0.8106578986507355	
571.4415	196.27	0.8298338228462234	0.9395729995311148	C40H56O2
571.4415	225.36	0.8415596989365265	0.7906678103347202	C40H56O2
571.4415	237.47	0.9311378148417857	0.37156878036255786	C40H56O2
571.4415	262.66	0.9944242292726041	-0.037360140579940464	C40H56O2
177.1637	38.62	0.916810179854565	0.4131130515318049	C13H20
664.2653	189.67	0.8706659348029031	0.6225875001540631	
664.2653	198.9	0.8373309469337445	0.8306632300335641	
642.4363	231.57	0.8738094546953717	-0.5712360760940376	
573.4358	120.07	0.8298338228462234	1.2536574726498935	C26H56NO7P
644.2402	187.7	0.8298338228462234	1.0228594802810338	
645.4987	225.36	0.8373309469337445	0.8414231193183584	
668.4444	237.61	0.9520472505897664	0.3175041242857691	
668.4444	249.2	0.9714291118486045	-0.17313971605177036	
646.5202	225.23	0.8298338228462234	1.246437544454381	C36H72NO6P
669.2408	203.49	0.9944242292726041	0.07562056748809888	
669.2408	211.02	0.8846332337532117	0.5331093861780901	
669.3759	207.45	0.8298338228462234	-3.163870145479268	
647.4219	261.75	0.9813624714323976	0.13601793103243073	
647.523	225.36	0.8298338228462234	2.172349910985755	C36H72NO6P
670.254	199.16	0.916810179854565	0.41077786323501275	
648.4379	189.41	0.8726788158787705	-0.5983372523799848	C32H64NO8P
670.3781	207.45	0.8430843200617194	-0.7545686963473747	
179.0815	0.79	0.9714291118486045	0.16681522538994054	
672.4194	209.16	0.8298338228462234	-1.1642561639912246	
672.5759	67.9	0.9974437748824467	0.004883621044151742	
576.4105	62.88	0.8298338228462234	1.2806548072521922	
673.3025	288.57	0.8612167528546308	0.6524717219121046	
673.4228	209.03	0.8373309469337445	-0.8082019173934852	
577.4126	62.62	0.8298338228462234	1.2857395661232915	
714.2795	217.46	0.8298338228462234	0.9386816706065515	
715.2828	217.46	0.8298338228462234	1.1814569866653686	
715.3695	279.61	0.8298338228462234	2.4110820376209303	
716.3084	205.61	0.9544397728512333	-0.27407401522919883	
716.3084	210.89	0.9056723412504953	-0.4558456159753935	
716.4251	189.15	0.9544397728512333	-0.2752767240638177	C34H66NO10P
677.2626	203.23	0.8356851473950055	0.8745279383622631	
716.4633	195.06	0.9318460040200429	-0.36971057920097367	C36H68NO9P
717.3292	206.01	0.8298338228462234	1.9398825341900061	
717.3292	210.89	0.8298338228462234	1.31145616840646	
717.3292	214.57	0.8298338228462234	2.585576129649737	
717.4671	194.92	0.8563896071204178	-0.6760289908866731	C36H68NO9P
678.4614	24.77	0.9548253994472063	0.27078938063551955	
678.6757	508.64	0.8298338228462234	0.966393911769379	C44H87NO3
679.448	257.12	0.8361948126414734	-0.8515029728809478	
679.448	286.21	0.8738094546953717	0.5863720432676045	
680.4501	256.98	0.8373309469337445	-0.8230442244483389	
680.4501	286.34	0.9664715712349283	0.2132869954910075	
680.868	20.7	0.8706659348029031	0.629852349487596	
580.2999	110.29	0.8373309469337445	0.83308866536602	C28H48NO8P
720.4951	284.25	0.8356851473950055	0.8675946038828656	
580.493	305.51	0.9508320029857684	-0.3272169279475668	
682.399	184.13	0.8298338228462234	1.53136045139754	
720.8735	212.07	0.8298338228462234	1.120589738448017	
721.3578	215.22	0.8298338228462234	1.7840193973181722	
722.3629	215.22	0.8298338228462234	1.468979017730092	
723.3031	153.56	0.8298338228462234	2.1437586477179753	
723.3031	188.75	0.8385436805374316	0.7992281833947076	
723.3664	215.49	0.8298338228462234	1.5829513394875656	
724.5067	256.72	0.8373309469337445	-0.8097943542552452	
724.5067	286.73	0.8563896071204178	0.6791030846052827	
582.3363	119.81	0.8298338228462234	1.3181386744951014	
582.4724	242.77	0.8298338228462234	2.716344313926567	
686.25	177.83	0.8298338228462234	1.5953183278443595	
686.25	182.29	0.8298338228462234	1.2527624290025272	
686.25	186.26	0.8298338228462234	1.218706970854096	
686.25	189.67	0.8862291678131067	0.523873322108536	
181.0096	22.01	0.8298338228462234	-1.145080144768582	
686.4625	226.01	0.8706659348029031	-0.6251993139881553	
686.4625	235.64	0.9944242292726041	0.048688554087725607	
583.4144	171.37	0.8298338228462234	0.9823973695844836	C40H54O3
583.4144	209.29	0.8298338228462234	1.3600923478538334	C40H54O3
583.4757	242.37	0.8298338228462234	2.217455056574485	
583.878	21.75	0.8298338228462234	1.5467341403713655	
728.2585	193.48	0.8298338228462234	1.8100892897998961	
689.1476	279.35	0.8298338228462234	1.0128602666393103	
728.5872	216.41	0.8298338228462234	-2.656664100080346	
690.4701	198.24	0.9971479846989347	-0.016599408204585775	C36H68NO9P
690.4701	201.92	0.9944242292726041	-0.06726219106317102	C36H68NO9P
690.4701	204.41	0.9974437748824467	0.011540165056101403	
731.3086	177.43	0.8298338228462234	1.6639406796344245	
731.3086	182.29	0.8298338228462234	3.066480399712359	
731.3086	186.13	0.8298338228462234	2.61030761957241	
731.3086	190.33	0.8298338228462234	2.224285041808884	
731.4145	282.68	0.8298338228462234	1.1942529744097652	
731.4244	230.65	0.8298338228462234	-1.3068607846509017	
732.4277	230.65	0.8298338228462234	-1.412521988875277	
692.2962	217.72	0.8302084699758793	0.9059516681050948	
692.3182	196.01	0.8298338228462234	1.873922426949383	
692.334	289.36	0.8361948126414734	-0.849826951287711	
692.8337	21.62	0.8653276663844778	-0.6427114114197114	
693.3001	217.59	0.8298338228462234	1.3092611217823933	
733.3243	173.08	0.8298338228462234	1.6184339557593719	
733.3599	222.34	0.8873652217826288	0.519023246678385	
733.3599	225.23	0.8415880661438032	0.7752269558587065	
694.3322	196.01	0.8430843200617194	0.7592000624999165	
694.3322	220.63	0.9714291118486045	-0.16596446495781617	
694.3322	222.86	0.8855761840330113	-0.5299287696090982	
694.3322	226.93	0.9714291118486045	0.18288496005788288	
694.3322	231.3	0.8653276663844778	0.6422226643316894	
694.3322	236.82	0.8298338228462234	1.0413940809778182	
694.3982	207.45	0.8430843200617194	-0.7469566244239367	
182.0297	25.29	0.8612167528546308	0.6519996528316113	
694.4431	188.1	0.9520472505897664	0.3179675120184009	
182.0574	532.99	0.8415880661438032	0.7727870728143631	
182.0811	23.19	0.958881644706637	-0.25889650002171855	
734.326	173.34	0.8298338228462234	1.7238630989861181	
734.3623	214.57	0.9520472505897664	0.311772320885537	
695.3651	271.22	0.8360571938616196	-0.8642991052236669	
695.4015	207.45	0.8298338228462234	-0.9998919666407586	
695.4431	253.83	0.9971479846989347	-0.02253769879642885	
695.4431	262.01	0.9760906713260659	0.14660506095639814	
182.1037	0.79	0.8298338228462234	-1.4191175589627278	
182.1037	22.27	0.8738094546953717	-0.5712871779178903	
696.4046	207.45	0.8298338228462234	-1.2738399917009366	
698.3414	185.18	0.8298338228462234	-2.0485734273439564	
698.3414	272.14	0.8298338228462234	0.9428350301933315	
698.3414	279.61	0.8298338228462234	1.9548739129608717	
698.5559	286.21	0.8839221061438345	0.5481349749628887	C40H75NO8
698.5559	288.7	0.8298338228462234	1.6939290259468458	C40H75NO8
737.3551	217.46	0.8298338228462234	1.481525981756649	
738.3583	217.72	0.8298338228462234	1.5952076155368569	
700.6073	299.96	0.8591143399510796	0.6565052174511855	
701.3538	194.66	0.8298338228462234	2.4068700605925137	
701.3538	197.06	0.8298338228462234	1.687754911602422	
701.3538	202.97	0.8298338228462234	3.1252471142642295	
701.3538	209.03	0.8298338228462234	3.6379099645161657	
701.3538	212.99	0.8298338228462234	2.747625607589122	
701.4727	193.74	0.9714291118486045	0.16619490070192539	
740.4997	253.44	0.8874824228049272	0.5077976616421217	
740.4997	255.67	0.8874824228049272	0.5027913459741029	
740.4997	262.4	0.8298338228462234	1.4090318892776117	
702.3184	236.69	0.8298338228462234	1.493526709916394	
702.3573	194.4	0.8298338228462234	0.9346308516640712	
702.3573	197.19	0.8298338228462234	1.2882210168838375	
702.3573	203.1	0.7267523255759569	4.435771981293639	
702.3573	204.94	0.8298338228462234	3.06585156830804	
702.3573	209.82	0.8298338228462234	1.796813448710899	
702.3573	212.73	0.9714291118486045	0.1699632795952159	
702.3733	189.67	0.8298338228462234	-0.9330962064749755	
702.4697	194.66	0.8675054964043838	0.6373430083036282	
702.4697	197.85	0.8738094546953717	0.572699148041053	
702.8625	21.09	0.8298338228462234	0.9621962402766308	
704.4855	202.05	0.8298338228462234	0.9841565266790102	C37H70NO9P
704.4988	134.83	0.916810179854565	0.4081509666065935	
704.4988	220.21	0.8298338228462234	-1.8115164594118556	
743.4006	264.9	0.8351177638473586	0.8895069288810615	
743.4006	271.88	0.8298338228462234	0.913701952746539	
743.4006	278.69	0.8906046601867588	0.4911821920742602	
743.4821	283.99	0.8738094546953717	0.5912792025432133	C38H73O10P
705.3287	205.07	0.8298338228462234	2.366956422543893	
859.5244	301.29	0.9813624714323976	0.13618432084894186	
860.6664	212.6	0.8298338228462234	-1.678283444261421	
747.3758	214.83	0.8298338228462234	1.803282976413759	
709.3238	217.72	0.8430843200617194	0.7311608672080138	
748.379	214.83	0.8298338228462234	1.4290153010028959	
748.379	236.82	0.8298338228462234	1.0680427379244037	
748.8546	20.7	0.8298338228462234	1.0968780976346917	
712.4774	36.78	0.8298338228462234	-1.683692011524707	
865.496	276.07	0.8430843200617194	0.7623136122625941	
751.3346	188.23	0.8298338228462234	2.060146050642414	
713.4804	36.65	0.8298338228462234	-2.442382450946676	
752.3376	188.23	0.8298338228462234	2.0250403203579297	
867.5117	286.6	0.8298338228462234	1.0719574570822883	
759.4391	156.21	0.8356851473950055	0.877215843516322	
759.4391	160.02	0.8298338228462234	1.1788543364170312	
760.821	21.75	0.9912914130510657	-0.10363320136401787	
874.444	276.46	0.8373309469337445	0.8230068929457617	
762.4686	160.68	0.9714291118486045	0.17678458773173347	
762.4686	195.32	0.8906046601867588	0.49394612761935297	
880.6342	298.25	0.9520472505897664	0.292274754191496	
950.9396	711.33	0.9664715712349283	0.21052010852661865	
881.3762	155.4	0.8839221061438345	0.5451914444464482	
881.3762	158.05	0.8862291678131067	0.5218827230737214	
881.3762	159.89	0.8298338228462234	1.091334846088501	
953.1856	202.57	0.8415880661438032	-0.7721030433010645	
769.5427	32.18	0.8298338228462234	1.6121220696305314	
770.8498	21.09	0.8298338228462234	1.2686940534145796	
772.4876	219.95	0.8906046601867588	0.4950619857897047	
773.4915	220.08	0.9520472505897664	0.29657438976594175	
817.7626	634.55	0.8298338228462234	1.9536332848486584	
776.4824	230.65	0.8298338228462234	-1.259403148253681	
821.6617	308.66	0.8356851473950055	0.8695418628102729	
777.4857	230.52	0.8298338228462234	-1.247615693190464	
976.6466	227.33	0.8298338228462234	-1.3847204754580118	
784.4518	195.06	0.9846937116234822	-0.1158897720911658	
785.4548	195.06	0.9664715712349283	-0.20566148651433389	
981.2167	216.41	0.8298338228462234	1.3954090737373146	
1037.2796	254.75	0.8430843200617194	0.7379314924310886	
1039.2702	224.31	0.8373309469337445	0.8067030558275164	
1040.2905	224.31	0.8373309469337445	0.8170278212085953	
1041.2939	224.31	0.9929793132293082	0.09155736264545575	
1042.6873	292.27	0.8298338228462234	1.4581150669032783	
995.2329	224.31	0.9294236084170445	0.37720550201119857	
995.6639	189.15	0.9944242292726041	0.06811132044401698	
995.6776	103.72	0.8298338228462234	0.9164429340663978	
996.2361	224.44	0.9944242292726041	-0.03757540899064178	
1068.3214	243.42	0.8430843200617194	0.7606652531520404	
838.8375	21.09	0.8298338228462234	0.9248456107804882	
1009.2486	233.27	0.9544397728512333	-0.2812786274989398	
1082.3367	255.01	0.8430843200617194	0.7327659630345027	
1012.2587	209.42	0.9534450541234822	0.2863442498130948	
1012.2587	224.04	0.9944242292726041	-0.0366119568772971	
1110.3677	270.83	0.8298338228462234	0.9631121985584091	
1023.2639	243.82	0.8298338228462234	1.2297741564403946	
1026.2744	216.54	0.8873652217826288	-0.5095584860036945	
1029.0017	611.02	0.8298338228462234	0.9415117459453041	
1155.7256	291.88	0.8298338228462234	1.4354596523817096	C57H104N2O21
1342.9249	332.32	0.916810179854565	0.4141293954221323	
1167.7888	246.44	0.8995935176771775	0.476657176728573	
1176.704	291.75	0.8726788158787705	0.6104535095333466	C57H104N2O21
1182.7795	244.74	0.8298338228462234	1.2992246494683322	
1183.7834	244.47	0.8298338228462234	1.4972898251048055	
851.3963	36.52	0.8298338228462234	-3.362395155357936	
1196.8222	283.07	0.8298338228462234	1.1216733795236888	
1197.8253	283.07	0.8298338228462234	1.3556108448244963	
1198.8282	283.07	0.8298338228462234	1.1686848955554867	
852.3999	36.52	0.8298338228462234	-3.636948570179274	
1286.6696	207.45	0.8298338228462234	-2.7616639800153866	
1287.6731	207.45	0.8298338228462234	-2.660454561383757	
1642.5654	598.55	0.8298338228462234	2.038477663341321	
