m/z	rtime	p-value	t-score	custom_id
159.9914	206.68	0.9925915542847273	-0.6247790200802583	
122.0213	219.81	0.9925915542847273	-0.894844453410048	
122.0213	226.24	0.9925915542847273	-0.5462345338675823	
191.0556	377.3	0.9937485801486088	0.022160058300241856	
160.0607	170.45	0.9925915542847273	-0.9767112509918655	
160.0607	193.78	0.9925915542847273	-0.8567471384807064	
160.0799	293.59	0.9925915542847273	-0.3979678055094002	
73.0195	214.95	0.9925915542847273	0.46801114467085714	
160.9921	207.2	0.9925915542847273	0.26345164235338947	
161.0449	242.72	0.9925915542847273	0.8680816912890598	C6H10O5
161.0449	245.47	0.9925915542847273	0.16164326792027947	C6H10O5
124.0063	218.23	0.9925915542847273	-0.058231762717806744	
161.8749	39.71	0.9925915542847273	-0.3756952250054493	
162.0592	315.0	0.9925915542847273	-0.7338186093901911	C7H5NO3
126.904	29.86	0.9925915542847273	-0.6665044124409703	
80.9641	180.98	0.9925915542847273	-0.707104802946911	
193.0647	275.21	0.9925915542847273	-0.7801018666570728	
82.9531	34.59	0.9925915542847273	-0.39169538000802995	
127.0754	194.83	0.9925915542847273	-0.5971262587553751	
127.8692	1.7	0.9925915542847273	-1.3950304828365163	
163.8959	141.31	0.9925915542847273	-0.1080821297497249	
163.8959	152.92	0.9925915542847273	-0.5759656406677016	H2MoO4
164.8384	141.96	0.9925915542847273	-1.0510497074149112	
164.8384	152.4	0.9925915542847273	-1.0859040493175052	
84.0444	194.57	0.9925915542847273	-1.670957448242101	
128.9585	206.68	0.9925915542847273	-0.4310297144058231	C3H2N2S2
128.9981	141.7	0.9925915542847273	0.12199903699702733	
84.9501	34.59	0.9925915542847273	-0.3949531745952279	
129.0377	324.84	0.9925915542847273	0.46273213590335727	C6H10OS
194.9362	367.45	0.9925915542847273	-0.6452144518458544	
87.0441	194.57	0.9925915542847273	-1.4160864587610258	
129.1023	244.69	0.9925915542847273	-0.1623360573597009	
129.1023	260.47	0.9925915542847273	-0.4109517801101264	
129.9934	141.7	0.9925915542847273	-0.1313705006162269	
194.9881	222.43	0.9925915542847273	0.5155957378248814	
130.05	299.9	0.9925915542847273	-1.0004146534227918	
165.891	139.96	0.9925915542847273	0.04785567692274551	
165.891	154.63	0.9925915542847273	-0.5297053474276946	
89.012	112.03	0.9925915542847273	-0.34096964876819325	
130.9952	141.96	0.9925915542847273	0.2949458426036847	
166.0502	47.59	0.9925915542847273	-0.7053688251252309	C8H9NO3
131.0533	184.13	0.9925915542847273	-0.750749701748064	
131.0605	194.7	0.9925915542847273	0.2527875867140906	
166.8351	141.96	0.9925915542847273	0.5427408624870997	
166.8351	152.4	0.9925915542847273	-1.760545941593659	
167.0317	247.44	0.9925915542847273	-1.3844777858841462	
132.0373	194.57	0.9925915542847273	-1.5258935028328688	
196.0612	380.45	0.9925915542847273	0.8341589423127329	C9H11NO4
196.8107	152.26	0.9925915542847273	-1.3777094210345373	
196.8764	152.79	0.9937485801486088	-0.017547622839806522	
196.8848	367.45	0.9925915542847273	1.2770540456928636	
196.8864	141.7	0.9925915542847273	0.20663652186574935	
196.8864	152.4	0.9926545653612734	-0.03743281897702211	
132.9453	151.74	0.9925915542847273	-0.8786595639565149	
132.9453	207.07	0.9925915542847273	0.579945115684513	
167.8333	142.23	0.9925915542847273	0.5306562013066661	
167.8333	152.13	0.9925915542847273	-0.6168911816662996	
167.8882	154.37	0.9925915542847273	0.8842908603374906	
197.1541	28.02	0.9925915542847273	0.35562549196775567	
197.7569	152.13	0.9925915542847273	-0.9153076120827834	
168.8313	152.13	0.9925915542847273	-1.7421218083795358	
169.0064	142.88	0.9925915542847273	0.5973204206854058	C8H7ClO2
169.0064	151.48	0.9925915542847273	-0.0970762525540955	
134.9425	206.94	0.9925915542847273	1.0119576538770407	
198.0742	211.93	0.9925915542847273	-0.8466853297267659	C7H15NO4
198.0742	219.81	0.9925915542847273	-0.9781781617713728	
96.921	142.09	0.9925915542847273	0.6057171661371181	
96.921	152.4	0.9925915542847273	-0.57197765615988	
198.8079	151.87	0.9925915542847273	-0.9453002516951352	
198.8735	152.92	0.9925915542847273	0.42852627308769775	
170.0063	195.48	0.9925915542847273	-1.4937182645145453	
135.9015	141.18	0.9925915542847273	-0.046668466176623125	
135.9015	153.18	0.9925915542847273	-0.06406104549531644	
170.0426	254.8	0.9925915542847273	-1.0517476038413462	
170.8284	141.96	0.9925915542847273	0.5160669207114947	
170.8284	152.26	0.9925915542847273	-2.6234960046273414	
199.0219	241.27	0.9925915542847273	-5.9242952119717085	
97.9762	206.94	0.9925915542847273	-0.30385522208460863	
199.072	214.56	0.9925915542847273	1.3182446032704502	C6H9NO4
171.0114	34.32	0.9925915542847273	0.22542177611901604	
98.948	23.03	0.9925915542847273	-0.35997586036462004	
171.9647	194.7	0.9925915542847273	-1.9442245631730752	
172.0145	34.19	0.9925915542847273	0.5744752124899105	
138.8592	149.74	0.9925915542847273	0.16312170769973752	
101.0709	277.18	0.9925915542847273	-0.41593721097915093	
101.0709	301.08	0.9925915542847273	-0.7227970323801913	
172.0354	270.35	0.9925915542847273	-0.18690334950987328	C6H6N2O4
201.0876	307.51	0.9925915542847273	-0.30996517946219954	C8H14N2O4
172.0608	380.32	0.9925915542847273	1.162495386554658	C7H11NO4
102.0267	274.03	0.9925915542847273	0.11304465834211364	
172.0689	194.83	0.9925915542847273	-0.16294256664595613	
201.124	194.57	0.9925915542847273	0.09553390029052364	C9H18N2O3
139.0002	241.4	0.9925915542847273	-0.8851859502296329	
139.0061	31.83	0.9925915542847273	0.2823106165710276	
104.006	195.48	0.9925915542847273	-0.5067105645012757	
172.8416	142.62	0.9925915542847273	0.9347981241710331	
172.8416	152.0	0.9925915542847273	-0.857165597737603	
202.0352	330.78	0.9925915542847273	-0.22135763458711086	
172.9671	148.82	0.9925915542847273	2.0798013592778197	
202.0717	291.36	0.9925915542847273	1.212777842365456	C6H10O5
140.0108	298.85	0.9925915542847273	-1.2187956377308935	
173.056	233.89	0.9925915542847273	0.4827639947077125	
203.0015	30.52	0.9925915542847273	-0.3119159954515421	C7H8O5S,C7H8O5S
173.8419	142.09	0.9925915542847273	0.8701021978560857	
173.8419	152.0	0.9925915542847273	-0.9464078780737983	
203.0821	161.75	0.9925915542847273	-0.2248929887314346	C9H9NO2
203.7985	151.87	0.9925915542847273	-0.6029910288430423	
204.0509	287.82	0.9925915542847273	-0.48419676909887255	
141.8671	154.1	0.9925915542847273	-0.5876160813068526	
174.0957	244.42	0.9925915542847273	-0.36553813118891465	C7H14N2O3
204.0854	162.28	0.9925915542847273	-0.604566105440868	C9H9NO2
174.1069	364.95	0.9925915542847273	-0.8707425185420513	
204.1066	260.47	0.9925915542847273	-0.31857261534872744	C9H12N2O3
174.8388	142.62	0.9925915542847273	0.8683009431207931	
174.8388	152.0	0.9925915542847273	-0.9224644254143382	
108.9009	142.09	0.9925915542847273	1.435028961054057	CaO2
108.9009	152.26	0.9925915542847273	0.708565358583911	CaO2
175.0353	319.85	0.9925915542847273	-3.1668689995510917	
175.0433	299.76	0.9925915542847273	-0.533503842080699	
205.0648	242.06	0.9925915542847273	-0.13263687088962967	C7H14N2O3S
143.0054	206.94	0.9925915542847273	-0.13720395228330723	
175.839	142.49	0.9925915542847273	0.14782111335565806	
175.839	152.13	0.9925915542847273	0.6748646494059701	
205.8392	141.83	0.9925915542847273	-0.4624125841563345	
205.8392	152.53	0.9925915542847273	-1.1666838003925586	
143.0453	163.72	0.9925915542847273	-1.902753246504084	
110.8979	142.09	0.9925915542847273	1.1087560965161107	
110.8979	152.13	0.9925915542847273	1.5764872269604069	
176.0193	332.88	0.9925915542847273	0.6770176234632644	
206.0573	357.34	0.9925915542847273	-0.48731470794556797	
206.0858	300.95	0.9925915542847273	-0.503067731910982	
111.027	380.45	0.9925915542847273	-0.3663964076636656	
143.9776	206.68	0.9925915542847273	-0.28162825241991624	
176.0557	212.85	0.9925915542847273	0.25741775479323276	C8H6O4
143.9904	219.55	0.9925915542847273	0.09684629200095358	
143.9904	226.37	0.9925915542847273	-0.08771840573096845	
176.075	313.68	0.9925915542847273	-0.17603040203666429	
111.0553	163.98	0.9925915542847273	-1.6207184463881255	
144.0293	214.56	0.9925915542847273	1.3163070404962571	
176.8359	142.49	0.9925915542847273	0.9824834813834997	
176.8359	151.87	0.9925915542847273	-0.7966548253109241	
144.8687	142.09	0.9925915542847273	0.7750995387356515	
144.8687	152.4	0.9925915542847273	-0.23387085169327856	
144.9724	206.68	0.9925915542847273	-0.5307791660697908	
207.8363	141.7	0.9925915542847273	-0.06386120608780924	
207.8363	152.13	0.9925915542847273	0.18088556183559124	
144.9784	206.68	0.9925915542847273	-0.3923151440969363	
208.0152	29.47	0.9925915542847273	-0.36211443391691345	C5H4N4O3
145.0246	194.83	0.9925915542847273	-0.5820469065436444	
208.8447	141.44	0.9925915542847273	0.6697818759849328	
208.8447	152.79	0.9925915542847273	-0.18468347612295596	
146.0167	273.9	0.9925915542847273	-0.15084558006928758	
208.9731	28.68	0.9925915542847273	1.4989835870141592	C4H5NO7P
146.058	277.18	0.9925915542847273	0.08259057214083321	
177.9123	152.66	0.9925915542847273	-0.20491467343822378	
146.0813	182.16	0.9925915542847273	0.09123828996833244	
146.8658	142.23	0.9925915542847273	0.44955715818462644	
146.8658	152.13	0.9925915542847273	-0.06303602714768346	
114.9888	28.68	0.9925915542847273	-0.6606964829356906	
209.0968	29.07	0.9925915542847273	1.206422270602004	
209.0968	31.96	0.9925915542847273	0.9898519475123038	
209.1543	29.99	0.9925915542847273	0.9049341190244887	C13H22O2
209.1543	33.93	0.9925915542847273	0.8575191118295794	C13H22O2
209.8334	1.7	0.9925915542847273	-0.627248467656507	
209.9286	29.2	0.9925915542847273	-0.22942786200790646	
115.0503	308.96	0.9925915542847273	-0.6699737954825785	
210.0072	222.04	0.9925915542847273	0.6279830564173369	
115.0866	293.46	0.9925915542847273	-0.3644122302353241	
147.0652	277.18	0.9925915542847273	0.11322422888409801	
210.1577	29.47	0.9925915542847273	0.31190096846668186	C13H22O2
210.1577	33.8	0.9925915542847273	0.5474322188134959	C13H22O2
210.8419	141.57	0.9925915542847273	0.5941652387121127	
210.8419	152.66	0.9925915542847273	0.7451536672862455	
147.0666	199.16	0.9925915542847273	0.4398553618659409	
116.0028	142.49	0.9925915542847273	-0.6492185307455116	
116.0028	151.87	0.9925915542847273	-2.485225914058488	
210.9122	49.16	0.9925915542847273	0.2681542573450356	
116.006	301.08	0.9925915542847273	-0.6779869167205613	
148.8628	142.09	0.9925915542847273	1.7194454005637336	
148.8628	152.0	0.9925915542847273	-0.2522816168218148	
210.9912	301.21	0.9925915542847273	-0.9360109453855404	
149.0268	273.9	0.9925915542847273	0.3302726237209145	
179.0554	282.43	0.9925915542847273	0.11710350485419016	C9H6N2O2
211.0007	218.36	0.9925915542847273	-1.4744089952153794	C7H4N2O6
179.8401	141.96	0.9925915542847273	0.6602809973786473	
179.8401	152.4	0.9925915542847273	-0.17079761399720944	
211.8849	153.31	0.9925915542847273	0.7454468716516965	
150.0301	273.9	0.9925915542847273	0.4474734400868329	
150.0413	142.36	0.9925915542847273	0.4551318272180678	C5H5N5O,C5H13NS2
117.074	212.06	0.9925915542847273	-0.6637956757084486	C6H14S
150.8858	141.7	0.9925915542847273	0.4852479858600496	
150.8858	152.79	0.9925915542847273	-0.8030578782351142	
212.0536	184.66	0.9925915542847273	-0.8386830775877652	C7H13NO5
212.0576	211.93	0.9925915542847273	-0.8503325226670705	
212.8389	141.57	0.9925915542847273	0.38034291964658395	
212.8389	152.79	0.9925915542847273	-0.21435852031566066	
151.8732	151.21	0.9925915542847273	0.6472463027290059	
152.0287	120.6	0.9925915542847273	-0.15441865554032302	
118.0	142.36	0.9925915542847273	-1.1068024270719927	
118.0	152.0	0.9925915542847273	-1.5562580042763816	
180.8821	367.45	0.9925915542847273	1.6104384991491199	
152.0547	214.29	0.9925915542847273	0.43505521793509827	
152.8828	141.7	0.9925915542847273	0.5211440621285581	
152.8828	152.66	0.9925915542847273	-0.29934938624368806	
152.995	194.57	0.9925915542847273	-0.7173906242975469	
152.995	212.45	0.9925915542847273	0.1320208699351225	
152.995	264.15	0.9925915542847273	0.11689101218446551	
181.071	194.57	0.9925915542847273	-1.4153943887342626	C6H14O6
181.8368	1.83	0.9925915542847273	-0.36058707554298564	
181.8368	141.7	0.9925915542847273	-0.2077317220828712	
181.8368	152.0	0.9925915542847273	-0.7701065433317609	
181.9853	277.84	0.9925915542847273	0.40670264798797023	
214.0482	298.98	0.9925915542847273	-0.3719388478424669	C5H14NO6P
154.8799	141.7	0.9925915542847273	0.3449246166613038	
154.8799	152.79	0.9925915542847273	-0.9182786905481359	
182.0745	194.57	0.9925915542847273	-1.3880729220446553	C6H14O6
219.07	287.03	0.9925915542847273	-0.6277744399173829	C8H13NO6
219.1063	182.16	0.9925915542847273	-0.38106993548774964	C9H17NO5
155.0316	222.17	0.9925915542847273	-0.6116164419892416	
155.0316	223.35	0.9925915542847273	-0.16523575344262306	
219.8451	153.18	0.9925915542847273	-0.11915079037910842	
215.0514	298.85	0.9925915542847273	-0.5102697995963335	C5H14NO6P
215.067	244.03	0.9925915542847273	0.4395246767843193	
183.0112	27.63	0.9925915542847273	-1.4558067812569375	
215.1034	289.0	0.9925915542847273	-0.9379116790005716	C7H13NO4
155.0453	163.85	0.9925915542847273	-1.6683984134332084	
215.1397	172.68	0.9925915542847273	-0.08266713513095539	C10H20N2O3
155.0817	231.26	0.9925915542847273	-0.4644029940045411	
155.0817	259.95	0.9925915542847273	-0.7235578915044565	
215.8604	142.09	0.9925915542847273	0.777998091405135	
215.8765	153.45	0.9925915542847273	0.7125300759908804	
183.8889	154.1	0.9925915542847273	-0.21836754832311703	
184.0276	255.45	0.9925915542847273	-0.4456096109850751	
216.0513	298.98	0.9925915542847273	-0.8158831199334263	
216.0986	307.51	0.9925915542847273	-0.240857026482963	C8H15N3O4
156.9538	206.55	0.9925915542847273	-0.8768917980642575	
157.0247	217.58	0.9925915542847273	-0.5248809231188585	
157.026	206.41	0.9925915542847273	0.6090605858412721	
216.9185	367.05	0.9925915542847273	-1.8825363968999071	C4H7Cl3O
157.8619	151.35	0.9925915542847273	-0.31202376209272437	
157.9304	194.57	0.9925915542847273	-0.8299659371882597	
157.9932	206.94	0.9925915542847273	-0.3222077259173214	
217.0171	30.12	0.9925915542847273	1.147040666551128	
217.0171	57.1	0.9925915542847273	1.1336401898621777	
217.0481	194.57	0.9925915542847273	-0.8187581661490902	C6H14O6
185.0561	235.99	0.9925915542847273	-0.5848285264949663	
185.0561	354.32	0.9925915542847273	0.23483033146592813	C7H10N2O4
217.0826	218.36	0.9925915542847273	-0.28505536354858224	C7H10O5
217.0826	361.67	0.9993582680285016	0.0035246932282906617	C8H6O4
185.0925	290.18	0.9925915542847273	-0.231054468951431	C8H14N2O3
158.0086	257.45	0.9925915542847273	-0.2487372479228179	
217.8577	142.09	0.9925915542847273	1.0515826269471646	
217.8577	152.13	0.9925915542847273	-2.3952142018308766	
185.886	154.1	0.9925915542847273	-0.34303104333736906	
218.0221	208.25	0.9925915542847273	-0.6282917241313927	
218.0304	370.2	0.9925915542847273	-1.177567350108935	
220.8526	152.92	0.9925915542847273	-2.0428304411815756	
218.0515	194.83	0.9925915542847273	-0.4023097001370331	C6H14O6
218.0667	287.03	0.9925915542847273	-0.6808661932094988	C8H13NO6
218.0779	334.07	0.9925915542847273	-0.30659454386420626	C7H13N3O5
218.086	361.93	0.9925915542847273	0.3995149779474586	C8H6O4
218.103	182.16	0.9925915542847273	0.9950000295684193	C9H17NO5
218.1224	230.87	0.993079051349163	0.027731790590913293	C9H18N2O4
221.0039	241.01	0.9925915542847273	-1.8233441720459669	
219.0192	208.25	0.9925915542847273	0.18203415674329726	C9H6N2O2
219.0451	194.57	0.9925915542847273	-0.9849768486396091	C8H7N3O2
221.8421	153.18	0.9925915542847273	-0.3197419657353809	
158.988	206.68	0.9925915542847273	-0.7618870224244609	
158.9932	206.94	0.9925915542847273	-0.7383511855378941	
222.044	191.68	0.9925915542847273	-2.0271809721473364	
243.1794	34.46	0.9925915542847273	0.22867169014991498	C11H22O3
187.0217	227.69	0.9925915542847273	-1.1295967680221615	
222.0962	173.6	0.9925915542847273	0.07041553407276042	C9H11NO3
222.7975	141.31	0.9925915542847273	0.19715792180281402	
222.7975	152.92	0.9925915542847273	-3.808569570791898	
222.842	152.92	0.9925915542847273	0.810530074392337	
222.8498	152.92	0.9925915542847273	-0.7450232699885739	
244.0316	192.2	0.9926545653612734	-0.030240742699775728	
244.0316	196.14	0.9925915542847273	0.14078864387229817	
159.0766	293.46	0.9925915542847273	-0.18762047246569435	
187.0718	232.71	0.9925915542847273	-1.8504201258929394	C8H11NO4
187.0718	308.82	0.9925915542847273	-1.7603266712747718	
244.1133	219.68	0.9925915542847273	0.815469874898581	
223.0281	141.57	0.9925915542847273	0.4680397992769749	
244.1414	385.3	0.9925915542847273	-0.40859439143303805	C9H19N5O3
244.1665	363.11	0.9925915542847273	-0.28247393079388183	
187.884	141.96	0.9925915542847273	0.8507753138667281	
187.884	152.53	0.9925915542847273	-0.3173287716605859	
223.1337	25.13	0.9925915542847273	0.4880698301123705	C13H20O3
223.8391	141.18	0.9925915542847273	0.8875515226721773	
223.8391	151.21	0.9925915542847273	0.48121995233126424	
223.8391	152.92	0.9925915542847273	0.3806315419146939	
188.0457	176.09	0.9925915542847273	-0.04493930095926625	
188.0559	301.08	0.9925915542847273	0.3283623510308439	
188.067	315.26	0.9925915542847273	-0.4956341428298444	
188.067	339.71	0.9925915542847273	-0.5230073236898062	C6H11N3O4
224.0229	222.17	0.9925915542847273	0.17403279553124887	
245.0431	264.41	0.9925915542847273	-0.46494735644047797	
245.0778	290.31	0.9925915542847273	-0.65534978521201	C10H13NO6
245.0778	306.46	0.9970647004319846	-0.011875477961875243	
188.1116	230.31	0.9925915542847273	-0.2898705876106915	C8H16N2O3
224.137	25.13	0.9925915542847273	0.5598638623775748	C13H20O3
245.1142	308.3	0.9925915542847273	-0.13768932306984638	C10H18N2O5
245.1142	313.81	0.9925915542847273	-0.09096157572872222	C10H18N2O5
188.9511	36.29	0.9925915542847273	-0.1394683016918062	
225.0237	222.04	0.9925915542847273	0.7938826484413164	
246.0464	264.41	0.9925915542847273	-0.6272628049916388	
246.0618	352.61	0.9925915542847273	-1.5311280039145265	C10H14FNO3S
246.1095	307.64	0.9925915542847273	-0.2505748507623604	C9H17N3O5
270.7981	141.44	0.9925915542847273	0.5227361257327287	
270.7981	152.66	0.9925915542847273	0.7666547891016	
225.0991	363.64	0.9925915542847273	-0.6516184423250904	C9H14N4O3
189.0334	163.98	0.9925915542847273	-1.6285203297995152	
189.0401	184.53	0.9925915542847273	1.5886829999500007	
189.0591	300.81	0.9925915542847273	-0.726619934741922	
247.0473	264.41	0.9925915542847273	-0.31040201468943646	C10H8N4O4
189.8687	1.7	0.9925915542847273	-1.3400519058200766	
189.8812	141.7	0.9925915542847273	1.0816666111780513	
189.8812	152.53	0.9925915542847273	0.0836749116754078	
271.0574	362.33	0.9925915542847273	-0.6365874261761185	C10H12N2O7
247.0935	359.83	0.9925915542847273	-0.49965736224703583	C9H16N2O6
271.0816	364.69	0.9925915542847273	-0.7749859848879899	
247.1128	160.7	0.9925915542847273	0.25098976033928144	
247.1128	307.51	0.9925915542847273	-0.11617984191445603	C9H17N3O5
226.9364	206.68	0.9925915542847273	-0.4483773841711895	
227.0647	276.65	0.9925915542847273	-0.7288894049723221	C13H12N2S
248.0361	325.11	0.9925915542847273	-0.0887788722696026	
190.0908	295.17	0.9925915542847273	-0.6490409625385307	C7H14N2O4
296.0517	299.11	0.9925915542847273	-1.8221465599418047	
296.097	317.36	0.9925915542847273	0.33678420379162827	C13H16N2O6,C12H25I
272.9141	367.32	0.9925915542847273	-0.7537341442054318	
249.055	311.84	0.9925915542847273	0.3417655274758684	
249.0913	196.67	0.9925915542847273	-0.26512517310407535	
249.0913	201.29	0.9925915542847273	0.32370983628812	
273.0383	325.63	0.9925915542847273	-2.4064703409951527	C7H15O9P
273.0925	195.48	0.9925915542847273	-1.835470616333385	C19H14O2,C13H20Cl2N2
273.0925	214.82	0.9925915542847273	-0.8398119804111173	C19H14O2,C13H20Cl2N2
297.7343	1.3	0.9925915542847273	-0.564452461496668	
273.1207	329.31	0.9925915542847273	-0.04846244567676807	C10H18N4O5
273.1347	28.28	0.9925915542847273	-0.1778873289886352	
297.8228	153.97	0.9925915542847273	1.269705362724152	
250.0455	192.33	0.9925915542847273	-1.4663768293233213	
273.8703	1.3	0.9925915542847273	-0.49523005835347006	
250.1449	24.35	0.9926545653612734	-0.03734532911763509	C12H18O3
298.2469	27.89	0.9925915542847273	-0.6655285614986274	C18H34O3
298.8224	154.23	0.9925915542847273	1.4804930877504974	
274.1199	162.28	0.9925915542847273	-0.1871338372970391	
229.0828	361.14	0.9925915542847273	-0.601109324165615	C9H14N2O5
229.9205	1.44	0.9925915542847273	0.25560503425169495	
230.0466	192.2	0.9925915542847273	-1.3929714563998328	
230.0466	195.62	0.9925915542847273	-0.7251105665733861	
230.1144	277.7	0.9925915542847273	-0.3044430852983434	C7H14N2O4
230.1144	280.99	0.9925915542847273	0.2467622812633362	C10H16N2O4
299.0706	162.28	0.9925915542847273	-0.5275229021594486	
299.1137	36.29	0.9925915542847273	-0.16289737340598603	C14H20O7
299.8198	153.97	0.9925915542847273	1.3737015184458155	
299.8662	152.92	0.9925915542847273	-1.3326801305071443	
275.0887	392.66	0.9925915542847273	-0.2640326318338588	C10H16N2O7
252.107	178.72	0.9925915542847273	-0.22859146163241514	C12H16N2O4
231.0505	191.94	0.9925915542847273	-0.5332056398203178	
299.9606	2.75	0.9925915542847273	-1.0025722360015252	
231.062	308.96	0.9925915542847273	-0.6499069373775803	C8H12N2O6
300.0012	420.78	0.9925915542847273	-1.0628692494647956	
300.1066	182.16	0.9925915542847273	-0.5346548570540964	
231.0984	334.2	0.9925915542847273	-0.6258679184690576	C9H16N2O5
300.503	420.65	0.9925915542847273	-1.3998537177813875	
300.8194	154.1	0.9925915542847273	1.0116172581637501	
231.1348	194.17	0.9925915542847273	-0.6576820655394781	
231.1348	196.67	0.9925915542847273	0.5901828046558718	C10H20N2O4
231.8103	39.84	0.9925915542847273	-0.7048115018322795	
231.9177	1.3	0.9925915542847273	0.5661548232661452	
276.092	387.27	0.9925915542847273	-0.8032547967787137	C10H16N2O7
276.092	392.66	0.9925915542847273	0.06040719439836698	C10H16N2O7
276.1024	242.59	0.9925915542847273	-0.17225204298165187	C10H19N3O4S,C18H15NO2
301.0034	421.04	0.9925915542847273	-1.0282979991841497	
232.1382	194.04	0.9925915542847273	-1.1498591796082118	
232.1382	196.67	0.9925915542847273	-0.4084665302221727	C10H20N2O4
232.8535	141.31	0.9925915542847273	0.8606567448904145	
232.8535	143.28	0.9925915542847273	-0.05639061828882739	
232.8535	152.92	0.9925915542847273	-0.6588445298086971	
301.0224	209.57	0.9925915542847273	0.6095989297344218	
253.0865	287.29	0.9925915542847273	-2.1778559692381783	
253.0865	305.02	0.9925915542847273	-2.8836431290638913	
276.9917	222.43	0.9925915542847273	0.42447934848115704	
301.1307	201.16	0.9925915542847273	1.424107932673371	C17H20N2OS
253.1446	33.93	0.9925915542847273	0.4751359692700274	C14H22O4
301.1519	293.2	0.9925915542847273	-0.8590608599274967	C12H22N4O5
253.7841	1.44	0.9925915542847273	-1.521606511947451	
253.8268	141.31	0.9925915542847273	0.8505358238769124	
253.8268	143.28	0.9925915542847273	0.16000764615444185	
253.8268	146.72	0.9925915542847273	0.3773565564967914	
253.8268	151.21	0.9925915542847273	0.4494161183953443	
253.8268	152.92	0.9925915542847273	-1.1231974882585312	
277.0867	295.43	0.9925915542847273	-0.5136722131807331	C8H11NO7
277.0867	316.31	0.9925915542847273	-0.2228145529862815	C9H18O7
301.8168	153.97	0.9925915542847273	1.045866912462743	
301.8632	152.92	0.9925915542847273	-0.8101786126342502	
277.758	1.44	0.9925915542847273	-1.1283508224971832	
254.0799	182.16	0.9926545653612734	-0.04251409602842477	C9H17NO5
254.148	29.6	0.9925915542847273	2.1291753468574837	C14H22O4
254.148	33.8	0.9925915542847273	1.965732452577841	C14H22O4
254.8265	152.66	0.9925915542847273	-2.3785838987580146	
302.1003	160.17	0.9925915542847273	-1.21333070709951	C13H22NO3PS
302.1003	316.83	0.9925915542847273	-0.21218534978895057	C10H18O10
302.1003	318.94	0.9925915542847273	-1.0381697653361812	
302.1188	195.09	0.9925915542847273	-1.454024503565265	
302.1471	422.09	0.9925915542847273	-0.7777171514175752	
278.0436	208.25	0.9925915542847273	-0.3926433828965049	
278.055	159.52	0.9925915542847273	-0.9040687363782482	
278.1147	190.33	0.9925915542847273	-0.6907244128128318	C13H17N3O4
278.1147	195.88	0.9925915542847273	-0.8302448616951507	
278.1147	198.64	0.9925915542847273	0.13590159356134882	C13H17N3O4
302.1691	24.87	0.9925915542847273	-0.7379488276098756	C15H26O6,C16H22N4O2
302.5336	356.15	0.9925915542847273	-0.08441056338870465	
233.0969	316.31	0.9925915542847273	-0.5360771246022721	C8H15N3O5
254.9679	206.68	0.9925915542847273	-0.8489109889223059	
233.8081	40.1	0.9925915542847273	-0.6324318298671675	
254.991	341.19	0.9925915542847273	-0.6055340497368007	C6H9O9P
233.8535	141.31	0.9925915542847273	0.8077342147620139	
233.8535	143.01	0.9925915542847273	0.18842069341605822	
233.8535	152.79	0.9925915542847273	-1.3719313672413593	
279.0987	284.53	0.9925915542847273	-0.060324236705782026	C13H16N2O5
279.1352	157.68	0.9925915542847273	-0.15212440219019122	C14H20N2O4
279.1352	171.76	0.9925915542847273	-0.27088065592577687	C14H20N2O4
234.0811	372.04	0.9925915542847273	-0.049505249030599545	C8H14N2O6
255.1602	28.15	0.9925915542847273	1.1904874209767644	
303.0963	173.73	0.9925915542847273	-0.46420572686779954	
303.0963	204.05	0.9925915542847273	-1.006905217227642	
234.8505	141.31	0.9925915542847273	0.8318355572672338	
234.8505	142.88	0.9925915542847273	-0.15031845332897265	
234.8505	152.92	0.9925915542847273	-1.1165171713032913	
303.1627	25.0	0.9925915542847273	-0.7661658036628605	
279.8665	153.45	0.9925915542847273	1.1496408013227162	
303.9136	1.57	0.9925915542847273	-2.3428126407529244	
235.1086	138.91	0.9925915542847273	0.1953794964960742	C12H16N2O3
235.1086	142.09	0.9925915542847273	-0.4100485358706747	C12H16N2O3
235.1086	152.13	0.9925915542847273	-0.4706511414761822	C12H16N2O3
235.1086	182.56	0.9925915542847273	0.25087745310652354	C12H16N2O3
304.0163	184.53	0.9925915542847273	-0.5195346487836744	
255.9712	206.94	0.9925915542847273	-0.45732051469078916	
235.8505	152.79	0.9937485801486088	-0.017517242310832286	
304.0787	375.59	0.9926545653612734	0.03654815866874885	C12H14N2O5S
304.0869	358.65	0.9925915542847273	1.6117383030902024	C13H14O8
304.1152	346.18	0.9925915542847273	-0.30242265577836647	
304.1305	166.11	0.9925915542847273	-1.170377265786274	C15H19N3O4
256.1303	308.82	0.9925915542847273	-0.6595061431619599	
256.8219	152.79	0.9925915542847273	-1.2647238835895536	
236.0233	371.78	0.9925915542847273	-0.41373567743635925	C7H11NO6S
236.8477	152.79	0.9931702177836235	-0.026278940752318142	
305.0008	194.96	0.9925915542847273	-0.6936346079126834	
281.1145	201.16	0.9925915542847273	-0.27894781279258285	C13H18N2O5
281.1145	204.05	0.9925915542847273	-0.0759627573147276	
305.0678	446.64	0.9925915542847273	-0.532534730616956	
256.9659	206.68	0.9925915542847273	-0.47873551547365295	
281.8636	153.58	0.9925915542847273	0.9453942061817412	
236.9772	207.73	0.9925915542847273	1.1489506617015592	
282.0845	171.76	0.9925915542847273	-1.2659556170331157	C10H13N5O5
236.9987	28.15	0.9925915542847273	-1.9808317088403355	C6H8Na2O7
282.1179	200.77	0.9925915542847273	-0.7955565241695681	C13H18N2O5
282.1179	203.92	0.9925915542847273	-0.14672216564618382	
257.078	312.76	0.9925915542847273	-0.1342890313721	C10H14N2O6
237.0878	203.92	0.9925915542847273	-0.989628092963842	C11H14N2O4
237.0878	217.97	0.9925915542847273	-0.7155583588180432	C11H14N2O4
282.9578	30.25	0.9925915542847273	0.4247472041303551	
306.0264	222.43	0.9925915542847273	0.4900615039287825	
257.9136	2.75	0.9925915542847273	-1.3142405084248423	
237.9303	2.62	0.9925915542847273	-0.9484513294076427	
306.9392	321.43	0.9925915542847273	-0.624525401276232	
283.088	171.76	0.9925915542847273	-0.9886454125941383	C10H13N5O5
283.1106	23.03	0.9925915542847273	-0.6168894572923402	C13H20N2O3S,C13H20N2O3S
283.1106	27.89	0.9925915542847273	-0.1010152120886579	
283.119	34.46	0.9925915542847273	-0.12800975966426753	C14H20O6
258.0384	338.0	0.9925915542847273	-0.8459841606750496	C6H14NO8P
283.1641	176.09	0.9925915542847273	-0.5125889825183053	
283.1641	184.53	0.9925915542847273	-0.6964574798828187	
283.1917	28.02	0.9925915542847273	-0.387120117665471	
258.0985	194.17	0.9925915542847273	-1.4794009863859627	C9H14O6
307.0275	222.43	0.9925915542847273	1.1144024085933275	
258.146	238.35	0.9926545653612734	-0.033470747584996505	C11H21N3O4
258.8189	152.79	0.9925915542847273	-1.4028222318963426	
283.8606	153.45	0.9925915542847273	1.407868572154825	
283.9134	2.75	0.9925915542847273	-0.7951951743796517	
284.0413	380.45	0.9925915542847273	0.8067265655109557	
308.0561	339.19	0.9925915542847273	0.9536187054781735	
284.1083	204.58	0.9925915542847273	-1.5957456447536569	
284.1083	209.96	0.9925915542847273	-2.170987126400513	
284.1083	214.56	0.9925915542847273	-0.7943700271028967	
284.1083	218.89	0.9925915542847273	-0.7864766446081426	
308.1254	245.47	0.9925915542847273	-0.16582430119534364	C14H19N3O5,C15H15N7O
284.1618	244.03	0.9925915542847273	-0.3080064875535961	
309.0399	290.31	0.9925915542847273	2.372620788260512	
239.0671	23.03	0.9925915542847273	-0.519504369179199	C10H12N2O5
259.069	225.45	0.9925915542847273	-0.5911892819697991	C11H14N2O4
239.0771	282.43	0.9925915542847273	-0.047753555977707245	C8H16O8
309.1095	314.34	0.9925915542847273	-0.12219188903666316	C14H18N2O6
309.1289	245.34	0.9936717390791092	0.024296257113753685	C14H19N3O5,C15H15N7O
259.1048	335.38	0.9925915542847273	-1.0082227367540961	C7H13N3O5
285.0858	161.75	0.9925915542847273	-0.6619246597838985	
259.13	305.15	0.9925915542847273	0.054366212079506836	C11H20N2O5
259.13	310.93	0.9925915542847273	-0.20959301039151923	C11H20N2O5
259.1494	237.7	0.9925915542847273	-0.799806743376133	C11H21N3O4
259.8395	367.45	0.9925915542847273	1.1727665168374324	
310.0911	218.23	0.9925915542847273	0.8767775909311852	C12H12ClN7O
285.7078	1.83	0.9925915542847273	0.31000402102910796	
260.1041	183.08	0.9925915542847273	-0.31558497822554715	C13H15N3O3
240.952	206.94	0.9925915542847273	-0.7162587029056443	
260.8159	152.79	0.9925915542847273	-1.090544827731787	
260.8395	367.45	0.9925915542847273	0.9981050585713196	
286.0683	375.59	0.9925915542847273	-0.2941032010602333	
241.0111	319.72	0.9925915542847273	-1.104662966744835	C6H11O8P
241.0496	277.31	0.9925915542847273	-0.47364501637339496	
286.1887	304.36	0.9925915542847273	-0.12567808651850548	C12H25N5O3
311.2229	28.15	0.9925915542847273	0.9922234322398774	
241.1082	27.1	0.9925915542847273	0.07553563728792316	
261.0551	269.17	0.9925915542847273	0.507385079714035	
261.0923	194.96	0.9925915542847273	-2.4895898486971872	
261.0923	214.82	0.9925915542847273	-0.4229651407517234	C13H12N4S
241.1444	28.02	0.9925915542847273	-0.4062193407472541	
261.8909	153.18	0.9925915542847273	1.8714790821738312	
261.9552	141.7	0.9925915542847273	0.3220001415983344	
261.9552	152.79	0.9925915542847273	0.4964419353694616	
262.0057	256.01	0.9925915542847273	-0.6923382458079784	
262.057	360.88	0.9925915542847273	-1.1068855038183925	C9H13NO8
262.0763	396.23	0.9925915542847273	-0.5500101213430693	C9H14N2O7
312.908	144.98	0.9925915542847273	1.476760547260639	
312.908	146.98	0.9925915542847273	1.0941228225358413	
312.908	150.82	0.9925915542847273	-0.08928820176643233	
287.1477	404.64	0.9925915542847273	-0.11659463907598366	
242.0783	319.07	0.9925915542847273	-1.0539379105668158	C9H13N3O5
242.1145	315.52	0.9925915542847273	-0.6112021533056277	C9H18O7
313.1132	276.92	0.9925915542847273	-0.12348388674394817	
242.1509	408.21	0.9925915542847273	-0.992016786788566	C11H21N3O3
262.9762	222.7	0.9925915542847273	0.9585382117865084	
313.8382	140.91	0.9925915542847273	0.6888472049705867	
313.8382	153.58	0.9925915542847273	1.355878576001644	
242.1761	34.46	0.9925915542847273	-0.12540888838830175	C11H22O3
242.1761	46.93	0.9925915542847273	0.37476369981901797	C13H25NO3
262.9946	1.83	0.9925915542847273	0.3821482160228025	
288.1316	424.59	0.9925915542847273	-1.0199684503476227	
242.8874	1.3	0.9925915542847273	-0.29537700017943996	
263.0973	199.03	0.9925915542847273	-1.8916172355465006	
242.9502	207.07	0.9925915542847273	-0.4097505839321362	
263.8895	153.18	0.9925915542847273	-0.13238659329604663	
288.888	279.94	0.9925915542847273	-0.25452139871134744	
288.9691	300.95	0.9925915542847273	-0.9328781043542622	
243.0823	318.67	0.9925915542847273	-1.8137381673362827	C9H13N3O5
243.0986	357.34	0.9925915542847273	-0.24485446707019523	C8H13NO5
289.0101	420.91	0.9925915542847273	0.49086376325335973	
289.0445	321.69	0.9925915542847273	-1.4128362503050456	
289.0679	362.33	0.9925915542847273	-0.717408680184633	C10H14N2O8
289.0874	195.22	0.9925915542847273	-0.34493323795489217	C10H12N4O6,C10H12N4O6
264.9503	141.44	0.9925915542847273	1.4308461372310748	
264.9503	152.92	0.9925915542847273	0.08988739839971838	
289.1156	404.24	0.9925915542847273	-0.5030134600151481	
289.5118	421.04	0.9925915542847273	-0.156499902133944	
265.0251	208.12	0.9925915542847273	-0.454621084400481	
315.1313	240.32	0.9925915542847273	0.960892131338454	
315.1368	27.1	0.9925915542847273	-0.22289293876145377	C17H26O3
265.0831	261.26	0.9925915542847273	-0.4648681190340715	C12H14N2O5
265.0943	273.11	0.9925915542847273	-0.42403403556650593	C11H14N4O4
265.1195	155.28	0.9937485801486088	-0.019244514445898028	C13H18N2O4
290.0714	362.33	0.9925915542847273	-1.3202005563254802	C10H14N2O8
290.0884	267.46	0.9925915542847273	-0.5944035359924953	C12H13N5O4,C11H17NO8
323.9005	153.97	0.9925915542847273	1.6838430168725864	
315.9694	420.78	0.9925915542847273	-1.597376929921907	
266.1515	25.53	0.9925915542847273	-0.7865736068726672	
266.804	141.44	0.9925915542847273	0.5975818912772425	
266.804	152.92	0.9925915542847273	0.8566922233705428	
316.1165	319.2	0.9925915542847273	-1.3058863642158889	C12H19N3O7
316.14	27.1	0.9925915542847273	-1.1864051372151136	C17H26O3
316.1626	430.27	0.9925915542847273	-0.4829949400590835	
324.9136	206.68	0.9925915542847273	-1.5545919347485122	
291.0488	282.69	0.9925915542847273	-1.2344525856066906	
291.0836	341.45	0.9925915542847273	-0.12209768869369142	C10H16N2O8
316.833	153.58	0.9925915542847273	1.3376468243733801	
325.0339	364.3	0.9925915542847273	1.2244947532931734	
325.0906	192.2	0.9925915542847273	-1.0892464709464051	
267.0988	233.89	0.9925915542847273	-0.18320375042904294	C12H16N2O5
292.0109	222.04	0.9925915542847273	1.3072123850815252	C7H15Cl2N2O4P
316.9699	420.78	0.9925915542847273	-1.1599383905775362	
292.0871	341.32	0.9925915542847273	0.04891827547362568	C10H16N2O8
292.1305	193.52	0.9925915542847273	-0.4642248188386545	
292.1669	276.13	0.9925915542847273	-0.48047356975388844	C15H23N3O3
316.9963	208.65	0.9925915542847273	0.05447805271877669	
317.0991	349.46	0.9925915542847273	-1.8368546443318214	
292.8653	153.58	0.9925915542847273	1.3026008478879267	
317.1186	194.7	0.9925915542847273	-1.559660795751472	
317.1186	319.2	0.9925915542847273	-1.007970048055965	C12H19N3O7
268.0771	137.99	0.9925915542847273	0.2807499555779365	C9H16O9,C10H12N4O5
268.1022	234.15	0.9925915542847273	-0.27393500972440277	C12H16N2O5
317.1608	27.37	0.9925915542847273	-1.7253254349405374	C19H23ClN2
317.4688	420.78	0.9925915542847273	-1.0036966978687272	
268.8011	141.57	0.9925915542847273	0.7751659341377903	
268.8011	152.66	0.9925915542847273	0.20356709903816442	
326.9888	324.06	0.9926545653612734	0.031462029500548175	
326.9888	327.6	0.9925915542847273	-0.25116481266130997	
317.953	40.5	0.9925915542847273	-0.9014941944339667	
317.953	44.57	0.9925915542847273	-0.5991115111394965	
269.0421	28.02	0.9925915542847273	1.2063146072008146	
318.0611	171.89	0.9925915542847273	-0.8710342905456232	C10H13N5O5
292.9832	28.02	0.9925915542847273	0.6499172032738558	
269.1397	29.2	0.9925915542847273	1.2062658216725415	C15H18N4O
293.0119	222.04	0.9925915542847273	-0.12027105804684622	
293.045	306.07	0.9925915542847273	1.441891800177975	
293.045	391.21	0.9925915542847273	-1.8568818299572374	
293.0634	364.69	0.9925915542847273	-0.3675201644454709	C12H14N2O4
318.83	153.58	0.9925915542847273	1.2035363370621448	
293.1145	284.53	0.9994298696085511	0.0019511968425857948	C14H18N2O5
294.1097	256.53	0.9925915542847273	-0.3757442224285158	C13H17N3O5
294.1179	284.4	0.9925915542847273	-0.1634623587576636	C14H18N2O5
318.98	274.03	0.9925915542847273	-0.0799307359230068	
294.8621	153.58	0.9925915542847273	1.3246818618091094	
295.0936	317.62	0.9925915542847273	-0.5267110040781318	C13H16N2O6,C12H25I
295.1128	256.67	0.9925915542847273	-0.4292051649296255	C13H17N3O5
319.8272	140.78	0.9925915542847273	0.5120203765694247	
319.8272	153.58	0.9925915542847273	1.2452714615071112	
295.2279	28.02	0.9925915542847273	-0.36781635937725865	C18H32O3
295.7366	1.04	0.9925915542847273	-1.2506144880478027	
330.123	194.57	0.9925915542847273	0.4173544778502107	
295.8274	153.97	0.9925915542847273	2.2059894323646456	
351.1318	272.32	0.9925915542847273	-0.40027792141574203	
320.0271	276.92	0.9925915542847273	-0.547885358349703	
330.9191	141.44	0.9925915542847273	1.232510949271877	
330.9191	150.53	0.9925915542847273	-0.24235260141902476	
330.9191	152.79	0.9925915542847273	0.5274703395005634	
320.1727	244.03	0.9925915542847273	-0.2697809587853242	
320.8275	153.45	0.9925915542847273	0.9313616999338258	
330.956	204.44	0.9925915542847273	0.8309730838807508	
330.956	210.62	0.9925915542847273	0.5434358776976982	
331.109	195.09	0.9925915542847273	-0.12026686340849764	C18H13NO3
331.109	214.56	0.9925915542847273	1.4918500133005574	
331.1261	258.24	0.9925915542847273	-0.7408266600591066	C10H17N3O7
331.1261	369.55	0.9925915542847273	0.328195079261534	C10H17N3O7
331.1261	383.6	0.9925915542847273	0.44360131228823146	
321.0168	163.98	0.9925915542847273	-1.2449307468018191	
321.0168	166.64	0.9925915542847273	-2.4532892605727885	
321.0234	276.92	0.9925915542847273	-0.53345909329252	
352.945	206.68	0.9925915542847273	-1.059011133679622	
352.997	341.45	0.9925915542847273	-0.3563549584870191	C10H12N4O6S
321.824	140.91	0.9925915542847273	-0.6184190919588796	
321.824	153.45	0.9925915542847273	-0.9796570315608389	
377.8918	255.59	0.9925915542847273	-1.1847681693136767	
321.9033	154.37	0.9925915542847273	1.4463572662372053	
353.0492	36.69	0.9925915542847273	0.10900401548008284	
378.0978	288.87	0.9925915542847273	0.34212522454697497	C16H21NO5S
322.0091	192.2	0.9925915542847273	-0.8468145276897897	
322.0091	196.67	0.9926545653612734	0.029613406711323922	
353.9484	206.68	0.9925915542847273	-2.219476899237085	
332.1253	282.43	0.9925915542847273	-0.255036176831666	C16H19N3O5
354.0525	36.69	0.9925915542847273	-0.06597670053133435	
354.0614	388.32	0.9925915542847273	0.809639653170657	
354.0726	319.2	0.9925915542847273	0.09820500862108908	C12H19N3O7
378.994	276.65	0.9925915542847273	-0.22087597496152264	
332.9529	204.71	0.9925915542847273	-1.6568041084535527	
332.9529	210.09	0.9925915542847273	-0.7010077758131086	
379.0484	301.21	0.9925915542847273	-0.49144028581899	
354.9429	206.94	0.9925915542847273	-0.8671542091002258	
354.9938	341.45	0.9925915542847273	-0.3890768843946743	
379.1459	194.83	0.9925915542847273	-1.1524836953846707	
379.1459	214.69	0.9925915542847273	0.5800217673129868	
333.0428	293.46	0.9925915542847273	-0.16972410041245142	
333.0594	352.61	0.9925915542847273	0.30985535906077466	C9H19O11P
333.1069	174.39	0.9925915542847273	-0.9979098897776373	
333.1069	178.59	0.9925915542847273	-0.5477593270969747	
333.124	195.22	0.9926545653612734	-0.033935632154633605	C22H16O3,C16H22Cl2N2O
355.0446	36.82	0.9925915542847273	0.8942837076225607	
333.7997	153.71	0.9925915542847273	0.24130109168921648	
355.065	388.32	0.9925915542847273	0.7889186522522972	
355.0761	319.07	0.9925915542847273	-0.0500690347737103	C12H19N3O7
409.2362	29.2	0.9925915542847273	-0.26794158654086403	
409.2362	31.3	0.9925915542847273	0.7673010318781431	
355.8549	281.91	0.9925915542847273	0.29253385015864547	
380.885	3.01	0.9925915542847273	-1.2088448978161515	
334.0629	352.61	0.9925915542847273	0.21958276696176648	C9H19O11P
355.9961	341.45	0.9925915542847273	-1.3134234511874074	
334.7983	367.58	0.9925915542847273	1.558539950070652	
382.1006	303.44	0.9925915542847273	-0.766406337396515	C14H17N5O8
357.0619	165.43	0.9994298696085511	0.0007448153048234015	C18H14O8
357.0619	170.18	0.9925915542847273	0.18998322291605227	C18H14O8
382.9953	310.53	0.9925915542847273	0.5207869944533035	
412.9995	314.86	0.9925915542847273	-0.3743657936495679	
335.0223	315.0	0.9925915542847273	-0.23626132939516087	C12H11ClN2O5S
383.1042	303.44	0.9925915542847273	-0.8942135674040542	C14H17N5O8
335.0639	352.74	0.9925915542847273	0.2881800148816208	
383.1495	275.21	0.9925915542847273	0.4027579692553843	
335.0906	36.29	0.9925915542847273	1.1902060748815382	C14H20O7
335.1311	195.09	0.9925915542847273	-0.6124502779360363	C22H16O3,C16H22Cl2N2O
335.1363	234.94	0.9925915542847273	-0.4301298599050006	C14H24O9
413.1237	357.2	0.9925915542847273	-0.6189852307026217	C22H22O8
335.7966	153.71	0.9925915542847273	0.5174470217850191	
357.8796	153.71	0.9925915542847273	1.4673198266460543	
383.8844	29.47	0.9925915542847273	-1.7989271422935895	
413.9049	204.05	0.9988926184225716	0.0068137747565709976	
336.1232	194.83	0.9925915542847273	-0.10860835693264896	
336.1365	195.09	0.9925915542847273	-1.5857818341174097	C16H20FN3O4,C19H19N3O3,C18H24ClNO3
336.8373	367.97	0.9925915542847273	2.1466981924576185	
415.1068	24.87	0.9925915542847273	-1.6967621202606689	
358.9463	227.95	0.9925915542847273	-1.4337810185636541	
358.9948	222.04	0.9925915542847273	1.0901834428423551	
337.0825	374.41	0.9925915542847273	1.227841280667562	
337.0875	36.03	0.9925915542847273	-0.32130306583372553	
337.1429	25.0	0.9925915542847273	-0.397460260435671	C15H26O6,C16H22N4O2
337.7937	140.91	0.9925915542847273	0.42975710832940345	
337.7937	143.54	0.9925915542847273	0.5307681090292085	
337.7937	153.58	0.9925915542847273	0.5755154728367508	
386.0337	345.12	0.9925915542847273	0.9017944247646789	
359.8773	153.58	0.9925915542847273	1.4277864195027679	
360.1602	120.99	0.9937485801486088	-0.018463608935648922	
338.9292	206.68	0.9925915542847273	-1.80702213687001	
361.0438	209.7	0.9925915542847273	0.5062592043994508	
387.2083	194.57	0.9925915542847273	0.04817281685662543	C24H30O2S
361.0742	231.53	0.9925915542847273	-0.3793723930582891	
338.9878	320.38	0.9925915542847273	-0.16052589464798672	C6H14O12P2,C6H14O12P2
339.0793	212.59	0.9925915542847273	0.11329781378305338	
388.0141	298.85	0.9925915542847273	-0.7452598608498545	
339.1375	25.0	0.9925915542847273	-0.48418253514630166	
339.1375	215.34	0.9925915542847273	0.392524955616093	
388.0296	222.04	0.9925915542847273	0.9619468541434144	
362.1899	25.0	0.9925915542847273	-0.8084611688135738	
339.9327	206.94	0.9925915542847273	-1.144403681792623	
363.054	295.43	0.9925915542847273	-0.43371187617940116	
389.0149	298.58	0.9925915542847273	-0.6293317595945894	
389.0309	222.57	0.9925915542847273	1.4954752677990724	
363.1834	25.0	0.9925915542847273	-0.45738228524426566	C21H24N4O2
340.9271	206.68	0.9925915542847273	-0.6254849112165214	
389.5164	355.24	0.9925915542847273	0.4721394498767374	
389.5164	356.55	0.9925915542847273	0.32464300931818996	
390.2401	24.87	0.9925915542847273	1.9210892131753043	
390.8941	204.44	0.9925915542847273	-0.6496095311080503	
390.8941	210.22	0.9925915542847273	-2.7467540169448523	C11H9Cl5O3,C10H9Cl4O4P
364.0878	171.5	0.9925915542847273	-1.1548432414215368	
418.8597	154.76	0.9925915542847273	-1.0202508732880813	
341.9663	28.42	0.9925915542847273	0.7843632788917617	
342.1366	195.22	0.9925915542847273	-0.8670069360274393	
418.9741	204.84	0.9925915542847273	-1.5543594166351806	C14H14Cl3O6P
418.9741	209.7	0.9925915542847273	-1.3136051709233676	
391.0849	231.39	0.9925915542847273	-0.9880838405793827	
391.2436	24.87	0.9925915542847273	1.0886737082139664	
419.9132	228.48	0.9925915542847273	-0.053874158827199016	
420.1114	386.49	0.9925915542847273	-0.2750360002182682	
420.1114	389.24	0.9925915542847273	-0.22948254834807796	
392.0689	182.42	0.9925915542847273	-0.36686384966616176	
343.0912	348.01	0.9925915542847273	1.369306393762919	
343.1299	162.67	0.9925915542847273	-0.444787958372391	C18H20N2O5
421.2273	24.48	0.9925915542847273	1.3277078879803283	C20H38O7S
366.1505	214.95	0.9925915542847273	-0.22683694006634503	
422.2566	25.0	0.9925915542847273	-2.351151202334863	
344.9304	218.89	0.9925915542847273	-1.671177598972954	C8H11Cl3O7
344.9304	228.08	0.9925915542847273	-0.7139481133449774	
422.8908	206.94	0.9925915542847273	-4.848218140843488	
394.162	157.68	0.9925915542847273	-0.4282357739970186	C19H21N7O3
346.0667	207.46	0.9925915542847273	-0.6164263118323087	C19H19NOS
424.155	130.08	0.9925915542847273	-0.06299626425973787	C22H24ClN5O2
368.8576	204.58	0.9925915542847273	1.1359974085836875	
368.8576	210.35	0.9925915542847273	-1.0734402559400769	
395.0582	173.6	0.9925915542847273	0.2728774757467911	
368.912	204.58	0.9926545653612734	0.031033209630262012	
368.912	210.09	0.9925915542847273	0.14556191473466243	C11H9Cl5O3,C10H9Cl4O4P
347.0401	317.1	0.9925915542847273	-0.06282947884398887	C10H13N4O8P,C9H17O12P
369.0386	367.18	0.9925915542847273	-0.4367367694670238	
347.0697	364.56	0.9925915542847273	0.2259332811691432	
347.0697	369.42	0.9925915542847273	-0.5063117674592659	
347.0751	235.86	0.9925915542847273	-0.911986339645141	C11H20O10,C12H16N4O6
347.1209	280.99	0.9925915542847273	0.4380477788136706	
425.0692	178.72	0.9975394218192483	-0.00991827663397932	C19H16F2O9
369.9621	245.74	0.9925915542847273	-0.13074727733652303	
348.1743	25.0	0.9925915542847273	-0.8658631566167873	C16H28O8
348.8952	321.04	0.9925915542847273	-0.5580404858573342	
426.9333	219.02	0.9925915542847273	-1.1575242459852124	
426.9333	227.29	0.9925915542847273	-0.14541860577032825	
348.9914	1.96	0.9925915542847273	0.5119220437032	
427.015	313.81	0.9925915542847273	-0.5305311034739594	C17H12Cl3N5O2
398.0045	276.65	0.9925915542847273	-0.4667687304691817	
442.1832	173.86	0.9925915542847273	0.31980246744173696	C23H29ClO6
428.8787	204.44	0.9925915542847273	0.09868882519013557	
428.8787	210.22	0.9925915542847273	-1.1056744433413919	
428.9306	205.1	0.9925915542847273	-0.6052982340524937	
428.9306	209.83	0.9925915542847273	-1.0089849068311287	
429.0173	364.69	0.9925915542847273	1.3693063937629166	
373.0104	222.04	0.9925915542847273	1.1074449811077693	
429.1944	27.37	0.9925915542847273	0.06741742695413953	C22H26O8
443.0912	164.38	0.9925915542847273	-0.3888284497538898	
373.1925	215.08	0.9925915542847273	-0.4160178659471897	C24H26N2O2
443.2476	24.35	0.9925915542847273	0.1658456595851056	
430.0516	194.57	0.9925915542847273	-0.43893807549393493	
430.0516	214.56	0.9925915542847273	0.3633436986964356	
399.0463	349.2	0.9925915542847273	-0.9201751995726769	C18H12N2O9
399.1443	307.51	0.9925915542847273	-0.7291185638722184	C22H24O7
399.1443	312.11	0.9925915542847273	-0.6927611139172867	C22H24O7
399.1443	317.88	0.9925915542847273	-1.7357815938254766	C22H24O7
374.0139	222.17	0.9925915542847273	0.9906362654575829	
374.1756	107.27	0.9925915542847273	-0.34477881887389566	
444.2496	24.35	0.9925915542847273	0.1890194525252149	
431.195	27.37	0.9925915542847273	0.27057238641470566	
401.0053	310.53	0.9925915542847273	0.5092669264918752	
374.9199	212.06	0.9925915542847273	-2.6866891744190533	
445.0532	365.87	0.9925915542847273	-0.9385766183281197	C11H20N4O11P2
432.0673	194.57	0.9925915542847273	-0.9181473442416185	
375.015	222.3	0.9925915542847273	1.4274040592076231	
375.1523	364.95	0.9925915542847273	-0.4851156617712338	C12H21N3O8
446.8349	204.31	0.9925915542847273	-0.20873245673651694	
446.8349	210.09	0.9925915542847273	0.558993501357784	
402.9952	420.91	0.9925915542847273	-0.17214402619951438	C9H14N2O12P2
376.2515	24.87	0.9925915542847273	0.05569137613924375	
434.0772	194.57	0.9925915542847273	-1.977003538734182	
376.8347	321.69	0.9925915542847273	0.5893664691335686	
376.9855	28.02	0.9925915542847273	0.6551923379441558	
377.0177	208.52	0.9925915542847273	-0.398570748627483	
377.0455	161.75	0.9925915542847273	0.27027687876818596	
377.0691	260.08	0.9925915542847273	-0.25653082397125226	
435.0684	194.7	0.9925915542847273	-1.1023569620463418	
404.9514	227.95	0.9925915542847273	-1.164996709402132	
436.2724	24.87	0.9925915542847273	-0.07667892226789604	C19H39O6P
479.9849	310.27	0.9925915542847273	0.607520412141746	
436.8699	228.61	0.9988926184225716	0.005474325962286175	
436.9063	206.68	0.9925915542847273	-1.264276815793888	
406.0013	319.72	0.9925915542847273	1.0348197512850799	
437.072	194.7	0.9925915542847273	-0.9417781791690691	
437.1874	194.96	0.9925915542847273	-1.176885644380094	
437.1874	198.37	0.9925915542847273	-0.2782098647081221	
406.8679	204.97	0.9925915542847273	0.7065592607762781	
406.8679	209.3	0.9925915542847273	-1.4213533774138751	C11H9Cl5O3,C10H9Cl4O4P
437.9097	206.68	0.9925915542847273	-1.9018476557184918	
450.8608	204.44	0.9925915542847273	-0.1586079737273693	
450.8608	210.62	0.9925915542847273	-1.5673574061989655	
450.9221	206.94	0.9925915542847273	-1.733752045366049	
438.9043	206.68	0.9925915542847273	-0.6059835141344445	
484.3059	25.66	0.9925915542847273	-0.2092902383149747	C29H43NO5
485.0038	219.81	0.9925915542847273	-1.270473012402401	
451.9254	206.55	0.9925915542847273	-0.9802500754478195	
452.0495	320.12	0.9925915542847273	0.04593204015497054	C19H17ClFN3O5S
440.1325	314.6	0.9925915542847273	-0.37208064468861013	C19H19N7O6,C19H27N3O5S2,C19H19N7O6
485.3382	128.25	0.9925915542847273	0.8201121061254933	
440.8949	227.95	0.9925915542847273	-0.14129638458645513	
440.9084	29.2	0.9925915542847273	-2.9063205762286395	
486.3416	128.11	0.9925915542847273	0.48130810531764123	
440.9492	219.02	0.9925915542847273	0.0443811668364234	
440.9492	227.56	0.9925915542847273	-0.6159131444004614	
440.9979	222.04	0.9925915542847273	1.061049679040889	
441.064	234.28	0.9925915542847273	-0.4052910178819375	
613.1408	365.61	0.9925915542847273	-0.5758560919148651	C20H31N4O16P,C20H31N4O16P
452.9201	206.94	0.9925915542847273	-1.1577222829615736	
534.8836	206.68	0.9925915542847273	-1.6704639922260336	
535.0375	362.33	0.9925915542847273	-0.8636317947456362	C14H22N2O16P2
614.144	365.74	0.9925915542847273	-1.0832042516743716	C20H31N4O16P,C20H31N4O16P
536.8817	206.55	0.9925915542847273	-1.5617558877639373	
537.0169	222.17	0.9925915542847273	1.1991698866394225	
619.0202	222.17	0.9925915542847273	1.4074527645984423	
489.2779	23.03	0.9925915542847273	-0.4273241821654268	
620.0236	222.17	0.9925915542847273	0.6662765994356716	
620.9679	370.73	0.9925915542847273	-0.39763972932343894	
490.2814	23.03	0.9925915542847273	-0.30310750884848026	
538.0202	222.43	0.9925915542847273	2.322298838245348	
539.0217	222.57	0.9925915542847273	0.8288789283595275	
628.057	356.15	0.9926545653612734	0.03606104642140441	
629.0602	355.89	0.9925915542847273	-0.24581465503919153	
455.0136	222.17	0.9925915542847273	1.228939158418771	
540.0543	347.49	0.9925915542847273	-0.5997899847358666	C15H21N5O13P2,C28H22Cl3NO4
455.0466	260.21	0.9925915542847273	-0.09364429754663188	
630.9024	206.41	0.9925915542847273	-2.971340970286642	
630.9024	207.33	0.9925915542847273	0.08106536532887917	
456.0171	222.04	0.9925915542847273	0.6540030771492836	
456.1641	349.46	0.9925915542847273	0.5714367938804265	C20H23N7O6,C20H23N7O6
632.8609	206.94	0.9925915542847273	-1.5748891646136216	
633.0359	222.04	0.9925915542847273	0.7894356032257369	
494.9081	211.8	0.9925915542847273	-0.4463469351108809	
634.0392	222.57	0.9925915542847273	0.1945137075721403	
457.0185	222.43	0.9925915542847273	0.7939384978701397	
457.2261	25.0	0.9925915542847273	0.30523663750594937	
457.2261	26.97	0.9925915542847273	0.2282746604790819	C23H38O7S,C27H30N4O3
635.0409	222.17	0.9925915542847273	0.6287486971274352	
496.9861	264.41	0.9925915542847273	-0.35660542272302814	
548.8994	206.94	0.9925915542847273	-1.9626749107376824	
459.2266	26.97	0.9925915542847273	0.2453485748363385	
549.9026	206.68	0.9925915542847273	-1.445011140403243	
550.0266	320.25	0.9925915542847273	0.5536044210869301	
646.8768	206.94	0.9925915542847273	-1.1678814878011043	
647.8797	207.2	0.9925915542847273	1.563970786090697	
550.8976	207.07	0.9925915542847273	-1.8348964877496166	
551.0325	222.57	0.9925915542847273	0.7369003278564455	
648.8754	206.81	0.9925915542847273	-1.0467388907093587	
460.0277	335.64	0.9925915542847273	-1.0674025320884273	
552.036	222.57	0.9925915542847273	0.7083898652976214	
500.916	227.95	0.9925915542847273	-0.35523398611375	
500.9707	219.28	0.9925915542847273	-1.6248997771874056	
500.9707	227.56	0.9925915542847273	-0.7999997661476967	
501.7535	2.62	0.9925915542847273	-1.4861488301927488	
502.0109	302.92	0.9925915542847273	0.5666610388144112	
553.0376	222.3	0.9925915542847273	0.7927944967109918	
554.3466	131.56	0.9925915542847273	-0.9165806214189223	C33H49NO6
504.845	204.97	0.9925915542847273	-0.12050667144942843	
504.845	208.38	0.9925915542847273	0.2015916390072453	
662.1029	347.49	0.9925915542847273	-0.4150377144330408	C21H27N7O14P2,C21H27N7O14P2
664.1184	319.59	0.9925915542847273	-0.08404559165126464	C21H29N7O14P2
465.1418	292.54	0.9925915542847273	-1.6509002462313285	
465.1418	296.35	0.9925915542847273	-2.012849691842569	
465.1418	303.05	0.9925915542847273	-1.974676513399136	
687.0078	222.04	0.9925915542847273	0.7427445399259931	
465.9911	298.98	0.9925915542847273	0.15728031486109167	
466.8345	204.58	0.9925915542847273	0.7814485428284441	
466.8345	209.7	0.9925915542847273	0.5630187243267377	
466.8889	204.84	0.9925915542847273	0.6096830942641914	
466.8889	209.3	0.9925915542847273	-0.10551564795758381	
510.8818	204.44	0.9925915542847273	0.8797920291009708	
510.8818	210.62	0.9925915542847273	0.7345361435661977	
701.0238	222.17	0.9925915542847273	0.9182433245918222	
702.027	222.04	0.9925915542847273	0.8229513657540868	
563.3616	129.69	0.9925915542847273	-0.30199149786407004	
715.0395	222.3	0.9925915542847273	0.5185998241816935	
716.0429	222.04	0.9925915542847273	1.7073047153839076	
717.0446	221.91	0.9925915542847273	1.0419323786814971	
469.029	222.17	0.9925915542847273	0.9325520699842209	
513.3693	129.69	0.9925915542847273	1.1640983701771743	
564.8662	205.36	0.9925915542847273	0.2615314002802698	
564.8662	209.04	0.9925915542847273	-0.521446927089993	
565.048	370.73	0.9925915542847273	-0.7316726969316203	C15H24N2O17P2
470.0326	222.17	0.9925915542847273	0.7249058113630957	
740.5478	28.28	0.9925915542847273	0.22733508511646514	
566.0515	370.73	0.9925915542847273	-0.7028524528579437	C15H24N2O17P2
744.8542	206.94	0.9925915542847273	-1.5541817799375328	
471.034	222.17	0.9925915542847273	1.6908615910856646	
567.053	370.73	0.9925915542847273	-0.7677785617456986	C15H24N2O17P2
568.2055	299.11	0.9925915542847273	0.6356377520073374	
761.3694	129.95	0.9925915542847273	-0.5573608360026198	
518.872	228.34	0.9925915542847273	-0.29816188830592816	
518.9093	205.89	0.9925915542847273	-1.4313101560975168	
518.9093	208.65	0.9925915542847273	-1.6691701302364546	
783.0272	222.17	0.9925915542847273	0.7246358720408131	
474.0313	319.46	0.9925915542847273	-0.3021207944841029	C19H17ClFN3O5S
572.1473	403.85	0.9925915542847273	-1.2146833870228864	
572.1473	410.31	0.9925915542847273	0.8258589633082847	
797.0427	222.04	0.9925915542847273	1.0821354385436819	
798.0458	222.3	0.9925915542847273	0.17230841308192704	
574.3939	129.69	0.9925915542847273	1.2632741176944327	
474.9819	276.65	0.9925915542847273	0.3581723376452843	C20H15Cl3N2OS,C6H20N2O12P4
475.1902	251.65	0.9925915542847273	-0.6913417835938246	
522.8979	219.02	0.9925915542847273	0.4077626154920263	
522.8979	227.29	0.9925915542847273	-0.6772504472250773	
522.9524	219.28	0.9925915542847273	0.7694649106787375	
522.9524	227.16	0.9925915542847273	-0.5626917664031447	
523.0011	221.91	0.9925915542847273	0.7693220087116815	
523.8485	6.85	0.9925915542847273	-2.373308134002467	
578.8931	218.89	0.9925915542847273	-0.4300580132753955	
578.8931	228.21	0.9925915542847273	0.24811322894843038	
579.0276	420.78	0.9925915542847273	-0.8550557832545665	C15H22N2O18P2,C15H22N2O18P2
833.52	127.98	0.9925915542847273	0.2516344347284358	
580.031	420.78	0.9925915542847273	-0.9074477258356926	C15H22N2O18P2,C15H22N2O18P2
861.5511	127.06	0.9925915542847273	-0.21811725294285833	C45H83O13P,C45H83O13P
582.9191	219.02	0.9925915542847273	-1.5057442265332563	
582.9191	227.56	0.9925915542847273	-1.950477548063795	
865.0297	222.04	0.9925915542847273	0.9896493567010969	
879.0461	222.3	0.9925915542847273	0.06345323276273318	
526.9071	205.1	0.9925915542847273	-1.6089358552781314	
526.9071	209.04	0.9925915542847273	-1.5829913275418628	
585.4319	24.35	0.9925915542847273	0.15446110703698585	
961.048	222.43	0.9925915542847273	-1.0624421580968653	
586.4001	129.69	0.9925915542847273	1.405843209711069	
587.0304	370.73	0.9925915542847273	-0.5905892319553527	C15H24N2O17P2
587.4066	129.69	0.9925915542847273	0.7337877375507083	
588.0336	370.73	0.9925915542847273	-1.3083715494532062	C15H24N2O17P2
588.0757	378.48	0.9925915542847273	-1.3180293088879178	C16H25N5O15P2
588.41	129.69	0.9925915542847273	0.5521598376437443	
589.4126	129.3	0.9925915542847273	0.7173166964836952	
597.3051	165.3	0.9925915542847273	-0.1609518536881313	C27H51O12P
601.009	420.91	0.9925915542847273	-1.9348840862095138	C15H22N2O18P2,C15H22N2O18P2
604.9558	219.28	0.9925915542847273	0.5439588351164512	
604.9558	227.03	0.9925915542847273	-0.04699681405577313	
605.0045	222.04	0.9925915542847273	0.7215494674873929	
606.075	355.89	0.9925915542847273	-0.5344191312604674	
607.0782	355.76	0.9925915542847273	-0.5336208473135815	
608.08	355.89	0.9925915542847273	-0.6803836609353588	
611.1452	446.64	0.9925915542847273	-0.5745012967972452	C20H32N6O12S2
