m/z	rtime	p-value	t-score	custom_id
113.9879	21.75	0.9836336518898338	-0.10206967124480648	
114.0164	22.8	0.6279430024177781	2.334975431172912	
170.9435	22.02	0.7081215234326157	1.0977276867811605	
114.9887	21.75	0.985794918351047	0.0793956328559685	
264.9346	22.8	0.6909465604590822	1.343887594622251	
265.148	36.79	0.6079994675234356	-2.423751021328684	
265.9508	22.02	0.803526082719948	-0.6923745316217935	
266.1515	36.79	0.5973461504536624	-2.5283911712851737	C15H22O4
267.0089	188.17	0.8593100551198476	0.46051153084189006	
267.0089	193.68	0.6909465604590822	-1.6716652937910048	
267.0089	219.52	0.880645461376332	0.38228247165775975	
216.9282	1.57	0.7695476497531183	0.8561279898641363	
216.9644	2.88	0.8224382844121636	-0.5935616421206649	
216.9888	266.55	0.8415011319721635	-0.5201931274184238	
216.9888	267.73	0.9572035350259603	0.16577973994457523	
216.9888	268.92	0.9942868334049006	-0.030082496242794375	
216.9888	275.78	0.8852690180716625	0.36785048182559194	
216.9888	277.62	0.8956527305790485	0.3378932554657481	
216.9888	280.38	0.6935960519440304	-1.2281186564678985	
268.9544	23.2	0.803526082719948	0.6958180068382491	
268.9841	26.24	0.6372743798243352	-2.125526527499029	
217.0125	219.65	0.7081215234326157	-1.1007372172072234	
217.0125	419.12	0.7834805500325969	0.8024030428600887	
217.0125	424.11	0.7199525465832141	1.0439974153946694	
217.0125	430.97	0.9915444296888974	-0.04905804373303693	
217.0125	634.11	0.7456017339193874	0.9437964591682374	
269.249	199.1	0.8690529282380367	-0.4365135769491084	C17H34O2
269.9866	26.24	0.6772471548755077	-1.7664263548833123	
218.9864	25.04	0.8852690180716625	-0.367375530694187	
219.0082	156.81	0.8906030734833572	-0.3493018013908785	
219.0082	189.35	0.6772471548755077	-1.7437508532398833	
219.0082	286.96	0.9175474339913354	0.2782276452616144	
219.1023	34.14	0.00029790262720943544	121.84211701776717	
221.0526	22.15	0.6909465604590822	1.3174763701156649	
274.8909	25.56	0.7348024414668178	0.9755867196757264	
274.8909	27.42	0.7834805500325969	0.8091231388672498	
221.1543	58.25	0.6909465604590822	-1.2651972193837278	C14H24O3,C14H22O2
174.9464	1.57	0.803526082719948	0.7151538717002465	
223.0498	22.15	0.6909465604590822	1.2659762954625684	
276.0177	24.51	0.7257828118167292	1.0105846642120282	
277.1445	34.27	0.7919650007502524	0.7832911220437514	C16H24O5,C16H22O4
177.0187	41.65	0.7834805500325969	0.8103227776531361	
278.8979	2.48	0.739292282744983	0.957019085606614	
278.9604	163.51	0.7559953695750143	0.9016535479642531	
278.9604	230.98	0.6427232800039633	2.053594740144974	
278.9604	233.35	0.6982621479828828	1.2059397451371827	
278.9604	240.21	0.6909465604590822	1.325857038744204	
278.9604	244.02	0.6683799033149412	1.9252310365686567	
225.0149	188.56	0.9551969149243579	0.1694165660251125	
225.0149	195.0	0.6909465604590822	1.4317749892993477	
225.0149	196.47	0.9836336518898338	0.1020289521155475	
225.0149	198.05	0.803526082719948	-0.6845988938396844	
225.0149	201.49	0.96917484305607	-0.13089870654376082	
280.2645	262.88	0.6909465604590822	-1.3786306203697951	C18H37NO2,C18H35NO
281.0244	188.82	0.9942868334049006	-0.013745277991746447	
128.8798	183.68	0.5780085886309885	2.604345781068152	
281.2486	193.95	0.6909465604590822	-1.4766216069680766	C18H34O2,C18H36O3
128.9585	22.67	0.5780085886309885	2.594265035604991	
281.8725	0.78	0.8472457384773712	0.4986358475397663	
178.9723	1.96	0.7262056251605101	1.005942850184643	
282.2521	194.08	0.6909465604590822	-1.6807652271542948	C18H34O2
282.2802	286.83	0.6772471548755077	-1.8718228256513165	C18H37NO,C18H39NO2
226.9658	23.07	0.9836336518898338	0.09935337152834388	
283.1105	31.39	0.6909465604590822	1.2991887567774223	C15H20O3
283.1105	156.81	0.7559953695750143	0.9034821317490884	C15H20O3
283.2836	286.83	0.6772471548755077	-1.7655289221451813	C18H37NO
227.0129	193.29	0.9942868334049006	-0.024140479770528772	
227.0129	201.35	0.9922108955258231	0.04629592637180514	
180.0152	25.04	0.5341916491844207	2.9084504328078182	
284.9248	19.9	0.7081215234326157	1.0966877503752905	
130.0864	1.83	0.8991659420339576	0.3269781339609593	
130.0864	23.72	0.723890568145537	1.0224687723163288	
227.9665	22.94	0.880106608787337	0.38989538390439954	
130.9565	22.94	0.917558337851791	-0.2724407833268088	
181.0008	22.94	0.6935960519440304	1.2187569366943023	
228.9633	23.07	0.9286045363716271	0.24214449530261148	
181.063	23.07	0.168273838821254	6.618973418503851	C7H14O3
181.0711	22.02	0.6909465604590822	1.441464866479614	
181.9466	1.04	0.7081215234326157	1.1011453294291442	
181.9758	21.62	0.8656774366593448	-0.4468937941062269	
133.0133	1.7	0.8988072175720901	0.33160786870650955	
230.9865	25.69	0.9522942074375774	0.1784714628117024	
134.0462	22.94	0.6336086408820885	2.1957934680189832	C4H9NO4
231.0815	21.89	0.6427232800039633	2.052691213192882	
290.9878	22.02	0.9915444296888974	0.04920027777874752	
183.1385	35.59	0.42551326930002925	-3.4561907419334608	C11H20O2,C11H22O3
135.0302	22.15	0.9942868334049006	-0.0201822413049431	
135.0442	24.64	0.2767161678514721	-4.667325597732099	
135.0442	27.03	0.21945301993586794	-5.620870798493396	
232.9865	21.23	0.803526082719948	-0.6818770988989203	
184.8759	0.78	0.7899048302128092	0.7883727451484673	
292.9133	2.22	0.7968031961147641	0.7309469186968043	
292.9832	36.27	0.6224965847044254	-2.37786358935847	
293.0042	22.41	0.6909465604590822	-1.4947509313904395	
136.8908	0.78	0.6909465604590822	1.3151282918096736	
234.9139	1.7	0.8318420164231639	0.5665978867226737	
185.1542	29.66	0.6909465604590822	-1.629179825956138	C11H22O2,C11H24O3
294.9533	20.55	0.9667352747673351	-0.14166005179289634	
294.9533	22.8	0.9880842060330062	0.0734951629000159	
294.9824	25.69	0.8224382844121636	0.5912622878446375	
138.0187	26.24	0.6772471548755077	1.7818752954222479	
295.9547	20.55	0.9942868334049006	-0.017693572635063083	
295.9547	22.94	0.9600307964057204	0.1589233192977875	
296.2232	191.32	0.8297650079828598	-0.5724893603803223	C17H33NO4
296.8904	22.15	0.7199525465832141	1.0430561210427203	
296.9508	20.29	0.9600307964057204	0.159375946335908	
296.9508	22.8	0.9164248531518149	0.2894390080489993	
236.0783	32.04	0.2743054501816127	4.703744159133493	
297.0366	188.56	0.8020422114341641	-0.7208445330434178	
297.0366	193.03	0.9278415103008584	-0.24779763172119434	
297.0366	196.87	0.5780085886309885	-2.627590186918966	
297.0366	201.22	0.9054088471324695	-0.31589576271659825	
297.0366	218.6	0.6909465604590822	-1.6002586549171647	
297.0366	219.92	0.9685230448568337	0.1334805358966291	
297.0366	284.08	0.763300098792175	0.881699619551525	
297.1531	36.66	0.9893797569987477	-0.06738200134960537	
139.0221	26.24	0.6279430024177781	2.3321639911206646	
236.9989	150.34	0.7031572033903629	1.1272447041729576	
236.9989	194.08	0.6909465604590822	1.2810182439069806	
236.9989	283.95	0.803526082719948	0.7065096074313252	
298.138	24.51	0.8097573043017404	-0.6563080653562612	
298.1565	36.66	0.9884693140083031	0.07188754633529881	C16H25NO2,C19H22O3
237.0919	36.4	0.41981394863834476	-3.557235999082046	C16H16O3,C16H14O2
237.0919	39.81	0.6772471548755077	-1.8605532366571775	C16H16O3,C16H14O2
298.8874	22.15	0.7098260130207837	1.0888866243776218	
299.0693	21.89	0.6909465604590822	1.5469978334901713	
299.1489	36.66	0.8788354407675625	-0.3974137504508876	
238.0953	36.4	0.36773327410769285	-3.956194755277222	C16H14O2
238.0953	39.94	0.5864974447267759	-2.555912151886136	C16H14O2
299.9283	281.06	0.9111700717125429	0.3055270059167904	
238.9316	22.02	0.6988091037201217	1.1814792633923308	
300.9743	20.97	0.8324196035808913	-0.5574168543099569	
301.2173	116.74	0.6053422964159325	-2.5067691966431043	C20H30O2,C20H32O3
302.2207	116.74	0.4392482874432551	-3.28156231969066	C20H30O2
240.9286	21.89	0.6933173933492225	1.2369510865844453	
303.0699	26.64	0.6421134163582154	-2.0766898727100376	
144.0445	25.04	0.6421134163582154	-2.0694212137926797	
241.8848	50.6	0.7024667074976827	1.1364806950085369	
241.8848	58.64	0.9172668062544673	-0.28174820374411286	
241.8848	60.48	0.7400286510403458	0.9523131679296297	
241.8848	62.45	0.6909465604590822	-1.272861559701337	
305.2487	186.07	0.5344410511926612	-2.8824232716720997	C20H34O2,C20H36O3
242.2207	1.3	0.7968031961147641	0.748942725241885	
192.1025	28.47	0.8476160706649594	0.48366144387972987	
306.9193	22.02	0.6909465604590822	1.2567216782111805	
193.0864	25.56	0.13077107526285342	-7.438010466372182	
193.0864	30.44	0.2362830918716131	-5.255594083763009	
243.16	30.86	0.7380693034311615	-0.9640683394321428	C13H24O4
308.9163	22.02	0.6911822613925686	1.2504821579600038	
309.1532	36.4	0.8224382844121636	0.5941775512333677	
194.0817	36.4	0.985794918351047	-0.08263264843693018	C10H15NO4
244.1567	23.99	0.521523782649719	2.97365301805281	
310.002	24.91	0.6909465604590822	1.4630749164676706	
195.0851	36.4	0.9164248531518149	-0.2885331178445644	
195.102	25.43	0.6909465604590822	1.2748132704609438	C11H16O3,C11H18O4
195.1385	35.33	0.19821308870815946	-5.863044244810092	C12H20O2,C12H22O3
195.8546	1.04	0.8422671666385196	-0.5108006190441402	
246.8771	1.7	0.8415011319721635	-0.5213838607811128	
311.223	36.4	0.6572282342213804	-1.9693098233243014	C18H34O5,C18H32O4
311.2958	222.8	0.6772471548755077	-1.756571249923141	C20H40O2
311.2958	229.27	0.6909465604590822	1.4040177199974937	C20H40O2
246.9815	26.24	0.6772471548755077	-1.790723740405253	
312.0953	22.8	0.6772471548755077	1.7933957795348552	
312.9733	26.24	0.8853177850705175	0.3609042554636157	
313.0306	188.43	0.6988091037201217	-1.1951657464337067	
313.0306	193.95	0.9942868334049006	-0.03335428370357494	
313.0306	201.49	0.8853177850705175	0.36015451649160923	
313.0306	219.39	0.7945835989624135	-0.7613731592142543	
196.9466	22.54	0.6572282342213804	1.9526942396016822	
248.0719	22.02	0.8224382844121636	0.5931676145009924	
248.9604	21.36	0.7937770258966474	0.7670870415944401	
314.2975	245.07	0.7081215234326157	-1.1021205863323302	C23H38
314.2975	253.0	0.5780085886309885	-2.610337681269515	C23H38
314.2975	266.68	0.25910622744588163	-4.910483444010991	C23H38
197.8517	1.04	0.917558337851791	-0.2735119795078651	
315.137	32.3	0.4392482874432551	3.3297143025166402	C16H24O4
315.1678	21.23	0.6909465604590822	1.5080582088231806	
316.9479	21.36	0.7834805500325969	0.8020256953328634	
249.0188	188.17	0.7253273610551481	-1.0151808966737252	C15H8O5
249.0188	638.48	0.9915444296888974	0.05320745608109737	C15H8O5
249.051	23.33	0.4392482874432551	3.2825111243444356	
151.0253	22.15	0.6909465604590822	-1.4364085941752625	
151.0253	23.2	0.6909465604590822	-1.35808183484039	
317.0429	154.15	0.5780085886309885	2.648771872581786	
317.0429	157.47	0.6372743798243352	2.1158208838081674	
317.0429	197.0	0.6909465604590822	1.3292080459049909	
317.0429	201.35	0.36162759831920266	4.0104650773046835	
317.0429	228.49	0.6909465604590822	1.658647650375294	
249.1495	36.53	0.22423509264936728	-5.483743707927809	C15H24O4,C15H22O3
249.1495	68.66	0.42551326930002925	-3.414189407063415	C15H24O4,C15H22O3
249.9639	21.36	0.7941166766300787	0.76540796015406	
317.9513	21.23	0.7968031961147641	0.7408225055290782	
250.1527	36.4	0.42551326930002925	-3.417378619382444	C15H22O3
250.1527	68.13	0.6279430024177781	-2.292161951981914	C15H22O3
250.9648	21.36	0.9217864222266535	0.26004549070417576	
318.9522	21.1	0.7899048302128092	0.7895040572072392	
318.9809	28.21	0.7064857937294939	-1.1145173313338799	
153.0156	159.04	0.5780085886309885	2.598479925751122	
153.0156	191.98	0.004444944213360584	40.39008001761299	
154.0137	25.98	0.81452964218967	0.616419638117188	
252.9241	1.57	0.8097573043017404	0.6478459433628766	
322.8933	22.8	0.6909465604590822	1.2994464648345805	
322.9142	19.9	0.7348024414668178	0.9752758954926236	
324.2544	210.83	0.6909465604590822	-1.3404756675635057	C19H37NO4
324.2544	244.41	0.5780085886309885	-2.696509939110639	C19H37NO4
324.2544	262.09	0.6572282342213804	-1.9482895237791433	C19H37NO4
254.2489	255.24	0.9703241418378953	-0.12833147644293866	C16H33NO,C16H35NO2
324.8543	1.96	0.9214718724015519	-0.26151237107661607	
254.9058	22.8	0.6909465604590822	1.2550143952801887	
254.9267	19.9	0.6909465604590822	1.2682709289223435	
326.27	287.09	0.6909465604590822	-1.6522038394133745	C19H37NO3
255.1968	36.53	0.81452964218967	-0.627476652739585	C15H30O4,C15H28O3
327.1967	29.66	0.746311219443228	0.9410830169761419	C21H30O4,C21H28O3
327.2735	286.83	0.6909465604590822	-1.6074957322923824	C19H37NO3
256.92	1.17	0.4392482874432551	3.283224816786368	
257.1757	34.54	0.6813563554222869	1.7225696657224485	C14H26O4
330.9638	20.55	0.8476160706649594	0.48338378607298227	
330.9638	24.77	0.9816510730588256	0.10939562157205245	
332.9221	22.8	0.7834805500325969	0.8162906252780674	
333.171	35.46	0.6279430024177781	-2.2816585959674285	C19H26O5
333.9383	22.02	0.803526082719948	-0.6898760079308682	
334.8739	1.83	0.6909465604590822	1.4010935302832834	
209.0968	29.39	0.5183964491192687	-3.008727406345265	C15H16O2,C15H14O
209.0968	36.4	0.5303268088039287	-2.92613527594296	C15H16O2,C15H14O
262.9763	21.36	0.8788354407675625	0.3961947206039815	C13H8S2
262.9763	25.04	0.7932639469102042	-0.7753244250943725	C13H8S2
209.9204	31.91	0.6345959066363582	2.187801130243697	
209.9204	78.54	0.8476160706649594	-0.48808321233222524	
209.9204	80.25	0.6554129657536509	1.9911844452784606	
209.9204	82.11	0.9362305061847025	-0.2204148092174205	
209.9204	102.26	0.739292282744983	-0.9576119441885012	
336.9419	20.03	0.9613901934260227	0.1517557345391202	
336.9419	23.2	0.7248452318723095	1.0189306844001735	
162.9327	10.94	0.6909465604590822	1.4300568482739688	
162.9327	15.14	0.7559953695750143	0.8999692044500465	
210.9098	2.35	0.8850770791351661	0.37444110044953	
391.8968	22.02	0.7933752683204857	0.7739166112828302	
210.9299	216.24	0.6909465604590822	1.486278889424764	
392.8958	20.03	0.803526082719948	0.6755473417498921	
392.8958	23.46	0.9600870357548397	-0.1555922873346865	
339.2329	130.59	0.18248616203753562	6.146953340774988	C23H34O3,C23H32O2
339.3016	217.81	0.9915444296888974	0.05319189913511975	
163.1119	129.93	0.07391412294519378	9.734438616015751	
340.2363	130.59	0.19219221030013275	5.998480064341445	C23H32O2
393.8938	20.03	0.6909465604590822	1.259603215229453	
394.8908	20.03	0.7024667074976827	1.1350944742030509	
394.8908	23.33	0.9164248531518149	0.2912834300589459	
164.0709	24.38	0.880106608787337	0.3865708917211634	
340.9678	26.11	0.8476160706649594	-0.4928575410676372	
212.9102	2.35	0.723890568145537	1.0296596426289415	
212.9102	20.68	0.06062860956798657	11.362540745032192	
212.9102	23.46	0.6772471548755077	1.819519197170197	
212.9788	24.38	0.803526082719948	-0.6761243873626636	
212.9959	192.76	0.7510354479861471	0.9271686330551681	
341.1183	33.09	0.6079994675234356	-2.421578117095839	
341.1183	36.4	0.6279430024177781	-2.243948576304142	
341.1183	39.81	0.6279430024177781	-2.2402329124388247	
395.8938	20.03	0.6909465604590822	1.429731418833665	
395.8938	23.59	0.7681146923493612	0.863626898063223	
341.2396	129.14	0.4392482874432551	3.271375040126959	
341.2396	130.59	0.2387500289777635	5.115346276632679	C23H32O2
341.3061	193.42	0.7081215234326157	-1.108900076887179	C21H42O3,C21H44O4
396.8913	20.03	0.6772471548755077	1.874605981534266	
397.8893	20.03	0.7834805500325969	0.8134297823838934	
397.8893	23.33	0.7968031961147641	0.733368258170361	
397.9505	26.24	0.6909465604590822	-1.6524888236554578	
213.8842	0.91	0.33786232212991674	4.170283397569026	
398.8866	20.03	0.6772471548755077	1.7977329977113612	
398.9511	20.55	0.8853177850705175	0.3609800850030653	
213.9082	1.7	0.6909465604590822	1.6518730254967928	
399.8891	19.76	0.9685230448568337	0.1359137694999573	
400.1478	192.89	0.6909465604590822	1.38045538152858	
400.8347	23.86	0.6909465604590822	1.555063278601963	
400.9094	22.67	0.8733699547186307	0.42575845475913887	
344.0231	253.0	0.6909465604590822	-1.3218150847229466	
344.0386	32.3	0.22162314718224607	5.560263489044857	
344.2806	286.44	0.5244083064594127	-2.957777961795662	
401.9256	21.89	0.8097573043017404	-0.6506950058237162	
166.9918	231.51	0.8433234703632586	0.5065876000141268	
402.3016	183.68	0.6772471548755077	1.8474138080314237	C25H43NO4,C25H41NO3
402.8292	2.22	0.81452964218967	0.6225240685848796	
167.0648	22.02	0.6909465604590822	1.6188112293729078	
403.1654	188.69	0.985794918351047	0.08491074707692563	C23H35O2Br,C16H33O7P
404.9292	20.03	0.7956945238544543	0.753415431410827	
404.9292	23.07	0.7934035127594032	0.7702702132847823	
404.9512	24.77	0.6909465604590822	1.4258905756003306	
168.9886	24.38	0.8852690180716625	-0.3698229369087426	C8H6S
348.896	23.07	0.6931168820470349	1.2408912419982683	
405.0335	22.02	0.004444944213360584	39.254306480725354	
349.2361	193.29	0.9278415103008584	-0.24812850017516133	C19H36O4
406.9491	24.77	0.6909465604590822	1.5487862109854014	
453.1326	26.77	0.18248616203753562	-6.215538043317642	
453.2819	95.02	0.6572282342213804	1.978438413565986	C21H44NO7P
407.281	32.7	0.8852690180716625	-0.3697491937841642	C24H40O5
453.9262	20.97	0.8377924876907281	0.5361343069701149	
352.2857	296.43	0.8067381494951419	-0.6656712732949938	C21H41NO4,C21H39NO3
454.1714	31.78	0.7968031961147641	-0.7374535440113206	
509.325	212.14	0.6909465604590822	1.5226337045411589	C26H50O7,C32H46O5
510.3284	212.41	0.6909465604590822	1.3271513724613049	C30H48O5
454.9275	21.1	0.9915444296888974	0.05886134582721685	
510.8815	21.89	0.6909465604590822	1.2992214880962092	
408.9067	20.03	0.7081215234326157	1.1022607054086122	
408.934	23.07	0.6909465604590822	-1.2588338021931618	
455.0136	22.02	0.81452964218967	-0.6214302363765121	
409.3114	225.04	0.36958294282245596	-3.8839157210932616	C28H42O2,C28H44O3
410.1767	192.89	0.6909465604590822	1.5903871346030813	
410.2218	31.91	0.7711385496407666	-0.8498533980104857	
455.1295	27.16	0.16840766454513512	-6.572106787364462	
410.8649	23.72	0.803526082719948	0.6932060783096525	
511.0764	197.39	0.7559953695750143	0.9063462013997823	
456.1222	36.4	0.46422118786135436	-3.1714473247717296	
354.9095	22.54	0.7257828118167292	1.011869198462059	
456.1693	31.91	0.7518514983599873	-0.9207123625726067	C21H31NO8S
411.2253	31.78	0.7348024414668178	-0.9794527510496044	
511.8849	21.62	0.6909465604590822	1.4383351266635682	
512.1304	193.16	0.985794918351047	-0.09104757689293817	
512.26	257.73	0.22162314718224607	5.537642952045222	
512.2676	190.14	0.7559953695750143	-0.9082265832643293	C26H43NO7S
512.2676	191.06	0.835556416615646	-0.5407561740658339	C26H43NO7S
412.2185	31.78	0.8476160706649594	-0.4843192836736971	
512.8787	21.89	0.6909465604590822	1.3351678686637924	
457.135	152.7	0.6935960519440304	1.2166312687408352	
457.135	159.96	0.8476160706649594	0.4930330290662546	
412.9858	21.75	0.6909465604590822	1.5304418882514323	
457.9319	252.61	0.7186342198842842	1.0538880332890326	
458.0012	37.45	0.6909465604590822	-1.2864068817904577	
458.336	104.63	0.24570857015002903	-5.037483663702251	C29H46O4
458.8684	22.54	0.6935960519440304	1.2264281291471977	
514.1466	188.17	0.6988091037201217	-1.194141335633063	
514.2652	190.93	0.6909465604590822	-1.2756715415878281	C25H42N2O7S
514.8927	20.16	0.942996075246178	0.19463885030910702	
514.8927	23.07	0.831552045940071	-0.5680878988192459	
359.1537	215.17	0.9113276686924191	-0.30388660322829275	
359.1655	36.27	0.02299007338910561	-18.60991318499916	C24H26O4
459.2616	31.78	0.9915444296888974	0.056780977703355905	C23H40N2O5
515.0327	21.75	0.6988091037201217	1.1778186745731578	
515.0327	275.91	0.8422671666385196	0.5128618695868016	
459.3271	199.89	0.6372743798243352	2.114993799941221	C32H46O3
459.3271	219.26	0.6372743798243352	2.107362536418401	C32H46O3
515.122	31.12	0.621817022302127	2.386812887729877	C25H26O13,C25H24O12
459.8841	22.02	0.803526082719948	0.7137097549474649	
415.0387	192.76	0.803526082719948	0.681230265028537	
516.0727	27.03	0.08469248039911141	-8.707591984849907	
460.2131	188.17	0.6909465604590822	-1.5387446476933464	
361.0016	24.64	0.6909465604590822	1.4968201922513342	C16H12O9S
416.8836	22.94	0.803526082719948	0.7084825298608876	
417.0361	21.89	0.9320921013685026	-0.23198578503132683	C20H14O8
517.0768	27.03	0.6550629789033756	-1.9956765689368774	C21H22O13
417.1559	27.03	0.0792698496820835	-9.044770309046818	
418.1593	26.9	0.5303268088039287	-2.9304819460223483	
362.2372	82.24	0.6279430024177781	2.2644604329256786	C18H37NO4S
362.9409	20.55	0.9942868334049006	-0.01448203115115843	
362.9409	22.8	0.9994529581200782	-0.0007441682520887611	
462.8786	20.03	0.6909465604590822	1.4110988467603076	
462.8786	23.2	0.9942868334049006	0.01429249762375406	
362.9701	28.21	0.6909465604590822	-1.3700301783227182	
519.2135	202.01	0.9915444296888974	0.058751293325258	C29H32N2O7,C28H39O8Cl,C28H37O7Cl,C27H31O2F7
463.1615	26.9	0.1310820907906489	-7.377647522182511	C23H28O10
520.1764	157.99	0.7199525465832141	-1.044689814632511	
520.836	20.03	0.5780085886309885	2.611724961511148	
520.836	23.07	0.6772471548755077	1.755593311234385	
520.9102	20.97	0.8476160706649594	0.49083730732170555	
420.0681	188.3	0.9538706905321501	0.1721865427750577	
420.2507	31.91	0.7956945238544543	-0.75578442311199	C21H39NO5,C20H42NO7P,C20H40NO6P
464.8787	20.03	0.6757158293613361	1.8993989539025542	
363.9427	20.29	0.9685230448568337	0.13282620721413	
363.9427	22.8	0.95197525156924	-0.18000779133634118	
420.8999	22.67	0.7009478563099899	1.1474301057080938	
420.9462	23.72	0.8788354407675625	0.3965225797831947	
364.8762	22.15	0.7024667074976827	1.1341798826846918	
364.9377	20.42	0.8476160706649594	0.48148536227202415	
364.9377	22.94	0.8744254464479456	0.41029972564606637	
465.3044	205.29	0.06062860956798657	11.512100279108559	C27H46O4S
521.3849	256.15	0.6427232800039633	-2.051743104872348	
421.2269	69.05	0.8696375091632447	-0.43251748129288475	C20H38O7S
421.2542	31.91	0.803526082719948	-0.6767124557406203	C20H40NO6P
521.9135	21.1	0.723890568145537	1.022273401944611	
364.9849	21.89	0.1550683589361978	6.858962905440966	
522.1588	193.42	0.7199525465832141	-1.0402507953207705	
466.171	192.11	0.5780085886309885	-2.6388646990459903	
466.171	215.3	0.8164424593049567	-0.6106138863296745	
466.3077	205.16	0.06474656030031516	10.83407767353872	C27H45NO3,C23H47O7P,C28H41O2F3,C30H42O4
466.3308	178.03	0.569440010483207	2.7485127949138626	C27H46O6,C30H45NO3,C23H50NO6P
522.9148	20.68	0.7766627904572199	0.8358091813381543	
522.9148	36.4	0.8243714237294697	0.5848508163352136	
422.1588	36.0	0.9942868334049006	-0.018597720894301922	
422.2569	31.91	0.8991648168871855	-0.32901471739297194	C20H40NO6P
466.8741	20.03	0.7313133788136534	0.988991027493657	
466.9384	20.97	0.6772471548755077	1.8191283974425265	
422.3279	77.75	0.5780085886309885	2.616157756101377	C25H45NO4,C25H47NO5
365.1404	36.66	0.9685230448568337	0.13468148137170857	C22H22O5,C22H24O6
422.9906	36.27	0.7262056251605101	-1.008356260670963	
467.2985	189.22	0.8690529282380367	0.43542031769822487	C27H42O4F2
467.2985	205.16	0.28195101318958804	4.593943716684394	C27H42O4F2
467.32	212.14	0.4040965930272343	3.654400813460483	
523.2633	205.16	0.010555300848188532	26.27611509279808	C27H38O3F6
524.1748	219.39	0.8956527305790485	0.33766834654598193	
468.0869	176.06	0.6909465604590822	-1.2755076305582278	
366.8748	22.15	0.6988091037201217	1.164121559419417	
468.1678	35.19	0.803526082719948	0.6879048994873144	
468.1678	215.43	0.803526082719948	-0.6954583106955565	
468.1821	193.03	0.803526082719948	-0.6831361566740903	C20H35NO7S
468.1861	218.47	0.7135337937812374	-1.080326762479311	
468.8968	21.49	0.6887870660242422	1.7088773929715733	
468.8968	22.54	0.9172668062544673	0.28569421275971196	
423.3311	77.75	0.6279430024177781	2.2917171628497717	C25H45NO4
366.9828	187.77	0.8107062605234384	-0.6398959781637052	
366.9828	189.61	0.7956945238544543	0.7538205780972104	
366.9828	197.0	0.9612655214317863	0.15300172526739922	
366.9828	200.15	0.723890568145537	1.0269772880740937	
366.9828	203.85	0.8321021611155858	-0.5640114936554061	
366.9828	258.78	0.9584499298139236	0.16310848175973264	
366.9828	308.27	0.00029790262720943544	128.81957806564733	
524.9977	22.15	0.803526082719948	0.7166742620195184	
524.9977	197.66	0.6988873905655507	-1.1561434548004472	
524.9977	285.14	0.7968031961147641	0.7407892553520816	
469.1844	193.42	0.48662981669961003	-3.0984034024810585	
469.9132	21.89	0.7810747034535517	-0.8251175344170583	
525.0361	154.15	0.27315375113020346	-4.776908103780623	C21H20O15S
525.0361	187.25	0.6421134163582154	-2.0930425197434412	C21H20O15S
525.0361	197.92	0.9942868334049006	0.020027466827399473	C21H20O15S
368.8882	23.2	0.76778533194205	0.8657485229774938	
425.3064	187.12	0.6988091037201217	-1.1953170071841792	C28H42O3,C28H44O4
368.9616	20.97	0.94183818476564	-0.20466749398395157	
526.2578	57.46	0.41693279681190853	-3.583666475632139	C26H44NO9P,C30H38O8
526.2941	70.5	0.7834805500325969	-0.8070339719616756	C27H46NO7P
526.4478	270.49	0.7684923744596979	-0.8604932686286435	C34H58N2O2
426.1035	188.43	0.8476160706649594	-0.4871913877607162	
526.8555	22.41	0.7185593578313105	1.063040272499862	
369.3011	231.11	0.7161916641166896	-1.0708225650272067	C22H42O4
427.3216	200.96	0.6909465604590822	1.3985199401597226	C28H44O3,C28H46O4
527.2468	201.35	0.9198437905560489	0.26462340777159155	
527.2612	57.59	0.42206359236873764	-3.5284047430708596	
527.2975	70.5	0.835556416615646	-0.5430890647301946	C27H46NO7P
428.325	200.96	0.6909465604590822	1.5109114146764702	C28H44O3
527.8716	22.02	0.8275489249915946	0.5786750003347096	
472.1765	192.89	0.6909465604590822	-1.3923985802984076	
528.2733	75.62	0.9286045363716271	-0.24075932604939582	C26H46NO9P,C30H40O8
528.3098	94.36	0.7711385496407666	-0.8504037500210273	C27H48NO7P
472.9169	20.29	0.880106608787337	0.3869599015378765	
472.9169	23.07	0.8422671666385196	0.5118030283655027	
429.0803	28.08	0.19517547901600643	5.930173472291638	
429.1793	193.55	0.6988091037201217	-1.184815925222354	C24H37O3As,C18H35O7P
429.3281	200.54	0.7262056251605101	1.004244221006531	C28H44O3
429.3374	226.25	0.06062860956798657	-11.56197257931876	C28H46O3,C28H48O4
372.8963	23.99	0.7932639469102042	0.7770514713930674	
430.3326	212.28	0.6279430024177781	2.230747013906359	C27H45NO3
430.9281	20.55	0.9942868334049006	-0.022348642020427033	
430.9281	22.54	0.9915444296888974	-0.0497094878297597	
529.2226	258.12	0.0014258004002033837	64.61553531605377	
529.2475	201.35	0.6909465604590822	1.6522636554938748	
529.2769	75.78	0.9291421580124943	-0.2390097969290201	
473.1797	192.89	0.6909465604590822	-1.412298136761658	C19H34O11
473.327	200.54	0.6279430024177781	2.31956268651043	C29H48O6,C29H46O5
529.8692	20.29	0.7380693034311615	0.9632439528123602	
529.8692	22.15	0.81452964218967	0.6218476612045827	
530.0885	30.44	0.3935462350073185	-3.737033946629736	
530.2794	75.78	0.9893797569987477	-0.06809653526308077	
530.2889	104.23	0.9942868334049006	-0.028318965653631317	C26H48NO9P,C30H42O8
530.866	20.03	0.6909465604590822	1.5636298989242197	
530.866	23.07	0.942996075246178	-0.19587657280308154	
474.1032	148.5	0.7186342198842842	-1.0579110370851192	
474.1032	149.55	0.6079994675234356	-2.424416464192525	
373.0297	192.76	0.81452964218967	0.6214989202204834	
373.0297	194.73	0.8097573043017404	0.6489040887476274	
373.0297	197.13	0.746311219443228	-0.938713422313546	
431.1745	193.16	0.8991659420339576	-0.32579199774304074	C20H36O7P2
373.0458	36.27	0.985794918351047	-0.08016542126821183	
431.3167	135.18	0.9250766441857504	-0.25485250649923163	C27H44O4,C27H46O5
431.9301	20.29	0.817959672726577	-0.6064501895141962	
432.8652	22.15	0.6988091037201217	1.1726993631929532	
432.9261	20.42	0.9320921013685026	-0.22837220439023603	
432.9261	22.94	0.8956527305790485	0.3377404353072812	
374.2451	31.91	0.7968031961147641	-0.7334895596022527	C20H37NO3,C19H40NO5P,C23H34O4
531.2924	104.36	0.8297650079828598	-0.5714113992005991	
374.9068	21.89	0.6931168820470349	1.2389854829394835	
532.099	116.09	0.5780085886309885	-2.5927206720804614	
375.2486	31.91	0.7834805500325969	-0.8059828924116998	
475.2892	110.83	0.6909465604590822	-1.3488717983839082	C24H44O9
375.2785	218.21	0.8324196035808913	0.5557427185002107	C23H37NO3
532.8665	20.03	0.6909465604590822	1.512433513750199	
375.9102	22.02	0.6988091037201217	1.172314655503305	
376.2515	31.91	0.8278062926904479	-0.5760844157147812	C19H39NO4S
376.9036	21.89	0.6935960519440304	1.2216979745417131	
376.9854	36.27	0.6772471548755077	-1.851461952265891	
533.291	205.03	0.0792698496820835	9.060648042784651	C26H47O9P,C33H42O6
534.2951	205.16	0.2362830918716131	5.239201702753922	C26H47O9P
476.9214	22.94	0.917558337851791	0.27323954087725283	C15H21O3ClBr2
534.8618	20.03	0.6360562621501368	2.140478184144742	
534.9263	20.97	0.880645461376332	-0.38207341646958065	
436.0597	78.81	0.6909465604590822	-1.3912250371482762	
436.3151	253.13	0.7559953695750143	-0.9000201263314347	C27H42O2F2,C27H42F2O2
378.918	23.2	0.8409901662193214	-0.5238943821421267	
535.001	22.02	0.7288876180466749	0.9967852343343483	
436.8786	19.9	0.6909465604590822	1.3086837561806228	
436.8786	23.2	0.8224382844121636	0.5944855321733592	
436.9492	20.97	0.7559953695750143	-0.9063541915589528	
477.0885	188.04	0.8991648168871855	0.3293854123830576	
477.1793	157.99	0.6988091037201217	-1.1665938644155978	
379.9314	22.41	0.7991367415913773	-0.7256265260360025	
380.0154	31.91	0.6772471548755077	1.8317315519971296	
437.2407	31.91	0.8097573043017404	-0.6535191349782807	C25H45BrO2
536.0588	152.44	0.7321322686018699	0.9850729162629532	
536.1695	193.42	0.8744254464479456	0.4166518732034419	
478.8524	23.46	0.880106608787337	0.39170410105202635	
536.8845	21.36	0.6909465604590822	1.3037799436085808	
536.8845	22.54	0.9974388224154558	0.005355886662976156	
381.174	192.89	0.6909465604590822	1.64417214615606	
438.1399	184.47	0.94183818476564	0.20553791000159286	
438.2441	31.91	0.7733448365223873	-0.8418245535992791	C21H41NO4S
382.3327	207.16	0.25910622744588163	4.89347476438766	C23H45NO3
439.0193	22.02	0.9836336518898338	-0.1000604225465015	
439.0193	24.38	0.803526082719948	0.7023493936749072	
479.2242	214.77	0.8224382844121636	-0.5984044365837832	
479.3743	262.74	0.6079994675234356	-2.4590597068040925	
537.901	21.89	0.803526082719948	-0.6781644254920003	
439.3216	199.49	0.9033755345285779	-0.3194925930385562	C29H46O4,C29H44O3
538.1425	202.14	0.7024667074976827	1.1435098616512642	
480.1507	27.29	0.2743054501816127	-4.703677374857702	
480.1507	161.01	0.6909465604590822	-1.5539650321354828	
480.2734	102.39	0.723890568145537	-1.0287716138659642	C22H44NO8P,C22H46NO9P,C26H40O8
480.3777	262.35	0.6772471548755077	-1.7985143760050957	
440.325	199.49	0.912640480361796	-0.2985124294120225	C29H44O3
384.8618	19.9	0.7518514983599873	0.9213621842702578	
384.8618	23.33	0.6909465604590822	1.4379530349737657	
384.9355	20.97	0.7834805500325969	0.8067175370365217	
385.3073	217.68	0.985794918351047	0.07893961480194098	C21H42N2O4
441.3282	199.49	0.880106608787337	-0.3911903607192649	C30H46
441.3375	212.41	0.6909465604590822	1.325617356810766	C29H46O3,C29H48O4
482.3158	150.6	0.5432874378316144	2.8537296000167856	C23H48NO7P
482.3158	152.31	0.6421134163582154	2.0848066185393477	
442.0902	192.76	0.8744254464479456	-0.4146601938079359	C22H18O10
540.1643	192.63	0.783606403631842	-0.7986757547942551	
442.3409	212.14	0.6909465604590822	1.3697138143933276	C29H46O3
385.9392	20.97	0.817959672726577	0.606928090737197	
540.4635	287.62	0.6572282342213804	-1.980418192344288	C35H60N2O2,C32H63NO5
386.2373	66.17	0.9685230448568337	-0.1381060363289311	C20H37NO4S
442.8942	21.89	0.6909465604590822	1.2902274997175003	
443.2476	214.9	0.8904501510212278	-0.3505654031869667	
443.3442	212.28	0.6909465604590822	1.4848106866913575	C30H48
443.3532	238.5	0.46422118786135436	-3.168862944679728	C29H48O3,C29H50O4
484.1322	149.55	0.36773327410769285	-3.923666818625326	
484.1556	129.93	0.2362830918716131	5.254633350728176	
388.253	91.21	0.7559953695750143	0.9042796582187419	C20H39NO4S
443.8977	21.89	0.6988091037201217	1.1840320863124247	
444.0868	192.37	0.9836336518898338	-0.1027933079147076	
444.2496	215.03	0.7968031961147641	-0.7405898766186881	C23H39NO5,C26H36O6
542.158	230.59	0.747551470784623	0.9349717947599027	
542.2639	195.39	0.835556416615646	0.543472547066719	
542.4347	273.81	0.6279430024177781	-2.2357301292925134	C32H61NO3,C35H58O4
444.8912	21.89	0.6909465604590822	1.3279347141326971	
444.9732	36.13	0.6772471548755077	-1.764103785055768	C16H21BrCl2O3
485.0237	22.02	0.940476951275737	0.21291040868381156	
543.0071	189.87	0.7968031961147641	0.7482008033682755	
485.1662	193.81	0.4392482874432551	3.2897618264089656	
485.1662	202.27	0.699523908090052	1.152581918994283	
485.8874	22.54	0.9911736117091815	0.06392427858040967	
486.2287	192.89	0.6772471548755077	-1.7934608269065258	
486.2287	216.24	0.6772471548755077	-1.878672813679658	
445.2134	76.44	0.8638430842349795	-0.4505650769600673	C19H39O7P,C26H34O4
445.245	214.9	0.6909465604590822	-1.3536825298927175	
446.0884	78.67	0.6772471548755077	-1.8380381863911375	
446.1609	188.43	0.6909465604590822	-1.5244417011488052	
446.3766	246.68	0.7081215234326157	1.1095709113739864	C26H53NO2,C27H41D7O2,C29H50O3
543.4382	273.81	0.6372743798243352	-2.108370256155894	C32H61NO3
390.0443	32.17	0.6772471548755077	1.810687576592974	
390.2401	36.79	0.6909465604590822	-1.6844131601232197	C23H34O5,C20H37NO4
390.881	22.67	0.6935960519440304	1.2258762206790914	
390.9021	20.03	0.6935960519440304	1.2139749009654237	
390.9021	23.33	0.94183818476564	-0.2025674830665619	
446.9056	1.96	0.01851268012175137	20.39982782390937	
446.9056	20.03	0.9320921013685026	-0.227779791724743	
446.9056	23.07	0.8638430842349795	-0.4507956261469271	
487.1945	166.04	0.81452964218967	0.6172556121834776	
447.064	36.4	0.6909465604590822	-1.5853709409767363	
447.1476	115.95	0.6372743798243352	-2.109586917639688	
447.1647	30.99	0.056481726783404046	-12.851136622795979	C22H37BrO2,C23H28O9
447.1647	188.43	0.6528522424311528	-2.003125395809095	C22H37BrO2,C23H28O9
447.3118	114.12	0.911537010204993	0.3018388050020775	C27H44O5,C27H46O6
447.38	246.41	0.7186342198842842	1.0590932849856922	
488.2445	219.13	0.8052358102551481	-0.6698857653106712	C24H40O8S,C30H37NO6
488.3467	102.53	0.6909465604590822	1.29227997073792	
447.9723	37.71	0.7165110060104408	-1.0679928992599985	
565.5394	384.16	0.6909465604590822	-1.5704671846115006	C36H71NO3
448.138	31.12	0.6909465604590822	1.6273538197733406	C22H24O10
566.2023	212.01	0.6909465604590822	1.548536954158647	
488.8876	22.41	0.6909465604590822	1.3082987624545452	
545.7816	2.22	0.9600870357548397	-0.15724642227736707	
546.1895	273.55	0.18137082585945108	6.277164793716881	
546.1895	282.64	0.9685230448568337	0.13580815056380408	
546.2815	104.76	0.8765461440469509	0.40380176530349826	C26H46NO9P,C30H42O9
566.9034	20.42	0.985794918351047	0.08364872526258108	
449.1482	115.82	0.6359786281268174	-2.1530156770254867	
449.1633	149.55	0.4429014112117721	-3.250276058104853	
450.3589	119.11	0.06062860956798657	11.449332127964055	C27H49NO4
489.0553	197.39	0.2387500289777635	5.153055219198966	
489.0553	219.92	0.3045396216333499	4.425247707228273	
567.0272	155.76	0.6421134163582154	2.07251636322264	
567.0272	158.78	0.8852690180716625	-0.3709287263219754	
489.2531	215.03	0.8744254464479456	-0.4121337320747725	
489.2777	156.42	0.6909465604590822	1.442368761104528	C29H42O4
450.9829	21.75	0.6909465604590822	1.4484932227085496	
450.9829	197.26	0.8852690180716625	0.3657728321962689	
490.1115	152.57	0.6909465604590822	1.3971882766697867	C23H23O12,C23H22O12
547.451	306.83	0.6909465604590822	-1.5803391340666177	C38H60O2
490.1992	195.0	0.6988091037201217	1.166794270752681	C19H38NO9P,C26H33NO6,C29H30O7
490.2812	156.68	0.803526082719948	0.6991012810243517	
548.1865	273.68	0.7934035127594032	0.7696919242597804	
548.1865	283.17	0.985794918351047	-0.08851233190959383	
451.8439	1.04	0.6909465604590822	1.5353148999579718	
567.9054	20.29	0.9942868334049006	-0.01462170610743915	
568.1127	214.77	0.6279430024177781	2.2218461841502695	
568.2659	65.21	0.8476160706649594	-0.4860878210783672	C29H43NO8,C28H44NO9P
452.2785	94.63	0.6909465604590822	1.6707058503283643	C25H40O7,C21H44NO7P
452.846	1.04	0.7161916641166896	1.07373052389927	
452.849	20.03	0.6909465604590822	1.37595594258587	
452.849	23.2	0.6909465604590822	1.4368916990830367	
568.8401	2.22	0.7834805500325969	0.8192956462915142	
568.8401	21.89	0.6935960519440304	1.2175152023048283	
568.9023	20.42	0.8324196035808913	0.5558613296832727	
452.9229	20.97	0.8125483659957613	0.6338991612652817	
453.0171	22.28	0.6909465604590822	1.3023502268552118	
569.4536	273.68	0.6279430024177781	-2.2199324671736576	
549.0368	200.54	0.8403087922195028	0.5291970343607244	
549.0368	218.08	0.8097573043017404	0.6478353012947398	
491.2841	156.42	0.7834805500325969	0.8079642849461741	
492.1085	152.57	0.6909465604590822	1.427386024372811	
492.1455	116.22	0.6279430024177781	-2.3329312609434387	C21H31NO8S
492.3463	212.14	0.9630124190600623	0.148596064243714	C25H54NO7P,C25H52NO6P,C29H48O6,C32H49NO4
570.8366	22.02	0.6988091037201217	1.167744957897092	
626.1074	36.13	0.6772471548755077	-1.880747239202295	
550.2824	205.29	0.35688464543084364	4.063880043588987	
627.1105	36.27	0.6988091037201217	-1.1883409793388462	C27H28O15
551.013	22.15	0.6772471548755077	1.7486660348571093	
551.013	185.94	0.94183818476564	-0.20332518174794215	
628.1982	107.78	0.6909465604590822	-1.684483923311861	
628.2776	207.94	0.8074044857484305	-0.6636700750925214	
572.2442	201.75	0.7081215234326157	1.0951950023449943	
493.1235	35.87	0.9836563633479332	-0.09689612863294016	
493.1487	115.95	0.6437437779375688	-2.0256483998727317	C27H28O10
572.9243	20.97	0.7711385496407666	-0.8492474158899457	
493.3358	223.2	0.6279430024177781	2.2820030759731056	
552.2736	71.15	0.36882143241923854	-3.902057239359879	
552.4636	273.28	0.6279430024177781	-2.2600767922508185	C33H63NO5
629.2013	107.91	0.6909465604590822	-1.5781886787388129	
494.1611	149.55	0.569440010483207	-2.752619488665067	
630.8847	21.49	0.7348024414668178	0.9745127705349069	C18H32Br4O2
631.0199	189.74	0.6909465604590822	1.515231738189311	
631.0199	200.28	0.6909465604590822	1.4691237774685229	
631.0199	267.47	0.746311219443228	0.9400728685078031	
553.0111	201.49	0.5780085886309885	2.637691032382692	
631.2845	201.09	0.6772471548755077	1.7506729128793241	
573.2481	201.49	0.6935960519440304	1.229681971679945	C27H45O12P
632.2056	156.94	0.9915444296888974	-0.05094814480365362	
553.0301	22.02	0.2743054501816127	4.739304836903936	C22H20O16S
553.0301	186.46	0.6079994675234356	2.4225826122558893	C22H20O16S
553.0301	301.44	0.06062860956798657	11.40751359264544	C22H20O16S
553.4669	273.42	0.6079994675234356	-2.461009684635502	C33H63NO5
495.1643	149.55	0.6079994675234356	-2.459688294456066	C27H30O10
495.1951	195.13	0.81452964218967	0.6197855063865148	
495.3094	200.96	0.6909465604590822	1.5193716636829755	C25H48O7,C24H49O8P
553.8755	1.04	0.7002607042236938	1.1499707413672784	
553.8755	22.41	0.7024667074976827	-1.1315098012511304	
554.2023	257.73	0.006319100151569509	33.809804640202245	
554.2896	82.37	0.7968031961147641	-0.7398813295893766	C28H48NO9P
634.2966	206.37	0.8405349865804401	0.5264395962677778	C29H52NO13P
496.1769	176.19	0.6279430024177781	-2.2313356206505417	
496.1769	185.65	0.548386061661788	-2.834071431434385	
634.8913	20.55	0.985794918351047	-0.07836584083300117	
496.3128	200.96	0.6909465604590822	1.466810314401474	C24H49O8P
636.2427	212.67	0.8690529282380367	-0.43926749986437963	
575.1098	193.55	0.7062194357780972	-1.1187833971524181	
575.2968	199.49	0.9942868334049006	-0.02869416816817568	C28H51O11P,C28H49O10P
497.082	26.9	0.07391412294519378	-9.491037283554164	
636.8281	21.89	0.6988091037201217	1.178859634443907	
575.8638	20.03	0.7062194357780972	1.1184947018064193	
576.2313	212.01	0.6909465604590822	1.2543722302099256	C26H45NO10S2
576.8597	20.03	0.7288876180466749	0.9964374473460891	
576.8597	23.2	0.8157955123221002	0.612559718373221	
637.0101	22.02	0.6909465604590822	1.622843308815063	
637.0101	186.85	0.7518514983599873	0.9196162842858479	
555.2928	82.37	0.7161916641166896	-1.0739515795111074	C25H49O11P
498.0844	152.7	0.8476160706649594	0.48221811522716457	
498.263	37.05	0.9922108955258231	-0.04461415503305815	C25H42NO7P,C25H44NO8P
498.263	50.34	0.7932639469102042	-0.7758585199853808	C25H42NO7P,C25H44NO8P
498.2849	192.76	0.8390761798283979	-0.5328737149126669	C22H46NO9P
577.0108	197.92	0.6372743798243352	2.1267860042946816	
498.9161	20.55	0.9967704512707619	0.0077222788016810305	
555.8347	185.26	0.42551326930002925	3.4588090537232934	
555.8347	207.02	0.6359786281268174	2.14546139173339	
555.8347	222.41	0.6437437779375688	2.034529468803145	
555.8347	236.93	0.06850868532338107	10.489401691072203	
555.8347	239.03	0.6279430024177781	2.2461698305474376	
555.8347	249.04	0.2806819271982746	4.6220756080276715	
555.8347	253.66	0.3947334742220835	3.701584057029865	
555.8347	260.49	0.6351265930651092	2.173362303608184	
555.8347	529.4	0.6772471548755077	1.862188850168435	
555.8347	660.62	0.8744254464479456	0.41054620278405435	
555.8347	683.83	0.6988091037201217	1.1770425979538084	
638.8254	22.15	0.6909465604590822	1.3223426410123917	
577.0305	217.03	0.0718308887789179	10.116519144147892	
555.8384	230.59	0.6909465604590822	1.405646156825756	
555.8384	232.69	0.7968031961147641	0.7319889457935889	
555.8384	695.7	0.9922108955258231	0.04592772750180189	
555.8384	703.36	0.8324196035808913	-0.5500853370611465	
555.8384	708.77	0.6772471548755077	-1.821581141212024	
555.8384	712.47	0.8125483659957613	-0.6348052943201774	
556.1448	228.49	0.6772471548755077	1.7726009759462216	
556.2952	82.11	0.6909465604590822	-1.3792164684505284	
639.311	253.0	0.803526082719948	-0.6963982891315978	
640.2319	201.88	0.772882537005964	0.8444417258713696	
640.9121	21.1	0.8107062605234384	-0.6424495950250967	
577.2766	91.74	0.7945835989624135	-0.7610537364219073	C27H49O12P,C27H47O11P
577.3126	212.41	0.6572282342213804	1.955588671113193	
577.4476	281.85	0.6909465604590822	-1.5811081513831333	C35H64O7,C35H62O6
556.875	22.41	0.6909465604590822	1.2682018494758074	
578.1416	214.9	0.7594838407144074	0.8932391552272148	C30H27O12,C30H26O12,C27H29NO11
578.316	212.54	0.7934035127594032	0.7688088812566887	
641.2373	201.35	0.8472457384773712	0.4973420789033391	
578.8692	21.89	0.6909465604590822	1.3633789400830618	
499.0792	26.77	0.07391412294519378	-9.546302116247642	
499.2665	37.19	0.6909465604590822	-1.568001944579253	C27H44O4S
499.2665	50.08	0.8744254464479456	-0.41187499559216045	C27H44O4S
499.918	20.55	0.9654236115698897	-0.14442649765123902	
499.918	22.54	0.8224382844121636	-0.5920076030091208	
500.2787	65.21	0.7653034343190546	-0.8765040411161678	C25H44NO7P,C26H43NO6,C29H40O7
500.3007	192.11	0.803526082719948	-0.69226543970924	
500.3007	197.0	0.7956945238544543	-0.7562934662272325	
500.3007	212.67	0.7722486516902264	0.8465476250740743	
557.0237	22.54	0.7081215234326157	1.098736583036338	C21H18O16S
557.0237	153.75	0.7063420482828958	1.1162828852042546	C21H18O16S
557.0237	155.46	0.6909465604590822	1.6218990872235948	C21H18O16S
557.0237	188.04	0.06062860956798657	11.294674781184982	C21H18O16S
557.0237	288.28	0.8097573043017404	0.6480092263704975	C21H18O16S
500.8529	21.89	0.7024667074976827	1.1309630735328258	
579.1435	214.9	0.8956527305790485	0.33843918730197564	C30H27O12
579.8062	19.76	0.6931168820470349	1.2437392433100174	
579.8723	21.36	0.6909465604590822	1.384214093033757	
580.1388	214.9	0.8991659420339576	0.3267219197055461	C33H24O10
580.8666	21.89	0.6909465604590822	1.5484927628875627	
643.8514	20.16	0.6772471548755077	1.8223814277862407	
557.2885	68.79	0.9320921013685026	-0.23251293435469986	C28H49O10P,C35H42O6
644.8477	20.03	0.9172668062544673	-0.28314873474132746	
644.8477	23.46	0.6988091037201217	-1.180806343808987	
558.1893	263.14	0.6988873905655507	1.159720814839356	
558.1999	190.93	0.6909465604590822	1.3982531453578992	C29H32N2O7,C28H37O7Cl,C27H31O2F7
558.4656	325.98	0.6909465604590822	-1.5397036208659958	C36H62O4,C33H65NO3
501.2821	65.34	0.7968031961147641	-0.7474879297294954	C27H46O4S
645.3002	212.93	0.723890568145537	1.0217990565789212	
582.1359	188.17	0.7934035127594032	-0.7724640999191638	C29H26O13
646.2216	178.16	0.8422671666385196	-0.5118416992987762	
501.862	20.03	0.9942868334049006	0.038001848971283815	
501.862	22.8	0.6772471548755077	-1.7416067175821948	
582.8796	20.29	0.803526082719948	-0.711107161922596	
582.8796	22.94	0.8735441908671672	-0.42445208925217964	
502.1018	192.5	0.8052121482133607	0.6711000345060438	
646.8571	21.89	0.6909465604590822	1.4245852654224567	
502.2947	89.75	0.7805566084301492	-0.8285074186953444	C25H46NO7P
647.0143	30.58	0.81452964218967	-0.6191710160567101	
502.8487	22.15	0.6909465604590822	1.30798801354193	
583.2595	80.25	0.803526082719948	-0.7027930425168496	C32H40N2O6
583.3143	102.92	0.8433234703632586	-0.5074115952279701	C27H52O11S,C30H48O11,C30H50O12
647.052	188.04	0.9408566251275783	0.21027463080030898	
647.052	194.86	0.8744254464479456	0.41057880146214487	
647.052	200.54	0.8589935091756863	-0.4631257051634473	
559.4369	286.83	0.6279430024177781	-2.281664497251437	C35H60O5,C35H62O6
648.2491	247.2	0.8476160706649594	-0.48792820145915683	
648.2491	253.27	0.5864974447267759	-2.557404909404526	
648.2491	258.39	0.6437437779375688	-2.0408797661090983	
648.8545	21.62	0.6909465604590822	1.3574107644526652	
650.3279	255.89	0.8132433833143087	-0.6318820239261325	C30H54NO12P,C34H50O12
503.0333	159.7	0.4143697488458745	3.6054161242290066	
503.0333	194.47	0.7248452318723095	-1.0176296478526712	
503.0333	198.58	0.8097573043017404	0.6584181872039114	
503.0333	201.75	0.9942868334049006	-0.018851390597872077	
503.0333	219.65	0.6772471548755077	1.8362722168578631	
503.0333	272.89	0.6421134163582154	2.0749073559996534	
503.0333	288.93	0.6909465604590822	1.2794840691854552	
650.8667	20.42	0.8321021611155858	0.5641868600510996	
650.8667	22.8	0.942996075246178	-0.19746588814959978	
561.0167	187.64	0.81452964218967	0.618343862420864	
561.0167	190.01	0.7253273610551481	1.014085413937417	
561.0167	200.96	0.9172668062544673	-0.27965227309742474	
586.2602	212.41	0.7510354479861471	0.9272845883310746	
586.3154	57.73	0.8324196035808913	0.5527722410790141	C29H52NO10P
586.3843	273.81	0.6322661785242579	-2.2028711018732854	C42H50O2
651.0266	22.15	0.8233955875791125	0.58831484319299	
651.0266	155.46	0.6909465604590822	1.3999077968038978	
651.0266	189.09	0.6909465604590822	-1.3471379640778134	
651.0266	195.39	0.9362305061847025	0.2205149052425071	
651.0266	197.26	0.8144198349405762	0.6292744927192425	
504.0986	192.76	0.8224382844121636	0.5906455295028222	
504.1638	217.55	0.7199525465832141	1.0402156382001078	C25H28O11
504.8649	20.03	0.7695476497531183	0.8560175710085848	
504.8649	23.2	0.7834805500325969	0.817532589604204	
504.937	20.97	0.8107062605234384	-0.6389426217180827	
561.0739	144.79	0.18248616203753562	6.183017959234338	
561.3797	206.63	0.6351265930651092	2.1747183232568665	C33H54O7
653.3963	306.44	0.6079994675234356	-2.433830208325303	C33H63O8P,C40H58O5
562.1798	202.14	0.6988873905655507	1.155061804796386	
562.2154	202.27	0.6909465604590822	1.2723649785240576	
654.253	102.66	0.8107062605234384	0.6452669556505852	C31H42O15
654.2824	261.04	0.4251519800976152	-3.4936470084024718	
587.2647	212.41	0.6909465604590822	1.2843807296891159	C29H44O10
588.1707	214.9	0.985794918351047	-0.07819976766471505	
588.2543	237.71	0.6772471548755077	-1.8742700970993098	
588.2543	244.02	0.6988873905655507	-1.158483253994297	
588.2543	248.78	0.03852702106690386	-14.853838787729082	
588.3305	75.09	0.8853177850705175	0.36212036642630707	C29H54NO10P
588.3824	273.28	0.5831514400517004	-2.5757753068545606	C28H60NO7P,C31H57O8P
588.898	20.97	0.880645461376332	0.3837025791763846	
505.3328	220.57	0.6351265930651092	2.1695919898407086	
506.044	26.9	0.42551326930002925	-3.395687005612418	
563.0136	188.43	0.917558337851791	0.26989799535307224	C21H18O15S
563.0136	197.79	0.908285330664935	0.31017766641169403	C21H18O15S
563.0136	257.86	0.6359786281268174	2.145141348869957	
563.0136	335.02	0.6909465604590822	1.2895268832603102	C21H18O15S
506.1604	217.16	0.6988091037201217	1.163322121137189	
506.2711	167.22	0.8589935091756863	-0.46199699630163826	C24H42O11,C28H42O6S
656.8858	20.97	0.9058140078166423	0.3143174624263569	
589.0299	21.75	0.0718308887789179	10.121470161814921	
589.0299	157.2	0.2362830918716131	5.2525255094890495	
589.0299	197.79	0.723890568145537	1.0321225348069178	
589.0299	201.62	0.9278415103008584	-0.2471605762027601	
657.0921	192.63	0.6757158293613361	-1.904012353086875	
589.1045	192.76	0.7945835398497675	-0.7635746461003633	
589.1726	214.77	0.9278999158335824	-0.2453594747117354	
657.8891	20.68	0.945652367572438	0.19019011281007145	
658.2481	196.61	0.7199525465832141	-1.0431996346144363	
658.278	247.46	0.6279430024177781	-2.2760443484451964	C28H50NO12P
658.278	254.19	0.6359786281268174	-2.1535326788383915	C28H50NO12P
658.278	258.65	0.6909465604590822	-1.3757603580871822	C28H50NO12P
589.4034	306.83	0.6909465604590822	-1.6043973727430068	
658.2906	263.27	0.36773327410769285	-3.921758368338246	
589.9013	20.97	0.9836336518898338	0.09912953335637803	
590.1704	215.03	0.9942868334049006	-0.013306705338115649	
563.0891	188.43	0.9974388224154558	-0.004594482764364778	
563.2967	201.35	0.6988091037201217	1.1761319607658953	C27H51O11P,C27H49O10P,C28H48O9
590.9025	21.1	0.9826700181473664	-0.10698420965902145	
658.8904	20.68	0.8324196035808913	0.551432285982664	
564.0908	188.3	0.985794918351047	0.07758981343658519	
564.3	201.09	0.5344410511926612	2.882187985568572	C27H49O10P
659.1079	219.52	0.7910469993341118	0.7856936449039386	
660.2374	191.32	0.917558337851791	0.2694003681992271	
591.12	219.26	0.8324196035808913	0.5531833419326952	
507.2518	165.48	0.81452964218967	0.6171221616749871	
591.4014	306.57	0.6692754890908778	-1.9201573080200594	C31H61O8P
507.3091	199.49	0.942996075246178	-0.1952127651040291	C25H51O9P
507.3328	179.74	0.8390761798283979	-0.5318265900144495	C25H50NO7P,C29H48O7
507.3692	215.69	0.6353628661572752	-2.164542438769201	C26H54NO6P,C30H52O6
507.3692	263.4	0.1531736569672046	-6.93741996642126	C26H54NO6P,C30H52O6
592.1219	218.86	0.723890568145537	1.0241270785631342	C30H27O14
507.8761	20.16	0.6988091037201217	1.1671126575628292	
593.0649	30.86	0.912640480361796	0.29768571254225384	
661.0669	193.42	0.7695476497531183	0.855196092688691	
661.2405	191.45	0.9320921013685026	-0.22824487225405088	
508.3125	199.36	0.9942868334049006	-0.016725617104941044	C30H46O5
593.4076	217.42	0.6772471548755077	-1.7894665804320977	C30H60NO8P
593.4902	307.36	0.6909465604590822	-1.5419555834037226	
594.2455	57.07	0.6911822613925686	-1.2519189113769058	
594.2455	57.86	0.6935960519440304	-1.2260898382424656	
594.2818	70.24	0.953208983120411	-0.17411057476337885	C27H47O12P
662.8313	22.28	0.6909465604590822	1.3273899439687442	
692.2636	260.23	0.6079994675234356	-2.4371035393623313	
594.8433	22.41	0.6988873905655507	1.155803659720752	
664.2487	75.78	0.3935462350073185	-3.725872763332748	
509.0044	22.02	0.7834805500325969	0.8035401207961298	
665.0428	197.92	0.9172668062544673	-0.2841137815343341	
509.0426	186.59	0.6772471548755077	-1.760625937956142	
509.0426	192.5	0.8278062926904479	0.5770321596346739	
596.2611	75.92	0.8867346083870113	0.3573225431702892	
696.186	107.78	0.6345959066363582	-2.184594436085707	
666.8416	20.29	0.6909465604590822	1.313417034748495	
666.8416	23.07	0.8638430842349795	-0.4510994131134135	
667.4546	269.05	0.6772471548755077	1.75925323280136	
597.0176	113.46	0.9942868334049006	-0.02867892065480588	
697.0486	22.54	0.6797263813432087	-1.7279419661584192	
697.189	107.78	0.6909465604590822	-1.5439347157524848	C32H38O15
668.2821	217.55	0.8151183513859038	0.6145436979082373	
668.3187	262.35	0.6909465604590822	-1.3077784261123302	C33H54NO12P
757.2168	214.64	0.6772471548755077	-1.7493326472334114	C33H41O20,C33H42O20
757.2168	263.14	0.6909465604590822	-1.3127654968156905	C33H41O20,C33H42O20
668.842	20.29	0.6931168820470349	1.2415371979639724	
668.842	22.94	0.7968031961147641	0.7398114313112687	
698.2292	197.0	0.8744254464479456	-0.4156586716450269	
698.2292	255.37	0.803526082719948	-0.682111366256244	
597.2644	75.92	0.7659608012176123	0.8716581059594161	
758.4772	250.22	0.5344410511926612	2.893414009271595	C43H70NO8P,C47H66O8
758.4772	252.35	0.7262056251605101	1.0053298093939422	C43H70NO8P,C47H66O8
758.4772	253.92	0.97748699008404	-0.11584565783691286	C43H70NO8P,C47H66O8
758.4772	257.21	0.9172668062544673	-0.27981946141880476	C43H70NO8P,C47H66O8
698.6305	450.21	0.7360244643635226	0.9715218531912999	
698.6305	451.67	0.7648791986120722	0.8783788737305874	
698.8712	21.49	0.5780085886309885	2.6942808456695917	
598.0762	30.86	0.8405349865804401	0.5255684146198455	
669.3221	262.35	0.6909465604590822	-1.5774889249183834	
598.8538	20.16	0.6909465604590822	1.6653288845937093	
598.8538	23.07	0.76778533194205	-0.8653712580201531	
758.8671	21.1	0.835556416615646	0.5412460925413151	
670.2975	189.87	0.8422671666385196	-0.5152321394180107	
599.0132	187.9	0.880106608787337	-0.38874472226592716	
599.0132	194.34	0.8852690180716625	0.37038520413598	
599.0132	199.49	0.9278415103008584	-0.2470900770874286	
599.0132	201.35	0.6437437779375688	2.028324322718719	
599.0132	283.69	0.880106608787337	0.3859756310040471	
672.1881	57.99	0.7659608012176123	-0.872118785690724	
701.0235	156.55	0.06474656030031516	10.805582167910169	
701.0235	191.84	0.7932639469102042	0.7801553247202153	
701.0235	193.16	0.7135337937812374	-1.0812118535151407	
701.0235	314.06	0.07391412294519378	9.620104348620307	
701.3114	253.13	0.6909465604590822	-1.3719628757465077	
600.3241	122.68	0.6572282342213804	1.9499901692812103	C27H53O12P
673.1963	75.49	0.5623489087820434	-2.7793494737152846	
702.2395	263.66	0.521523782649719	-2.9865206352412494	
600.854	20.03	0.6909465604590822	1.5907726580977783	
600.854	22.94	0.9893797569987477	0.06850795257010661	
702.879	20.55	0.803526082719948	0.7086342996620946	
674.2522	200.68	0.94183818476564	-0.20716712476333243	
674.2691	244.41	0.7165110060104408	-1.0672491907558062	
601.2799	205.03	0.23660514104246594	5.2097827249920945	C29H49O12P,C30H46O10
704.2379	263.14	0.2362830918716131	-5.270024684595742	
704.8161	21.89	0.6988091037201217	1.2004816603888258	
675.0469	36.13	0.6909465604590822	-1.3616823169788435	
602.2548	103.58	0.06062860956798657	-11.397093981281143	
602.9137	21.1	0.7024667074976827	1.1351615689118928	
676.2801	276.96	0.6909465604590822	-1.4739630728189799	
676.2801	285.0	0.6772471548755077	-1.8569494464468217	
676.7973	19.9	0.001035826061110706	75.67346798490104	
676.7973	23.86	0.18137082585945108	6.281221725836362	
708.0481	218.86	0.6772471548755077	1.8464105799534196	
766.2357	102.79	0.803526082719948	0.6781763922401718	
708.2582	197.79	0.9729598676916243	0.12385342315267465	
708.2582	255.37	0.6572282342213804	-1.950866834045688	
708.462	264.19	0.7081215234326157	-1.0986815600487283	C39H68NO8P
604.1573	192.76	0.7956945238544543	0.7572169189787842	
604.8723	21.36	0.803526082719948	-0.7014676151166087	
604.8723	22.41	0.985794918351047	-0.08957976295203253	
708.8997	20.97	0.9164248531518149	-0.2882331385114005	
678.2774	276.96	0.6909465604590822	-1.5239277173613717	
678.2774	285.27	0.6909465604590822	-1.4866736447024969	
709.2615	197.66	0.9522942074375774	-0.17705184500772778	
709.2615	255.76	0.7968031961147641	-0.7433912323050473	
710.2663	214.64	0.5565073813564835	-2.801972252706262	
710.2663	219.13	0.6909465604590822	-1.6344590654405342	
710.2663	262.48	0.6909465604590822	-1.67763441633984	
710.2663	274.2	0.7624589525845273	-0.884100519094955	
605.241	80.12	0.6909465604590822	-1.4557226918814505	
679.0576	156.68	0.3124055374793257	4.327333176409166	
679.2808	277.49	0.7975279267325027	-0.728827493135226	
679.2808	285.0	0.6772471548755077	-1.773021192686948	
605.889	21.75	0.7831469197435909	-0.8212594043971462	
680.0163	188.43	0.8324196035808913	-0.5591969379799842	
770.2105	217.29	0.9172668062544673	-0.2820109389462172	
770.2105	287.23	0.6935960519440304	-1.214383486996789	
711.2694	214.64	0.41981394863834476	-3.5484197846501013	
711.2694	219.26	0.6909465604590822	-1.544049903125276	
711.2694	262.61	0.7186342198842842	-1.055141618590845	
711.2694	273.68	0.747551470784623	-0.9343585685568181	
711.839	20.29	0.8744254464479456	0.4188115964861019	
712.2637	214.38	0.36773327410769285	-3.924393524316063	
712.2637	219.13	0.6909465604590822	-1.4679193811803073	
712.2637	262.35	0.7024667074976827	-1.1419449961640102	
712.2637	273.81	0.7199525465832141	-1.040820699530443	
681.0165	188.56	0.9942868334049006	0.023084881602437508	
770.8667	20.55	0.7834805500325969	-0.8068575225054758	
771.214	217.29	0.9278999158335824	-0.2448668504538244	C37H39O18
771.214	287.49	0.6909465604590822	-1.6746179583694503	C37H39O18
682.3341	275.39	0.917558337851791	-0.2729518853737672	C31H55O14P
772.2088	217.29	0.9942868334049006	0.016653877334773352	C33H41O21,C33H40O21
772.2088	287.09	0.6909465604590822	-1.3397338871292634	C33H41O21,C33H40O21
608.1518	193.68	0.6909465604590822	-1.5227455297387709	C31H29O13,C31H28O13
608.2658	197.0	0.8107062605234384	-0.6384929291327185	
772.8031	22.02	0.6909465604590822	1.2865200179621752	
714.8448	21.62	0.6909465604590822	1.497791426258242	
773.2117	217.03	0.7733448365223873	-0.8412348715686375	C40H38O16,C33H41O21
773.2117	287.49	0.6909465604590822	-1.5771281572150053	C40H38O16,C33H41O21
683.0332	21.89	0.5780085886309885	2.7193968927917234	
774.1291	107.65	0.6988091037201217	-1.1990257138157676	
609.2687	197.26	0.8422671666385196	-0.5101010162359109	
685.3092	263.53	0.6279430024177781	-2.3166240583845816	C31H55O12P
685.3092	271.45	0.6772471548755077	-1.755713290947214	C31H55O12P
685.3165	253.0	0.855333810679701	0.4708817647306019	
716.8429	21.89	0.6909465604590822	1.6002834103698809	
685.865	21.36	0.00029790262720943544	126.01614190652334	
686.2928	216.24	0.6909465604590822	1.2564061704951082	
776.1299	108.3	0.3935462350073185	-3.7435297340636082	
687.1387	198.97	0.6935960519440304	1.2201862401040329	
687.1387	199.76	0.7518514983599873	0.9244082755933208	
776.5001	263.01	0.9915444296888974	-0.05546803083117283	C41H76NO8P,C44H73O9P,C40H77NO12S
610.8093	19.76	0.8744254464479456	0.42015549235951094	
610.8093	24.12	0.9320921013685026	-0.22953666023038433	
688.2685	195.82	0.6909465604590822	-1.4032193621771607	
688.2685	210.7	0.9922108955258231	0.04375084477884184	
688.2685	244.8	0.6437437779375688	-2.041774880244217	
720.295	262.48	0.6909465604590822	-1.443950106184566	
720.295	273.55	0.6909465604590822	-1.371965961713908	
720.295	293.28	0.6909465604590822	-1.3043337885641593	
611.0338	22.02	0.00029790262720943544	138.13627404373312	
611.2839	181.32	0.6909465604590822	-1.6782277480149022	
721.2333	276.7	0.6909465604590822	-1.4246636215937636	C34H42O17
721.2333	284.22	0.7654795900886683	-0.8749407247133988	C34H42O17
778.4657	288.01	0.7199525465832141	-1.0476671594418145	C42H70NO10P,C39H71O13P
690.5539	347.97	0.8904501510212278	0.3509234442142903	C39H79O7P
722.2282	276.44	0.7968031961147641	-0.7349985024104271	
722.2282	276.96	0.7024667074976827	-1.133254044509759	
690.8795	20.68	0.8422671666385196	0.5143734608806732	
722.4775	276.3	0.9942868334049006	0.02868759807383489	C40H70NO8P,C40H72NO9P
722.4775	281.06	0.7624589525845273	-0.8850724572898196	C40H70NO8P,C40H72NO9P
724.4877	599.34	0.6279430024177781	2.2887791109491085	
724.4877	601.97	0.5780085886309885	2.6687855151287794	
724.4877	603.15	0.2387500289777635	5.116871683112639	
724.8736	20.97	0.9765061369546912	0.1182032329833623	
724.9893	597.9	0.6421134163582154	2.0899832783896737	
724.9893	602.36	0.0792698496820835	9.135253615818486	
724.9893	606.98	0.3935462350073185	3.719648528317469	
725.877	21.1	0.9924845485217262	0.04228105916983328	
726.261	217.29	0.8696375091632447	-0.432669876031483	
726.261	286.83	0.6772471548755077	-1.8497384117873197	
782.832	21.62	0.7299582596890793	0.9936126887267557	
727.2644	217.03	0.8107062605234384	-0.6441638353605147	
727.2644	287.09	0.6909465604590822	-1.552028395716039	
728.2585	217.29	0.803526082719948	-0.6858783973207595	
728.2585	286.83	0.6772471548755077	-1.7376023430919694	
784.8307	21.36	0.6909465604590822	1.59543526181304	
617.8513	19.9	0.5565073813564835	2.7999512322562237	
617.8774	21.49	4.89060427343379e-05	380.53056326853647	
618.3015	230.06	0.7380693034311615	-0.9657167182267132	
729.2618	216.9	0.9915444296888974	-0.050965130031921775	
729.2618	286.83	0.6437437779375688	-2.0273655249714193	
619.02	58.38	0.8690529282380367	-0.43754404888425125	
620.2318	102.92	0.7559953695750143	-0.898984979039546	
620.2807	195.52	0.7611855333558541	0.8883968000533329	
787.8465	21.23	0.6268986760686829	2.3643274383452253	
732.5194	260.36	0.803526082719948	-0.6820050645107548	C39H76NO9P,C40H75NO8
732.5366	296.7	0.305520262000689	4.382122231270138	C43H78NO7P
732.5366	301.44	0.6797263813432087	1.729050942510696	C43H78NO7P
732.5366	302.89	0.6909465604590822	1.438344295465955	C43H78NO7P
732.5366	304.73	0.305412244223385	4.401471583979701	C43H78NO7P
732.5366	307.09	0.6909465604590822	1.3291852814108982	C43H78NO7P
732.5366	308.14	0.8988072175720901	0.3317699810000347	C43H78NO7P
838.854	20.97	0.9522942074375774	0.17635546886054748	
621.3056	283.56	0.6909465604590822	-1.517955395275521	C29H51O12P,C29H53O13P
622.2777	82.76	0.8415011319721635	-0.5199245243842431	C30H45N3O9S,C30H47N3O10S
622.8917	20.97	0.803526082719948	0.6811164462113662	
733.5222	260.23	0.7098260130207837	-1.0898930527312594	C50H72O5
623.2803	82.76	0.8472457384773712	-0.49896998407202825	C30H45N3O9S
792.4917	256.42	0.803526082719948	-0.695692075402582	C41H76NO9P,C44H73O10P
734.8296	20.16	0.9113276686924191	0.30317574791213797	
734.8296	22.8	0.8048704701579065	-0.6727063684797262	
792.8611	20.97	0.985794918351047	-0.0920379150677407	
736.2899	216.76	0.942996075246178	-0.1975707546403014	
736.2899	286.83	0.6572282342213804	-1.9629299560258064	
737.2914	216.76	0.94183818476564	-0.2042517543772519	
737.2914	286.83	0.6572282342213804	-1.9635167269503133	
794.5071	285.91	0.6772471548755077	-1.8728010188524633	C40H77NO12S,C41H78NO9P,C44H75O10P
903.5044	235.58	0.723890568145537	1.0294572588549333	C49H77O13P
903.5044	241.92	0.6909465604590822	1.279926624412324	C49H77O13P
738.2954	217.03	0.9915444296888974	0.060007134952974515	
738.2954	287.23	0.6772471548755077	-1.7399318275015774	
739.0042	622.52	0.007094187788390165	30.762059146408145	
739.0042	623.7	0.027781325127708048	16.8562597833734	
740.2402	188.04	0.8324196035808913	-0.5608921828037025	
740.2402	192.63	0.835556416615646	-0.5406235333680466	
740.517	325.85	0.940476951275737	0.21369560070179422	
745.613	441.12	0.521523782649719	2.982066065870163	C43H87O7P
745.613	443.22	0.6279430024177781	2.272238180367291	C43H87O7P
745.613	449.81	0.9959150449276425	-0.009991861210984453	C43H87O7P
747.1888	102.39	0.8097573043017404	-0.6534283803958286	C32H40O18
747.1888	103.18	0.9286045363716271	-0.2411226483860916	C32H40O18
915.4779	293.28	0.8853177850705175	0.3642922764485173	C47H77O13P
750.269	187.64	0.9313664104211147	0.23514048437547017	
751.2703	188.04	0.8554116892558553	-0.46968827362445986	
850.8197	21.62	0.6909465604590822	1.4103901882277001	C54H109NO5
918.4363	274.6	0.6427232800039633	-2.051757472819042	
919.4404	274.73	0.6079994675234356	-2.435716943073326	
753.2798	216.9	0.9483189367181007	0.18572723866061872	
753.2798	287.75	0.6988091037201217	-1.1825351187004096	
920.4519	284.87	0.8275489249915946	-0.578796328920441	
920.8067	21.75	0.28820510180747677	4.536746207146545	
753.8531	21.36	0.7834805500325969	0.8003475771976172	
754.216	214.25	0.6909465604590822	-1.2640169023685401	
754.216	219.26	0.6909465604590822	-1.3532869791924966	
754.216	262.88	0.7186342198842842	-1.0592098618202077	
754.216	273.94	0.7968031961147641	-0.7378651558862424	
754.2828	217.03	0.8812697197589402	-0.38022355253107726	
754.2828	287.62	0.7186342198842842	-1.056346899528577	
922.5355	422.8	0.8476160706649594	0.48724092733410906	C50H82NO10P
922.5355	424.37	0.7810747034535517	0.8258970704716814	C50H82NO10P
922.5355	428.08	0.6909465604590822	1.6659737123670755	C50H82NO10P
922.5355	431.5	0.6909465604590822	1.5677221610305923	C50H82NO10P
922.5355	432.81	0.7161916641166896	1.0707108163699544	C50H82NO10P
755.2188	214.77	0.6322661785242579	-2.207264456050543	
755.2188	262.35	0.6909465604590822	-1.2799227829883388	
755.2188	263.01	0.7611073184011352	-0.8898475840521193	
755.2188	273.81	0.6909465604590822	-1.6098525190233162	
756.2138	214.25	0.6909465604590822	-1.3863024239499662	C33H41O20,C33H40O20
756.2138	219.26	0.6909465604590822	-1.2623340873599898	C33H41O20,C33H40O20
756.2138	262.88	0.6931168820470349	-1.2399334763675651	C33H41O20,C33H40O20
756.2138	273.55	0.7518514983599873	-0.9189867952039632	C33H41O20,C33H40O20
808.8354	21.1	0.876045536858969	0.40663055102216533	
810.08	195.95	0.8656774366593448	-0.44576895160616403	
810.08	201.49	0.6909465604590822	1.4757676229320968	
810.5086	265.5	0.7805566084301492	-0.8283765799091971	C47H74NO8P,C41H78NO10P
811.083	201.75	0.7031572033903629	1.126861096673705	
928.8368	21.1	0.8233955875791125	-0.587188792108549	
1012.575	463.64	0.917558337851791	0.2685572917736963	
1012.575	467.32	0.9915444296888974	-0.06043443131168823	
813.4722	219.52	0.6909465604590822	-1.4190823874010967	C40H75O12P,C46H71O10P
814.5226	216.9	0.33786232212991674	-4.166471557070487	
860.8488	21.1	0.985794918351047	0.07862138755322179	
932.5386	255.63	0.7098260130207837	1.0883066699217947	C51H81O13P
932.5386	256.81	0.9942868334049006	-0.023960557102709702	C51H81O13P
932.5386	262.09	0.6079994675234356	2.4328080122421563	C51H81O13P
932.5386	263.01	0.8422671666385196	0.5135402448140745	C51H81O13P
816.4918	235.74	0.8656774366593448	0.4450295026970135	C46H73O10P,C43H76NO9P
936.5106	246.68	0.7387376094779479	-0.9609784551112166	C49H76O17
937.5228	255.89	0.942996075246178	0.19997489168513377	
865.2172	214.25	0.6909465604590822	-1.4012155040210073	
865.2172	273.15	0.8097573043017404	-0.6501036213083806	
865.2172	273.55	0.8324196035808913	-0.5511014936453851	
865.5039	238.24	0.010744710846006447	24.97903869615926	C50H75O10P,C45H76N2O15
1039.2259	223.33	0.4251519800976152	-3.501419287908271	
867.5187	246.94	0.6757158293613361	-1.9022174669002074	C44H81O12P
821.8408	21.1	0.010740032624397615	25.528015396078594	
821.8408	21.62	0.08093404342333742	8.91150541659427	
823.624	483.01	0.8097573043017404	0.6501661602959904	C55H86O6,C48H91O9P
823.624	484.98	0.9600870357548397	0.15579031119491366	C55H86O6,C48H91O9P
823.624	486.84	0.739292282744983	0.9560555440326781	C55H86O6,C48H91O9P
823.624	488.41	0.7400286510403458	0.9527639422775553	C55H86O6,C48H91O9P
823.624	496.21	0.42551326930002925	3.388254627283201	C55H86O6,C48H91O9P
949.5562	445.32	0.803526082719948	0.684436311525184	C51H82O16,C49H87O13P
949.5562	446.53	0.917558337851791	0.2745680814114162	C51H82O16,C49H87O13P
949.5562	453.64	0.7288876180466749	0.9972090921160173	C51H82O16,C49H87O13P
953.4964	437.96	0.8324196035808913	0.5596614111615971	
953.4964	440.46	0.8405349865804401	0.5276005396259689	
953.4964	441.77	0.7968031961147641	0.7332106243258649	
953.4964	443.35	0.7932639469102042	0.7774830276804855	
954.5223	297.75	0.6935960519440304	-1.2209153971812987	C53H79O13P
955.4933	273.81	0.36162759831920266	-4.022388669256049	C48H76O19
873.6225	453.25	0.8731773706203498	0.4270877536861408	C48H93O12P
826.8548	20.97	0.8476160706649594	0.4855668093177235	
955.5205	379.94	0.025098666582946204	17.74454269720938	
955.5205	456.4	0.6909465604590822	1.3159189224571526	
955.5205	459.81	0.6909465604590822	1.63584069348023	
955.5205	461.02	0.6909465604590822	1.257465111782208	
955.5205	463.12	0.6909465604590822	1.3729876660985854	
955.5205	466.53	0.7062194357780972	1.1180228937529693	
955.5205	470.77	0.7321322686018699	0.9854995770321098	
955.5205	476.57	0.8852690180716625	0.36558467754130136	
955.5205	478.28	0.7366939015415489	0.9692454767540579	
874.6271	472.87	0.6079994675234356	2.4461044258455393	
874.6271	476.83	0.06062860956798657	11.44112047990725	
874.6271	478.54	0.42551326930002925	3.4240540408370417	
874.6271	479.72	0.5780085886309885	2.654593719280761	
828.6309	405.32	0.8377924876907281	-0.5356391807346326	C50H90NO7P
962.5667	455.88	0.6988091037201217	1.1710456595428154	
962.5667	458.24	0.6909465604590822	1.6561739165963762	
962.5667	459.55	0.6279430024177781	2.2593535091115458	
962.5667	461.67	0.985794918351047	0.08851656452773828	
962.5667	462.59	0.7518514983599873	0.9178650908629099	
962.5667	471.3	0.6279430024177781	2.2865119245346754	
962.5667	478.15	0.912640480361796	0.2972390427469505	
962.5667	480.77	0.8053948489498225	0.6685060414360335	
962.5667	483.01	0.917558337851791	0.27013627020239944	
878.067	195.95	0.9942868334049006	0.01680739841004152	
878.067	201.75	0.6909465604590822	1.303106638687231	
1175.7766	280.8	0.8765461440469509	-0.40226503625513593	
1176.7804	280.8	0.8744254464479456	-0.41623035734340275	
1177.7838	280.8	0.8610040342455577	-0.4573359850321063	
1178.7831	280.8	0.8224382844121636	-0.5919327906311936	
1187.7521	442.43	0.9836563633479332	-0.09759157995823028	
1187.7521	445.05	0.7684923744596979	-0.8608548991382127	
1187.7521	446.27	0.6772471548755077	-1.8420447071142294	
1187.7521	448.37	0.6909465604590822	-1.6655310688817495	
1187.7521	450.47	0.7300729135726808	-0.9920296913570423	
881.4169	297.35	0.6572282342213804	1.9461350786119378	
1450.1342	349.94	0.8324196035808913	-0.555506229733806	
1221.7823	280.51	0.8107062605234384	-0.6412222935265527	
1222.7856	280.8	0.803526082719948	-0.6826656041782412	
1223.7892	280.64	0.7559953695750143	-0.9022107525050177	
982.5054	268.0	0.6279430024177781	2.282916880804398	
982.5054	269.97	0.004444944213360584	41.12246000289644	
982.5054	271.84	0.5780085886309885	2.595712852432837	
982.5054	273.55	0.18137082585945108	6.289197076427161	
1272.7014	259.96	0.5780085886309885	2.6373146791450712	
1470.9507	578.23	0.76778533194205	0.8671308361451961	
1470.9507	579.68	0.6909465604590822	1.3142464852451816	
1470.9507	581.67	0.6909465604590822	1.2767902576097596	C81H142O17P2
1470.9507	590.91	0.6988091037201217	1.20259252925691	
887.5064	274.34	0.621817022302127	-2.3848595808671598	C49H79O13P,C56H72O9
987.6215	213.33	0.8690529282380367	0.4365650327532879	
888.5094	274.2	0.6079994675234356	-2.430184010982975	
889.5115	273.94	0.6909465604590822	-1.6501201428480505	
996.8242	20.97	0.9408566251275783	0.2109489527193173	
999.5312	218.21	0.6909465604590822	1.3080139097950452	
896.5388	279.85	0.6909465604590822	-1.5580951680760644	C48H81O13P,C45H84NO12P
896.5388	286.04	0.6909465604590822	-1.4976091314563256	C48H81O13P,C45H84NO12P
1510.1557	395.15	0.876045536858969	0.40613521567097693	
1510.1557	399.57	0.8589935091756863	0.46265466294832563	
1510.1557	400.86	0.8744254464479456	0.41941438204414694	
1514.0565	321.23	0.7348024414668178	0.978450958722273	
1514.0565	332.4	0.42551326930002925	3.480120707904796	
1514.0565	334.5	0.3700283350705904	3.8672644727282495	
1514.0565	335.55	0.006413572529152159	32.678807139558685	
1526.0225	300.92	0.6772471548755077	-1.7711568331231142	
1526.1391	416.89	0.6772471548755077	-1.7488232046298615	C87H166O17P2
1526.1391	432.42	0.8765461440469509	0.4025330704028665	C87H166O17P2
1544.1033	349.81	0.4392482874432551	3.290616905148999	
1544.1033	351.09	0.6279430024177781	2.222070464749896	
1544.1033	353.32	0.07391412294519378	9.768447590440033	
1544.1033	356.27	0.5780085886309885	2.645432396381128	
1554.1593	416.89	0.6909465604590822	1.3938349283643867	
1554.1593	420.7	0.6909465604590822	1.5686776222323022	
1554.1593	423.72	0.8956527305790485	0.3389786684916803	
1554.1593	424.9	0.8472457384773712	0.4984264939538315	
1554.1593	427.29	0.880106608787337	0.38729107399318513	
1569.1843	454.69	0.7834805500325969	0.8001143081108034	
1569.1843	458.11	0.42551326930002925	3.400893183216776	
1569.1843	459.95	0.803526082719948	0.6975516991517581	
1571.0865	326.37	0.6909465604590822	-1.2771663664535402	
1611.0843	338.03	0.6523648132673536	2.007877144280805	
1611.0843	340.13	0.07391412294519378	9.584165159921746	
