m/z	rtime	p-value	t-score	custom_id
113.9879	21.75	0.8823754694781561	1.6587042287794278	
114.0164	22.8	0.9917989930713231	0.5095645079616846	
170.9435	22.02	0.8894027141758356	1.428511146710816	
114.9887	21.75	0.9443209731675832	0.9000496299575039	
264.9346	22.8	0.9917989930713231	0.478858148621692	
265.148	36.79	0.9443209731675832	-1.0398797054282871	
265.9508	22.02	0.9952760353263539	0.09028127548648779	
266.1515	36.79	0.9443209731675832	-0.9554135209327127	
216.9644	2.88	0.9443209731675832	0.7537506950811645	
268.9544	23.2	0.9952760353263539	-0.2705883211275253	
268.9841	26.24	0.9284274951199438	1.3453632947291982	
269.249	199.1	0.9952760353263539	-0.2396208366164543	
219.0082	156.81	0.6879993699552641	2.4554223743401	
269.9866	26.24	0.8894027141758356	1.5349165158573927	
174.9464	1.57	0.9952760353263539	-0.1300936945344002	
221.0526	22.15	0.9952760353263539	0.34961548644355817	
221.1543	58.25	0.8823754694781561	1.6240696308011038	
223.0498	22.15	0.9952760353263539	0.05238901891020969	
274.8909	25.56	0.9952760353263539	-0.28718791003109645	
274.8909	27.42	0.9952760353263539	0.15837205386120723	
276.0177	24.51	0.9952760353263539	0.21903974689497008	
178.9723	1.96	0.9952760353263539	-0.0994647141014907	
278.8979	2.48	0.6879993699552641	2.6283863226289985	
128.9585	22.67	0.8894027141758356	1.530682924951504	
226.9658	23.07	0.8894027141758356	1.493607867698214	
281.2486	193.95	0.9443209731675832	-0.7542436855184009	C18H34O2
282.2521	194.08	0.9443209731675832	-0.7861216912278245	C18H34O2
282.2802	286.83	0.9952760353263539	0.12201111176114661	C18H37NO
181.0008	22.94	0.9952760353263539	0.03353230031865565	
130.0864	1.83	0.9443209731675832	0.9893857990199801	
130.0864	23.72	0.9443209731675832	0.9651776667023265	
181.0711	22.02	0.9443209731675832	0.7526873361830598	
283.1105	31.39	0.6879993699552641	2.572736150768374	
283.1105	156.81	0.997613361284674	-0.007484320526574757	
283.1375	36.4	0.687229750434492	3.1274087720414285	
130.9565	22.94	0.9443209731675832	1.2732985736173597	
227.9665	22.94	0.8894027141758356	1.475487986395208	
283.2836	286.83	0.9952760353263539	0.14763588958472584	C18H37NO
181.9466	1.04	0.7268128393636257	2.1902143200640967	
228.9633	23.07	0.8894027141758356	1.5043636781342822	
284.9248	19.9	0.9952760353263539	0.23900027505010168	
133.0133	1.7	0.9443209731675832	0.7435602149161147	
183.1385	35.59	0.9917989930713231	0.4864070399913272	
231.0815	21.89	0.9952760353263539	-0.05971584685359819	
184.8759	0.78	0.759952443046665	-2.1012189690582344	
135.0302	22.15	0.7051635395478633	2.297340153929553	
232.9865	21.23	0.687229750434492	-3.426651241796181	
185.1542	29.66	0.9443209731675832	0.9175209273891343	
136.0477	26.9	0.9917989930713231	0.473308254543181	
136.8908	0.78	0.9443209731675832	-0.9355119044931945	
234.9139	1.7	0.9443209731675832	-0.9704690039179025	
293.9866	36.27	0.9917989930713231	0.454095009241357	
294.9533	20.55	0.9952760353263539	0.2548257148793814	
294.9533	22.8	0.9598863364209878	0.6700499902565038	
294.9824	25.69	0.8823754694781561	1.6513446868169757	
139.0221	26.24	0.687229750434492	2.6927133836042887	
295.9547	20.55	0.9917989930713231	0.5362536463284416	
295.9547	22.94	0.9952760353263539	0.03234650596634322	
296.8904	22.15	0.9443209731675832	0.9399119883542841	
296.9508	20.29	0.9952760353263539	0.2578956524476771	
296.9508	22.8	0.9598863364209878	0.6812091010991809	
237.0919	36.4	0.6186781534563853	5.182210516671032	C16H14O2
237.0919	39.81	0.687229750434492	2.870662270364806	C16H14O2
298.1565	36.66	0.687229750434492	3.0218537495164077	
238.0953	36.4	0.8823754694781561	1.6060138438920897	C16H14O2
238.0953	39.94	0.777922470388271	2.0264784515624767	C16H14O2
298.8874	22.15	0.9443209731675832	0.9263920883304795	
238.9316	22.02	0.9601077103446652	0.6612241030318772	
299.0693	21.89	0.9952760353263539	-0.20338247215943156	
299.1489	36.66	0.6879993699552641	2.592005127700485	
239.0927	25.98	0.8145638689794226	1.9259849804459865	
300.9743	20.97	0.7051635395478633	-2.3085931088166856	
240.9286	21.89	0.9661250722160857	0.6401366980682648	
192.1025	28.47	0.8469719896043391	1.882563650168577	
303.0699	26.64	0.9443209731675832	-1.0721322520261818	
193.0864	25.56	0.7051635395478633	2.2896421376468195	
193.0864	30.44	0.8894027141758356	-1.5385188453913832	
194.0817	36.4	0.8894027141758356	1.5521246254165366	
306.9193	22.02	0.9917989930713231	0.47169332606521985	
195.1385	35.33	0.7051635395478633	2.3141538760683176	C12H20O2
308.9163	22.02	0.9917989930713231	0.5060446789699612	
309.1532	36.4	0.687229750434492	3.1813510085506347	
246.8771	1.7	0.9443209731675832	-0.8348476607284008	
310.002	24.91	0.9601077103446652	0.6646017898023425	
246.9815	26.24	0.9443209731675832	0.879315122562739	
149.0541	21.89	0.9917989930713231	0.530710958478923	
311.223	36.4	0.9917989930713231	0.5339568338298087	
311.2958	222.8	0.9952760353263539	-0.2965294535389894	
248.9604	21.36	0.9443209731675832	0.9186776510255414	
312.9733	26.24	0.8823754694781561	1.600895475872758	
151.0253	22.15	0.9443209731675832	1.031207521573542	
151.0253	23.2	0.9498866145557076	0.7236503763124709	
249.051	23.33	0.9952760353263539	-0.09944802424394082	
249.1495	36.53	0.8823754694781561	1.6975186218327731	C15H22O3
249.1495	68.66	0.870293482225582	1.7685351470608766	C15H22O3
249.9639	21.36	0.9598863364209878	0.6814012944626008	
315.137	32.3	0.687229750434492	3.190036305295004	
250.1527	36.4	0.9952760353263539	0.10612154327157794	C15H22O3
250.1527	68.13	0.9952760353263539	0.36473645857348974	C15H22O3
250.9648	21.36	0.809306768283752	1.9611388855056144	
316.9479	21.36	0.9952760353263539	0.05328819555162905	
317.9513	21.23	0.997613361284674	-0.006065450295465882	
318.9522	21.1	0.9952760353263539	0.10223852673872212	
318.9809	28.21	0.8823754694781561	1.7128129360202844	
252.9241	1.57	0.9443209731675832	-0.997046846111948	
254.2489	255.24	0.687229750434492	3.002834013071759	C16H33NO
322.8933	22.8	0.9443209731675832	1.0852143437487014	
322.9142	19.9	0.9952760353263539	-0.1199567599991684	
255.1968	36.53	0.9917989930713231	0.45636180767993423	
324.8543	1.96	0.9838060980554243	-0.5841797167041157	
326.27	287.09	0.9598863364209878	-0.6858462548438605	C19H37NO3
256.92	1.17	0.687229750434492	-2.9040937395315236	
330.9638	20.55	0.9952760353263539	-0.3359190309225445	
332.9221	22.8	0.9952760353263539	-0.058264794043156494	
209.0968	29.39	0.9952760353263539	0.24173572344314775	
209.0968	36.4	0.777922470388271	2.047142377546245	
333.171	35.46	0.8823754694781561	1.6350006219266906	C19H26O5
333.9383	22.02	0.9952760353263539	0.06214431316454329	
334.8739	1.83	0.9952760353263539	0.13528227166757917	
210.9098	2.35	0.9917989930713231	0.515636835098589	
210.9121	21.1	0.9952760353263539	-0.2546328298049741	
210.9121	23.59	0.9952760353263539	0.026765859637803018	
262.9763	21.36	0.9443209731675832	-0.7750408915646257	
262.9763	25.04	0.687229750434492	2.7976454018196524	
336.9419	20.03	0.9952760353263539	-0.17009616808664263	
336.9419	23.2	0.9443209731675832	-1.1080820512824028	
163.0605	24.38	0.870293482225582	1.7493850933848814	
392.8958	20.03	0.9443209731675832	-0.9083096170024212	
392.8958	23.46	0.8522187127787865	-1.831041807386077	
212.9102	2.35	0.8522187127787865	1.835231445822943	
212.9102	20.68	0.9443209731675832	0.8229208893368072	
212.9102	23.46	0.9952760353263539	0.0461805937967445	
339.3016	217.81	0.9952760353263539	-0.3321937514667471	
164.0709	24.38	0.9443209731675832	1.0973466098460434	
393.8938	20.03	0.9443209731675832	-0.7323041849467138	
213.9082	1.7	0.6304614263794242	4.6332945174116436	
395.8938	20.03	0.9443209731675832	-0.7623911013736505	
395.8938	23.59	0.8823754694781561	-1.5840636246594098	
341.1183	33.09	0.9917989930713231	-0.5037189647177007	
341.1183	36.4	0.6879993699552641	2.6123221136648866	
341.1183	39.81	0.6879993699552641	2.507540524708437	
397.8893	20.03	0.9443209731675832	-0.8640894060235501	
397.8893	23.33	0.8894027141758356	-1.4275195255429236	
398.8866	20.03	0.99233079957425	0.40284651314262016	
398.9511	20.55	0.9598863364209878	-0.671216452252079	
399.8891	19.76	0.8823754694781561	1.707217737471682	
400.9094	22.67	0.9952760353263539	-0.14877316946646743	
344.2806	286.44	0.99233079957425	-0.4121158600994074	
401.9256	21.89	0.9952760353263539	0.0458482133567944	
168.0658	23.72	0.0045941505853836434	29.444927375504598	
404.9292	20.03	0.99233079957425	-0.42361172526473545	
404.9292	23.07	0.9443209731675832	-0.747300762649206	
453.1326	26.77	0.9952760353263539	-0.30863434549299873	
453.9262	20.97	0.9952760353263539	-0.3000253160509359	
454.1714	31.78	0.9443209731675832	0.8165699311020815	
454.9275	21.1	0.9917989930713231	-0.44624829718145204	
509.325	212.14	0.9838060980554243	0.5763153940294216	C30H48O5
510.3284	212.41	0.9598863364209878	0.672073034882988	C30H48O5
349.2361	193.29	0.9443209731675832	-0.9742686628424273	C19H36O4
510.8815	21.89	0.99233079957425	0.43080913939880056	
455.1295	27.16	0.8823754694781561	-1.5827465860177647	
456.1222	36.4	0.6879993699552641	2.4254713040353075	
456.1693	31.91	0.9443209731675832	1.1789280040174122	C21H31NO8S
352.2857	296.43	0.6879993699552641	2.493958095517862	
408.934	23.07	0.9598863364209878	0.6883160298405455	
512.8787	21.89	0.9952760353263539	0.23119485943037382	
457.135	152.7	0.7051635395478633	2.3512324104322517	
457.135	159.96	0.9917989930713231	0.4984762158682016	
409.3114	225.04	0.8894027141758356	1.4503114680075844	C28H42O2
457.9319	252.61	0.687229750434492	2.7123896676712844	
458.0012	37.45	0.9443209731675832	1.0927727922483623	
410.1767	192.89	0.99233079957425	0.43968560157544095	
410.2218	31.91	0.9917989930713231	0.4947139139504432	
458.8684	22.54	0.8522187127787865	1.8461953758676406	
514.1466	188.17	0.9917989930713231	-0.507647043410614	
514.8927	20.16	0.9443209731675832	-1.2441962884103603	
514.8927	23.07	0.8145638689794226	-1.9349182767395037	
411.2253	31.78	0.99233079957425	0.4018809567499379	
459.2616	31.78	0.9443209731675832	1.017329292190056	
412.2185	31.78	0.9952760353263539	-0.23460308766081553	
459.3271	219.26	0.9443209731675832	1.1046639706528125	
515.122	31.12	0.9443209731675832	-0.7476034314752085	
460.2131	188.17	0.9952760353263539	0.08001775306850255	
516.0727	27.03	0.8689209777801203	1.78288201647829	
517.0768	27.03	0.914883286858995	1.370258009214216	
359.1537	215.17	0.9952760353263539	0.30983700142741144	
359.1655	36.27	0.9598863364209878	0.6729059484934893	
462.8786	20.03	0.9443209731675832	-0.8979409978627366	
462.8786	23.2	0.777922470388271	-2.0287376583064725	
519.2135	202.01	0.9952760353263539	0.21127081815606405	C29H32N2O7,C28H37O7Cl,C27H31O2F7
463.1615	26.9	0.9443209731675832	1.157798280595378	C23H28O10
361.0016	24.64	0.687229750434492	3.436821720781653	
464.8787	20.03	0.9952760353263539	0.1767680438605966	
520.9102	20.97	0.9952760353263539	-0.18371031449927935	
417.0361	21.89	0.759952443046665	2.1030095810781764	
417.1559	27.03	0.9443209731675832	1.0134471105412375	
465.3044	205.29	0.9952760353263539	-0.18194693872431725	C27H46O4S
466.3077	205.16	0.9952760353263539	-0.10777031482103715	C27H46O4S
418.1593	26.9	0.9443209731675832	1.1023360593169758	
362.9409	20.55	0.9952760353263539	-0.10404357673504913	
362.9409	22.8	0.9952760353263539	0.35157619331976947	
521.3849	256.15	0.687229750434492	2.6927214057509317	
362.9701	28.21	0.7786302338425344	2.015282180626603	
466.8741	20.03	0.9952760353263539	-0.0906923174985842	
466.9384	20.97	0.9713881649250344	-0.62179962569447	
521.9135	21.1	0.9952760353263539	-0.21116193780825773	
522.9148	20.68	0.9661250722160857	-0.6382425416180043	
522.9148	36.4	0.9443209731675832	0.9545900625108615	
420.2507	31.91	0.9443209731675832	0.8830467103538693	C20H40NO6P
363.9427	20.29	0.9952760353263539	0.1141291786524145	
363.9427	22.8	0.9952760353263539	0.21384598743010091	
468.1821	193.03	0.9443209731675832	-1.0366397288049802	
364.8762	22.15	0.9443209731675832	0.9356881375951699	
364.9377	20.42	0.9952760353263539	0.33704235406553484	
364.9377	22.94	0.9952760353263539	-0.06133684930126311	
468.8968	21.49	0.9917989930713231	0.4515030614920468	
468.8968	22.54	0.9952760353263539	-0.3375123458478332	
421.2269	69.05	0.9443209731675832	1.3127491222387466	C20H38O7S
421.2542	31.91	0.9443209731675832	1.0251183156995578	C20H40NO6P
524.1748	219.39	0.9443209731675832	1.0007034980191847	
365.1404	36.66	0.8823754694781561	1.6392535636838415	C22H22O5
422.2569	31.91	0.9443209731675832	1.1492772554213557	C20H40NO6P
422.3279	77.75	0.687229750434492	3.7770357715526104	C25H45NO4
469.9132	21.89	0.9952760353263539	-0.08955697475677622	
422.9906	36.27	0.9952760353263539	0.21036870265577368	
526.8555	22.41	0.9443209731675832	0.8213707454564845	
472.1765	192.89	0.9443209731675832	-0.8401364715934888	
368.8882	23.2	0.9443209731675832	-1.1682869407222054	
472.9169	20.29	0.9952760353263539	-0.21040918154515487	
425.3064	187.12	0.9443209731675832	-0.8410730834750229	C28H42O3
368.9616	20.97	0.687229750434492	-2.856749221953666	
426.1035	188.43	0.9952760353263539	0.3667734519892133	
528.2733	75.62	0.687229750434492	2.7012136596463905	
427.3216	200.96	0.9952760353263539	-0.29979609060551754	C28H44O3
428.325	200.96	0.9952760353263539	-0.31247490798938454	C28H44O3
530.0885	30.44	0.6879993699552641	2.5322448957001398	
530.2889	104.23	0.687229750434492	3.896425614167968	
475.2892	110.83	0.9443209731675832	1.0749996962007768	
530.866	20.03	0.9443209731675832	-0.8533423000293713	
530.866	23.07	0.870293482225582	-1.7363201894000535	
429.1793	193.55	0.9443209731675832	-0.7972245409804507	
429.3281	200.54	0.99233079957425	-0.4031146908949368	C28H44O3
429.3374	226.25	0.9952760353263539	-0.36761143315020534	C28H46O3
531.0916	30.86	0.687229750434492	3.733428192860776	
531.2924	104.36	0.7268128393636257	2.2114766797268866	
430.9281	20.55	0.9952760353263539	-0.06388375606751713	
430.9281	22.54	0.9952760353263539	-0.07427933684478344	
374.2451	31.91	0.9443209731675832	0.816921103489464	
431.9301	20.29	0.9952760353263539	-0.16743886782374784	
532.8665	20.03	0.9952760353263539	-0.29466429966227536	
374.9068	21.89	0.99233079957425	0.4345531818973843	
432.8652	22.15	0.9443209731675832	0.8684047105969986	
432.9261	20.42	0.9443209731675832	-1.1205092391594191	
432.9261	22.94	0.9443209731675832	-0.7555717900244543	
375.2486	31.91	0.9443209731675832	0.7595420957514766	
376.2515	31.91	0.9952760353263539	0.18668905746236417	
533.291	205.03	0.9952760353263539	-0.17824937755872855	C33H42O6
376.9036	21.89	0.9917989930713231	0.45753200591425724	
534.8618	20.03	0.9952760353263539	-0.30698977580011555	
534.9263	20.97	0.9952760353263539	-0.281445217904758	
434.8614	21.89	0.9443209731675832	1.1605666808411172	
378.918	23.2	0.870293482225582	-1.7503983530643024	
479.2242	214.77	0.9952760353263539	-0.376465143432219	
479.3743	262.74	0.7268128393636257	2.212069571289488	
480.1507	27.29	0.9898319921947699	-0.5619614860323062	
480.2734	102.39	0.9917989930713231	0.4452057416160361	C22H44NO8P
480.3777	262.35	0.6879993699552641	2.6694813893782756	
536.0588	152.44	0.6186781534563853	4.8183129037380645	
536.1695	193.42	0.9443209731675832	-1.302873602640231	
436.0597	78.81	0.687229750434492	2.7046733494192297	
436.3151	253.13	0.8894027141758356	1.4336299204866767	
536.8845	21.36	0.9661250722160857	0.6410259242703001	
536.8845	22.54	0.9952760353263539	-0.24355247697724605	
379.9314	22.41	0.9952760353263539	0.23144614869638316	
436.8786	19.9	0.9443209731675832	-1.1623552060193076	
436.8786	23.2	0.9251467452659008	-1.353803699267733	
436.9492	20.97	0.687229750434492	-2.8810893367632557	
437.2407	31.91	0.9443209731675832	0.9994914363623668	
537.901	21.89	0.9952760353263539	-0.13561627180617672	
538.1425	202.14	0.9952760353263539	-0.1007400833407842	
438.2441	31.91	0.9661250722160857	0.6437137197196573	
439.0193	24.38	0.9443209731675832	1.2385835413621278	
384.8618	19.9	0.9570093857298393	-0.7078366155743432	
384.9355	20.97	0.9952760353263539	-0.23504768799824075	
439.3216	199.49	0.9838060980554243	-0.5794870346411226	C29H44O3
540.1643	192.63	0.9443209731675832	-0.8688760177809941	
385.3073	217.68	0.9952760353263539	-0.04050187121319897	
440.325	199.49	0.9850754338313726	-0.5693985407992024	C29H44O3
385.9392	20.97	0.9661250722160857	-0.6348912519318342	
485.0237	22.02	0.9952760353263539	-0.08629245037551343	
441.3282	199.49	0.9838060980554243	-0.5990912057402922	C29H44O3
441.3375	212.41	0.9443209731675832	0.8157781469916254	C29H46O3
485.1662	193.81	0.9952760353263539	-0.19073614053972768	
485.1662	202.27	0.9952760353263539	-0.0223168710368765	
542.2639	195.39	0.9443209731675832	-0.9776087113948528	
442.0902	192.76	0.9917989930713231	-0.48267492613327695	
442.3409	212.14	0.9443209731675832	0.8097026422028806	C29H46O3
442.8942	21.89	0.99233079957425	0.40431996678401955	
443.2476	214.9	0.9917989930713231	0.5010888430147624	
443.3532	238.5	0.9952760353263539	0.1460581428024111	C29H48O3
487.1945	166.04	0.9952760353263539	0.18371689842401756	
444.0868	192.37	0.9443209731675832	-0.9811002761420837	
444.2496	215.03	0.99233079957425	0.42492149625120684	
444.8912	21.89	0.9917989930713231	0.4632496557963924	
488.2445	219.13	0.9570093857298393	0.701467266755032	
488.3467	102.53	0.9838060980554243	-0.5898967644156139	
444.9732	36.13	0.9952760353263539	0.3274345447652868	
390.0443	32.17	0.6417014461202702	4.471275101699924	
390.2401	36.79	0.9799566368495986	0.6105968218496038	
390.881	22.67	0.8823754694781561	1.622364688174513	
390.9021	20.03	0.8894027141758356	-1.4262345222438713	
445.245	214.9	0.9443209731675832	0.7537516542083147	
446.0884	78.67	0.687229750434492	2.9725407954936434	
446.1609	188.43	0.9952760353263539	-0.23617610052745522	
546.1895	273.55	0.9662937684915093	0.6296191488644933	
546.1895	282.64	0.9952760353263539	0.3126619867291731	
489.2531	215.03	0.9917989930713231	0.48384620769892844	
489.2777	156.42	0.6930821139629199	2.388589211160798	
565.5394	384.16	0.687229750434492	-3.1947842713410566	C36H71NO3
446.9056	20.03	0.8901893564317261	-1.4193727641305651	
490.1115	152.57	0.8894027141758356	1.4551365088980954	
490.1992	195.0	0.9952760353263539	-0.12236867260299272	
490.2812	156.68	0.8823754694781561	1.6175335743766472	
566.9034	20.42	0.9952760353263539	-0.16434768041045647	
447.064	36.4	0.9952760353263539	0.11923231269073298	
447.1647	30.99	0.8901893564317261	1.41413367282861	C23H28O9
447.1647	188.43	0.9952760353263539	-0.09764499938101616	
447.9723	37.71	0.9443209731675832	0.9393602676067438	
548.1865	273.68	0.9570093857298393	0.7121371699622824	
548.1865	283.17	0.9952760353263539	0.2836194117311313	
567.9054	20.29	0.9952760353263539	-0.11129054639170652	
448.138	31.12	0.9443209731675832	1.3015225169160394	
568.1127	214.77	0.9443209731675832	0.801448585460202	
568.8401	21.89	0.9443209731675832	0.812070481773433	
491.2841	156.42	0.8823754694781561	1.595188145410505	
570.8366	22.02	0.9443209731675832	0.8455045162613252	
492.1085	152.57	0.8894027141758356	1.5659368408971202	
492.3463	212.14	0.9917989930713231	0.49854882609184903	C25H52NO6P
450.1773	36.0	0.8894027141758356	1.5028032210189222	
572.2442	201.75	0.9952760353263539	0.11148831784808004	
572.9243	20.97	0.687229750434492	-2.732942218484289	
451.8439	1.04	0.8823754694781561	1.6633054160207918	
452.2785	94.63	0.9443209731675832	1.1784185811518966	C21H44NO7P
493.1235	35.87	0.7148892942222238	2.264190516780937	
452.9229	20.97	0.9952760353263539	-0.22846559768453792	
552.4636	273.28	0.9443209731675832	-1.1707670023252048	C33H63NO5
575.8638	20.03	0.9917989930713231	0.4940705453075131	
495.1951	195.13	0.9570093857298393	-0.6990125787135172	
495.3094	200.96	0.9917989930713231	-0.5413142294792695	C29H46O5
626.1074	36.13	0.7268128393636257	2.1872097074590697	
577.2766	91.74	0.9952760353263539	0.3519676392626945	C27H47O11P
577.4476	281.85	0.9010664842062488	1.3926572208120014	C35H62O6
578.1416	214.9	0.9443209731675832	1.0149064184025796	C30H27O12
578.8692	21.89	0.99233079957425	0.40682317160414627	
496.3128	200.96	0.9917989930713231	-0.5159141496047046	C29H46O5
553.8755	1.04	0.809306768283752	1.9682384679540519	
553.8755	22.41	0.99233079957425	0.41096904763922915	
627.1105	36.27	0.6186781534563853	6.023603847706219	
579.1435	214.9	0.9443209731675832	1.1102662110049457	C30H27O12
580.1388	214.9	0.9443209731675832	0.9547322099242914	
628.1982	107.78	0.9952760353263539	-0.34541183252012975	
580.8666	21.89	0.9952760353263539	0.1629943979971883	
628.2776	207.94	0.9598863364209878	0.6831086738812259	
497.082	26.9	0.9952760353263539	0.21139833774207928	
498.0844	152.7	0.7051635395478633	2.3260857476388774	
629.2013	107.91	0.9917989930713231	-0.5151578943598194	
582.1359	188.17	0.9570093857298393	-0.6993956823184443	
582.8796	20.29	0.9443209731675832	-1.186355754225284	
582.8796	22.94	0.8894027141758356	-1.4464517191344024	
498.2849	192.76	0.6898713151839538	2.4076175407739733	
498.9161	20.55	0.9952760353263539	-0.0731925731479579	
583.2595	80.25	0.8894027141758356	-1.4582436505832803	
583.3143	102.92	0.749134342463295	2.148356793507718	
632.2056	156.94	0.9917989930713231	0.46821447340884054	
499.0792	26.77	0.9952760353263539	-0.269934997564316	
556.1448	228.49	0.9443209731675832	1.000000000000005	
499.918	20.55	0.9917989930713231	-0.48253541809731226	
499.918	22.54	0.9952760353263539	-0.20619615104664749	
586.2602	212.41	0.9443209731675832	1.0719557968802513	
500.3007	192.11	0.9443209731675832	-0.7789563728393569	
500.3007	197.0	0.9443209731675832	-0.9014519195759988	
634.2966	206.37	0.9443209731675832	-0.8230035738815713	
556.875	22.41	0.9443209731675832	0.7687645305842246	
500.8529	21.89	0.9443209731675832	0.7355627265583378	
634.8913	20.55	0.9952760353263539	0.09369717738718861	
587.2647	212.41	0.9443209731675832	1.2778416936257597	
588.1707	214.9	0.9443209731675832	1.2325742987103947	
588.2543	237.71	0.9952760353263539	0.2661719383475572	
588.2543	244.02	0.9917989930713231	0.4513476682501061	
588.2543	248.78	0.9952760353263539	0.33306192783849187	
588.898	20.97	0.9952760353263539	-0.08473315555908544	
589.1045	192.76	0.9952760353263539	-0.25315427486836767	
589.1726	214.77	0.870293482225582	1.7361084640042144	
589.4034	306.83	0.687229750434492	-3.7634452493322543	
589.9013	20.97	0.9952760353263539	0.07611302704929206	
590.9025	21.1	0.9917989930713231	-0.523480852102652	
558.1999	190.93	0.9952760353263539	0.3078622883386611	C29H32N2O7,C28H37O7Cl,C27H31O2F7
591.12	219.26	0.9952760353263539	-0.19439651290808857	
591.4014	306.57	0.8522187127787865	-1.8499450452878814	
501.862	20.03	0.9570093857298393	0.7088318531617062	
638.1528	215.17	0.9952760353263539	-0.027426090849985204	
502.1018	192.5	0.8894027141758356	-1.4313037682296479	
502.2947	89.75	0.6879993699552641	2.474851757264092	C25H46NO7P
639.311	253.0	0.8823754694781561	1.6463068753270722	
502.8487	22.15	0.9443209731675832	0.9016780941446362	
640.9121	21.1	0.687229750434492	-4.058364415377503	
559.4369	286.83	0.9443209731675832	0.8634522226526788	
504.0986	192.76	0.9443209731675832	-1.1051658784035086	
643.8514	20.16	0.9952760353263539	-0.06850798319529312	
504.937	20.97	0.8115248596526914	-1.9487912172178354	
561.0167	21.89	0.99233079957425	-0.4278257985403808	
598.8538	20.16	0.9443209731675832	-0.8622552945372912	
598.8538	23.07	0.8823754694781561	-1.6047275282303466	
646.2216	178.16	0.9443209731675832	-1.008131303025477	
561.3797	206.63	0.9917989930713231	-0.5241770250214633	C33H54O7
562.1798	202.14	0.9443209731675832	1.1546092081775658	
646.8571	21.89	0.9838060980554243	0.5812627108178222	
505.3328	220.57	0.9443209731675832	1.1060378997924907	
506.044	26.9	0.687229750434492	2.859518346223131	
506.2711	167.22	0.9917989930713231	-0.5316062302639402	
600.854	20.03	0.9952760353263539	0.0518026483038993	
600.854	22.94	0.6879993699552641	-2.425156733856269	
648.2491	247.2	0.9443209731675832	-1.1198625022612227	
648.2491	253.27	0.9443209731675832	-0.7531993157526425	
648.2491	258.39	0.767721992064792	-2.0810864794529897	
648.8545	21.62	0.9443209731675832	1.025376585578092	
563.0891	188.43	0.9952760353263539	0.023345360851091717	
563.2967	201.35	0.9838060980554243	-0.573403606137629	C27H49O10P
650.8667	20.42	0.9443209731675832	-0.7847722056020271	
650.8667	22.8	0.9443209731675832	-1.0827248194665755	
507.2518	165.48	0.9917989930713231	-0.45021438803916086	
507.3091	199.49	0.9443209731675832	-0.7504546068206082	C30H46O5
507.3692	215.69	0.9952760353263539	-0.30537915224874285	C30H52O6
507.3692	263.4	0.9443209731675832	1.2414674049542342	
507.8761	20.16	0.9952760353263539	0.17229133263608726	
604.8723	21.36	0.9952760353263539	0.15391880029054975	
604.8723	22.41	0.9952760353263539	-0.32412485975383576	
508.3125	199.36	0.9443209731675832	-0.7546248796851813	C30H46O5
653.3963	306.44	0.9917989930713231	0.5245462158836637	
653.3963	307.22	0.9443209731675832	-1.300627861776351	
654.253	102.66	0.9661250722160857	-0.6326011643707707	
605.241	80.12	0.6186781534563853	-5.818168439583654	
692.2636	260.23	0.8672583709446299	1.8070647551569723	
509.0044	22.02	0.9443209731675832	1.1561893078743855	
608.1518	193.68	0.9838060980554243	-0.5889502496704528	C31H29O13
656.8858	20.97	0.9952760353263539	0.13589600599097218	
696.186	107.78	0.9443209731675832	-1.0194820035220507	
696.4885	345.87	0.9443209731675832	1.1258706226224253	
696.4885	347.19	0.9443209731675832	1.2202165940823215	
657.0921	192.63	0.9952760353263539	0.09821485329069002	
657.8891	20.68	0.9952760353263539	-0.03812003377333564	
658.278	247.46	0.9917989930713231	0.44466639489426596	
658.278	254.19	0.9443209731675832	1.2049049501703148	
658.278	258.65	0.6186781534563853	4.877176364907089	
658.2906	263.27	0.9443209731675832	-0.7320432608487268	
697.189	107.78	0.9838060980554243	-0.5771645153508868	
659.1079	219.52	0.8894027141758356	1.4675745479178564	
757.2168	214.64	0.9601077103446652	-0.6638878763528124	
757.2168	263.14	0.687229750434492	-3.197715925660458	C33H41O20
660.2374	191.32	0.9443209731675832	-0.8367597072404708	
610.8093	19.76	0.9952760353263539	-0.30064620293047617	
661.2405	191.45	0.9443209731675832	-0.8092839883668181	
701.3114	253.13	0.9443209731675832	1.1096176691788209	
661.4399	235.05	0.9443209731675832	-0.7613248645380278	
702.2395	263.66	0.9661250722160857	-0.6457205349360061	
702.879	20.55	0.9917989930713231	-0.49073878287153744	
704.2379	263.14	0.9443209731675832	-0.7868381669687913	
666.8416	20.29	0.9443209731675832	-0.8154115262584659	
666.8416	23.07	0.9443209731675832	-1.162384217896954	
708.0481	218.86	0.8689209777801203	1.784406061049282	
708.2582	197.79	0.9443209731675832	-0.8093327578591328	
708.2582	255.37	0.7268128393636257	2.203434444895789	
668.3187	262.35	0.6879993699552641	2.439180367869374	
766.2357	102.79	0.9952760353263539	-0.2556085469296536	
709.2615	197.66	0.9952760353263539	0.06684377633704826	
710.2663	214.64	0.914883286858995	-1.3687227878940627	
710.2663	219.13	0.9952760353263539	0.2575174520896035	
669.3221	262.35	0.687229750434492	2.8635713862371146	
670.2975	189.87	0.9917989930713231	-0.5450245222140084	
711.2694	214.64	0.9443209731675832	-1.274931404635551	
711.2694	219.26	0.9952760353263539	-0.023480022231895742	
711.2694	262.61	0.9443209731675832	-0.9684554246699875	
711.2694	273.68	0.9952760353263539	0.138189087509382	
712.2637	214.38	0.9443209731675832	-1.1985904784228976	
712.2637	219.13	0.9952760353263539	-0.07502505668721617	
712.2637	262.35	0.99233079957425	0.4156725590065432	
712.2637	273.81	0.9952760353263539	0.20962774813660182	
770.2105	217.29	0.9952760353263539	0.030422362754197105	
770.2105	287.23	0.9661250722160857	-0.6378966989431794	
770.8667	20.55	0.9917989930713231	0.47679049914371957	
771.214	217.29	0.997613361284674	0.0054705114206478455	
771.214	287.49	0.9952760353263539	0.05346359663583587	
772.2088	217.29	0.9952760353263539	-0.025577711093072938	C33H41O21
772.2088	287.09	0.997613361284674	0.015118488161688532	C33H41O21
714.8448	21.62	0.9443209731675832	0.7367664471404737	
620.2318	102.92	0.9443209731675832	1.0604676438272855	
773.2117	217.03	0.9952760353263539	0.22503396018857816	C33H41O21
773.2117	287.49	0.9443209731675832	1.1494041460776971	C33H41O21
674.2522	200.68	0.9443209731675832	-0.8960056307671899	
674.2691	244.41	0.9838060980554243	-0.5908047628272116	
774.1291	107.65	0.9952760353263539	-0.28878757725965776	
675.0469	36.13	0.9443209731675832	0.9590566109215756	
621.3056	283.56	0.9443209731675832	0.8053678449789919	
676.2801	276.96	0.9443209731675832	-0.8151519051746425	
676.2801	285.0	0.9443209731675832	-0.9959687611333781	
776.1299	108.3	0.9443209731675832	-1.0095815869365592	
720.295	262.48	0.6879993699552641	2.4725654030913233	
720.295	293.28	0.99233079957425	0.4146955736849065	
721.2333	276.7	0.9443209731675832	0.75696904233332	
721.2333	284.22	0.9443209731675832	1.1702176396788466	
678.2774	285.27	0.8894027141758356	-1.533098713847821	
679.2808	277.49	0.777922470388271	-2.0264688636497756	
679.2808	285.0	0.8894027141758356	-1.4280035385579462	
724.8736	20.97	0.9952760353263539	0.301919582585424	
680.0163	188.43	0.9443209731675832	0.7883016788728728	
726.261	217.29	0.9952760353263539	-0.28424203144516164	
726.261	286.83	0.9443209731675832	-0.9142918893181283	
682.2341	195.13	0.9443209731675832	-0.919298635819659	
682.2341	233.08	0.9952760353263539	-0.32935121369825066	
682.3341	275.39	0.9443209731675832	1.159626412602275	
727.2644	217.03	0.9917989930713231	-0.44313521292315033	
727.2644	287.09	0.6879993699552641	-2.509284450499401	
728.2585	217.29	0.9952760353263539	-0.21385492001410866	
728.2585	286.83	0.9443209731675832	-1.2126790744172122	
782.832	21.62	0.9443209731675832	0.7956935608267993	
729.2618	216.9	0.9952760353263539	-0.10354175040249357	
729.2618	286.83	0.99233079957425	-0.43328325761296144	
685.3092	263.53	0.9952760353263539	-0.2638055863991382	
687.1387	198.97	0.9952760353263539	-0.3720712549160159	
687.1387	199.76	0.9952760353263539	-0.34878817778111476	
732.5194	260.36	0.8894027141758356	1.4859639027969074	
688.2685	210.7	0.9443209731675832	-1.1882006741610283	
688.2685	244.8	0.9952760353263539	-0.14231027301763172	
734.8296	20.16	0.9443209731675832	-0.8721180930190869	
734.8296	22.8	0.6186781534563853	-5.369796705413923	
736.2899	216.76	0.997613361284674	-0.0034136412819811635	
736.2899	286.83	0.9917989930713231	0.5184408028235592	
737.2914	216.76	0.9952760353263539	-0.09442167513055932	
737.2914	286.83	0.9443209731675832	0.7584003140864419	
738.2954	217.03	0.9952760353263539	-0.3753326522316932	
738.2954	287.23	0.9952760353263539	-0.05932113441798677	
792.8611	20.97	0.9952760353263539	0.22567969581424352	
740.2402	188.04	0.9443209731675832	-0.8179052421147426	
740.2402	192.63	0.9443209731675832	-0.7542555055054361	
794.5071	285.91	0.9952760353263539	0.0391512361519263	C40H77NO12S
747.1888	102.39	0.8522187127787865	1.8587820213835298	
747.1888	103.18	0.9443209731675832	0.8364878014384377	
920.4519	284.87	0.8894027141758356	1.4558346968215556	
750.269	187.64	0.9917989930713231	-0.5337448956967736	
753.2798	216.9	0.9952760353263539	0.12453705076657529	
753.2798	287.75	0.759952443046665	-2.1153195906276823	
754.216	214.25	0.9952760353263539	-0.17365904299719617	
754.216	219.26	0.997613361284674	0.00784009488987153	
754.216	262.88	0.9838060980554243	-0.5996569017502732	
754.2828	217.03	0.9952760353263539	-0.080247960613657	
754.2828	287.62	0.8993859720613543	-1.3998198651674023	
928.8368	21.1	0.9952760353263539	0.2919196626296695	
756.2138	214.25	0.9952760353263539	-0.26838846899452323	
756.2138	219.26	0.9952760353263539	0.12904667159324923	
756.2138	262.88	0.997613361284674	0.0031821916670765477	C33H41O20
756.2138	273.55	0.9443209731675832	0.801297985590809	C33H41O20
810.08	195.95	0.9443209731675832	1.2193081811519089	
810.08	201.49	0.9952760353263539	-0.09834664577743248	
860.8488	21.1	0.9952760353263539	0.12746497749868588	
1039.2259	223.33	0.9952760353263539	0.10987282781450954	
865.2172	214.25	0.8689209777801203	1.7792569422180102	
1119.7144	245.59	0.9443209731675832	0.7333991621082903	
1175.7766	280.8	0.687229750434492	3.3597845261658534	
1176.7804	280.8	0.687229750434492	3.3182866194704848	
1177.7838	280.8	0.687229750434492	3.0181322343275037	
1178.7831	280.8	0.687229750434492	2.9066665496274813	
987.6215	213.33	0.9952760353263539	0.3934034736468841	
1221.7823	280.51	0.687229750434492	3.8633626611524567	
1222.7856	280.8	0.687229750434492	2.8115949954030706	
1223.7892	280.64	0.687229750434492	3.2351236183099488	
1450.1342	349.94	0.687229750434492	3.1300041183716902	
1272.7014	259.96	0.6186781534563853	6.134934567846453	
999.5312	218.21	0.9838060980554243	0.5745623070599085	
887.5064	274.34	0.8894027141758356	1.4675469804555399	
888.5094	274.2	0.8823754694781561	1.5983562754624314	
