m/z	rtime	p-value	t-score	custom_id
114.1028	0.79	0.7347258922691544	0.8563250452917345	
183.0781	23.19	0.5606934424118248	1.6113785066870372	
237.1272	113.22	0.3662270870325246	3.054226487002212	
116.0622	38.62	0.8836362674583862	-0.43140315988925737	
237.9547	2.24	0.5423116236416071	1.7214968928840284	
237.9779	2.89	0.9657113803342272	0.18081017446006223	
238.1201	26.76	0.9995163006410052	-0.007782970749134245	
117.0741	23.19	0.9373892330867206	-0.2668111219150252	
238.2276	0.79	0.9589551266475067	-0.19755602853867976	
184.8889	20.04	0.9696110908707799	-0.1610467991852697	
294.1555	27.81	0.6297763864152186	1.3081769728058434	
294.2789	215.88	0.6682044275040825	-1.0761454218929443	
294.2789	220.63	0.7955111897403336	-0.6937873748718943	
239.1754	0.66	0.8616978001313401	0.5012693262608292	
239.1754	21.75	0.5332954758760162	1.8308609464143453	
294.9386	21.09	0.44158494734527215	-2.498659353150211	
119.0492	27.15	0.6308720186161166	1.2934515418132244	C8H6O
119.0492	30.87	0.45186993626381783	2.403700766444689	
295.1515	25.29	0.69622593770697	1.0129873071847404	
295.9419	21.09	0.589007439699898	-1.4192215296993402	
240.1804	24.51	0.9464440617778501	-0.24557144306008175	
296.2073	24.64	0.9787169203794523	-0.12650630813930924	
185.1648	0.79	0.6632673499738736	-1.14020256022927	
240.2683	78.69	0.44991624135439023	-2.4174233191621237	
240.9668	21.09	0.5332954758760162	-1.822209730687638	
120.0809	24.51	0.4571299919008691	-2.3211786363004827	
241.1042	24.51	0.9131588543546387	0.3402504462379345	
298.0829	26.5	0.7932291565323574	0.7044213684251628	
298.0829	68.03	0.5029037069123337	2.1007136801353865	
186.1681	0.79	0.7128323211712024	-0.9330392793477014	
241.1545	0.79	0.34428391464258806	-3.217212809979774	
298.1861	24.64	0.7619847459687172	0.787914345091713	
121.0649	30.74	0.5372484595435185	1.761991936980052	C8H8O
241.1838	24.51	0.9689112819575277	0.16490378148206067	
121.0843	24.77	0.45733610335230285	-2.2957811086020325	
298.2737	36.91	0.10136113202778545	-6.335639875729137	C18H35NO2
298.2737	48.78	0.033746614973693675	-10.259673404547303	C18H35NO2
299.0886	24.11	0.8442736421725655	-0.5579397487185521	
299.1483	36.52	0.5047972517839435	2.0490237174717008	
299.2771	36.91	0.2782508958164467	-3.8115815690867856	C18H35NO2
299.2771	48.78	0.03283772636818946	-10.669320360111419	C18H35NO2
242.1861	0.79	0.1252518798414982	-5.663137559975466	
122.0686	30.61	0.8832865143575527	0.4377865224943376	C8H8O
122.0686	65.25	0.9526625544679821	-0.22611976589882926	C8H8O
242.9253	22.8	0.5047972517839435	-2.0516466020999578	
188.0705	24.51	0.8290605258603869	-0.6060222122171691	
300.9046	20.17	0.9526625544679821	0.22715136560321442	
301.0945	26.63	0.6671288710142709	1.1138702753941607	
301.1044	24.51	0.6308720186161166	-1.3002159648317921	
243.1826	21.09	0.8400795047860025	0.5677432949840042	
188.1756	23.19	0.8561157283904354	-0.5276208196345437	
243.6844	20.7	0.7992690086670325	0.6807153649647006	
243.9415	22.14	0.5423116236416071	1.739524838105968	
189.0522	22.93	0.7871413358168533	0.7151033847859731	
189.0732	22.14	0.4571299919008691	2.342410980059175	
303.1197	26.1	0.9947348029653253	-0.09103716895230181	
244.0342	22.27	0.9975563322043179	0.06005962531737391	
189.1022	0.66	0.5047972517839435	-2.057894222107957	
189.112	108.19	0.8674815490638649	-0.48485098294404394	C9H16O4
189.123	22.01	0.9526625544679821	0.2292073259837457	C6H13NO3
244.2137	610.37	0.7128323211712024	0.9392022335655003	
190.0862	24.51	0.4672616801239105	2.2610988184335694	
244.2632	36.39	0.9131588543546387	0.3283449993472487	
244.2632	41.14	0.9538824044421571	-0.2191985389277683	
244.2632	44.29	0.6633074905904875	1.1327458412768718	
305.0992	24.64	0.8847557060094758	0.4218048694887158	
305.1355	26.37	0.9975563322043179	-0.05557588529785428	
245.0993	22.27	0.8616978001313401	0.5057761017033695	
190.1224	108.85	0.7795639860814467	-0.7389543543069015	
124.0245	1.05	0.7347258922691544	0.8609278142509673	
124.0587	23.19	0.7128323211712024	0.9404904655102525	
306.2279	25.97	0.3963660720649544	2.742510259157661	
246.1012	22.41	0.7619485519241064	0.7903846499078487	
307.892	20.04	0.9975563322043179	-0.06224203622599225	
308.1429	69.34	0.4688101627451489	2.2305380712689424	
308.1965	0.66	0.8554256770727141	0.5300528302253913	
308.1965	36.91	0.8845696652567897	-0.4244654684859837	
309.1459	69.6	0.5377702382771167	1.754176409498885	
309.2279	31.4	0.654900934250812	-1.1959636304068473	
309.2279	33.1	0.9131588543546387	0.3244943124363289	
310.9124	22.93	0.5423116236416071	-1.7146884975460919	
248.237	36.52	0.5423116236416071	1.7124697889265035	
248.237	41.14	0.5699951485974138	1.5722335160364693	
311.0887	24.11	0.6686149144228578	1.074217217154135	
311.1462	25.03	0.7841505506938855	-0.7257164745138573	
311.1462	26.76	0.791719441078283	0.7085486896245431	
193.1012	41.14	0.4718770676001788	2.2115283328589777	
249.1118	30.61	0.7601319816948807	0.7953814840975253	
193.1699	0.79	0.6157687061461774	-1.3357802101974736	
311.9292	22.14	0.5444589556389011	1.7031742349142476	
312.1656	0.79	0.3543921415906644	-3.1594866501900025	
312.2528	66.06	0.8836362674583862	-0.432157193193305	
312.3257	218.24	0.8561157283904354	-0.5270096341925649	
313.1044	24.24	0.7014845572251117	0.9820585025027502	
313.162	24.64	0.9071943154211255	0.3693538156237308	
313.329	217.98	0.8758930127972864	-0.45518701875559975	
314.1607	27.15	0.7539265645631756	-0.8075494791513067	
314.3323	218.24	0.8452975677883503	-0.5518762506656667	
315.1739	79.21	0.7633782292511855	0.7793136442367221	
252.1706	0.79	0.19152002854472475	-4.785016592452134	
316.2116	21.75	0.5332954758760162	1.8119685307306783	
316.2485	28.2	0.6828754901369799	1.0434718005200558	
316.2842	36.52	0.3394190386396776	-3.243102579206809	C19H33NO2
317.1145	26.5	0.654900934250812	1.197857727527553	
317.2149	21.75	0.42672615750107595	2.5853910237244806	
253.1192	21.22	0.4470434840618367	2.4434939224815078	
318.1917	25.29	0.641652824386838	1.2589244200407161	
318.1917	29.65	0.44991624135439023	2.4303712627492087	
318.2172	21.88	0.44991624135439023	2.4134905544249428	
318.228	26.37	0.6783510390517455	1.0506070300042671	
319.0938	25.71	0.6682044275040825	-1.0776085055720874	
196.0968	21.88	0.6671288710142709	-1.1084126507646195	
254.1604	24.64	0.8984957847562217	0.3926813393487819	
320.2073	25.84	0.5367971918812969	1.7702644773052427	
254.2476	29.91	0.5423116236416071	1.712675861009198	
254.2476	36.52	0.10206640444443683	-6.14040045671691	C16H31NO
254.2476	44.03	0.245832084948844	-4.162915868621909	C16H31NO
254.8997	20.17	0.6430419177565442	1.2460227637416346	
255.1205	27.94	0.749689870954765	0.8160235507675665	
255.1233	0.66	0.02852132135293995	-13.14989120393482	
129.0546	30.87	0.6150827267432092	1.3470915025647383	
322.0772	2.1	0.9373892330867206	-0.26618601340276865	
322.1865	0.79	0.83281032912761	0.5976915902509391	
322.1865	27.55	0.5444589556389011	1.6917403215109164	
322.2228	25.84	0.4223431271328103	2.614624928475258	
129.1386	0.79	0.7644735568187508	0.7716814119895699	
257.0571	26.5	0.6671288710142709	1.0978159996104846	
257.0793	1.32	0.5423116236416071	1.7208974391633132	
325.1618	25.16	0.9570887585989435	-0.20551291498065963	
257.1391	25.16	0.9975563322043179	-0.05953258035420728	
326.1609	0.66	0.3394190386396776	-3.2483754597374754	
326.1967	0.79	0.8616978001313401	0.5023241268814164	
131.0491	26.37	0.9571808633908301	0.2043114839596743	
131.0491	47.2	0.9696110908707799	0.15967183917959724	
326.3415	224.31	0.8114860792270879	-0.6446413835456669	
258.0605	26.5	0.5614234461869181	1.5991329508885495	
327.1201	24.51	0.9941219416011298	0.092915286653642	
327.1376	41.01	0.4864738592494993	2.180377273062828	
327.1411	24.64	0.6633074905904875	1.1350745959438997	
327.1411	27.15	0.9975563322043179	-0.06830180966084709	
327.3366	213.12	0.6671288710142709	1.1083651301637678	
327.3449	224.31	0.8669143752480115	-0.48818838594985164	
328.2124	0.79	0.8371991375810452	0.5782028300306	
328.3401	213.39	0.6531558860902278	1.2192069566858617	
259.0746	1.45	0.5556365075140371	1.6331203270581898	
259.105	21.49	0.7456954620388729	0.8269591396998729	
198.0977	24.64	0.5775235449171561	1.5280686026875827	C12H14O
132.0031	21.88	0.7946279851950604	-0.6984095867484333	
329.1357	24.11	0.7544651362856057	-0.8054085115874817	
329.1533	47.07	0.4571299919008691	2.361100240446181	
132.0888	38.36	0.67175751556704	-1.063205955254641	
330.1563	47.07	0.5047972517839435	2.039209064526855	
330.3362	80.79	0.8442736421725655	-0.5553146388785634	C20H43NO2
331.1666	58.66	0.9696110908707799	0.15968686161458498	C17H26O4
331.3396	80.79	0.8616978001313401	-0.5030158419583706	C20H43NO2
261.0733	22.93	0.8452274611106498	0.5530841837594079	
261.1095	0.53	0.8548216864993996	-0.5318737083785379	
261.1095	28.73	0.9420512089196783	-0.2530053568361072	
261.1306	22.41	0.8616978001313401	0.5166124640806067	
332.2434	28.2	0.7128323211712024	0.9310617805689706	
133.0981	103.19	0.3963660720649544	2.760952895965255	
133.1052	23.85	0.20707550203887898	-4.625728569626143	C6H13NO2
334.1861	26.76	0.5775235449171561	1.5107009017534672	
334.2229	26.76	0.44055314751947056	2.5201291412006994	
334.2945	36.78	0.1859529881410233	4.926983247547027	
334.2945	49.96	2.888597329384618e-05	125.68873789431895	
334.3374	78.69	0.5775235449171561	-1.5330418911609844	
199.1011	24.64	0.8374142407624526	0.5734203195079572	C12H14O
335.1894	26.5	0.5837048044228551	1.4436052703485642	
262.2021	25.84	0.3662270870325246	3.0183728423527136	
199.1917	3.02	0.5332954758760162	1.8312185079789127	
336.2019	24.9	0.7490591025617693	0.8180051653451612	
336.2019	27.55	0.5775235449171561	1.5200987985677656	C14H22O6
336.882	2.24	0.5614234461869181	1.5954678200432535	
337.1043	24.51	0.9995163006410052	-0.034856821430882666	
337.1615	24.9	0.9131588543546387	-0.34011077456082917	
337.1615	26.89	0.7128323211712024	0.9308228761118452	
337.1771	0.66	0.2173233349580263	-4.413257992929167	
200.1182	0.66	0.1641811986445225	-5.161106056001736	
265.1066	27.15	0.7077091416525025	0.9571054143649024	
265.1066	30.74	0.5447865207266961	1.6805335991885464	
339.1411	26.63	0.8979451541836894	0.3987646742363801	
339.2071	70.79	0.654900934250812	1.19602227787896	
340.2302	51.54	0.4571299919008691	-2.373697443984833	
135.1209	1.32	0.973661739393329	0.13389969833782656	
135.1209	21.75	0.3240508315250196	3.3688590824675573	
265.9621	20.04	0.8685478394847446	0.48140240564515935	
340.3572	232.35	0.7601319816948807	-0.7949811288418087	C22H45NO
340.9306	20.44	0.9999746502670094	-0.0021272015347705052	
341.1357	24.77	0.4571299919008691	-2.346257296740364	
341.1566	24.64	0.9077222402959358	0.3665491977673838	
341.1566	27.42	0.83281032912761	-0.5962416436146281	
136.1201	38.36	0.7456954620388729	-0.8279394325934069	C10H14
267.1223	30.87	0.5444589556389011	1.6976971781297947	C14H18O5
267.1586	26.5	0.9645514304178064	0.18335015269683078	
341.3606	232.75	0.9095178786461605	-0.36007696310828247	C22H45NO
267.1814	24.51	0.9722797704470953	0.14952429419552074	
137.0457	22.54	0.7077091416525025	-0.9639179420934189	
268.1186	0.66	0.654900934250812	1.179733365322273	
342.2278	26.5	0.7366582592204634	0.8527035165436823	
342.2278	28.86	0.5775235449171561	1.4997436302609217	
268.1257	30.74	0.6612896978457842	1.1547288923416668	C14H18O5
268.1761	24.77	0.7456954620388729	-0.8276784247442841	
268.2116	24.64	0.8919196448485835	0.4107647867647881	
268.2712	229.43	0.654900934250812	-1.1931495671971237	C18H34O
268.2712	234.72	0.7706012832364295	-0.7536257251609244	C18H34O
268.2712	241.06	0.5047972517839435	-2.026999343672437	C18H34O
268.2996	120.07	0.9975563322043179	-0.049581157003457395	
342.9288	20.44	0.7128323211712024	0.9151026959689531	
269.136	24.51	0.9131588543546387	0.33501624440497696	
343.1149	24.51	0.27575231570634073	-3.8765194811389705	
343.1149	27.15	0.5332954758760162	-1.7829765953687695	
343.1322	41.27	0.4687496623483454	2.2378812304801077	
343.1689	53.51	0.5775235449171561	1.479664035079451	
343.1724	24.64	0.9877093957227924	-0.10962273689851074	
343.1724	27.68	0.6124778238615569	-1.354167554455403	
270.1345	0.79	0.3776682453083078	-2.9029430652251134	
138.0489	22.54	0.6671288710142709	-1.1032965020721126	
203.0073	22.27	0.9995163006410052	0.0051709238584407334	
344.1358	41.01	0.4702681238502588	2.21846338367204	
344.1717	0.66	0.014222320436054151	-20.194092781452618	
344.1717	53.24	0.7992690086670325	0.679204620453502	
344.2072	29.12	0.8506414108224506	0.5378228492491739	
344.2434	26.5	0.8984957847562217	0.38737054050270314	
203.1388	21.88	0.8698839566751303	0.4693281017886647	
271.1547	64.99	0.6671288710142709	1.0973297760654854	
345.1305	24.24	0.6671288710142709	1.110123617806208	
346.1868	0.66	0.033746614973693675	-10.138849669403012	
346.2161	92.12	0.9618926327496761	-0.18768240128378946	
346.2161	95.97	0.9975563322043179	0.06484594860435325	
272.2581	36.52	0.33199621822272407	-3.3236882734851094	C16H33NO2
346.2228	26.76	0.48771555591732096	2.160666258094443	
346.2228	29.52	0.4571299919008691	2.3768841580713853	
346.952	21.09	0.48771555591732096	2.1564584467045473	
139.0947	0.66	0.8054788164071226	0.6648578023877189	
347.2911	26.76	0.5332954758760162	-1.8755521550017846	
273.9451	20.3	0.9131588543546387	0.3242750290703676	
274.0836	26.5	0.5775235449171561	1.5219188075104442	
204.9979	22.27	0.5423116236416071	1.7131919436551797	
205.0279	2.76	0.9995163006410052	0.026126016668442085	
274.1656	24.77	0.694258904781658	1.0208689350379494	
205.0971	0.66	0.9722797704470953	0.14558523547124536	
205.0971	24.64	0.76662246767765	-0.7619397446852805	
274.2737	34.15	0.9131588543546387	0.3257163435609869	C16H35NO2
274.9415	20.44	0.8414263017308246	0.5631227305336681	
348.2021	25.71	0.6602867344882051	1.1588086964629227	
140.0679	21.22	0.5332954758760162	-1.8156148289560092	
140.0679	22.8	0.5369383041492573	1.7671183857106496	
140.0679	189.41	0.6672238903469729	-1.0927467989361839	
140.0679	194.66	0.2782508958164467	-3.773656455146549	
348.2383	26.1	0.5258237593785384	1.931706368626699	
275.0874	26.63	0.7313369392954704	0.8740935132971123	
275.0999	21.36	0.5837048044228551	1.4307596004624656	
140.1069	0.79	0.7946279851950604	0.6992950499848107	
275.9553	280.27	0.6142909674950024	1.349921937022735	
349.8916	20.04	0.4571299919008691	2.3411484720243814	
276.2175	27.94	0.4571299919008691	2.3287578085893452	C16H24O3
350.1774	145.79	0.2173233349580263	-4.415587607721663	
350.1774	189.54	0.6671288710142709	1.1163041600341532	
350.2173	27.42	0.5614234461869181	1.6031110992739923	
350.2534	27.15	0.6956466757158627	1.0177615382936533	
351.1352	47.07	0.7955111897403336	0.6935212116369086	
277.9333	2.63	0.8775546144827233	0.450959822284847	
352.8972	21.88	0.9208212760449868	-0.2983777033022741	
206.8938	22.27	0.7946279851950604	0.698609987940015	
141.1103	0.92	0.6453819163245254	1.2393637955552526	
278.9311	2.89	0.9217032297888685	0.29142891048929226	
278.9648	20.83	0.5332954758760162	1.8456341525362607	
353.352	218.24	0.9975563322043179	-0.07074867013350619	
279.1222	36.39	0.5444589556389011	1.6927167584105025	
207.1492	0.79	0.7946279851950604	0.6969017435317374	
354.3727	243.42	0.8359845452870285	-0.5850946072506041	
280.2632	36.91	0.07551104260780296	-7.287357206306684	C18H33NO
280.2632	48.78	0.033746614973693675	-9.93502119502977	C18H33NO
281.1013	30.87	0.5332954758760162	1.8095362175622407	
281.1379	34.94	0.6430419177565442	1.244066049299771	C15H20O5
281.2665	36.91	0.15094292022631373	-5.345840327564603	C18H33NO
281.2665	48.78	0.037895773986209004	-9.258764815977338	C18H33NO
208.155	22.93	0.5423116236416071	1.717834285326522	
356.3519	140.77	0.8359845452870285	-0.5823792016329906	C22H45NO2
356.9084	23.33	0.6048120583014639	-1.3878156943063051	
283.0939	24.24	0.956909929592416	-0.2078442456932796	
283.1173	26.76	0.6531558860902278	1.2154631023517661	
283.1173	29.25	0.5332954758760162	1.8287578772400725	
357.1306	24.11	0.8616978001313401	0.5009640404128258	
357.1306	27.15	0.8054788164071226	-0.6643716634588502	
357.3553	140.77	0.8097163980710582	-0.6541350160066655	C22H45NO2
209.0961	47.07	0.3662270870325246	3.0007289695870942	
284.1207	26.76	0.7077091416525025	0.9628450332558477	
284.1207	29.25	0.5775235449171561	1.529213969058496	
284.2064	24.51	0.5837048044228551	1.4400473083869838	
358.2226	0.66	0.9131588543546387	0.340955040702394	
284.2945	77.64	0.033746614973693675	-9.786779736879144	C18H37NO
284.9099	22.01	0.9589551266475067	-0.1967090256111683	
359.1462	24.77	0.83281032912761	-0.5946600811841667	
285.1096	24.11	0.8097163980710582	-0.6524770373302846	
285.1704	0.66	0.9131588543546387	0.34841884554882246	
285.2099	24.51	0.5047972517839435	2.038395971142292	
285.2979	77.24	0.0970522198532174	-6.590560518184367	C18H37NO
210.05	24.51	0.2782508958164467	-3.725808449667264	
210.0991	47.07	0.4571299919008691	2.3130435965299307	
360.1585	41.27	0.6308720186161166	1.2906952582395272	
360.202	27.15	0.5761696594408114	1.5530944186050808	
360.2383	0.79	0.8811112097700732	0.44361685830036685	
360.2383	26.76	0.7272785309977615	0.8828752350539315	
360.2383	29.65	0.6308720186161166	1.2859186852808526	
286.9068	22.14	0.9975563322043179	-0.051510736389554154	
286.9597	20.3	0.7956321895352263	0.691065305502247	
287.0888	24.51	0.6308720186161166	-1.297434739241958	
287.1496	0.66	0.1899314649963938	-4.870509310618318	
361.1923	210.89	0.8616978001313401	0.5091781633322816	
361.1974	26.76	0.9995163006410052	-0.02025542984755866	
361.2343	0.79	0.8616978001313401	0.49821485779967234	
361.2343	32.05	0.8984957847562217	0.39588243999287326	
210.1964	0.79	0.783344879634182	-0.7287837590741475	
361.3653	119.94	0.8616978001313401	-0.49842241457239067	
210.9775	21.09	0.5029037069123337	2.1050518814914074	
288.2893	34.42	0.44991624135439023	-2.4203271592311073	C17H37NO2
288.2893	36.26	0.5775235449171561	-1.5412112558723365	C18H33NO
288.2893	42.45	0.9975563322043179	-0.048650817320337734	C17H37NO2
362.217	26.76	0.4571299919008691	2.300350083905848	
362.217	31.79	0.9975563322043179	-0.05663037872865458	
362.217	32.18	0.5614234461869181	1.5964680460674905	
362.3685	119.55	0.9210416035584472	-0.2932983719689025	
289.2926	36.39	0.8836362674583862	0.4277264897298872	C18H33NO
289.2926	42.32	0.9975563322043179	0.05798868075055526	C17H37NO2
362.9259	21.09	0.3662270870325246	-3.007445696614606	
290.1969	25.16	0.5047972517839435	2.0224685674895824	
211.1804	0.79	0.6060937350562241	-1.3828768458397873	
363.1715	243.29	0.6601754917401768	-1.1606992934258813	
363.2209	26.76	0.5837048044228551	1.4377455552256202	
363.2209	192.56	0.3240508315250196	-3.3862259016990124	
291.1814	0.66	0.8400795047860025	0.5688962454224709	
291.1925	31.92	0.48771555591732096	2.1682923819696547	
363.9293	21.09	0.6632425696262876	-1.1472967201158781	
147.0439	23.19	0.9208212760449868	0.2978747835847014	
147.065	30.74	0.6060937350562241	1.366532628630082	
147.0764	23.85	0.7128323211712024	-0.9145683864048887	
364.9947	24.51	0.8488469797124842	-0.5443948925187113	
366.2483	25.71	0.5047972517839435	2.013614955614323	C19H30O6
366.2483	27.68	0.7128323211712024	0.9361676697758345	
404.2061	30.74	0.5334430641313898	1.7781742933909754	
404.2639	28.2	0.5029037069123337	2.075962079703659	
405.2094	30.74	0.5423116236416071	1.7176049642970133	
406.0421	21.75	0.6672238903469729	1.0943074318827422	
406.2009	41.01	0.5049195300699456	2.004449717825453	
406.2122	30.87	0.5332954758760162	1.798300945503607	
406.2433	27.68	0.5508879243292907	1.6544237205364185	
406.2433	33.89	0.8359845452870285	0.5818787909786713	
406.2433	36.65	0.8984957847562217	-0.38661495653803396	
367.2822	112.31	0.36972370106463326	2.9667284515118246	
213.1961	0.79	0.9683342511774922	0.1738439515329095	
407.2044	41.01	0.5029037069123337	2.074465405868553	
407.2044	41.79	0.5332954758760162	1.8258994615961102	
408.2229	26.37	0.5775235449171561	1.4794500738028986	
408.2494	0.79	0.5047972517839435	-2.0463238200494698	
408.2494	56.29	0.9259429852744131	-0.28407737402741623	
408.2589	28.2	0.5775235449171561	1.5103587527790732	
408.2924	110.03	0.36972370106463326	-2.9786638485102004	
408.9185	20.57	0.9687569122491655	-0.16779561628162548	
409.1614	30.87	0.9995163006410052	-0.011785350898084477	C22H26O6
409.2623	28.2	0.5824914414959196	1.4589574631279134	
409.2803	36.91	0.8836362674583862	-0.4274913737408825	
409.2958	110.03	0.37488975884290904	-2.9174812664821115	
409.9204	20.57	0.956909929592416	-0.20681951808834698	
410.1647	30.87	0.9686199449496709	0.1707289485842517	C22H26O6
410.2111	161.99	0.2495848177579654	-4.1265311766495865	
410.2294	0.79	0.9727023320182346	0.13618690837893566	
410.2382	26.89	0.8287072323219444	0.6131522900770207	C19H34O9
410.2746	25.29	0.3963660720649544	2.7577574655374004	
368.3883	266.63	0.8827996969828709	0.44055529003950517	
368.4246	189.93	0.9686918257906711	0.16954694577257426	
369.169	30.87	0.5332954758760162	1.7843378327299395	C15H29O8P,C22H24O5
369.1882	28.73	0.9995163006410052	-0.03470176126696678	
412.3207	52.19	0.5775235449171561	-1.530337102123193	
413.1779	26.1	0.654900934250812	1.183460785909955	C20H28O9
413.1949	36.52	0.6676735710222378	1.0852648426407603	
369.8873	22.14	0.6221247726503779	1.3219443383161038	
214.2527	36.39	0.4470434840618367	2.4677017075528687	
150.0582	24.11	0.28038106736862617	-3.680591944539388	
370.3311	225.62	0.9410217519458578	-0.2557873033418602	
414.9393	20.83	0.5332954758760162	1.8059685508119265	
415.1743	24.77	0.6316491229093385	-1.2755481417116934	
415.2436	62.1	0.83281032912761	0.5949427942324098	
415.2793	233.01	0.9166927217011217	-0.3104437755932363	
417.1525	25.16	0.9984428846351096	-0.04518381001213837	
417.1525	26.37	0.9995163006410052	0.012362726045148174	
417.1583	283.47	0.8836362674583862	-0.43420619577793396	
417.255	210.76	0.9058066492630557	0.37222030226241987	
417.3359	151.99	0.02852132135293995	12.840114190488622	
417.8789	20.17	0.9975563322043179	0.06401982095880591	
418.1618	283.47	0.9526625544679821	-0.22685193796140732	
418.2433	26.89	0.5332954758760162	1.874539268438572	
418.2433	28.86	0.48771555591732096	2.1554837870563675	
418.2583	166.48	0.5332954758760162	1.8134467458851558	
418.2583	210.76	0.811431736609748	0.6470115874878295	
418.3392	152.12	0.02852132135293995	12.477530402335242	
419.1696	24.77	0.9995163006410052	-0.01790360679639254	C23H22O7
419.1696	27.15	0.6973813386951067	0.991211985534235	
419.2251	30.61	0.9131588543546387	-0.333404079370904	
419.2342	134.31	0.7128323211712024	0.9244216134548993	
419.2342	194.01	0.9392828760725195	0.26283852022329734	
419.2342	243.42	0.8698839566751303	0.4703635246600002	
420.1729	27.15	0.8184479818275932	0.6305522638419678	
420.201	31.0	0.21226298413914044	4.4848883972330205	
420.2318	177.04	0.03941231324231154	-9.068124483004615	
420.2318	186.65	0.9525205474548384	-0.23143605710586768	
420.2954	31.92	0.6671288710142709	1.115436342049165	
420.8849	21.88	0.8845696652567897	-0.4232939399632595	
421.2623	28.6	0.5775235449171561	1.5056066134549078	
372.2382	0.79	0.8616978001313401	0.5034539785583031	
422.2421	0.66	0.9984428846351096	-0.046084088207160964	
422.2746	26.63	0.5094251237502886	1.9716726005922982	
422.8815	21.75	0.9135165201938907	-0.32168924884985745	
423.1409	26.63	0.9259429852744131	0.28311801805191256	C22H24O7
423.1409	33.1	0.8748986571159842	-0.4574445639449055	C22H24O7
215.1444	21.75	0.8400795047860025	-0.5658111601924221	
372.8808	20.17	0.6157687061461774	-1.3368166922935607	
372.8808	23.33	0.6308720186161166	-1.2872045227207074	
424.254	26.76	0.529424240575112	1.8991007387112109	
424.8961	20.17	0.956909929592416	-0.20725005702765556	
425.135	30.61	0.42672615750107595	-2.5799373653762947	C22H26O6
152.0567	22.27	0.046443038336299	-8.515612405213718	
426.1389	30.44	0.5775235449171561	1.547825555066726	C22H26O6
426.2694	25.29	0.5444589556389011	1.691614618444074	
426.2694	138.38	0.783344879634182	0.7278505867214797	C20H41O7P
426.2694	139.56	0.6632425696262876	1.145978446407253	
374.2111	47.33	0.42672615750107595	2.5786126371491926	
374.2173	0.66	0.9838691905640959	0.1189892708940419	
374.2538	0.79	0.846012013014088	0.5499236426864239	
374.2538	28.2	0.6633074905904875	1.1377519402495402	C19H35NO6
427.2509	284.12	0.8289763945866595	-0.6116913629390306	
374.8816	20.04	0.69622593770697	-1.0091433845529223	
428.0364	1.71	0.9166927217011217	-0.3093641393616093	
428.253	283.6	0.8442736421725655	-0.5564690206760129	
428.2572	145.79	0.2782508958164467	-3.7425750515967593	
428.3366	64.85	0.5444589556389011	1.701044962590494	
375.214	0.79	0.5258237593785384	-1.9258316220245786	
375.214	47.2	0.2782508958164467	3.7600631348741054	
375.3214	88.71	0.9975563322043179	0.05580680909165027	
376.2327	26.1	0.5606934424118248	1.6117576413290058	
430.2739	110.42	0.48771555591732096	-2.1660477003411103	
430.2739	189.54	0.9131588543546387	0.32954782305307534	
430.9138	21.09	0.3240508315250196	-3.4174682411803743	
376.9414	21.09	0.3662270870325246	-3.0178582031528505	
431.1781	200.74	0.9863018546029433	0.11265083602913449	
431.217	30.61	0.6664299524164617	1.1257734008994433	C22H26O6
431.3836	294.9	0.6308911209913718	-1.2820547152794628	
431.9163	21.09	0.3240508315250196	-3.4117116228039626	
432.1814	200.74	0.9058066492630557	0.37206845845177106	
377.2007	193.61	0.5029037069123337	-2.079964473494625	
432.3871	294.9	0.654900934250812	-1.1990490583760054	
433.2157	75.8	0.28038106736862617	3.6659856788562806	
433.2406	30.87	0.5081709494275374	1.9792138721476138	
434.2431	30.61	0.6430419177565442	1.2483103200473997	
434.3347	149.72	0.8290605258603869	0.6047306206459501	C27H44O4
378.2085	193.87	0.3535730452703428	-3.1709282192986343	
378.2119	27.15	0.9722797704470953	0.142171623867964	
378.2119	33.24	0.9967747489482615	0.08671974301792036	
378.2119	36.39	0.9474541835952507	0.24109278431134007	
435.2447	30.74	0.7101877069385808	0.9513357220677794	
435.2619	193.87	0.2409862898022479	-4.242734029093768	
378.8997	22.8	0.43689393265227566	-2.550912103751421	
436.1963	26.89	0.7077091416525025	0.9583562043290592	
436.2538	26.37	0.654900934250812	1.1846599190954339	
436.2538	30.44	0.6060937350562241	1.3724458418420933	
436.3417	202.31	0.5837048044228551	-1.4388666279158218	
437.2581	193.74	0.3925954231304819	-2.798408632100307	
379.2163	33.24	0.6531558860902278	1.2089872090980265	
437.3112	37.17	0.9410217519458578	-0.2553244358752878	
437.345	202.31	0.9995163006410052	-0.016436210314591623	
379.2816	161.6	0.3240508315250196	-3.3599076512972537	C21H40O4
379.2816	168.19	0.5029037069123337	-2.1006278450049667	C21H40O4
437.8745	22.01	0.6973600068008068	0.9962254237739756	
438.2613	0.66	0.8775546144827233	0.4509929378546117	
438.2613	193.87	0.4238083547243294	-2.6017189267226466	
438.2695	27.02	0.5775235449171561	1.5310569538348031	
439.1359	28.86	0.8984957847562217	0.38718768296358586	
379.9164	21.88	0.69622593770697	1.0029215893293337	
439.3181	152.9	0.11354777672586529	5.926397469992212	
439.3391	182.03	0.03128170174989758	-11.180358436844202	
380.2083	193.87	0.0590960826187152	-7.853002660640795	
380.2189	0.66	0.8115092261283107	0.6423113651494977	
380.2277	25.43	0.7272785309977615	-0.8838180561473686	
380.2277	28.07	0.7480973031347733	-0.8203867758196164	
380.3307	239.58	0.6159164618019181	1.3338611009544845	
440.8687	20.3	0.9589551266475067	-0.19931007916828447	
441.1308	24.51	0.9845267519380895	-0.11706872048908938	
441.1308	29.25	0.5029037069123337	-2.0825348911283283	C22H26O7
441.1516	27.15	0.9975563322043179	0.055047305878473125	
441.2371	0.66	0.684269212859024	1.0403244481261833	
441.3546	209.68	0.03434276215822351	-9.603591016002666	C27H47NO2
442.1547	27.15	0.9131588543546387	0.32705438145663784	
442.1547	153.82	0.7128323211712024	0.9331619725896494	
442.1547	161.07	0.5517454362872947	1.647076391582188	
442.2573	52.19	0.9975563322043179	0.08276551415251458	
442.2573	56.82	0.5606945931205333	1.6070438415001516	
442.2573	59.58	0.9193248922805302	0.30505737471093153	
442.2573	160.94	0.6973813386951067	-0.9911902867947149	
442.4041	254.49	0.5332954758760162	-1.8460059524076717	
442.8692	20.17	0.7199749903207074	-0.8981409673969308	
381.2135	194.01	0.9975563322043179	-0.057002738835996436	
443.1568	27.28	0.5260342196738117	1.9106858728254605	
381.2996	176.25	0.7762504530144125	0.7457355467650705	C23H40O4
443.3879	201.26	0.10136113202778545	-6.233411230513459	C30H50O2
381.3147	243.82	0.03120107850561061	11.464472385483612	C27H40O
444.3316	64.46	0.5802350686123473	1.469660823194535	
444.9287	21.09	0.28038106736862617	-3.6833794708215994	
445.3349	64.85	0.7341846569637528	0.8631752302193922	
446.2168	26.89	0.5775235449171561	1.501881098490855	C19H34O9
446.2168	33.24	0.9975563322043179	-0.053429904322865415	C24H31NO7
446.887	22.67	0.5699951485974138	-1.572376285150575	
382.2043	193.87	0.3394190386396776	-3.254042385982686	
447.3828	269.52	0.3891841200162605	-2.853289411308425	C29H50O3
156.072	24.11	0.5047972517839435	2.0181553055356893	
447.9039	21.88	0.7157521334963208	0.904615069423906	
448.2325	29.78	0.9131588543546387	0.33425628682988245	
448.2325	30.87	0.4571299919008691	2.3274006088592865	C20H32O8
383.125	41.01	0.5423116236416071	1.7176390076441468	
383.1479	27.02	0.9727023320182346	0.13917779305549322	
449.245	211.02	0.5601596133299608	-1.6187304690503022	
383.2787	64.99	0.7069579145805549	0.9712652134080892	C22H38O5
383.3304	254.1	0.5775235449171561	-1.4951867294125307	C27H42O
450.2735	189.41	0.69622593770697	1.008270087329315	
451.2571	0.79	0.8909952740640641	0.4134358328545756	
384.3104	65.67	0.5487133300773619	1.669832788872511	C22H41NO4
451.3543	31.92	0.8616978001313401	0.513621810356772	
452.2484	27.28	0.5423116236416071	1.7259211124874838	
452.2484	32.58	0.6124778238615569	1.3558786424409717	
384.3338	254.1	0.5491436844492356	-1.6668845690103988	C27H42O
384.7715	22.54	0.3394190386396776	3.241587363655298	
216.0875	0.66	0.8347590672916945	0.5889857863329281	
454.1703	36.39	0.9703611491702219	0.1576555188734344	C24H30O6
454.2644	27.15	0.6601754917401768	1.161029712856133	
454.2924	95.14	0.6671288710142709	-1.1186769503535423	C21H44NO7P
385.1635	30.17	0.7976935669549721	0.6851156925807247	
385.1828	25.43	0.7313369392954704	0.8706599741792871	
385.1828	28.2	0.654900934250812	-1.1812072317542017	
385.2731	276.99	0.28038106736862617	-3.629999415420569	
456.289	193.74	0.3891841200162605	-2.8446619366299926	
456.3004	189.15	0.8957865790845794	0.4023733787355741	
456.3164	27.02	0.9995163006410052	-0.029467124468969458	
385.3421	197.85	0.9975563322043179	-0.06486789974200141	
385.3421	203.36	0.6308720186161166	-1.2875411183017034	
457.1256	26.89	0.9135165201938907	-0.3227263410998712	
216.9226	22.14	0.9967747489482615	0.08625443256108813	
457.2035	27.15	0.9166927217011217	-0.31588420456889243	
457.2035	32.32	0.9727023320182346	0.1365703226530594	
457.2483	187.31	0.4571299919008691	-2.3578696891264697	
457.2857	188.75	0.9696110908707799	0.16001616368672988	
457.2922	193.87	0.5047972517839435	-2.0364988955024055	
458.2896	188.75	0.9131588543546387	0.34781386802604075	
458.4714	199.95	0.714848414336007	-0.9078316771447622	
459.2195	25.43	0.9095178786461605	-0.3604791459789876	C21H32O9
459.2195	27.42	0.8669143752480115	-0.4877285349840269	
459.2365	0.66	0.8506414108224506	0.5384848434921786	
459.2365	197.32	0.6902779108189224	1.0275553204205685	
386.2535	0.66	0.36246567546916175	-3.083967543369159	
386.2535	28.86	0.7656212450668545	-0.7655224441163353	
217.1044	22.41	0.7956321895352263	0.689867836369573	
459.2652	177.83	0.9995163006410052	0.030959759849021138	
459.2652	198.51	0.6060937350562241	1.3716729153207043	
386.2763	276.99	0.28885345532673107	-3.573731953277918	
460.305	305.9	0.5332954758760162	1.8408846805913748	
157.1698	0.79	0.6157687061461774	-1.3365681788869814	
157.1698	22.67	0.6531558860902278	1.21344003677237	
461.3625	211.55	0.7128323211712024	0.9246717467716637	C29H48O4
461.3625	221.29	0.3925954231304819	-2.7963654806277525	C29H45NO3
387.1986	25.16	0.7128323211712024	0.9191227660657859	
387.2127	61.97	0.837280523338008	0.5763154055991755	
387.2526	58.0	0.6633074905904875	-1.1339341854507878	C24H34O4
462.3056	28.07	0.5775235449171561	1.5440056550660113	
462.4149	203.1	0.9011927443648875	-0.3807392079522543	
462.4149	210.21	0.8347590672916945	-0.5898646660449975	
463.2771	34.94	0.7823973502367885	-0.73194557145181	
388.1829	30.87	0.4006193965070794	2.7077807022894977	C22H26O6
388.1902	41.66	0.654900934250812	1.186297040532808	
464.2188	193.35	0.20837090435648492	-4.534815004097336	
464.2277	27.15	0.5332954758760162	1.8367639431691538	
388.2266	53.38	0.4223431271328103	2.6106242955557706	
388.2266	66.45	0.5775235449171561	1.4957147508541249	
388.2327	26.76	0.7411363950849821	0.8423219294880202	
464.4457	272.27	0.02852132135293995	-13.662732254396174	
158.1368	0.79	0.6632673499738736	-1.142147021296076	
465.2309	27.15	0.5508879243292907	1.657642348661527	
465.2309	161.07	0.9995163006410052	0.009550736031815067	
388.3935	171.37	0.9485365194146935	-0.2376159733564496	
158.1651	0.92	0.5699951485974138	1.5696603305727874	
158.1651	2.37	0.5837048044228551	-1.434684047408567	
158.1651	23.85	0.8114860792270879	-0.6457590389804035	
389.1855	30.74	0.5775235449171561	1.4976028068536535	C22H26O6
389.1937	0.66	0.6672238903469729	-1.0872579689335549	
389.1937	41.27	0.5258237593785384	1.9257970210657207	
389.2298	0.66	0.44055314751947056	-2.506006573656948	
389.2298	54.16	0.36972370106463326	2.9448186079605683	
158.9639	21.75	0.28038106736862617	-3.6423670206853083	
158.9924	22.27	0.5837048044228551	1.4376820519828453	
159.0276	22.14	0.6308720186161166	-1.2848539376937227	
218.9196	22.14	0.9975563322043179	0.078495358579491	
390.1883	30.87	0.9995163006410052	-0.022049092689964047	C22H26O6
218.9817	22.8	0.8374142407624526	-0.5735828246664779	
391.2837	201.52	0.3891841200162605	-2.8383048527964116	
219.1127	21.75	0.5640846048000364	1.5878273557934486	
219.1127	24.51	0.7823973502367885	0.7313875299727053	
392.2276	26.37	0.5775235449171561	1.482031095179016	
392.2276	28.6	0.5047972517839435	2.026270517555235	
392.2537	36.91	0.9166927217011217	-0.3126875080508955	
392.2639	26.76	0.7077091416525025	0.9683163587054799	
392.2639	29.12	0.6632425696262876	1.145305164417288	
392.2639	33.5	0.5837048044228551	1.4314925647447991	
392.2871	201.52	0.36015048509853576	-3.1312861758972166	
159.1491	1.32	0.6060937350562241	-1.372216285285532	
466.2644	27.68	0.4074681028023312	2.678011246011368	
466.3007	27.68	0.4571299919008691	2.308321206161858	
467.2686	27.94	0.5775235449171561	1.4785964982315725	
159.9674	22.01	0.9877093957227924	-0.10484476633467722	
160.0309	22.27	0.7280546568520998	-0.8806685444366287	
393.2574	37.04	0.811431736609748	-0.6484766113444725	
468.3342	174.91	0.8050490578715879	-0.6677380769671465	C23H48NO6P
468.3454	179.67	0.6310629338694356	-1.2779820901917256	C30H45NO3,C23H50NO6P
394.2161	162.38	0.2701604072633035	-3.915967023080299	
394.2433	25.84	0.5761696594408114	1.554686646635541	
395.0262	22.01	0.7862584645137032	0.7208679262543563	
472.9009	20.7	0.7377254229337664	-0.8501681991794938	
473.3176	210.76	0.8836362674583862	0.42840603187246656	
474.321	210.89	0.9011843371756557	0.3818420103873143	
395.3994	249.46	0.9686199449496709	0.17116271323024704	
475.1572	193.87	0.37924916354009097	-2.8916836463960696	
475.1934	25.16	0.8506414108224506	0.5391374541055252	C21H32O9
475.3241	210.76	0.9166927217011217	0.3114559233812749	
475.3776	278.17	0.9995163006410052	-0.01136784565695028	C30H50O4
476.2439	30.61	0.3662270870325246	3.0388351480087215	
476.2439	229.82	0.48771555591732096	2.168023875978387	
476.2848	29.52	0.6668026717126541	1.1238239330335924	
476.3281	305.9	0.6060937350562241	1.367537234974911	
476.3941	185.18	0.20707550203887898	4.605158308706627	
476.906	20.57	0.8290605258603869	-0.6064967012220964	
477.2159	283.86	0.9538824044421571	0.22132407211717528	
396.2316	193.74	0.3240508315250196	-3.3609328115464536	
396.2939	32.18	0.9877093957227924	0.10697261834349694	
221.096	41.14	0.6633074905904875	1.1344407926618787	
396.4194	286.21	0.9551276269713179	-0.21333538664284613	
478.1985	168.45	0.7042093416754643	-0.9760035722403858	
478.2188	203.23	0.4470434840618367	2.443381335084428	
478.2738	75.93	0.5332954758760162	1.8517536299648076	
478.3007	28.2	0.5332954758760162	1.8300989401691903	
397.183	25.29	0.6671288710142709	1.1052906801465718	
397.183	28.07	0.9131588543546387	0.3303882397212911	
397.2351	193.87	0.41584590720369724	-2.6367644513065365	
161.0919	22.01	0.6632673499738736	1.1415149363116759	
480.2797	27.55	0.6562653741792167	1.174896504675451	
480.2797	32.32	0.5332954758760162	1.8062720093135318	C26H37NO7
398.2403	32.18	0.6672238903469729	1.0897985588035417	
482.2877	102.8	0.10136113202778545	6.431106317412265	C22H44NO8P
482.2956	27.42	0.5447865207266961	1.680787527174279	
482.9267	21.09	0.5423116236416071	1.7362677730390061	
483.2991	27.28	0.5081709494275374	1.982410957427764	
398.8899	22.27	0.816004017955444	0.6359245633445395	
222.0986	41.14	0.660036857965595	1.1677558784007995	
222.0986	93.83	0.6551192561004001	-1.177917646655452	
485.2793	218.24	0.5047972517839435	-2.0156951503688676	
485.3587	21.09	0.8184479818275932	0.6284824234997708	
399.1434	28.86	0.9722797704470953	0.14872185273176777	C22H22O7
399.2499	0.79	0.9210416035584472	0.2947878736607982	
399.2499	62.1	0.6671288710142709	1.1052738141669949	
399.3253	192.96	0.18229695827242065	4.9826499480205655	C27H42O2
487.3156	213.39	0.44055314751947056	-2.512756672825552	
487.3331	220.63	0.9131588543546387	0.3340883215268082	
162.1356	611.02	0.8095631069265129	0.6572897267859913	
488.2498	24.64	0.69622593770697	1.007055216138746	
162.1488	1.19	0.7128323211712024	-0.9275414756960721	
488.2878	218.9	0.10136113202778545	-6.215967337124189	
488.3366	220.63	0.8337522543010273	0.5924302082691552	
488.8718	21.75	0.8290605258603869	-0.6047681011794691	
400.3053	65.12	0.6987307072026427	0.9868280927338834	
489.3124	175.86	0.5982986345828153	-1.4005671221075242	C23H48NO6P
489.3124	214.17	0.4660003658598255	2.270514536105419	
489.3611	64.2	0.9989133377291248	0.04015620349838234	
490.3156	175.31	0.7644735568187508	-0.772075606025501	C23H48NO6P
490.3156	194.4	0.7323382761089798	-0.8666703756041425	
490.3156	214.17	0.4006193965070794	2.7116111925660475	
490.3443	210.89	0.862298104573395	0.4954624150212662	
490.4612	275.03	0.03120107850561061	-11.402470747228898	
401.159	27.15	0.6531558860902278	1.2084379018914382	C22H24O7
490.8689	21.88	0.7077091416525025	-0.9587884448316486	
401.2642	224.18	0.9464440617778501	-0.2457293518684231	
401.3087	64.85	0.5775235449171561	1.4850135261810369	
491.3347	27.15	0.4064354105595454	-2.6878968162316297	
491.3477	210.63	0.8050490578715879	0.6677766280199017	
401.341	192.96	0.69622593770697	1.00205512980884	C27H44O2
401.341	200.21	0.28038106736862617	3.6587480438151228	C27H44O2
491.4647	275.03	0.03120107850561061	-11.681484894789266	
402.1623	27.15	0.5369383041492573	1.7649963751299063	C22H24O7
492.2802	29.25	0.7539265645631756	0.8072731524919955	
492.2802	43.11	0.7128323211712024	0.93717535654468	
492.2802	44.29	0.69622593770697	1.0115526711130263	
492.2902	91.33	0.5775235449171561	1.5194137533110204	
492.3381	27.15	0.4571299919008691	-2.3222145958756095	
492.3444	181.9	0.4571299919008691	-2.3216777428413744	
492.4249	222.07	0.660036857965595	1.163909949419326	
402.3445	193.09	0.7431910216731729	0.8373675128127575	C27H44O2
164.0738	22.54	0.8957865790845794	0.4034324865287214	
493.3481	182.16	0.36972370106463326	-2.940086165673702	
493.3883	294.9	0.792253585742036	-0.7067430340339065	C30H52O5
403.1743	24.77	0.6902779108189224	1.029160895896941	
403.1743	30.87	0.5081709494275374	1.9769172525523928	C22H26O7
494.2958	27.94	0.4470434840618367	2.4737984484440068	
494.3602	213.65	0.6060937350562241	-1.3683225625348197	C25H52NO6P
494.3917	294.63	0.654900934250812	-1.1851054382350525	C30H52O5
495.2995	28.07	0.5444589556389011	1.702541239271525	
495.2995	210.76	0.8946021977614101	0.4059463929010146	
495.2995	246.31	0.6430419177565442	1.248079307565559	
496.3112	27.02	0.660036857965595	1.1645302280944971	
498.415	264.11	0.5824914414959196	-1.4580337792880973	
498.9005	21.09	0.3503177371516862	-3.189729326707314	
165.0546	23.19	0.4571299919008691	2.3731298091184785	
224.1581	24.51	0.6157687061461774	-1.339312091593169	
502.2921	65.8	0.8400795047860025	0.5662402039869866	C25H44NO7P
165.0909	318.38	0.5556365075140371	-1.6340805495206085	C10H12O2
527.2899	151.59	0.5824914414959196	-1.4562437401088768	
527.2899	152.25	0.5703979501514443	-1.56696519960519	
527.2899	210.63	0.5775235449171561	-1.5308343577037529	
502.3733	83.68	0.8290605258603869	0.6047111009175543	
527.4024	208.24	0.6531558860902278	1.2146714991442407	
527.4495	263.85	0.8356668315459418	0.5867974278315771	
503.3269	224.04	0.8829074092801152	0.4393281906080287	
503.3703	263.58	0.7385354401474232	-0.8467090234909693	
528.1434	36.78	0.9911064269873369	0.09780549434215377	
528.3029	26.76	0.5614234461869181	1.5952081132435987	
505.3082	210.89	0.5447865207266961	-1.6832516716420585	
505.389	209.16	0.44055314751947056	2.536143308759521	C31H52O5
505.8908	209.29	0.4470434840618367	2.4422483100117756	
506.311	210.76	0.5487133300773619	-1.6720633363167716	
225.1127	0.66	0.2782508958164467	-3.7559748872246357	
530.2868	76.46	0.36015048509853576	3.124987835658858	
225.1207	21.49	0.9722797704470953	0.1476936017389534	
166.0515	1.84	0.6308720186161166	1.2861844923906056	
530.3216	95.27	0.2701604072633035	-3.923001225520998	C25H50NO7P
530.4539	275.16	0.033746614973693675	-9.899984420200077	C32H61NO3
508.3028	112.04	0.2409862898022479	4.227343808204179	
508.4718	275.16	0.03283772636818946	-10.839937982378236	C32H61NO3
225.1598	0.66	0.9603382627608814	0.19265989030027433	
509.3063	112.31	0.36246567546916175	3.087165277455202	
509.4753	274.9	0.033746614973693675	-9.758863049720553	C32H61NO3
532.2066	193.35	0.20837090435648492	-4.546798262279249	
532.3024	105.03	0.2782508958164467	3.7278357609391386	
510.8556	20.3	0.5775235449171561	-1.4898983752479038	
532.384	63.15	0.5444589556389011	1.6879681134600257	
532.3914	221.02	0.6531558860902278	1.2250403424673737	
533.2101	193.48	0.20837090435648492	-4.530345028100098	
226.0448	23.19	0.5775235449171561	-1.5202542487702366	
512.2041	154.09	0.9995163006410052	-0.030578902616240664	
512.3064	26.76	0.5837048044228551	1.4305003472717526	
512.3064	91.99	0.8097163980710582	-0.6547894696130961	C24H47O9P
512.4941	308.92	0.02852132135293995	-12.637297204576075	C32H63NO3
533.3761	210.76	0.6430419177565442	1.2521468249874548	
533.3873	63.54	0.6531558860902278	1.2116014140923022	
533.4728	308.53	0.1641811986445225	-5.1714109284304755	C32H63NO3
226.1549	0.79	0.28885345532673107	-3.573141723867112	
534.3703	194.66	0.28038106736862617	3.6408647564098837	C28H52NO6P
534.3703	214.3	0.4676528039415604	2.2510945167284677	
534.3703	235.24	0.7844276294326658	0.7242057499825083	
167.0894	24.51	0.5078455605084445	-1.9868259716818608	C7H8O2
515.134	36.52	0.5049195300699456	1.9950233730266187	
515.328	198.51	0.6671288710142709	1.1086003091229304	
515.8908	21.88	0.83281032912761	0.5957213063169031	
226.1913	0.79	0.9208212760449868	-0.29904837621096764	
517.3429	234.85	0.6531558860902278	1.2108965454756133	
517.3557	210.76	0.9589551266475067	0.19799940861271062	
518.3107	37.04	0.08393695775708446	-6.907227410187838	
226.9513	21.62	0.3963660720649544	-2.748612036493558	C6H4Cl2O5
518.3686	176.25	0.5940983215257891	1.4095465953686457	
518.3756	210.89	0.702245293419747	0.9797772848370113	
518.4563	317.6	0.8919196448485835	-0.41016568661538216	
519.1384	287.26	0.8478663307230764	0.5466538655335335	
536.1099	36.39	0.6740664484588025	1.0588547111736017	
519.3593	305.64	0.5775235449171561	1.4821540734330394	
519.379	210.89	0.6531558860902278	1.2216679325341249	
519.4598	317.73	0.7691047124926976	-0.7565974917553052	
227.0419	22.93	0.5775235449171561	1.5016775481585976	
520.3547	111.65	0.9603382627608814	0.19089748271310786	
520.3819	210.76	0.5878448021078689	1.4227057387961317	
520.4355	277.38	0.69622593770697	1.0120325478111483	
521.3582	111.39	0.8713303085494052	0.4652653211437197	
521.3712	208.76	0.2782508958164467	3.8010091744368943	
227.1753	0.79	0.3891841200162605	-2.842171917482068	
227.1753	24.51	0.6672238903469729	-1.0908756100528432	C12H14O
168.0654	23.85	0.6663789848505333	1.1273111736782382	
522.3267	29.65	0.3925954231304819	2.80113890183177	
537.2787	119.94	0.5775235449171561	1.491723212666538	
523.2994	186.26	0.8022833870966587	-0.6739163533624855	
227.9547	21.75	0.25681979343964806	-4.074249057168158	C6H4Cl2O5
524.303	186.13	0.5029037069123337	-2.1152811358782078	
526.4463	263.71	0.9166927217011217	0.31018065156135155	
228.2685	58.39	0.013547579617598938	22.640403269727834	
228.9556	21.62	0.5029037069123337	-2.0875681121907457	
540.1698	196.27	0.7559477221459585	-0.8024146586931588	
540.4257	176.12	0.9995163006410052	0.008796167219567375	
540.4257	257.77	0.5332954758760162	1.833766744468499	
540.8884	20.57	0.5775235449171561	-1.4924719666270503	
229.191	0.79	0.40908653512508414	-2.658202543642831	
543.3887	192.69	0.5332954758760162	-1.8750200239146753	
544.8933	20.7	0.7313369392954704	-0.8691940814947613	
170.0811	23.85	0.11698880799911847	5.805400125149222	
546.1859	168.72	0.6308720186161166	-1.287728390453665	
546.399	82.5	0.8616978001313401	-0.5091193257455133	
546.399	176.12	0.5563989506562931	1.6288467419294876	
546.4067	210.89	0.7128323211712024	0.9412001549749414	
547.4026	82.5	0.9077222402959358	0.36738664204622	
547.4026	82.89	0.9999746502670094	-0.000876431850999806	
547.4026	176.25	0.6060937350562241	1.3778821356155784	
547.4104	210.89	0.9373892330867206	-0.26640679187583227	
170.1731	0.79	0.5332954758760162	1.8303776851475535	
585.4297	164.88	0.8984957847562217	0.38607701674289824	C40H56O3
585.4297	209.29	0.6682044275040825	-1.07634283293578	C40H56O3
585.4297	231.7	0.9107669608449256	-0.3574611161986319	
586.4314	192.69	0.9683342511774922	0.17391540879650702	
586.4314	209.42	0.6696291878441469	-1.0701181701061417	C40H56O3
586.4376	292.53	0.9131588543546387	-0.34568777321264943	
232.112	44.55	0.6672238903469729	1.0879435494980405	
587.4142	191.64	0.4571299919008691	-2.33545912429839	C29H56NO8P
587.441	292.93	0.8775546144827233	-0.4499509454833497	
232.1189	0.66	0.9995163006410052	0.026328648743898432	
232.1447	0.79	0.8984102185895065	0.3971259084440431	
588.2137	188.23	0.7633782292511855	-0.7777995233262929	
588.2137	198.77	0.9722797704470953	-0.1440800712381136	
588.2137	216.8	0.5576469482924004	-1.6247434529186753	
588.2137	221.94	0.7128323211712024	-0.9288955509122971	
588.2866	194.14	0.798441173322573	-0.6830729544365017	
588.444	292.53	0.956909929592416	0.20998128514902895	
588.4773	255.01	0.7956321895352263	0.6899649287268818	
590.1927	152.77	0.6308911209913718	-1.2815144830885206	
590.1927	188.75	0.7077091416525025	-0.9610986647523856	
590.1927	222.34	0.5640846048000364	-1.5869414820454892	
590.1927	233.93	0.8506414108224506	0.5402818402733371	
590.4253	81.32	0.7456954620388729	0.8276370114618973	
549.4151	207.58	0.5332954758760162	1.797849930917308	C33H56O6
549.4151	248.41	0.7128323211712024	-0.9225032341067448	C33H56O6
549.4536	294.37	0.8263018550131509	-0.6170806365221418	C34H60O5
232.8965	22.67	0.9995163006410052	0.012939213355514342	
591.4286	81.18	0.8095631069265129	0.6580383230928286	
232.9173	20.04	0.516623376231678	1.9563531825240514	
550.2544	58.0	0.625848860203511	-1.3151815872810184	
550.3655	210.89	0.5332954758760162	-1.7952284081062952	
593.4415	205.88	0.5260342196738117	1.9076063606757383	
233.0783	22.93	0.7215432627478962	-0.8949484632552468	
593.9433	205.88	0.4672616801239105	2.2584547122622816	
594.4726	248.28	0.5802350686123473	1.4689365578817735	
594.4726	248.81	0.5332954758760162	1.8272824383450716	
594.4726	289.36	0.5775235449171561	1.500590972473703	
594.5096	295.03	0.3993185360226723	2.729140601761928	C37H66O5
550.9143	21.09	0.6973600068008068	0.9985651305811658	
551.3683	210.89	0.5508879243292907	-1.6602335824235246	
233.1508	0.66	0.8616978001313401	0.5031816050295236	
596.3864	239.18	0.8442736421725655	0.5554160105453525	
172.0942	21.75	0.7313369392954704	0.8710322374935143	
599.3894	21.09	0.4006193965070794	2.71956951043242	
599.3894	23.72	0.2782508958164467	3.7877270169261203	
552.269	76.46	0.5225442382434029	1.9403140541067105	
233.9128	22.27	0.5802350686123473	1.4702755956484077	
602.2303	181.51	0.9975563322043179	0.06838789706559119	
602.2303	198.77	0.9975563322043179	-0.06829139016771305	
602.2303	217.06	0.9722797704470953	-0.14410946060895402	
173.0783	22.41	0.9131588543546387	0.3384093435863372	
604.2086	188.23	0.6336102625746042	-1.2712740635828985	
604.3693	283.99	0.8836362674583862	-0.43535239577700563	
604.4429	191.9	0.5332954758760162	-1.8029073304228305	
604.4429	533.25	0.2628726476584681	-4.0123955953047385	C33H63O7P,C40H58O4
604.4721	196.14	0.9995163006410052	0.024615878365170825	
553.8553	20.3	0.8698839566751303	-0.47439667935187985	
605.2118	188.23	0.7246879950292652	-0.8898272873809446	
605.3146	283.47	0.912667101671142	-0.35202035958582123	C29H49O11P
605.4753	196.4	0.9722797704470953	-0.14281682147894634	
554.2425	116.27	0.9551276269713179	-0.21377613804561668	
554.3164	31.13	0.7644735568187508	0.7741962103644385	
173.096	36.26	0.6602867344882051	-1.1575339928773578	
173.096	243.82	0.04013025896723574	8.933976866271825	
554.3414	193.74	0.9551276269713179	0.21492791454630886	
173.1073	0.66	0.9995163006410052	-0.019297194138411394	
606.188	108.71	0.7644735568187508	-0.7726170795498823	
606.3179	283.47	0.9131588543546387	-0.33318041953770233	C29H49O11P
607.3209	283.47	0.9525205474548384	-0.23065612837211602	C29H49O11P
235.0751	33.63	0.9975563322043179	-0.07107132820330937	
555.4444	204.15	0.44991624135439023	2.412398034437336	
555.5266	309.97	0.08393695775708446	-6.942392899004156	
556.3026	83.02	0.5049195300699456	2.0006388554869186	
556.8575	21.75	0.7128323211712024	-0.9188640364735837	
612.8807	20.7	0.7128323211712024	-0.9292063287158746	
558.318	109.9	0.5837048044228551	-1.4449159100515656	C28H48NO8P
558.378	108.19	0.5260342196738117	-1.9089353398940647	
615.2633	193.22	0.9995163006410052	0.0054914336244777425	
615.4547	204.81	0.5332954758760162	1.7855622119689776	
615.9567	204.81	0.9575404194443536	-0.20278574981365863	
616.2449	217.59	0.7347258922691544	-0.8583968291497778	
616.3175	218.64	0.7347258922691544	-0.8568484616269044	
558.8565	22.01	0.8290605258603869	-0.6053189983371708	
617.3211	218.64	0.8698839566751303	-0.47248403384169513	
174.938	22.8	0.5332954758760162	-1.7987642880132673	
559.3815	107.66	0.837280523338008	-0.5758402486543039	
559.3815	108.58	0.44055314751947056	-2.5235686631862295	
618.224	188.49	0.6430419177565442	-1.2443319974234082	
618.4878	225.23	0.9975563322043179	0.07697613831243837	C34H68NO6P
619.2277	188.49	0.7077091416525025	-0.9591177621326737	
619.4913	225.36	0.9166927217011217	0.3092735903012402	C34H68NO6P
175.0014	22.93	0.5047972517839435	-2.0111361687870692	
620.4363	62.1	0.67175751556704	1.0636603755395095	
236.1502	24.9	0.7456954620388729	0.8322835071227382	
562.402	234.98	0.4571299919008691	2.322450184055446	
175.119	1.58	0.7795639860814467	-0.7382475890038597	
175.119	24.11	0.33919200276242895	-3.284228157074831	
623.3252	283.47	0.9410217519458578	-0.2556262708101306	
623.3853	287.39	0.5775235449171561	-1.5053343359319284	
563.2267	283.2	0.6310629338694356	1.2779934245966784	
563.4662	319.3	0.6671288710142709	1.1124300313169433	
624.3286	284.12	0.9131588543546387	-0.33698964959272243	
624.3889	287.26	0.5556365075140371	-1.6322175583094056	
624.4171	288.18	0.6506635193057435	1.2308207678387975	
624.5058	275.81	0.5332954758760162	-1.8040910859814978	C41H66O4
564.2955	84.07	0.7313369392954704	0.8725463011043854	C28H47NO8
624.8464	21.75	0.6671288710142709	-1.0981039905694978	
625.3918	287.52	0.4571299919008691	-2.3030813945777378	
625.4096	231.7	0.8616978001313401	-0.5051871688100565	
176.0657	23.85	0.10136113202778545	-6.1923784521802965	
627.3612	209.16	0.9131588543546387	-0.3489257510944412	
628.3649	209.16	0.654900934250812	-1.1894267505958847	
653.3361	214.17	0.8695699570252358	0.47799569759038746	
653.4515	288.18	0.3240508315250196	3.4011008562643275	
630.2011	153.82	0.5049195300699456	2.002677506227613	
630.2011	161.33	0.2701604072633035	3.9246301229464198	
630.2604	201.26	0.9058066492630557	-0.372927639965959	
630.5647	293.32	0.69622593770697	1.0036948870779105	
566.8878	21.09	0.36972370106463326	-2.938619178062879	
631.2638	201.39	0.8836362674583862	0.42942307630139576	
631.2638	204.02	0.8685478394847446	0.48139708463552566	
631.4828	195.88	0.8716801509216537	-0.4633902010072117	
631.4951	293.06	0.5047972517839435	2.063458575332944	
632.2399	185.18	0.7128323211712024	-0.9222597978356203	
632.2399	192.82	0.6671288710142709	-1.110076827694905	
632.2399	195.06	0.6902779108189224	-1.0274556649453999	
632.2399	213.52	0.4470434840618367	-2.4566542729691183	
632.2399	217.46	0.8713303085494052	-0.46489922796848476	
656.2753	222.07	0.4571299919008691	-2.3468938135327546	
656.2753	227.2	0.38966188103908744	-2.830313900338228	
656.2974	194.53	0.5444589556389011	-1.6881907235955123	
656.2974	197.85	0.7633782292511855	-0.7797510684630108	
656.2974	200.08	0.4702681238502588	-2.218806495516968	
656.2974	205.61	0.3662270870325246	-3.039403958790033	
656.2974	209.29	0.6152218714286313	-1.3451634420195502	
656.2974	212.73	0.4672616801239105	-2.2558740104377195	
632.4984	292.93	0.6430419177565442	1.2465625990148326	
632.5048	196.14	0.8984957847562217	0.3936925424586158	
632.5048	237.47	0.5423116236416071	-1.7320949907142327	
657.2789	222.21	0.46417865489051463	-2.278170945077161	
657.2789	226.93	0.5047972517839435	-2.029854849457245	
633.2792	289.1	0.5813074001848746	-1.4635980488193665	
568.3565	186.0	0.8698743018539401	0.47653503839228956	
568.4568	217.06	0.8836362674583862	0.43255270928199774	
568.4568	257.64	0.5332954758760162	1.844485269607434	
569.3324	283.86	0.7647673318565281	-0.7689338527304198	C30H48O10
569.3604	186.0	0.8616978001313401	0.5001865694277382	
634.3856	189.15	0.7083964219363529	0.9549403605368101	
569.4348	196.27	0.9975563322043179	-0.06242780618090583	C40H56O2
569.4348	225.23	0.9877093957227924	0.1042733061433728	C40H56O2
569.4348	262.8	0.9657113803342272	-0.1797501133671545	C40H56O2
569.4348	276.07	0.6060937350562241	-1.36911393262794	C40H56O2
569.4348	309.18	0.9975563322043179	-0.08302654858032815	C40H56O2
570.153	154.48	0.6157687061461774	1.3383217082790613	
570.153	158.44	0.5029037069123337	2.102725468882459	
634.8752	21.09	0.36246567546916175	-3.0957257667524396	
570.4381	196.27	0.9989133377291248	-0.03913530140052669	C40H56O2
570.4381	225.49	0.9877093957227924	0.10483089219817625	C40H56O2
570.4381	237.47	0.9210416035584472	-0.2936594739385051	C40H56O2
570.4381	262.8	0.9538824044421571	-0.22152484136110834	C40H56O2
570.4381	275.81	0.6308720186161166	-1.2936902833819177	C40H56O2
637.3045	137.07	0.7633782292511855	-0.7795533744756472	
637.4671	203.89	0.36972370106463326	2.9630176663380503	C33H66NO8P
660.5344	237.47	0.9722797704470953	0.147174077088297	
660.5344	263.32	0.9131588543546387	-0.33912258241389137	
637.4924	106.61	0.9603382627608814	0.19192284126867248	
661.2733	205.61	0.5813074001848746	-1.464026451858454	
571.331	295.03	0.8984957847562217	-0.38845492754560756	
571.4281	206.4	0.3662270870325246	3.0536136559197615	
571.4415	196.27	0.9975563322043179	0.048960389070846155	C40H56O2
571.4415	225.36	0.8698839566751303	0.4687863487115955	C40H56O2
571.4415	237.47	0.8184479818275932	0.6310028723701026	C40H56O2
571.4415	262.66	0.6672238903469729	1.0910761920230259	C40H56O2
177.1637	38.62	0.7415601394695535	-0.8405734297944337	C13H20
664.2653	189.67	0.6545913401449571	1.2049915631250938	
664.2653	198.9	0.9995163006410052	-0.036180301882476056	
642.4363	231.57	0.8616978001313401	-0.5014851662324833	
573.4358	120.07	0.46871472550192494	2.2450441864698885	C26H56NO7P
644.2402	187.7	0.6783510390517455	-1.0515675122967445	
645.4987	225.36	0.9107669608449256	0.35574494480014657	
668.4444	237.61	0.5837048044228551	1.4331808863734026	
668.4444	249.2	0.9899043118192647	0.10041834192571816	
646.5202	225.23	0.7633782292511855	0.779044030841713	C36H72NO6P
669.2408	203.49	0.8371991375810452	0.5783934467354951	
669.2408	211.02	0.9727023320182346	0.1368145189874214	
669.3759	207.45	0.9995163006410052	0.024597344307702572	
647.4219	261.75	0.9975563322043179	0.05161562548536205	
647.523	225.36	0.7128323211712024	0.9431015090207497	C36H72NO6P
670.254	199.16	0.9410217519458578	-0.2582074020381585	
648.4379	189.41	0.9210416035584472	-0.2958504049373904	C32H64NO8P
670.3781	207.45	0.9727023320182346	0.13966433004180856	
179.0815	0.79	0.8616978001313401	0.5137977483416405	
672.4194	209.16	0.7247912918151072	0.8884388364137024	
672.5759	67.9	0.7992690086670325	0.678606804688871	
576.4105	62.88	0.5775235449171561	1.5250557071832678	
673.3025	288.57	0.9107669608449256	0.3553378306048462	
673.4228	209.03	0.7871413358168533	0.7166600265502197	
577.4126	62.62	0.6973600068008068	0.9952437007443327	
714.2795	217.46	0.539295397240723	-1.7487753578122298	
715.2828	217.46	0.5940983215257891	-1.408327896794818	
715.3695	279.61	0.9984428846351096	0.04208573230093195	
716.3084	205.61	0.9999746502670094	3.37996439955288e-05	
716.3084	210.89	0.7521018156383364	0.8119032998783462	
716.4251	189.15	0.9975563322043179	0.07790815150580652	C34H66NO10P
677.2626	203.23	0.714848414336007	0.9069980718228425	
716.4633	195.06	0.8184479818275932	-0.6286378172039224	C36H68NO9P
717.3292	206.01	0.9131588543546387	-0.3356644116892856	
717.3292	210.89	0.7946279851950604	0.6977579867846142	
717.3292	214.57	0.5332954758760162	-1.8688328707742867	
717.4671	194.92	0.5029037069123337	-2.075254978378095	C36H68NO9P
678.4614	24.77	0.116005325105453	5.854815502443947	
678.6757	508.64	0.016359221622130535	-17.431586054545775	C44H87NO3
679.448	257.12	0.5049195300699456	1.9969288590352103	
679.448	286.21	0.9551276269713179	-0.21480046028861205	
680.4501	256.98	0.5508879243292907	1.6556316584286315	
680.4501	286.34	0.9722797704470953	-0.14542082311245977	
680.868	20.7	0.7478608709129151	-0.821896305322059	
580.2999	110.29	0.7077091416525025	-0.9622130535715835	C28H48NO8P
720.4951	284.25	0.2782508958164467	-3.7857363916329736	
580.493	305.51	0.6973813386951067	-0.9922002004489332	
682.399	184.13	0.6671288710142709	1.0976623458610222	
720.8735	212.07	0.9999746502670094	0.0014150969207696673	
721.3578	215.22	0.9485365194146935	-0.23841532376074973	
722.3629	215.22	0.9975563322043179	0.05273484378424788	
723.3031	153.56	0.9208212760449868	-0.3003890082389607	
723.3031	188.75	0.6973600068008068	-0.9979143957643307	
723.3664	215.49	0.6902779108189224	1.0272343763891716	
724.5067	256.72	0.3963660720649544	2.7456313701765325	
724.5067	286.73	0.7077091416525025	0.9658594430842319	
582.3363	119.81	0.5699951485974138	1.5707869340504845	
582.4724	242.77	0.9975563322043179	0.05662064382904818	
686.25	177.83	0.5260342196738117	-1.9111464085604808	
686.25	182.29	0.3963660720649544	-2.748671132605711	
686.25	186.26	0.5603227047098924	-1.6162963720512957	
686.25	189.67	0.7132462328135326	-0.9127850682022786	
181.0096	22.01	0.6691250558267976	-1.0721626916387232	
686.4625	226.01	0.7656212450668545	0.7666444667916386	
686.4625	235.64	0.67175751556704	1.0650600380980513	
583.4144	171.37	0.9687569122491655	-0.16661761351705123	C40H54O3
583.4144	209.29	0.7101877069385808	0.9501010244762593	C40H54O3
583.4757	242.37	0.6682044275040825	1.0764224416211376	
583.878	21.75	0.9408425932285113	-0.25988884306496024	
728.2585	193.48	0.5332954758760162	-1.825994113581529	
689.1476	279.35	0.811431736609748	-0.6474102784878208	
728.5872	216.41	0.5047972517839435	2.0638838202402017	
690.4701	198.24	0.4688101627451489	-2.2290473409755096	C36H68NO9P
690.4701	201.92	0.5029037069123337	-2.111618213258669	C36H68NO9P
690.4701	204.41	0.8565545216336363	-0.5242584142407365	
731.3086	177.43	0.7128323211712024	-0.9391943975818429	
731.3086	182.29	0.9984428846351096	0.041962804015296014	
731.3086	186.13	0.8695699570252358	-0.47891481367380545	
731.3086	190.33	0.6307816671475457	1.3051249452676745	
731.4145	282.68	0.5332954758760162	1.7984067532581538	
731.4244	230.65	0.08393695775708446	-6.930517079869542	
732.4277	230.65	0.10136113202778545	-6.211882005915739	
692.2962	217.72	0.7633782292511855	-0.7777954665611293	
692.3182	196.01	0.9166927217011217	-0.31557405563943913	
692.334	289.36	0.7128323211712024	0.9153178185316693	
692.8337	21.62	0.6531558860902278	-1.219011106589625	
693.3001	217.59	0.6632425696262876	-1.1492236689312105	
733.3243	173.08	0.9863018546029433	0.11286301916463835	
733.3599	222.34	0.7456954620388729	-0.8302889664738424	
733.3599	225.23	0.6216139776600029	-1.3243497072075023	
694.3322	196.01	0.9471432251010923	-0.2436448068284806	
694.3322	220.63	0.5047972517839435	-2.0196816941419606	
694.3322	222.86	0.9995163006410052	0.009536920129620602	
694.3322	226.93	0.714848414336007	-0.9089552400800575	
694.3322	231.3	0.5837048044228551	-1.4357339646213438	
694.3322	236.82	0.6531558860902278	-1.215750444370602	
694.3982	207.45	0.9079858269134774	-0.3640547095011767	
182.0297	25.29	0.8359845452870285	-0.5831308728437752	
694.4431	188.1	0.7128323211712024	-0.9182729617883919	
182.0574	532.99	0.19152002854472475	-4.7818904724440685	
182.0811	23.19	0.6060937350562241	-1.374183247569242	
734.326	173.34	0.7795639860814467	-0.7385319362783443	
734.3623	214.57	0.5260342196738117	-1.9088124004243632	
695.3651	271.22	0.9208212760449868	0.29867157196445093	
695.4015	207.45	0.9683342511774922	-0.1732667579091427	
695.4431	253.83	0.8563387162240892	-0.5256295876923481	
695.4431	262.01	0.7619485519241064	-0.7906630760960002	
182.1037	0.79	0.8740127640069053	-0.4595763480332471	
182.1037	22.27	0.7871413358168533	-0.7156955494700973	
696.4046	207.45	0.9995163006410052	0.031903570979741065	
698.3414	185.18	0.654900934250812	1.1847874956409048	
698.3414	272.14	0.660036857965595	-1.1639216274194626	
698.3414	279.61	0.9877093957227924	-0.10743501638898821	
698.5559	286.21	0.9538824044421571	0.21978301273339584	C40H75NO8
698.5559	288.7	0.7619847459687172	0.7885388041998072	C40H75NO8
737.3551	217.46	0.9687569122491655	-0.16618640074409724	
738.3583	217.72	0.9722797704470953	0.1507452565136713	
700.6073	299.96	0.4470434840618367	2.4464264024518894	
701.3538	194.66	0.8984957847562217	-0.3911847834697126	
701.3538	197.06	0.5775235449171561	-1.4969765256726866	
701.3538	202.97	0.8115092261283107	-0.6426392132898016	
701.3538	209.03	0.8050490578715879	-0.667196532589773	
701.3538	212.99	0.9995163006410052	0.015911929386920726	
701.4727	193.74	0.2409862898022479	-4.215135400236062	
740.4997	253.44	0.8097163980710582	0.6525408805891971	
740.4997	255.67	0.8777536522486568	0.44861853649294847	
740.4997	262.4	0.654900934250812	1.1827235970626215	
702.3184	236.69	0.5332954758760162	-1.7809540547829799	
702.3573	194.4	0.862298104573395	-0.4952977087005226	
702.3573	197.19	0.3925954231304819	-2.8099307634038375	
702.3573	203.1	0.7128323211712024	-0.9194013755669543	
702.3573	204.94	0.9995163006410052	0.009652559455980562	
702.3573	209.82	0.73798338116034	-0.8486163252812493	
702.3573	212.73	0.9603382627608814	-0.19066691197761465	
702.3733	189.67	0.6308720186161166	1.2957454452080606	
702.4697	194.66	0.2409862898022479	-4.205701662951183	
702.4697	197.85	0.6682044275040825	-1.0780140455888019	
702.8625	21.09	0.33919200276242895	-3.280846113894168	
704.4855	202.05	0.4074681028023312	-2.6694869064524225	C37H70NO9P
704.4988	134.83	0.654900934250812	1.1925477389127543	
704.4988	220.21	0.5377702382771167	1.7536786006327008	
743.4006	264.9	0.5606945931205333	1.6089474676015836	
743.4006	271.88	0.5332954758760162	1.7858693573315252	
743.4006	278.69	0.19152002854472475	4.799336955090627	
743.4821	283.99	0.4470434840618367	-2.4545355353507565	C38H73O10P
705.3287	205.07	0.9131588543546387	-0.33112021363292665	
859.5244	301.29	0.7347258922691544	-0.8562930622986537	
860.6664	212.6	0.44055314751947056	2.5145358556702226	
747.3758	214.83	0.76662246767765	-0.7622159127484004	
709.3238	217.72	0.7633782292511855	-0.7802884942121439	
748.379	214.83	0.7647673318565281	-0.7692177307831543	
748.379	236.82	0.7681001491835614	0.7589858136742831	
748.8546	20.7	0.8214646884358245	-0.6238308024856825	
712.4774	36.78	0.20707550203887898	-4.639841654323024	
865.496	276.07	0.4074681028023312	-2.6678052802287877	
751.3346	188.23	0.8698839566751303	-0.4717562363516565	
713.4804	36.65	0.3662270870325246	-3.0063592931789307	
752.3376	188.23	0.8616978001313401	-0.515101357393577	
867.5117	286.6	0.4571299919008691	-2.300640800156539	
759.4391	156.21	0.26205871092877314	4.0327844808301805	
759.4391	160.02	0.5837048044228551	1.4405270455634174	
760.821	21.75	0.6023140143622475	-1.3931111080101943	
874.444	276.46	0.5260342196738117	-1.909633712310566	
762.4686	160.68	0.10136113202778545	-6.396997365998212	
762.4686	195.32	0.9078561868231353	-0.3652992511112297	
880.6342	298.25	0.3240508315250196	3.361349015586735	
950.9396	711.33	0.642152546491959	1.2566251646082414	
881.3762	155.4	0.6682044275040825	1.078740394814833	
881.3762	158.05	0.7466713818484119	0.8245554005710573	
881.3762	159.89	0.5508879243292907	1.6528783551119528	
953.1856	202.57	0.9249514178144889	-0.28646339460426157	
769.5427	32.18	0.9471832009640387	-0.24250706171717304	
770.8498	21.09	0.5029037069123337	-2.0848099436089265	
772.4876	219.95	0.5332954758760162	-1.8620409399166384	
773.4915	220.08	0.4970224401299451	-2.134942249419131	
817.7626	634.55	0.2701604072633035	3.9603081072240762	
776.4824	230.65	0.5556365075140371	1.6386970040529616	
821.6617	308.66	0.9975563322043179	-0.07563996620117161	
777.4857	230.52	0.5377702382771167	1.7550923368030031	
976.6466	227.33	0.9538824044421571	-0.2216510142182496	
784.4518	195.06	0.7972774477652045	-0.6867711723235367	
785.4548	195.06	0.6632425696262876	-1.1447059212500874	
981.2167	216.41	0.69622593770697	-1.0041940278551307	
1037.2796	254.75	0.5029037069123337	-2.0944150179575014	
1039.2702	224.31	0.8984957847562217	0.38724244292868687	
1040.2905	224.31	0.8698839566751303	-0.4700168503277928	
1041.2939	224.31	0.654900934250812	1.1999421594280582	
1042.6873	292.27	0.69622593770697	-1.007995924155817	
995.2329	224.31	0.5775235449171561	-1.498008184241603	
995.6639	189.15	0.6984495965183619	0.9885163990106521	
995.6776	103.72	0.9995163006410052	-0.006542344978197173	
996.2361	224.44	0.4687496623483454	-2.237031411559224	
1068.3214	243.42	0.8845696652567897	0.4231165042080668	
838.8375	21.09	0.44055314751947056	-2.5084312406562836	
1009.2486	233.27	0.4470434840618367	-2.4713720815986493	
1082.3367	255.01	0.9975563322043179	-0.05122966169951653	
1012.2587	209.42	0.36972370106463326	2.9386695033624246	
1012.2587	224.04	0.8674815490638649	0.48592844315383343	
1110.3677	270.83	0.6671288710142709	1.0997865852789865	
1023.2639	243.82	0.5173174294393674	-1.9521194237833548	
1026.2744	216.54	0.6060937350562241	1.3780269456311345	
1029.0017	611.02	0.7823973502367885	0.7313402487661984	
1155.7256	291.88	0.0590960826187152	7.845421583600055	C57H104N2O21
1342.9249	332.32	0.9722797704470953	0.15414852730083176	
1167.7888	246.44	0.36246567546916175	3.0854362594422304	
1176.704	291.75	0.016359221622130535	17.13489385832634	C57H104N2O21
1182.7795	244.74	0.3963660720649544	2.7481678842475588	
1183.7834	244.47	0.5514471924139285	1.649772542179378	
851.3963	36.52	0.7313369392954704	0.8691399315439756	
1196.8222	283.07	0.5332954758760162	1.7836253149845127	
1197.8253	283.07	0.5332954758760162	1.8219434128194996	
1198.8282	283.07	0.5761696594408114	1.5521754446486542	
852.3999	36.52	0.7871413358168533	0.7178123338560216	
1286.6696	207.45	0.9984428846351096	0.04387305451029622	
1287.6731	207.45	0.9995163006410052	-0.005079862952279623	
1642.5654	598.55	0.9131588543546387	0.32489474378185057	
