m/z	rtime	p-value	t-score	custom_id
69.0704	187.3	0.4348320644945474	1.6412787790209054	
135.0844	33.32	0.4320255679824186	-1.7539614301864657	
218.9431	209.53	0.7116356786388629	-0.5673490835326562	
181.105	26.62	0.4695099740325757	-1.3294408930322164	
219.0716	246.3	0.4215057759519956	-1.860336833659573	
219.0975	361.29	0.38970954663492774	-2.7778081495354154	
136.9107	208.74	0.5286931314872365	-1.0839984532012616	
136.94	209.39	0.5396067522268319	-1.0419343464324509	
136.9693	209.66	0.38970954663492774	-3.2198088838255035	
219.1127	27.8	0.41552233587384796	-1.9282900254712945	C9H8O3
219.1168	307.95	0.5519424148677179	-0.9997963576154063	C2H8N2O2S
219.1168	318.33	0.744482946830274	-0.489881001828751	C2H8N2O2S
219.1338	232.57	0.4687477750637809	-1.3388359532324539	
219.1338	271.47	0.40360952008441314	-2.474526428500311	
137.0594	28.07	0.4537490291295801	-1.461707601323357	
219.1743	24.65	0.6268741407901793	0.7659005139398428	
137.0709	200.99	0.37810901539883096	4.586264083126395	
137.0727	211.36	0.38970954663492774	3.12455155232961	
137.9433	209.39	0.5324778201854196	-1.056968366069263	
138.0549	356.04	0.5519424148677179	0.9907731160157838	
138.0742	200.99	0.37810901539883096	4.336997219368873	
138.9194	207.42	0.4320255679824186	1.7705901275306046	
138.9194	212.15	0.8002876831632408	0.3731586219100646	
138.9381	209.39	0.4996870055062004	-1.1843776207360628	
138.9441	209.39	0.8660320475422199	-0.24942480764717737	
139.0753	201.25	0.22777936808179705	9.018990047318379	
139.0977	202.7	0.4320255679824186	1.6922593208906063	
220.0927	333.88	0.44758171971662214	-1.5661690592748279	
139.9146	207.42	0.43521123595735356	1.636149953048551	
139.9146	212.41	0.4603135439962925	1.414690085279041	
139.9415	209.26	0.57676919979015	-0.9176111373093689	C9H11NO2
220.1178	185.07	0.42908453412185715	1.8091103170536842	
140.0106	265.26	0.38970954663492774	-2.7899061743293454	
140.9362	209.13	0.5688612164373023	-0.943942237841077	
140.9424	209.39	0.5818140419817623	-0.8831245470975736	
220.9014	209.39	0.4665370666890152	-1.351264062571282	
220.9412	209.79	0.5849611866294966	-0.8758489475966676	
221.0178	318.59	0.5724480398705165	0.9321129237608715	
221.0768	376.29	0.4521330847340542	-1.4733293091183535	C4H5N3O
221.0956	252.61	0.37810901539883096	-4.306289431060537	
221.1131	280.3	0.38970954663492774	-3.254348291350205	
77.9273	209.53	0.5388484997578763	-1.0444907528166938	
78.9562	206.9	0.40360952008441314	2.1664205882722385	
78.9562	212.94	0.4320255679824186	1.698796186343077	
221.8996	146.6	0.38970954663492774	3.126324981442999	
221.8996	156.84	0.4603135439962925	1.397766380302695	C6H13NO2
221.9047	209.53	0.5086828172236966	-1.1487077561479941	
184.9797	242.58	0.8854215586175764	-0.20313074829831124	
80.9935	209.39	0.8306370162110132	-0.3135323293462502	
81.9883	209.39	0.8675302616068302	-0.239663419000889	
82.9916	208.47	0.7126605276310924	-0.554326558471814	
222.8995	209.39	0.4603135439962925	-1.4032188868530748	
144.0477	201.65	0.6268741407901793	0.7635192058712916	
144.0655	356.3	0.6993395317273049	0.5963272554012052	
223.0635	24.52	0.5869984641579187	-0.869132085579613	
84.9117	211.76	0.8562184483312254	0.2692178965533838	
85.0289	324.92	0.18554636576369857	14.795646200466463	
144.9275	206.64	0.4320255679824186	1.6993200427946407	
144.9275	213.33	0.4603135439962925	1.4009858040086922	
186.0761	356.3	0.7075074072162034	0.5743345941699123	
186.0872	318.59	0.4644381021875107	-1.3602359055708686	
87.0445	282.94	0.37810901539883096	4.717654112234066	
87.0548	324.53	0.4320255679824186	1.7053012769686005	
187.0713	318.46	0.47832388672656456	-1.2647382412902948	
187.0713	325.84	0.4444217943681095	-1.5891066630601516	
187.0713	355.22	0.6781739341508781	-0.6470136742025469	
187.094	28.2	0.9328996147609728	-0.11914308702864927	
224.1109	177.59	0.540576667769633	-1.0390115339717458	
146.0923	261.19	0.37557646085981133	-5.632396528444656	
146.1175	27.67	0.40360952008441314	-2.261740401220249	
146.1175	330.99	0.37810901539883096	4.085347876342602	
187.144	27.67	0.2360108343850018	-8.7010317830017	
224.1572	26.88	0.4115298222760456	-1.9609791334840148	
224.1854	26.62	0.4603135439962925	-1.3995361787880403	
89.0965	26.23	0.5793801704571662	-0.897098379469441	
147.0473	27.54	0.41552233587384796	-1.9191805688661803	
225.0466	216.52	0.40360952008441314	2.2716214829486905	
188.0919	271.2	0.9578190697582208	-0.07393397389214712	C4H8O2,C4H8O2
147.1014	26.88	0.4115298222760456	-2.0326180406857968	H3O4P,C2H3KO2
147.1208	27.67	0.40360952008441314	-2.3954426097114707	
189.0738	166.43	0.901797968516277	0.1712321417665257	C6H11N3O4
91.0587	254.97	0.38970954663492774	-3.1217477114021075	
189.1345	197.68	0.3637921349596952	-6.0757820557594115	
189.179	410.79	0.4320255679824186	-1.7631500158486377	
190.0713	24.65	0.9578190697582208	-0.07614884535153947	
190.0821	315.57	0.6089493223399051	-0.8079546847049585	
190.0821	339.79	0.40360952008441314	-2.4237944159677554	
94.0655	168.92	0.38970954663492774	3.123447790342513	
225.97	208.08	0.38970954663492774	-2.7157871836439433	
225.97	210.31	0.3913525861761062	-2.6716179317884454	
149.0575	324.66	0.40360952008441314	2.393994685490976	
190.1379	197.68	0.34463694815324153	-6.57483535372126	
97.0288	370.65	0.44998416362488375	1.5114404274681075	
97.0288	420.28	0.4115298222760456	2.0251867425452352	
226.0797	297.58	0.4674632104536624	-1.3464742783976842	
226.0797	332.04	0.4223776746981738	-1.8316713400924554	
190.9018	1.57	0.37810901539883096	4.320425273911004	
190.9926	274.49	0.38970954663492774	2.843075246889573	
149.096	25.18	0.744482946830274	0.4900487080118225	
97.0652	27.28	0.8735348841122458	0.22937358017273551	
226.1648	28.2	0.4603135439962925	-1.4238334977900498	
191.1025	296.0	0.38970954663492774	-2.743543645905582	
226.1801	34.24	0.37810901539883096	4.676191673838873	
150.0645	324.79	0.40360952008441314	2.2535887847882106	
150.0773	205.06	0.4617387719357709	-1.383605049600925	
98.9846	265.26	0.4115298222760456	-2.06915484202567	
227.066	310.71	0.9589047020668346	0.07128922473550277	
192.106	295.74	0.38970954663492774	-3.053646622159264	
192.1581	35.68	0.9020927005396755	0.16970646471546555	
227.1683	28.2	0.47100843034898576	-1.324364963090904	
152.0373	252.61	0.37810901539883096	-4.345835898715756	
152.0566	146.73	0.37810901539883096	-5.338610338182799	
152.0566	174.83	0.44828328953477714	-1.5502657217940568	
227.96	146.73	0.3850708476129641	3.767946190015681	
227.96	156.97	0.40360952008441314	2.386433015689087	
193.1436	34.37	0.37810901539883096	4.056527730356346	
153.0406	174.83	0.4115298222760456	-1.988659413872576	
153.0599	146.73	0.3843268276626748	-3.821800423425066	C9H7NO
153.0599	174.83	0.4320255679824186	-1.721648828016059	
228.1958	27.01	0.5289549847985935	-1.0772499147463026	
194.0222	199.25	0.40360952008441314	-2.225301080279242	
154.0742	324.53	0.40360952008441314	2.127359132270149	
194.8549	207.16	0.43413734503798257	1.6596462134824146	
194.8549	212.81	0.37810901539883096	3.902205147462582	
229.1546	320.03	0.7937876527611187	0.3854796729111562	
195.0028	299.42	0.5752002576940578	0.9240520116072661	
195.0798	252.61	0.06376270696907256	-24.996037855151805	
195.0798	275.7	0.37810901539883096	-4.9059553366536255	C7H14O3
104.0579	168.4	0.4743505202041064	-1.286743825254133	
229.9564	146.73	0.3843268276626748	3.8464679420662686	
229.9564	157.5	0.40360952008441314	2.4033914947348474	
155.0871	146.34	0.4845944448301283	1.2414711139811967	
155.0871	166.03	0.6674140275708039	-0.6748112558937096	
230.1134	323.08	0.4320255679824186	-1.6965404081002053	
195.855	207.16	0.40360952008441314	2.290558843684694	
195.855	212.68	0.38970954663492774	3.4650539340928566	
156.042	211.49	0.586079194962331	-0.8717608057883205	
196.0091	274.35	0.34463694815324153	6.385758336550886	
105.0702	26.23	0.4115298222760456	2.0394928428966614	
196.0969	28.07	0.44903414426083366	-1.5424704957842075	
231.0546	221.11	0.40360952008441314	-2.3085085916426995	
157.0454	211.49	0.5286931314872365	-1.0833994398629592	CNa2O3
231.1202	28.2	0.8827438653029315	-0.21255295283310577	
106.9509	207.42	0.9602518639366554	-0.06828944587609158	
106.9509	211.36	0.44758171971662214	-1.5605854285465621	
231.1702	28.07	0.4505800369204029	-1.4878163296530391	
196.853	207.16	0.4115298222760456	1.9829582849729646	
196.853	212.68	0.38970954663492774	2.8718189670995113	
196.9612	209.39	0.5324778201854196	-1.058446728998441	
157.1083	364.97	0.40360952008441314	-2.27184458340795	
232.1291	281.89	0.3656279810499845	-5.8619381274862805	
197.1009	364.44	0.41552233587384796	-1.9220046933894777	
197.1145	146.47	0.40360952008441314	-2.128700503530467	
158.0401	211.36	0.53208130648159	-1.0650412774170768	
158.0678	196.76	0.38970954663492774	2.7044249614520792	
158.0678	197.81	0.44828328953477714	1.549477531110033	
232.8106	208.21	0.5769528496222496	0.9101292061417302	
232.8106	211.49	0.4115298222760456	2.0104921883270217	C9H13NO
198.0105	146.6	0.6827330678865225	-0.6318796668628236	
198.0105	157.1	0.6573449679068093	-0.701487537457328	
198.0526	299.55	0.6827330678865225	0.6322483257491331	
233.0631	197.41	0.38970954663492774	-3.105139853168785	
233.087	227.81	0.4444217943681095	-1.5794431320033109	
233.087	231.39	0.4742364361140844	-1.296022638734	
233.1494	33.84	0.4644381021875107	-1.3653037052692982	
233.8108	207.42	0.5324778201854196	1.0574945707705279	
233.8108	212.55	0.9952790144017741	0.0100882868898775	
159.0916	166.43	0.8675302616068302	0.24255780204307303	
234.0269	214.51	0.44998416362488375	-1.5118825906972935	C10H22O5
111.1171	25.7	0.5003789262314695	1.1817536040628867	
160.0756	27.93	0.4209736295309242	-1.8770501632613674	
198.9594	209.39	0.5501649189044585	-1.0089933051956208	
198.9744	214.78	0.48560835106845457	-1.2320557938609322	C8H12N2O3
112.0508	163.67	0.40360952008441314	-2.1965111785843128	
160.9013	207.16	0.5022672182915796	1.168493925806233	
160.9013	212.81	0.41552233587384796	1.9141373049094048	
234.1963	199.25	0.40360952008441314	2.252728608894402	
234.8088	207.56	0.6293468165712396	0.7511877949222102	C4H5N3O
234.8088	211.63	0.37810901539883096	4.0759514872389975	
161.0377	227.42	0.4444217943681095	1.5826899182245955	C4H5N3O
234.917	209.39	0.4505800369204029	-1.486580212586421	C6H10O2
112.8959	209.0	0.43413734503798257	-1.671540208549412	
161.092	293.87	0.38970954663492774	-2.8391326908401586	
235.0923	371.96	0.4115298222760456	-2.0066904081110644	
235.1115	316.49	0.5818140419817623	-0.8851256619431814	
161.1284	213.33	0.3637921349596952	-6.032737329423049	
113.0541	163.67	0.40360952008441314	-2.156871349397592	
235.1481	400.19	0.40360952008441314	-2.2265785609913267	
161.9354	207.42	0.7005295335470241	0.5929478611858123	
161.9354	212.15	0.7141429419016397	0.5509545046216662	
235.9203	209.26	0.4422689980376824	-1.601603768898255	
161.9927	207.82	0.923260729088789	0.13440074704220023	C10H17NO2
161.9927	211.23	0.9670537541998329	0.054352479465064996	
200.1029	307.95	0.5654588981108168	-0.9542826881060826	
162.05	221.77	0.40360952008441314	-2.145378760422584	
162.05	228.07	0.40360952008441314	-2.2686561522991866	
236.0224	214.51	0.44998416362488375	-1.510512395725032	
162.0953	293.87	0.3932091188814526	-2.625476603853839	
236.915	209.26	0.4644381021875107	-1.3604206866747999	
162.8994	207.16	0.38970954663492774	2.9526449577626823	
162.8994	212.94	0.4537490291295801	1.465194156859313	
201.061	227.55	0.4851304996567335	1.2390658508460053	
162.9977	242.58	0.8203710785361845	-0.33146396340406714	C14H22O2
201.0869	308.08	0.5956329479346736	-0.8427788391171148	
201.0869	344.25	0.4743505202041064	-1.2823342044668402	
163.0712	315.04	0.44758171971662214	-1.5570496052985234	
237.0902	252.61	0.38970954663492774	-3.5574932067066736	
237.1233	27.8	0.5060794120931498	-1.1572490731816902	C7H16N4O2
237.1334	26.23	0.8143374506042449	0.344309408340301	
237.9184	209.53	0.4115298222760456	-1.9573737513961023	
117.0548	26.23	0.43413734503798257	-1.6569719179626694	
202.0862	27.8	0.4348320644945474	-1.6430009724584054	
238.045	299.42	0.5314075580622792	1.0687386633733766	
117.1137	146.34	0.43413734503798257	1.6621189186280505	
117.1137	165.9	0.7924293131824354	-0.392803494798973	
164.0741	27.54	0.41552233587384796	-1.9156284110347783	
164.0741	315.04	0.44758171971662214	-1.557736479729634	
238.1267	27.8	0.5019359587887673	-1.172642818198126	
202.9692	207.42	0.7618751110836084	0.4505580295605758	C8H9NO4,C9H5N5
202.9692	211.63	0.4743505202041064	1.2864161836429127	C7H10N2O4
202.9692	221.77	0.8850202360663693	0.2061446674057911	
118.0613	260.11	0.37810901539883096	4.584075391115091	
238.9131	209.39	0.4320255679824186	-1.733987829675039	
238.9194	209.66	0.38970954663492774	-2.7901516572228346	
119.0493	28.07	0.4508249557430443	-1.4783700654477046	C7H5NO
239.038	253.92	0.06376270696907256	-23.32484316819857	
165.0545	211.1	0.40360952008441314	2.1754829290596063	
239.0483	299.55	0.5752002576940578	0.924940422235357	
203.0526	198.07	0.38970954663492774	-3.499041443596088	H3O4P,C2H3KO2
203.0526	217.3	0.38970954663492774	-2.7553195306821743	H2NaO4P
203.0766	214.51	0.48554491253037113	-1.2341858314433403	C9H10O2
203.0766	221.9	0.40360952008441314	-2.3437375581428532	C9H10O2
165.0772	27.54	0.4444217943681095	-1.5784043815236621	C6H11NO4
239.1023	220.19	0.2719108351764943	-7.92425014350267	
239.1023	227.68	0.49091428210714816	-1.2132689741375853	
119.1261	201.12	0.44998416362488375	1.5294764011300301	
203.1026	307.69	0.4320255679824186	-1.702625442780221	
239.1278	25.96	0.7599732129560997	-0.4554580225907774	
120.0906	214.12	0.5286931314872365	-1.0803520758398362	C4H9NO3S
204.0243	242.71	0.7313019753348069	-0.5158976308556588	
204.0243	246.95	0.6611497697062232	0.6917461573104995	
120.1021	198.6	0.47534381754109906	1.2767766903467224	
165.9302	207.95	0.576497736179352	0.9207440859220539	
165.9302	212.28	0.4508249557430443	1.4777567407715833	
120.9663	208.08	0.8854215586175764	0.20002001842596037	
120.9663	210.71	0.5811454330857041	0.8877748309923428	
120.9873	221.51	0.40360952008441314	2.30770325505089	C5H10N2O4
121.0163	209.13	0.7753257600180115	-0.4235105237729737	C11H20N2O3
204.0866	356.04	0.5793801704571662	0.8994537604254444	C6H11NO4
204.0978	331.91	0.3932091188814526	-2.6362514717567564	
166.0145	366.97	0.39382827006808524	2.570430890405001	
121.0649	26.49	0.4644381021875107	-1.363822545138787	
166.0697	27.54	0.450261424999762	-1.4970343982750105	
240.0953	308.08	0.4603135439962925	-1.397295472040563	
240.0953	317.8	0.7518190531885192	-0.4753529961644726	
121.9697	207.82	0.7448975206960897	0.4871685677133694	
121.9697	211.76	0.813754957851213	-0.34618190810093874	
204.9673	207.16	0.586079194962331	0.8723214097644897	
204.9673	211.89	0.5286931314872365	1.0812270726507067	
122.9246	209.39	0.5769528496222496	-0.9116543182835595	
122.9645	207.95	0.9954233540568563	-0.0086702495406637	
122.9645	211.23	0.651816101187136	0.711188528930878	
166.9506	208.61	0.4687477750637809	-1.333542590516511	
205.0682	197.41	0.7732613156892444	-0.4290494321838145	
205.0682	215.73	0.44998416362488375	-1.5180832898615249	
123.0442	211.1	0.4279173440453466	1.8145543357157181	C6H12N2O5
205.1182	261.32	0.6664790080417314	-0.6785267375561599	
240.9667	224.0	0.38970954663492774	3.578145654766801	
123.0747	201.65	0.6934327815994793	0.6075068874016708	C8H12N2O6
123.0806	27.28	0.8594826683130607	-0.26263158390654445	
123.1291	2.1	0.42029588094437464	1.8879328817710277	
241.1015	252.87	0.37810901539883096	-4.886466990236444	
241.1095	252.61	0.37810901539883096	-4.873418299853519	
205.9956	256.43	0.6822933443348179	-0.6366543413875312	
124.0587	32.92	0.6158641275450886	-0.7917074257758135	
168.0901	168.13	0.37810901539883096	-4.495029934345643	
168.0931	168.0	0.5236476975830938	-1.098906407948064	
206.04	205.45	0.3932091188814526	-2.5877870706882633	
124.9227	209.53	0.623289279353125	-0.7756876733797095	
241.1837	26.88	0.41552233587384796	-1.9286625213977473	
206.0716	197.55	0.5770021646562624	-0.9071808405384321	
168.1263	146.47	0.5548814341623296	-0.9788615285380885	C8H14N2O6
124.9998	319.51	0.7924293131824354	0.39108661658462796	C6H14N4O
206.1004	165.9	0.8036797480712797	0.3655152843827301	
206.1216	261.32	0.6750949166820248	-0.656953754654487	C8H18O5
242.0182	213.07	0.3932091188814526	-2.5919030246788854	
126.0219	220.46	0.19807569173575817	-11.573644279327036	
169.0844	173.25	0.4320255679824186	1.7493800619713173	C14H19NO2
242.0374	227.28	0.450261424999762	1.493612254698901	C10H20N2O4
169.0858	27.8	0.4427045017419814	-1.5969131807688584	
242.0746	333.62	0.45999862950279297	-1.4421230774928515	
242.0997	185.2	0.4970764145975915	1.191339227438815	
242.1047	252.61	0.37810901539883096	-5.193667085307548	
242.1128	253.0	0.38970954663492774	-3.1698704483613085	
206.9695	1.44	0.4295659304552384	1.7901614431468287	
242.2841	28.33	0.7161331161155772	0.5459800809827826	
169.9857	220.98	0.38970954663492774	-3.2970291315055	
170.0599	165.9	0.7075074072162034	0.5773873769279617	
242.9617	206.77	0.37810901539883096	4.023947032312407	
242.9617	214.38	0.9816920021737093	-0.033350438631985904	
243.0159	212.41	0.37810901539883096	4.711289783216141	
207.0798	243.24	0.3932091188814526	-2.6169393433211456	C8H15N3O5
127.123	203.35	0.4603135439962925	1.3941853355274991	
128.1264	203.35	0.4687477750637809	1.3368053662701445	
207.1591	26.62	0.6141777960968917	-0.7954633424022215	
171.1379	25.7	0.47100843034898576	1.3231647878496722	
208.0694	198.2	0.4115298222760456	1.9760267255490893	
208.0694	217.04	0.37810901539883096	4.583365655339969	
244.0529	214.78	0.5314075580622792	-1.0694067954575819	
244.0529	221.77	0.4223776746981738	-1.8356697689713686	C11H12N2O6,C9H17O7P,C12H16N2OS2
244.0529	228.2	0.46103377409796853	-1.3868476126375362	
244.0926	163.67	0.40360952008441314	-2.207351345078057	
208.1009	300.86	0.44056528564932573	-1.6090960038728912	
244.1291	315.57	0.4370816562172902	-1.6229801162195923	
130.0651	166.29	0.592711705519787	0.8497338609188465	
244.9538	222.69	0.4223776746981738	-1.8430073987353404	
245.0203	277.02	0.4115298222760456	1.9871070582599208	
131.0492	168.13	0.5060794120931498	-1.1566819938011208	C13H16O4
131.0702	27.67	0.4742364361140844	-1.3078100165711597	
245.0959	163.67	0.40360952008441314	-2.1368053394641247	
245.113	357.49	0.7341301663366783	-0.5108368457251276	C9H19NO2S2,C8H15NO7
245.1357	201.91	0.6886989887091103	0.6198682921315471	
245.1858	27.8	0.42215084615270687	-1.8563991003741123	
174.0386	145.55	0.38970954663492774	-3.264741710495341	C11H23N5O3
246.0971	163.8	0.40360952008441314	-2.122855484062676	
246.1195	257.09	0.6750949166820248	0.6573695869725198	
246.1195	294.92	0.6035662465896061	0.8211414345758623	
132.0655	301.52	0.4552387058603764	1.4569400088376974	
246.1447	274.62	0.5019359587887673	-1.1752355027655905	C9H19N3O3
246.152	36.07	0.37810901539883096	-5.17251402656891	
132.0808	27.93	0.7075074072162034	-0.5753399162728466	
132.0808	166.29	0.9652420263142701	0.06036768646478467	
246.1811	362.48	0.450261424999762	-1.4995723250079367	C13H12N2O4,C10H13FN2O5
246.1811	411.58	0.38970954663492774	-3.3525875594170964	
210.1416	28.2	0.4508249557430443	-1.48009138085545	
133.0859	26.75	0.34463694815324153	-6.824197438119284	
247.0222	256.7	0.5519424148677179	-0.9911953973547889	
210.17	28.07	0.43413734503798257	-1.6559810769333392	
133.099	178.64	0.4115298222760456	-1.9804763700980037	C7H13N3O5
247.0579	265.39	0.40360952008441314	-2.267031918518032	
175.1077	246.3	0.40360952008441314	-2.20439014801337	
247.1033	335.19	0.4320255679824186	-1.702103710026932	
133.1012	25.18	0.5485193178180959	-1.0179004485621255	
247.1287	330.47	0.8085413899559644	0.35435914959032566	
247.1481	274.88	0.44033877306197744	-1.6114758015042783	
247.1528	384.83	0.4223776746981738	-1.8400943871498947	
211.0769	217.17	0.38970954663492774	3.447111114334926	
247.1593	384.83	0.38970954663492774	-2.7852229392630234	
247.1844	362.08	0.450261424999762	-1.5031200667126934	
247.1844	411.58	0.37810901539883096	-4.368511505383623	
134.0188	256.7	0.42908453412185715	-1.7958041523988058	
176.0294	187.7	0.5022672182915796	-1.1677095110575577	C6H11O8P,C6H11O8P
248.0215	367.1	0.38970954663492774	2.7128201536945213	
248.034	32.66	0.7035343342736009	-0.5859496518186862	
248.0587	24.52	0.5519424148677179	-0.9879291393905556	
134.0812	41.72	0.40360952008441314	-2.4341335458639795	C8H14N2O6
176.111	246.43	0.40360952008441314	-2.366113311098882	
134.106	178.77	0.41552233587384796	-1.9276555888743454	
248.124	308.08	0.4912269676836262	-1.2084314327070367	
176.1393	212.02	0.38970954663492774	-3.377328794926139	C8H12O3
248.2371	28.33	0.4444217943681095	1.5786334554535986	
279.8322	207.03	0.4115298222760456	1.996182068742379	
279.8322	212.94	0.38970954663492774	2.707477901945284	
249.0609	166.29	0.5654588981108168	0.9544186709348974	
249.082	261.32	0.7123586833184533	-0.5567026012199079	C11H20N2O6
249.0958	217.04	0.40360952008441314	2.3967695226159136	
212.8515	207.56	0.6886989887091103	0.6197612064355208	
212.8515	211.36	0.8064207844472816	-0.359405445600064	
249.108	345.47	0.8827438653029315	0.21300873512277416	C14H16N4
249.108	359.32	0.4223776746981738	-1.8508371374676924	
249.1194	304.93	0.7035343342736009	-0.5854008565043949	C11H16N4O5
249.1271	164.72	0.5519424148677179	-0.9880676523705765	
249.1271	308.08	0.4845944448301283	-1.2419676746093786	
280.0918	318.46	0.5324778201854196	1.0569411832290225	
280.1289	198.73	0.38970954663492774	-3.597487720015094	
280.1289	201.38	0.38970954663492774	-2.7952591074389397	
177.8881	208.61	0.4320255679824186	-1.731658412391275	
177.8881	210.18	0.40103214214341387	-2.533354702042472	
177.9667	209.26	0.627778429073939	-0.7588288261953345	C9H13N3O5
178.024	213.6	0.4695099740325757	-1.3290881207122112	
250.0933	35.29	0.7222701627473064	-0.5340332099435412	
250.0991	197.68	0.42908453412185715	1.7967315671938495	
250.0991	216.91	0.37810901539883096	3.894532414480506	
178.0903	298.37	0.40360952008441314	-2.1405233684717686	
281.0952	318.33	0.5519424148677179	0.9893552933734918	
250.884	207.42	0.5167273947412362	1.121254541943128	
250.884	211.63	0.5924094936750881	0.855837648813716	
281.113	285.04	0.38970954663492774	-3.3188885449107968	
281.1493	162.09	0.5286931314872365	-1.083414303804612	
281.1493	175.49	0.9235952916935518	0.13280352007751747	
281.2066	26.88	0.5548814341623296	-0.9781513298297599	
251.0427	243.37	0.40360952008441314	-2.4422453892531646	
251.0695	312.29	0.7123586833184533	-0.5568897184152605	
251.1388	27.67	0.450261424999762	-1.4980811527196	
179.0703	28.07	0.4603135439962925	-1.4326903289890842	
282.1188	205.06	0.44998416362488375	-1.52876601757958	
282.1422	239.53	0.43413734503798257	-1.6585611699053975	
252.0725	303.88	0.597652065067857	-0.837820619488906	
282.2789	29.38	0.8980320956905682	0.1785546760612042	
282.2789	35.02	0.9840215016533909	-0.028990563567871774	
252.1886	27.41	0.9069968478196591	0.1619743485989728	
179.881	213.99	0.38970954663492774	3.1148703853101467	
283.1174	28.07	0.5935344825915155	-0.847283868017569	
283.1287	203.22	0.37810901539883096	-4.064904528406908	
283.1287	206.64	0.40360952008441314	-2.4924444091420876	
180.0879	349.54	0.5142516015073438	-1.1317997622472462	
215.1265	28.07	0.4603135439962925	1.3985275325639537	
253.1644	28.2	0.4907405964949563	-1.218744961362222	C10H18N2O5
215.139	242.19	0.39382827006808524	-2.5750798082811786	
180.879	213.86	0.33593888570293623	7.094550281737152	
253.2385	199.25	0.4115298222760456	2.0192164779293256	
284.0733	248.66	0.6720897852614418	0.6635517384344665	
284.0987	174.96	0.4348320644945474	-1.6413683797698462	
284.121	28.07	0.47534381754109906	-1.2732840347238208	
284.121	218.09	0.38970954663492774	-2.9177454941998042	C8H13N3O4S,C16H9NO2
216.0631	299.42	0.6664790080417314	0.6772850422972205	
311.1235	314.65	0.4603135439962925	-1.4028327664521474	
311.143	247.09	0.4115298222760456	-1.9924387382674718	
284.2065	27.41	0.40360952008441314	-2.451851905918369	
254.1214	182.18	0.6677438417720266	-0.6721499892812406	
254.1598	175.75	0.4730629291056246	-1.3132629056309764	
216.8367	206.9	0.38970954663492774	2.8265003640107276	
216.8367	212.94	0.38970954663492774	2.989997976661169	
254.1961	26.62	0.4743505202041064	-1.2843367234334868	C11H20N2O5
254.1961	28.2	0.3843268276626748	-3.807308881655274	C11H20N2O5
284.9717	222.03	0.9661050788343807	0.056824915712053364	C12H14O9S,C15H12Cl2N4O
284.9717	227.28	0.6292769877532676	-0.7543209933811278	
254.9825	224.4	0.37810901539883096	5.454098346977529	
285.1023	174.96	0.4320255679824186	-1.7137958848398411	
312.1948	252.87	0.40360952008441314	-2.248273619475483	
312.2375	27.41	0.3843268276626748	-3.788386967315906	
285.2099	27.41	0.40360952008441314	-2.264788533939683	C12H14O9S,C15H12Cl2N4O
217.0616	276.23	0.2719108351764943	-7.780790420006019	
217.0664	299.42	0.6664790080417314	0.6798022550444939	
312.9018	209.39	0.7519604963442262	0.47408854554285756	
217.0818	359.32	0.4603135439962925	-1.3991295025188697	
313.0767	235.85	0.38970954663492774	-2.853754150660677	
255.9515	207.56	0.6215307331274068	0.7795293257417116	
217.1182	289.41	0.38970954663492774	-2.7373655870086746	
255.9862	224.4	0.37810901539883096	4.435984098279372	
256.0087	214.91	0.47534381754109906	-1.2720220106747293	
313.8994	207.95	0.9434510585255583	-0.1025686275239058	C5H9Cl2N3O2
313.8994	210.31	0.597652065067857	-0.8353322053565293	
286.1507	290.72	0.38970954663492774	-3.2163087628202005	
286.1759	245.08	0.38970954663492774	-3.354054739288881	
256.0902	316.22	0.9985519186656291	0.0021186101470559173	
286.2114	27.41	0.38970954663492774	-3.423211980017785	
256.0946	320.03	0.5286931314872365	-1.0840559032121335	
256.1324	253.0	0.37810901539883096	-3.9322783419868195	
314.0843	268.15	0.40360952008441314	-2.1832616378703795	
314.8134	207.29	0.44903414426083366	1.5405925959831865	
314.8134	212.94	0.5118991376582337	1.1407309327006458	
218.1134	308.08	0.5769528496222496	-0.9139009284042647	
218.1134	318.33	0.7523873747332227	-0.4702948530972606	
315.0795	341.23	0.6664790080417314	0.682727559034861	
288.1803	26.23	0.47534381754109906	-1.272428108316107	C16H26O4
288.2894	28.2	0.4742364361140844	-1.2961958490660337	C5H8NO9P3
288.8397	208.34	0.6293468165712396	-0.750387579457877	
288.8397	210.58	0.9578190697582208	-0.07435808716226487	
316.1264	196.23	0.4223776746981738	-1.8310198690036619	
316.1628	277.15	0.40360952008441314	-2.1149568619186527	
316.1864	255.23	0.3964317651911114	-2.553006702929299	
316.234	294.53	0.4845944448301283	-1.2437300346678979	
289.2063	304.01	0.4730629291056246	-1.3133134550873309	
257.9931	210.31	0.38970954663492774	-3.1697185165527193	
316.9199	209.53	0.52597767644397	-1.0934594091460568	C14H30N4O2
258.1446	308.74	0.5818140419817623	-0.8821358010490818	
290.1457	424.39	0.42029588094437464	-1.8909052751538322	
290.1595	27.28	0.8902507176015858	-0.19211418075680653	C10H18N2O5
344.0906	309.0	0.853601924327016	-0.27493324047874557	
290.1708	34.89	0.4115298222760456	-2.039851623385766	
290.1708	48.68	0.8827691468151312	-0.2114024936315306	
290.1708	273.83	0.40360952008441314	-2.259021906944654	
317.1105	285.04	0.40360952008441314	-2.173552769778863	C14H8N2O3
344.2276	34.76	0.34463694815324153	6.489657334297206	
258.279	28.46	0.4115298222760456	1.967585849231136	
291.0214	265.39	0.41552233587384796	-1.9211056111527438	
291.0754	221.11	0.4299409903618749	-1.7870384991294757	
258.9356	207.16	0.5324778201854196	1.0600805662742567	C15H23N5O3
258.9356	213.2	0.5519424148677179	0.9948504785219293	
317.9233	209.53	0.4115298222760456	-2.0459950540232947	
258.9891	210.44	0.40360952008441314	2.349880468582289	
344.9841	221.51	0.7732613156892444	-0.42743052189957814	
318.0764	319.64	0.57676919979015	-0.9176162804571386	
318.1058	257.49	0.38970954663492774	-2.8190317209852656	
291.9623	209.39	0.4115298222760456	-1.9851710412702317	
345.1054	348.49	0.43001095278593837	-1.7823884167694592	
318.1907	25.96	0.5142516015073438	-1.1289057965318667	
318.1907	27.28	0.40360952008441314	-2.2416974382341475	C11H14N2O5
259.1131	319.51	0.8190113565977332	0.33579623903244216	C9H19N3O4
345.144	166.95	0.43413734503798257	-1.661978818146912	
318.8781	209.26	0.4057497360332684	-2.0958995886300964	
259.9922	210.58	0.4742364361140844	1.2992205812441466	
318.9177	209.0	0.6827330678865225	-0.6335983908353573	
292.1331	1.18	0.4603135439962925	-1.399139732299249	
292.1331	404.69	0.37810901539883096	-4.282192178425701	
292.1753	27.28	0.7198951943260812	0.5384807586646108	
292.2015	25.18	0.40360952008441314	2.3329067446357614	
292.9594	222.03	0.46611558032513	1.3536050335659484	
292.9594	227.55	0.49091428210714816	1.2117017945324364	
260.0269	299.42	0.5519424148677179	1.001696835017961	
346.0406	365.92	0.5711657088902146	-0.938252556222818	
319.8817	209.26	0.4320255679824186	-1.74032923736824	
260.1138	319.51	0.8196878352720355	0.33379535587642384	
293.0551	4.2	0.5299437130261659	-1.073829957675301	
293.0977	341.23	0.6993395317273049	-0.5957382360936528	
260.1491	26.49	0.8203710785361845	-0.33070298336498755	
260.1603	239.66	0.46842076188365395	-1.3415342370037175	
260.1967	329.91	0.4743505202041064	-1.2834050676705142	
320.2065	26.75	0.4115298222760456	-1.994988803728075	
320.876	209.26	0.4508249557430443	-1.479429750896245	
347.107	176.14	0.38970954663492774	-2.8591720187555527	
260.9877	210.58	0.39609503856928024	2.5588938924909566	
294.1005	341.23	0.6910517014275488	-0.6152633725600574	
321.0377	166.03	0.37810901539883096	4.141906200499878	
294.1445	196.23	0.4320255679824186	-1.7097787684347212	
294.1809	277.02	0.40360952008441314	-2.1148026790351295	C17H17Cl2N
294.2272	25.7	0.5142516015073438	1.1286924618841114	C20H19NO2
261.1189	335.46	0.4603135439962925	-1.395796178834525	C19H21NO4,C12H26NO7P
261.1443	305.33	0.597652065067857	-0.8367231333380079	C10H14O10
261.1443	311.37	0.5519424148677179	-1.0019449018622506	
294.9289	207.82	0.7840349940898609	0.40723432728366915	
261.1637	239.92	0.44998416362488375	-1.508452172271193	C42H74O7
348.1696	217.44	0.38970954663492774	-3.6859897701087787	
348.8064	207.56	0.38970954663492774	3.1996486556988164	
348.8064	211.76	0.5086828172236966	1.1479600675890371	
322.0698	374.32	0.40360952008441314	2.354933432500614	
295.0677	367.36	0.40360952008441314	-2.1950926738915095	
295.0775	364.58	0.4320255679824186	-1.7520498847967623	
262.1184	186.52	0.44998416362488375	-1.5081057731794025	
295.1286	285.18	0.38970954663492774	-3.127781699994963	
295.1844	277.02	0.40360952008441314	-2.1851799756593775	
322.874	209.39	0.40360952008441314	-2.1675791025579945	
295.9484	210.44	0.38970954663492774	-2.8344352888770947	
296.1238	257.75	0.38970954663492774	-2.9030819872858897	C19H34O3
296.1321	284.78	0.38970954663492774	-2.7572162794971162	
296.9257	28.98	0.7123586833184533	0.5633653216069674	
296.9278	207.29	0.5806226438442437	0.8897719573343202	C11H21N3O4
296.9278	211.76	0.44903414426083366	1.5396683965833182	C11H21N3O4
296.9454	210.31	0.40360952008441314	2.311235277191671	
263.0872	396.38	0.46103377409796853	-1.3866396301565	
263.0946	147.12	0.5317467637955741	-1.066893987695162	
263.0946	156.71	0.8669323422282861	-0.2460018085337943	C22H21FN2O
350.2183	203.35	0.40360952008441314	-2.227624844468809	
350.2183	216.78	0.8849126356566723	-0.2074069067369359	
324.0587	366.18	0.7123586833184533	0.5621899486073848	
297.0819	24.52	0.5519424148677179	-0.9966285558498855	
297.0819	182.31	0.678862648797075	-0.6432291051433242	
297.1078	317.67	0.4742364361140844	-1.305114218078576	
324.2013	27.15	0.7574387929885148	0.4611179736206708	C17H17F2N3O3,C23H15N3O
297.1267	257.75	0.38970954663492774	-3.2273345025037252	C11H15N5O3S
350.9872	367.23	0.4223776746981738	-1.8388849933807194	
297.1588	252.61	0.3637921349596952	-5.96443063944902	
351.0009	224.4	0.40103214214341387	2.528720393392444	
324.8971	242.19	0.6268741407901793	0.7642394641317994	
324.9874	242.45	0.4603135439962925	-1.4080831434145673	
325.0187	212.68	0.4215057759519956	1.8680187760271658	
297.9829	246.95	0.38970954663492774	2.789589381767727	
351.2219	203.35	0.40360952008441314	-2.4894805146747667	
351.2219	217.17	0.8081118673300295	-0.35602231742415646	
325.043	227.15	0.4603135439962925	1.4159212341772365	
325.043	310.58	0.6293468165712396	0.7496783835823111	C13H15N3O3
297.9884	221.38	0.4603135439962925	1.4398269208742558	C8H16N2O3S,C8H16N2O3S
325.0623	337.03	0.7075074072162034	-0.5773720496675819	
325.0623	366.18	0.4320255679824186	-1.7594492709979097	
298.0966	34.63	0.8358238072087198	-0.30325350037069654	
352.0043	224.66	0.37810901539883096	4.423461362779772	
298.1862	26.49	0.450261424999762	-1.490602249194701	
298.3466	28.07	0.8675302616068302	0.24120052141669285	C15H17Cl2N3O
265.1115	201.65	0.627778429073939	0.7599511040397621	
298.8396	206.9	0.4115298222760456	1.9637502375741422	
298.8396	213.2	0.554027256993607	0.9831712119373018	
326.046	310.71	0.866604315130802	-0.24754963394024954	C8H15NaO8
326.0561	222.03	0.38970954663492774	-3.220754949852555	
326.0561	227.81	0.40360952008441314	-2.40686899432794	
299.0435	248.0	0.8418847487675168	-0.2939831413281545	
299.1002	34.63	0.5769528496222496	-0.9096171876866628	C21H20N2O4
265.9989	196.1	0.40360952008441314	-2.147801688842838	
327.1407	142.66	0.38970954663492774	-2.752990041986233	
327.201	36.21	0.40360952008441314	2.2135772342955913	
353.0055	224.66	0.38970954663492774	3.648156148772192	
266.0745	164.06	0.40360952008441314	-2.22959990290707	
299.2579	29.38	0.5688612164373023	-0.9443797530585761	
299.2579	35.29	0.8481469133675109	-0.28336121608065684	
353.1452	273.17	0.3843268276626748	-3.79156714049283	
266.115	201.65	0.6827330678865225	0.6316999386986528	
328.1532	253.92	0.38970954663492774	-3.5372851508385104	C9H17N3O6
328.2326	27.93	0.38970954663492774	-2.86253798201817	
353.92	321.24	0.4603135439962925	-1.4110393886524513	
300.066	319.9	0.5501649189044585	-1.0112819116375977	C17H22N2O7
267.0713	177.72	0.5501649189044585	-1.0104934677615476	
267.078	164.19	0.4017388794999304	-2.5184508972142514	
300.1209	251.56	0.37810901539883096	-3.9152512959842745	
267.1078	201.78	0.5519424148677179	-0.9920217818030884	
267.1078	273.96	0.37810901539883096	-5.056565025176886	
267.1224	26.23	0.41434782076537185	1.9451694742579306	
329.0054	366.84	0.40360952008441314	-2.3876089855436997	
267.1337	159.86	0.40360952008441314	-2.1273274132937043	
329.0152	364.58	0.4215057759519956	-1.862092685584791	
267.1716	25.05	0.40360952008441314	-2.4242386753857486	
267.18	27.41	0.40360952008441314	-2.252062734354829	
300.2895	29.38	0.8036797480712797	-0.36529874148643987	
300.2895	35.02	0.6960941952839523	-0.6025764568530726	C20H21N3O4
355.011	341.23	0.5925043077923259	0.8545058151454615	
300.946	208.08	0.908586856458154	0.15870098752934692	
300.946	210.71	0.9933201437852849	-0.013965748768598112	
355.9695	210.05	0.40360952008441314	-2.1484537169310474	C14H14INO2
356.0147	340.84	0.5654588981108168	0.9531649309015814	
356.0495	324.92	0.38970954663492774	2.7986255965974225	
268.1266	274.88	0.4115298222760456	-2.033581700605132	
356.0755	388.37	0.38970954663492774	2.8801330653949613	
268.1374	159.6	0.7123586833184533	0.5594819198645051	C21H22O5
268.1753	26.1	0.4603135439962925	-1.4019646910447707	
356.8549	208.08	0.7123586833184533	0.5601289031671645	C22H26O5,C20H23FN4O2
331.0105	364.58	0.4320255679824186	-1.7186432834000107	
269.0395	265.39	0.4054904337554297	-2.104384553608615	
356.9664	210.58	0.4115298222760456	1.9621129807959172	
357.0078	341.23	0.6293468165712396	0.7487581711659944	
269.113	236.11	0.40360952008441314	-2.3751406618584796	
357.0553	352.59	0.7924293131824354	0.3903552289122051	
302.1107	198.6	0.37810901539883096	-4.425983238434445	
302.1107	201.38	0.38970954663492774	-2.9587574737561892	
332.1213	247.09	0.38970954663492774	-3.121958206834554	
332.1925	275.7	0.42950820940300344	-1.7925544152377881	
302.1456	165.38	0.3932091188814526	-2.6310102330335408	
269.9571	242.19	0.5142214786387528	1.134233567230479	
332.3308	28.07	0.7732613156892444	0.42976980138425935	
332.3308	33.58	0.5769528496222496	0.9095655538547343	
357.9684	210.84	0.40360952008441314	-2.3147659279427457	
270.0014	224.4	0.40360952008441314	2.324710300564747	
302.2071	28.07	0.5286931314872365	-1.0798049694055034	
332.8937	209.26	0.4320255679824186	-1.6863997740972403	
270.1058	308.08	0.44903414426083366	-1.5404829464696375	
270.1164	236.11	0.4320255679824186	-1.693664422203495	
302.3051	28.33	0.38970954663492774	3.5688389014680717	C20H19FN4O4S
270.1909	28.2	0.4743505202041064	-1.2850260231627517	
302.9042	209.0	0.8269742152362043	-0.32066342024154143	
333.1553	201.65	0.38970954663492774	-2.817928822855399	
270.3153	28.2	0.4115298222760456	-1.982334726999895	
333.1916	284.13	0.38970954663492774	-2.8482709895886678	
359.0066	340.84	0.5519424148677179	0.9923940151152809	
270.9772	229.52	0.4687477750637809	1.3342732446848766	
271.0023	224.53	0.38970954663492774	2.7145826840430343	
333.3343	28.07	0.5818140419817623	0.8838372628677799	
333.8971	209.13	0.44828328953477714	-1.5483802915812632	
303.1448	203.88	0.38970954663492774	-2.96947554838678	
334.0514	248.53	0.7836137141790724	-0.4088852930144365	C14H25NO11,C15H29NO6S2
334.0514	256.3	0.22774383907036597	-9.251590606622925	
334.1394	282.81	0.40360952008441314	-2.336032241698701	
271.3187	28.33	0.5711657088902146	-0.9377557212158889	
334.8916	209.26	0.4320255679824186	-1.6904413746833524	C11H19NO9S2
334.9238	367.23	0.3905310211278802	2.6938160192288456	
304.1613	288.88	0.38970954663492774	-2.7837630619743448	
272.149	26.23	0.7836055118911218	0.41104234939271156	
304.2996	28.2	0.4603135439962925	-1.4110184579971499	
304.2996	33.84	0.38970954663492774	3.074741714167246	
304.8626	209.13	0.39382827006808524	-2.5761794836452236	
335.0452	168.0	0.4806396974737266	-1.2574219369440338	
335.0734	352.59	0.7284659619391823	0.5209774807111636	
335.0945	246.82	0.41552233587384796	-1.9206539051852394	
361.0784	375.37	0.4115298222760456	2.0501571437915858	
361.1825	301.78	0.8553943959596789	-0.27142610273295475	C41H78O12S,C43H75N2O9P
361.1978	256.83	0.37810901539883096	-4.216839316597878	
335.8949	209.39	0.4370816562172902	-1.6276768021078798	C22H32O5
361.2354	25.05	0.4115298222760456	2.0280639376966554	
335.9213	367.23	0.38970954663492774	3.0114815959134873	
305.165	289.01	0.40360952008441314	-2.433747753879923	
305.165	422.42	0.4320255679824186	-1.6927724713668497	
305.3029	28.07	0.5183478751944128	1.1148334976193341	
305.3029	33.84	0.38970954663492774	2.954179442939412	
336.0869	319.38	0.6286201264813688	0.7564310342481582	
336.2016	27.54	0.6573449679068093	-0.700704444629396	
306.0806	176.14	0.38970954663492774	-2.963736578252403	
306.0943	375.64	0.587014362244778	0.8679774498969975	
306.1445	170.23	0.450261424999762	-1.502802802993307	
306.1592	304.14	0.4970764145975915	-1.1906351250233063	
306.1592	317.01	0.7453289152196417	-0.48549877057691054	
336.8894	209.26	0.433734820873937	-1.6746468688672627	
362.9561	221.77	0.4320255679824186	1.7075597968732878	
362.9561	227.81	0.4603135439962925	1.432383341112193	
336.9191	366.97	0.40103214214341387	2.5252536813449766	C21H44NO6P
336.9854	224.26	0.3637921349596952	5.9437605954753385	
307.0843	176.14	0.38970954663492774	-2.973694888900402	
274.1647	25.96	0.4742364361140844	-1.3030638710392228	
337.2733	27.93	0.6069032563611336	-0.8124995424468775	
274.1871	339.79	0.5924094936750881	-0.8563418765735233	
274.1871	379.97	0.38970954663492774	-3.2210653973683567	
337.8932	209.13	0.4320255679824186	-1.683931678366503	
274.9094	207.42	0.678862648797075	0.6427622899731833	
274.9094	212.15	0.42908453412185715	1.8047751674090542	
337.9664	221.64	0.8738535076775332	0.2278349797806045	
274.9362	207.56	0.8854215586175764	-0.2033958469194394	
274.9362	209.53	0.6118469368464652	-0.8002423400235998	
337.9889	224.66	0.37810901539883096	5.429388372144196	
363.9547	228.86	0.7161331161155772	0.5466274400646501	
308.1964	24.91	0.38970954663492774	3.2315404085402664	
364.0066	185.2	0.4320255679824186	1.7441787803205933	
275.0534	214.51	0.40360952008441314	-2.3459334214626946	
275.1347	329.25	0.4603135439962925	-1.4320357331558031	
308.8493	209.39	0.5019359587887673	-1.1732213266482867	
364.2326	27.28	0.37810901539883096	-4.011059612506763	
275.1906	339.66	0.5776800750910888	-0.9049124172810377	
275.1906	380.23	0.40360952008441314	-2.4747869183779048	
364.9523	221.77	0.5724480398705165	0.9325749630427025	
364.9523	228.47	0.45999862950279297	1.4437296515491616	
339.0965	374.45	0.40360952008441314	2.1685388776550396	C23H23N3O5
339.1856	297.05	0.4320255679824186	-1.707673880802013	C50H89O15P
365.9636	27.28	0.4961464631592105	-1.1950500395754426	
339.2077	24.91	0.4320255679824186	1.7194094868336873	
339.289	27.93	0.5769528496222496	-0.9119434856520563	
339.9956	212.02	0.40360952008441314	-2.3157001037533873	
310.0247	227.15	0.4645714887724122	1.3582398759045686	C21H32O10
366.2132	278.33	0.3932091188814526	-2.587242164814145	
340.0807	402.72	0.38970954663492774	3.1997296237692483	
276.134	167.21	0.4537490291295801	-1.4629689834750739	
310.1395	247.09	0.38970954663492774	-2.833359457974884	
276.1553	425.44	0.8912589443086053	0.1887983422605106	
310.8506	207.29	0.9560891373862815	-0.08169009738690171	C17H29NO11
310.8506	212.02	0.7435732034759873	0.4954250352761563	
340.9925	211.76	0.40360952008441314	2.4528987900217336	
277.0488	214.38	0.40360952008441314	-2.4469562007147734	C6H9O15P3
277.1029	387.32	0.4603135439962925	-1.415781108711775	
277.1029	392.57	0.44998416362488375	-1.519048020397023	
341.0281	249.19	0.37810901539883096	4.12477473780288	
368.0471	248.92	0.40360952008441314	2.137738362123659	
341.0977	179.69	0.4115298222760456	-1.9955173551449157	
341.0977	188.49	0.49113477434133107	-1.2099424671897776	
278.1167	243.76	0.46103377409796853	-1.3865806309669426	
278.1599	27.28	0.4320255679824186	-1.7628814967659052	
376.9929	341.23	0.5507554565191598	1.0067683073212597	
370.0318	367.76	0.4603135439962925	-1.4337659804447553	
410.8786	209.13	0.9011647517675876	-0.17321288339955346	
371.1009	24.52	0.6089493223399051	-0.8070376024630975	
378.0574	388.5	0.4603135439962925	1.4090133885618266	
279.1007	287.7	0.38970954663492774	-3.264363303570707	
279.1007	296.0	0.4444217943681095	-1.5866188101306082	
279.1007	316.22	0.5806226438442437	-0.8920303239720069	
412.0062	319.11	0.5019359587887673	1.1709438433473884	
372.101	24.65	0.5548814341623296	-0.9790086062845321	
372.1898	303.49	0.4800552093508466	1.2599477119479816	
372.8288	209.39	0.6464287181982687	-0.7215108079098294	
379.2484	37.52	0.37810901539883096	3.9562926919017762	
379.2681	25.18	0.8854215586175764	-0.2007909112684639	C14H26N4O11P2
380.0169	318.33	0.4643288781803946	1.3739884008814387	
380.032	319.77	0.5806226438442437	-0.8899239253559317	
450.0668	370.65	0.6771729753410191	0.6528146683893642	
450.0668	373.01	0.7123586833184533	0.5651459795820691	
381.2782	25.05	0.38970954663492774	3.29568166609187	
414.8967	209.26	0.4743505202041064	-1.2831331085955	
374.9625	221.9	0.38970954663492774	3.2935986395414343	
452.9879	341.23	0.744482946830274	0.4905386127798623	
453.1005	299.55	0.8670388599843243	-0.2447512581427743	
375.1983	288.23	0.38970954663492774	-2.7867259689129944	
453.3428	30.82	0.5724480398705165	-0.9321427757221162	
453.3428	34.89	0.4949186297993639	-1.198713043998943	
453.9464	210.05	0.38970954663492774	-3.2572079313018087	
454.0265	325.71	0.4320255679824186	1.750485351630889	C19H14Cl2N2O3S
415.9005	209.39	0.44758171971662214	-1.5599029912619933	
382.9946	248.66	0.4508249557430443	1.4800146754164005	
382.9946	257.35	0.19807569173575817	-10.999881586053316	
454.2915	26.23	0.5407224536971937	1.0367633184263927	C10H16N3O13P3
454.2915	135.17	0.4348320644945474	-1.6469103157429865	
454.9434	210.31	0.4742364361140844	1.301867604437062	
454.9846	341.23	0.597652065067857	0.835063147058814	
491.2914	23.21	0.3932091188814526	-2.589936120562959	
455.9458	210.05	0.6932855431680728	-0.609016133685699	
416.2252	29.77	0.5488660305324587	1.0160852540187921	
492.2951	23.34	0.38970954663492774	-2.739984052718633	
384.1145	303.88	0.6017177571743766	-0.8274317326548061	
456.9419	210.18	0.38970954663492774	3.0313433151999543	C19H27N3O6
456.9651	222.03	0.7618751110836084	0.44961488599835864	
456.9651	227.81	0.7731757693853122	-0.43182756910224834	
416.855	209.26	0.4215057759519956	-1.8628351270077894	
416.86	321.9	0.40360952008441314	-2.458774047682352	
416.8946	209.13	0.5501649189044585	-1.0097462261987002	
385.1284	277.67	0.5069237165834442	-1.1538137698715238	
417.2452	233.22	0.44998416362488375	-1.5118636961958845	
494.3238	136.62	0.38970954663492774	-2.8657824130147467	
386.7625	207.95	0.38970954663492774	3.0723967979746827	
386.7625	211.1	0.8902507176015858	0.19127694316311294	
418.8531	209.26	0.4348320644945474	-1.6408565142490301	
496.3393	125.72	0.40360952008441314	-2.246813989231055	
418.9884	224.53	0.34463694815324153	6.461889514145377	
419.1696	28.07	0.37810901539883096	-4.4487193369784235	
387.0844	168.26	0.47534381754109906	-1.2737907789648235	C20H35NO16
387.1798	26.23	0.44758171971662214	1.5674476356435911	
497.3427	125.72	0.40360952008441314	-2.2028860421464382	
497.3427	136.36	0.4730629291056246	-1.3148783527301477	
419.9915	224.13	0.49091428210714816	1.2162791822968164	
498.858	208.74	0.6181344364138776	-0.7870431714096756	
420.3185	1.97	0.5791422149714129	0.9013547690895928	
388.1832	26.23	0.57371334670618	0.9288461562572687	
388.2182	0.78	0.7126605276310924	0.5541420122642698	
499.9909	319.38	0.7189121911705039	-0.5409463735706881	
388.2539	34.89	0.37810901539883096	4.308828187974253	
500.9913	224.26	0.38970954663492774	2.7566461388807877	
464.2611	305.85	0.3932091188814526	-2.6109809328650346	
501.9946	224.66	0.6932855431680728	0.6087946010268692	
502.3156	25.18	0.37810901539883096	4.234644696469045	
464.8906	221.51	0.913915925160286	0.1492561704437425	
502.9858	370.38	0.4223776746981738	1.842314256131528	
502.9961	224.0	0.6268741407901793	0.7674617667125816	
466.0131	378.0	0.7075074072162034	-0.5748496258075191	
424.1016	416.47	0.8684142175188992	-0.237367594851413	
503.3186	25.18	0.801052739005033	0.3710378016059955	C43H74O4
391.0478	221.24	0.43521123595735356	1.634258809383997	
467.1402	254.32	0.06376270696907256	-24.20498082411217	
468.308	138.85	0.22774383907036597	-9.497399133840565	
469.9769	303.09	0.37810901539883096	4.321712813662701	
509.9829	319.51	0.6105853375374345	0.8033415403683556	C34H65NO3
473.3175	24.65	0.8190113565977332	-0.3362881246513944	
430.302	302.44	0.40360952008441314	-2.1665242741327817	
511.0962	391.0	0.4115298222760456	-2.0201896463560587	
511.1196	297.05	0.5407224536971937	-1.0350820001941885	
430.8707	209.26	0.4223776746981738	-1.8379021883575928	
394.9047	207.82	0.6589473342104406	0.6972162633103238	
394.9047	211.89	0.4115298222760456	2.035636683810047	
431.1186	299.55	0.7252628261258482	0.5282710143152602	
512.8737	209.13	0.4742364361140844	-1.3013961311435602	
395.1558	197.41	0.419774699648417	1.896285396287292	
395.1558	217.17	0.4223776746981738	1.8379405234654926	
431.8738	209.26	0.4115298222760456	-1.9682477793738715	
513.877	209.13	0.4444217943681095	-1.581465111266809	
514.8321	209.39	0.4348320644945474	-1.6461521366580072	
514.8714	208.74	0.9560891373862815	-0.08098103547139272	
514.8714	209.53	0.19807569173575817	-11.028343449176349	
515.007	224.53	0.40360952008441314	2.4921860010464836	
396.2939	25.18	0.3932091188814526	2.6002968080405493	
515.2124	319.11	0.9100880780670243	0.15554542941671332	
432.2801	35.16	0.40360952008441314	2.281294919206578	
432.8678	209.26	0.41552233587384796	-1.9250273638904765	C38H78NO7P
516.0103	224.53	0.38970954663492774	2.735835803632885	
433.0039	224.26	0.40360952008441314	2.1180090712193844	
433.2405	26.23	0.37810901539883096	-3.9290191424234315	
516.8302	209.13	0.44998416362488375	-1.5145542427426113	
477.2042	252.61	0.37810901539883096	-5.366233878908721	
517.0116	224.0	0.4370816562172902	1.6224765239462637	
478.2071	252.87	0.37810901539883096	-4.876796212832152	
434.0074	224.26	0.38970954663492774	3.400458722462138	
479.1985	252.61	0.37557646085981133	-5.611553598158091	
479.2607	203.88	0.38970954663492774	-3.618192178928201	
479.2607	205.72	0.38970954663492774	-3.131495848365519	
434.8669	209.26	0.40360952008441314	-2.120195478402587	
480.2025	252.61	0.37810901539883096	-5.09022517793984	
435.0087	224.26	0.4603135439962925	1.4316883469192534	
520.3324	35.68	0.44998416362488375	1.529638649641155	C43H84NO8P,C43H84NO8P
520.3379	124.8	0.41552233587384796	-1.9198402645110095	
520.3379	131.24	0.38970954663492774	-2.760341637459787	C33H48N4O6
520.3379	133.21	0.40360952008441314	-2.4322386630283557	
520.3379	136.09	0.4320255679824186	-1.709973765805013	
520.8318	221.24	0.4320255679824186	1.721765779273561	
520.8318	229.65	0.40360952008441314	2.223107746941975	C45H84NO8P,C45H84NO8P
399.2457	36.6	0.38970954663492774	3.4094680776987505	
399.7476	36.6	0.9862944969038038	0.02470225019323307	
482.3238	136.88	0.627778429073939	0.7596077093713689	
482.3599	138.46	0.5630533933049464	0.9619089794908422	
522.355	134.52	0.6033301000879702	-0.8226301846108791	
400.0505	318.46	0.7035343342736009	0.5870513811097445	C46H84NO8P,C46H84NO8P
523.3583	134.65	0.6069032563611336	-0.8135175815677981	
400.8811	209.53	0.450261424999762	-1.4941706722544272	
524.371	123.23	0.6033301000879702	0.8227607761307064	
524.371	132.81	0.5519424148677179	0.9950170063756026	
438.8831	230.04	0.4115298222760456	1.9950124380877587	C46H90NO7P
438.9696	211.23	0.3932091188814526	2.6113622992891625	
401.1588	28.07	0.7523873747332227	-0.47188791062686697	
401.1588	307.95	0.40360952008441314	-2.166743503136711	
401.1588	311.89	0.4121177332831199	-1.953296287610822	
401.1588	318.06	0.38970954663492774	-3.5056397978518397	
485.2889	25.18	0.37810901539883096	3.9586239336880618	
486.2924	25.31	0.4626139922349564	1.38028494714288	
486.3456	132.94	0.41737518307653443	1.9071026581179937	
488.0462	226.89	0.3913525861761062	2.6758561053254355	
441.1516	28.2	0.7924293131824354	-0.3911311811462561	
528.8476	209.26	0.40360952008441314	-2.283695852388113	
489.1141	391.0	0.44998416362488375	-1.5334772143136055	C42H76O9
529.851	209.26	0.4179152313680236	-1.9032853746426692	C45H81O13P,C45H81O13P
404.2062	26.23	0.5197826091655772	1.1084185059147504	
490.1175	391.0	0.4320255679824186	-1.7355467891177554	C38H76NO8P
530.3468	25.31	0.48560835106845457	-1.2313562882523739	
444.0312	378.0	0.4643288781803946	-1.3677063123451834	
530.8457	209.26	0.4057497360332684	-2.095808508340265	
404.973	223.87	0.3932091188814526	2.650479741341146	
405.009	370.65	0.4742364361140844	1.2945856494007324	
405.009	420.28	0.40360952008441314	2.2772766533579945	
444.96	221.77	0.38970954663492774	2.8531572590592202	
444.96	227.94	0.42029588094437464	1.8875868413927315	
405.2092	26.23	0.49091428210714816	1.212043992994274	
405.2092	292.43	0.735345204041431	0.5080575625355463	
445.2324	26.23	0.4320255679824186	1.720506566837155	
406.0433	227.15	0.4209736295309242	1.883071109661359	
445.9981	174.57	0.5872931747871867	-0.8663955476245165	
445.9981	176.8	0.38970954663492774	-2.743259875810573	C40H78NO8P
406.1315	258.27	0.37810901539883096	-4.119096030549515	
538.9516	2.75	0.7937876527611187	0.38527349752083717	
538.9683	222.16	0.4115298222760456	2.067321327052195	C38H72NO10P,C38H72NO10P
538.9683	227.28	0.7732613156892444	0.42752790177205563	C38H72NO10P,C38H72NO10P
446.7834	207.95	0.3850708476129641	3.754422316965065	
446.7834	211.1	0.6240826402545241	0.7733515587571198	
532.8439	209.39	0.4115298222760456	-2.0723893590938327	
447.0672	365.92	0.9434510585255583	-0.10148267221184833	
407.0135	370.65	0.44798754048044914	1.5543791301826604	
407.0135	420.58	0.4115298222760456	2.0226907372181357	
533.3497	27.41	0.5556893449583616	0.9755890829336881	
407.2285	218.36	0.34463694815324153	-6.714967832300863	
408.8274	207.42	0.4603135439962925	1.424002498264457	
408.8274	211.49	0.4209736295309242	1.8761355358988763	
408.89	367.49	0.4115298222760456	2.0375912462735766	
543.3411	25.18	0.37810901539883096	4.903354037998478	
544.7603	208.08	0.8358238072087198	0.3034581572898673	
544.7603	210.71	0.7123586833184533	0.5606116794365239	
671.0603	310.32	0.7933313819238008	0.38804596554072784	
672.005	224.13	0.40360952008441314	-2.2080607927894267	C17H27N3O17P2
782.5677	28.98	0.450261424999762	-1.490803163491573	
782.5677	36.21	0.5024847095862047	-1.1659980260746945	
679.0128	224.26	0.38970954663492774	2.9322847198093873	
679.5142	224.13	0.6677438417720266	0.6723149455384941	
680.0161	224.66	0.38970954663492774	2.892126177849607	
784.5837	29.12	0.4427045017419814	-1.5981506597505308	
784.5837	36.6	0.4674632104536624	-1.3449477967096977	
681.018	224.13	0.38970954663492774	2.7321092153131348	
785.5872	28.98	0.43413734503798257	-1.6595120068825346	
785.5872	36.6	0.4644381021875107	-1.3600012432182507	
786.1636	312.94	0.8827438653029315	0.21366114891819735	
597.0099	224.26	0.48554491253037113	1.235289842761401	
786.5995	36.6	0.4603135439962925	-1.395054790159894	
682.4858	24.26	0.4687477750637809	-1.3347060047607782	
787.6032	29.12	0.42908453412185715	-1.8042175911190341	
787.6032	36.21	0.4742364361140844	-1.2937975103710202	
788.0015	223.87	0.4444217943681095	-1.5866744019235102	
788.0015	224.66	0.6611497697062232	0.6921013635078391	
685.4346	24.26	0.47534381754109906	-1.2769683908890943	
598.0133	224.66	0.40360952008441314	2.344896079571072	
598.0676	420.58	0.40360952008441314	2.135200268511832	
789.99	222.95	0.8675302616068302	0.2399461333857965	
789.99	225.97	0.40360952008441314	2.159205013171596	
686.0975	347.31	0.5197826091655772	-1.1094124610908775	
599.0149	224.13	0.53208130648159	1.0638196047000994	
599.0709	420.28	0.40360952008441314	2.3150406879849856	
688.1553	263.42	0.38970954663492774	-2.7837351456572548	
795.0095	224.26	0.5630533933049464	0.9607486145312546	
692.4056	36.21	0.43001095278593837	1.783691573666787	
554.1754	24.39	0.6664790080417314	-0.6773385291761949	
802.0173	224.53	0.8589598260708514	0.2644371202477445	
802.5189	224.66	0.6786788084135631	0.6451915741869841	
803.0198	224.4	0.6781739341508781	-0.6474060005428903	
603.5218	207.82	0.7576861311282921	0.45970734350883385	
603.5218	210.84	0.6781739341508781	0.6484078118745096	
604.3531	35.42	0.5447469231454375	1.0256382202560612	
555.1059	248.79	0.4320255679824186	-1.6945992155967224	
555.1059	250.11	0.22774383907036597	-9.413100806184962	
555.1059	256.04	0.38970954663492774	-3.4925969595935706	
808.1454	313.2	0.7836137141790724	-0.40927965170504677	
696.4369	36.99	0.38970954663492774	3.4936179558451728	
810.5989	28.85	0.43413734503798257	-1.6661060117412199	
810.5989	36.21	0.44998416362488375	-1.5236995738860233	
608.0883	356.17	0.6293468165712396	0.7508890799603516	
608.3846	36.21	0.38970954663492774	3.5061512834224713	
609.0915	356.17	0.6045967297439498	0.8183878571704938	
818.0119	347.04	0.3905310211278802	-2.69069838963369	
610.093	356.04	0.592711705519787	0.8510170867046357	
706.065	355.65	0.8346881348621942	0.30696781738283935	
610.8511	208.87	0.5142214786387528	-1.133887374156121	
824.484	36.6	0.48554491253037113	1.2367407588918082	
707.9869	222.95	0.9526092504224475	0.088010488330091	
707.9869	226.1	0.5806226438442437	0.8927424003002382	
708.5108	24.13	0.43315952589558304	-1.67794488352331	
708.8273	209.13	0.8623734197710661	-0.255438658115877	
708.8273	209.53	0.38970954663492774	-2.76316368340436	
829.0031	224.0	0.38970954663492774	2.7721499526377067	
830.006	224.26	0.40360952008441314	2.125092258609166	
611.8531	209.66	0.4320255679824186	-1.6826279075225639	
560.9495	28.85	0.40360952008441314	2.311579593630057	
612.1193	370.51	0.7564950623958364	0.4634988322479458	
830.9924	223.21	0.3932091188814526	-2.635046547385947	
830.9924	225.71	0.45834579294915767	-1.448807834161714	
709.5139	24.13	0.4320255679824186	-1.7305042760115232	
612.3159	134.26	0.37810901539883096	3.915293986899279	
612.8086	209.26	0.7284308461919793	-0.5220911346339522	
612.8491	208.87	0.5167273947412362	-1.1203321018387604	
710.5174	24.26	0.4370816562172902	-1.6250108217435246	
614.1615	446.72	0.40360952008441314	2.305590703231748	
836.011	224.0	0.19807569173575817	-12.052770040161802	
836.5123	224.13	0.38970954663492774	-3.0167498826228862	
615.1545	366.44	0.4320255679824186	-1.7680874173042154	
615.1545	446.72	0.40360952008441314	2.3485879344688643	
713.0065	224.0	0.934505105553789	-0.11582873381914904	
713.508	224.4	0.9578190697582208	-0.07711216534576021	
616.1573	366.05	0.38970954663492774	-2.7355778279566727	
714.4677	24.52	0.5167273947412362	1.1211161536356493	
843.0187	224.26	0.4643288781803946	1.3715103282838772	
843.5202	224.92	0.9653065417682681	-0.05909260945901939	
715.3026	252.87	0.37810901539883096	-4.479249445460442	
844.022	224.53	0.3932091188814526	2.595629237785104	
564.3585	35.94	0.4603135439962925	-1.3947724275192208	
716.0244	146.2	0.5925043077923259	0.8534348966806518	
716.0244	156.84	0.48178422475735866	1.2538020149597255	
716.3053	252.87	0.37810901539883096	-3.947541112524683	
718.0219	146.34	0.40360952008441314	2.3838163750549137	
718.0219	156.71	0.4320255679824186	1.766873991046451	
720.0143	224.66	0.4885786166166527	1.2242557764416242	
720.958	370.78	0.38970954663492774	2.734523092568796	
721.0166	223.87	0.4643288781803946	-1.3701201764503126	
721.506	24.26	0.4643288781803946	-1.3707887791634903	
567.3544	134.52	0.4115298222760456	1.983710759373118	
721.9571	370.91	0.4320255679824186	1.6970928687298392	
622.9812	370.38	0.4215057759519956	1.8629735601879807	
722.5089	23.99	0.4533097157586559	-1.4691923873832284	
623.9808	370.65	0.4320255679824186	1.7705751302933228	
568.1843	313.86	0.440083505891459	-1.6139237786027534	
723.5121	23.99	0.44758171971662214	-1.5637140638877083	
624.976	370.65	0.4223776746981738	1.8299282860442543	
568.9228	324.13	0.794778590222206	-0.38284278186353243	
625.1147	355.78	0.5415702454700609	1.0323810703452652	
724.8012	209.26	0.40360952008441314	-2.1435911368413274	
871.993	223.08	0.6664790080417314	0.6789288434172007	
871.993	225.71	0.40360952008441314	2.1582931021655116	
873.0739	153.82	0.37810901539883096	4.381293408366411	
625.9664	323.08	0.744482946830274	0.4918809196235916	
625.9843	222.69	0.7123586833184533	0.5569107104804516	
625.9843	226.1	0.4743505202041064	1.2859000199600592	
570.0491	226.76	0.4115298222760456	2.05273888928167	
626.0986	420.28	0.6491631796725732	0.7162817689136353	
570.5467	28.2	0.2719108351764943	-7.8409441307604455	
570.5467	57.22	0.6268741407901793	-0.7638602487940299	
626.8244	209.13	0.4320255679824186	-1.7533302938822157	
627.8277	209.13	0.4115298222760456	-2.026377850468036	
877.0122	224.13	0.744643328476002	0.4885903005033357	
877.0122	224.79	0.6886989887091103	0.6202440608105488	
628.8232	209.13	0.3913525861761062	-2.6799267362704975	
571.5501	28.33	0.6925998730894021	-0.6119397089772395	
630.07	355.78	0.5142516015073438	1.1292513155650608	
884.0199	224.26	0.36612754819004184	-5.790971981753345	
884.5217	224.13	0.6781739341508781	0.6473035262236033	
631.0733	355.35	0.44998416362488375	1.5262805131619868	
635.8553	207.95	0.7731757693853122	-0.43288977178463617	
635.8553	211.1	0.8043136214463533	-0.36335717330865164	
736.4317	36.21	0.40360952008441314	2.1135576987913782	
636.9607	420.58	0.4603135439962925	1.3999812015042743	
637.1359	366.18	0.450261424999762	-1.498336259889387	
736.5417	23.99	0.38970954663492774	-2.795485932513609	
575.4905	208.61	0.6693164898322718	0.6687354177419552	
575.4905	210.44	0.785676949513711	0.4039067793799381	
637.9594	420.58	0.4742364361140844	1.3055942977175106	
638.0113	224.4	0.7600274725331967	-0.4543162959403816	
638.5133	224.26	0.5519424148677179	-0.9938354799994341	
638.5133	224.79	0.4320255679824186	1.6955780419858653	
576.9747	28.72	0.4115298222760456	1.9656773013907267	
740.463	37.52	0.4115298222760456	2.059510848189767	
577.5184	28.07	0.47294124047218417	-1.3178385234759835	
918.0136	224.26	0.8609006818347241	0.25886311168812925	
741.1731	369.99	0.40360952008441314	-2.159575837064015	
925.0217	224.26	0.22774383907036597	9.398925462265804	
925.5231	224.26	0.3932091188814526	-2.597413169949803	
926.0248	224.26	0.38970954663492774	3.0311047272298204	
927.0263	224.26	0.44998416362488375	1.5122743415019169	
643.9776	5.81	0.8609006818347241	0.25852008305285606	
747.0001	223.87	0.4742364361140844	1.29595867189608	
581.041	420.58	0.49285307256522154	1.2039845158121698	
748.0035	224.13	0.9985519186656291	-0.001969898451438022	
647.458	24.13	0.4115298222760456	-2.056312166466519	
748.9883	222.95	0.44998416362488375	-1.523898359320381	
748.9883	225.97	0.7252628261258482	-0.52765022320577	
749.2812	343.6	0.40582665559801007	-2.092590021244192	
749.4897	222.95	0.8274028698384333	-0.31899688927906134	
749.4897	226.23	0.5793801704571662	0.8963797415596848	
648.3793	35.68	0.42908453412185715	1.7978267326013875	
648.4615	24.13	0.4215057759519956	-1.8711856319366795	
959.0146	223.87	0.5019359587887673	-1.1712782401092463	
959.0146	224.66	0.57676919979015	0.9168088621671979	
751.5104	25.18	0.4115298222760456	1.959720489142719	
649.4647	24.13	0.38970954663492774	-3.020195355717351	
966.0229	224.66	0.8854215586175764	0.20106843105284128	
966.5237	224.26	0.40360952008441314	-2.4128276657800063	
582.9943	224.26	0.37810901539883096	4.508564173106192	
652.052	226.76	0.42908453412185715	1.8004646242169111	
753.6124	36.6	0.5793801704571662	-0.8965105825915899	
754.0079	224.4	0.5407224536971937	1.0362242204889993	
754.5094	224.4	0.46103377409796853	1.3886953032495517	
653.146	356.17	0.6195444007693486	-0.7837334383535787	
584.0883	370.65	0.5019359587887673	1.1716909457151188	
585.0916	370.65	0.5207628092616237	1.1053765875013726	
758.5685	36.21	0.5289549847985935	-1.0768380359909642	
586.0931	370.78	0.4830395150243819	1.2490780672559154	
759.572	29.25	0.19807569173575817	-11.253316292992192	
664.0078	355.78	0.44758171971662214	1.5589577661502512	
664.1157	347.44	0.5657787857040611	-0.9514506477554424	
761.5165	224.26	0.5178817987011104	1.1169546299314792	
761.5876	36.73	0.518869989159179	-1.1126130596315231	
762.0191	224.4	0.40360952008441314	2.191505268599118	
762.9834	355.78	0.4537490291295801	1.4625096898204704	
763.0208	224.0	0.4422689980376824	1.6015980727668677	
664.9972	224.13	0.38970954663492774	2.9649812363034256	
763.1549	370.12	0.4320255679824186	-1.6825188821068875	
665.0382	370.51	0.4643288781803946	1.369205978951625	
665.1186	347.57	0.592711705519787	-0.8497436255923161	
665.4594	24.13	0.4830395150243819	-1.248602866749457	
666.0014	224.0	0.5770021646562624	0.9081152016881096	
666.1208	347.31	0.4674632104536624	-1.3452060334199467	
666.1313	319.11	0.7523873747332227	0.47070536106583977	
666.9847	222.69	0.9185845385447101	0.1418341866917368	
666.9847	225.97	0.8464583122827355	0.2867298105814925	
667.1343	319.51	0.8001928983429256	0.37436418910880176	
589.0436	370.91	0.4348320644945474	1.6427513358814834	
768.5372	25.18	0.40360952008441314	2.4115272845322644	
769.5403	25.18	0.43521123595735356	1.6370453920021708	
590.0469	370.38	0.4209736295309242	1.8779537460432683	
590.089	378.26	0.49091428210714816	-1.2122399528449355	
780.458	36.6	0.4054904337554297	2.1025507533003887	
