m/z	rtime	p-value	t-score	custom_id
159.9856	227.56	0.988183577841425	-0.5377693827370257	
159.9914	206.68	0.988183577841425	-0.5977000508610175	
122.0213	219.81	0.988183577841425	-0.9018747088810909	
122.0213	226.24	0.988183577841425	-0.5588182856702419	
160.0799	293.59	0.988183577841425	-0.3925758079274385	
71.0127	301.08	0.988183577841425	-0.4620626616507017	
122.9956	155.71	0.988183577841425	2.6234479382629026	
122.9956	157.55	0.988183577841425	1.0484911385430704	
122.9956	159.26	0.988183577841425	0.6440504613313723	
73.0195	214.95	0.988183577841425	0.47363833127251515	
160.9921	207.2	0.988183577841425	0.26663962305174094	
161.0449	242.72	0.988183577841425	0.8595636838515504	C6H10O5
161.0449	245.47	0.988183577841425	0.1617047809894325	C6H10O5
161.056	314.86	0.988183577841425	-0.12832330874628006	
192.0297	129.95	0.988183577841425	1.5153947361899307	
124.0063	218.23	0.9900072343819097	-0.057290863778359215	
161.8749	39.71	0.988183577841425	-0.3767503646697172	
193.0348	307.77	0.988183577841425	-0.9036588095343556	C6H10O7
126.904	29.86	0.988183577841425	-0.6648797312064803	
193.0504	61.57	0.988183577841425	-0.39675316356759477	
127.0028	162.14	0.988183577841425	1.6821674575482897	
127.0028	163.59	0.988183577841425	0.33278562259309835	
193.0647	275.21	0.988183577841425	-0.767040215290035	
127.0754	194.83	0.988183577841425	-0.5934167733235257	
127.8692	1.7	0.988183577841425	-1.383818338222858	
82.9531	34.59	0.988183577841425	-0.39171508098189467	
163.8959	141.31	0.9891471647120461	-0.1076845741781067	
163.8959	152.92	0.988183577841425	-0.5759937214804837	H2MoO4
193.8151	152.26	0.988183577841425	-1.1512109076514874	
128.8911	141.96	0.988183577841425	1.2140388719532043	
128.8911	152.0	0.988183577841425	1.203343699315893	
164.8384	141.96	0.988183577841425	-1.0459755988859294	
164.8384	152.4	0.988183577841425	-1.1101864390740426	
128.9585	206.68	0.988183577841425	-0.4172692089660414	C3H2N2S2
128.9981	141.7	0.988183577841425	0.1233129122186233	
84.0444	194.57	0.988183577841425	-1.6865014963006222	
84.9501	34.59	0.988183577841425	-0.3952538500321191	
129.0377	324.84	0.988183577841425	0.4619005960507086	
85.0284	194.83	0.988183577841425	-0.5947147117387641	
165.0298	136.02	0.988183577841425	0.3071679513951307	
129.1023	244.69	0.988183577841425	-0.16023542799345336	
129.1023	260.47	0.988183577841425	-0.40975723867260505	
194.9362	367.45	0.988183577841425	-0.6393935749868775	
87.0441	194.57	0.988183577841425	-1.4051467077234574	
130.05	184.53	0.988183577841425	-0.7533365552793384	
130.05	299.9	0.988183577841425	-0.9712395163809707	
165.891	139.96	0.9900072343819097	0.04832060057709555	
165.891	154.63	0.988183577841425	-0.5353623303709598	
194.9881	222.43	0.988183577841425	0.5648140463151657	
130.9952	141.96	0.988183577841425	0.2974077590540758	
166.0502	47.59	0.988183577841425	-0.698925170555482	C8H9NO3
195.077	198.51	0.988183577841425	-0.8162523012485852	
131.0605	194.7	0.988183577841425	0.24962535653041582	
166.8351	141.96	0.988183577841425	0.5461151392699073	
166.8351	152.4	0.988183577841425	-1.7651442312591592	
167.0317	247.44	0.988183577841425	-1.3837268488185905	
132.0373	194.57	0.988183577841425	-1.5134228759417148	
195.9105	261.0	0.988183577841425	2.440337066183937	
196.0585	225.32	0.988183577841425	-0.3231550062196602	
196.0612	380.45	0.988183577841425	0.8324117625865785	C9H11NO4
196.0722	255.75	0.988183577841425	-0.6038502058406948	C8H11N3O3
196.8107	152.26	0.988183577841425	-1.3891506720075235	
196.8764	152.79	0.9969817995094091	-0.011974465848102356	
196.8848	367.45	0.988183577841425	1.278788663229954	
132.9453	151.74	0.988183577841425	-0.8802283559624712	
132.9453	207.07	0.988183577841425	0.5757518998868276	
92.9269	141.96	0.988183577841425	0.7488684992800888	
92.9269	152.4	0.988183577841425	-0.6524763125015834	
167.8333	142.23	0.988183577841425	0.5388687743147497	
167.8333	152.13	0.988183577841425	-0.6460666579783121	
132.9605	158.2	0.988183577841425	1.23820089189288	
167.8882	139.96	0.988183577841425	0.15360286894485906	
167.8882	154.37	0.988183577841425	0.8923292359481416	
197.0199	24.87	0.988183577841425	0.7048155165000038	
94.924	141.96	0.988183577841425	0.757772048077475	
94.924	152.4	0.988183577841425	-0.5028711121019467	
168.8313	152.13	0.988183577841425	-1.7746116405120789	
197.1541	28.02	0.988183577841425	0.36017557035436665	
169.0064	142.88	0.988183577841425	0.5988872119274596	C8H7ClO2
169.0064	151.48	0.988183577841425	-0.11779059140824061	
197.9093	126.93	0.988183577841425	0.4730206480195017	
134.9425	206.94	0.988183577841425	1.0074354037323066	
169.0247	131.03	0.988183577841425	0.5482459570460072	
169.0247	190.2	0.988183577841425	-0.20585150704229713	
198.0178	2.09	0.988183577841425	1.0924987077139416	
135.0054	28.28	0.988183577841425	2.032940154194792	
198.0742	211.93	0.988183577841425	-0.8351570616569046	C7H15NO4
198.0742	219.81	0.988183577841425	-0.9684014371249998	
198.0742	225.59	0.988183577841425	-0.9544234070296911	
96.921	142.09	0.988183577841425	0.6140320493912652	
96.921	152.4	0.988183577841425	-0.6013642431307414	
135.0442	36.82	0.988183577841425	0.4707914615693249	
198.8079	151.87	0.988183577841425	-0.9604895710467438	
198.8735	152.92	0.988183577841425	0.426008270996714	
135.9015	141.18	0.9900072343819097	-0.04565030543635062	
135.9015	153.18	0.9900072343819097	-0.06301982853169798	
170.0063	195.48	0.988183577841425	-1.4847857060674057	
136.0477	48.64	0.988183577841425	1.3544365138695114	C8H8O2
136.862	149.74	0.988183577841425	0.1559996373513961	
170.8284	141.96	0.988183577841425	0.5193603432038785	
170.8284	152.26	0.988183577841425	-2.65497684674135	
170.8473	142.36	0.988183577841425	1.1024332041539873	
170.8473	152.13	0.988183577841425	0.7792689480200616	
97.9762	206.94	0.988183577841425	-0.3024445761030185	
199.0219	241.27	0.988183577841425	-5.798265394998723	
98.904	33.54	0.988183577841425	4.299569880222516	
98.904	162.54	0.988183577841425	3.6348033192091904	
98.904	163.59	0.988183577841425	1.9490068798766187	
171.0114	34.32	0.988183577841425	0.2307894566017572	
199.072	214.56	0.988183577841425	1.3101881299772402	C6H9NO4
136.9983	209.57	0.988183577841425	0.6173458120160227	
136.9983	234.81	0.988183577841425	0.17974714465471678	
98.948	23.03	0.988183577841425	-0.35892844701653315	
171.0303	102.67	0.988183577841425	1.2551181854556763	
171.0303	173.99	0.988183577841425	0.3341964322492405	
171.0656	194.57	0.988183577841425	-1.2860402943785623	
171.0768	296.48	0.988183577841425	-0.8791232063755872	C7H12N2O3
100.945	23.03	0.988183577841425	0.3354332201525838	
138.0551	47.59	0.988183577841425	-2.851920718091375	C8H8O2
171.9647	194.7	0.988183577841425	-1.9372952384796691	
172.0145	34.19	0.988183577841425	0.5859958075685784	
138.8592	149.74	0.988183577841425	0.16436987947495516	
101.0709	295.43	0.988183577841425	-0.8864845267010532	
101.0709	301.08	0.988183577841425	-0.7151447138505999	
101.0709	304.1	0.9900072343819097	-0.04919476897039608	
172.0354	270.35	0.988183577841425	-0.18496048241676635	C6H6N2O4
101.9798	228.21	0.988183577841425	0.21059776858903653	
201.0375	176.09	0.988183577841425	-1.097252269433979	C6H12O6
201.0375	178.19	0.988183577841425	-0.878366039262547	
172.0608	380.32	0.988183577841425	1.1574567135758063	C7H11NO4
172.0689	194.83	0.988183577841425	-0.15845807567862427	
102.0267	274.03	0.9891471647120461	0.10898446249122364	
201.0876	307.51	0.988183577841425	-0.3050029887160392	C8H14N2O4
139.0002	241.4	0.988183577841425	-0.8831770387043403	
103.0026	195.48	0.9969817995094091	-0.010143723584619607	
201.124	194.57	0.9900072343819097	0.09562126669174098	C9H18N2O3
139.0061	31.83	0.988183577841425	0.2811974398637169	
201.8015	152.26	0.988183577841425	-1.1371034081791866	
172.8416	142.62	0.988183577841425	0.953674970130508	
172.8416	152.0	0.988183577841425	-0.8817974624202303	
172.9671	148.82	0.988183577841425	2.050371275349656	
104.9947	28.28	0.988183577841425	1.4611444808257603	
104.9947	124.8	0.988183577841425	2.455565883674011	
139.998	235.73	0.988183577841425	-1.474701483582501	
202.0717	291.36	0.988183577841425	1.2140246338053509	C6H10O5
202.0828	307.38	0.988183577841425	-0.3750825385934062	
202.0828	318.15	0.988183577841425	-1.5756109032657544	C7H13N3O4
202.0828	332.23	0.988183577841425	-0.5686107556197069	C7H13N3O4
173.0225	28.68	0.988183577841425	0.34804870126092063	
173.056	233.89	0.988183577841425	0.483646342326936	
173.0813	194.83	0.988183577841425	-0.6352542692762105	
173.0924	244.82	0.988183577841425	-0.2530227918210406	C7H14N2O3
173.8419	142.09	0.988183577841425	0.8749710895822781	
173.8419	152.0	0.988183577841425	-0.9711014877434789	
203.0668	372.83	0.988183577841425	-0.4056308970392735	C7H12N2O5,C7H12N2O5
203.0821	161.75	0.988183577841425	-0.21940370768084927	C9H9NO2
141.1023	260.47	0.988183577841425	-0.21361325671514123	
203.1032	260.34	0.988183577841425	-0.28685690568247085	C8H16N2O4
141.8671	154.1	0.988183577841425	-0.5914983489934439	
203.7985	151.87	0.988183577841425	-0.6109353545642939	
174.0957	244.42	0.988183577841425	-0.36135065442039044	C7H14N2O3
174.8388	142.62	0.988183577841425	0.8878274385206664	
174.8388	152.0	0.988183577841425	-0.9363064684980188	
204.0854	162.28	0.988183577841425	-0.5925859436148269	C9H9NO2
174.8865	140.78	0.988183577841425	0.6235557611678163	
174.8865	153.45	0.988183577841425	-2.3011552496598675	
204.1066	260.47	0.988183577841425	-0.3165912170508315	C8H16N2O4
108.9009	142.09	0.988183577841425	1.4519640148560253	CaO2
108.9009	152.26	0.988183577841425	0.7544077086043726	CaO2
174.9979	1.83	0.988183577841425	0.2538385051125663	
174.9979	28.02	0.988183577841425	-0.21903541240975685	
142.9743	206.68	0.988183577841425	-0.648662128352501	
175.0353	319.85	0.988183577841425	-3.0462269280796184	
175.0433	299.76	0.988183577841425	-0.5220232890947103	
205.0648	242.06	0.988183577841425	-0.13071642686114243	C7H14N2O3S
143.0054	206.94	0.988183577841425	-0.1352438217689883	
143.0201	222.3	0.988183577841425	0.3310653570607194	
175.839	142.49	0.988183577841425	0.15196894101295358	
175.839	152.13	0.988183577841425	0.7370640387376096	
143.0453	163.72	0.988183577841425	-1.884358811772723	
143.0453	302.0	0.988183577841425	-0.8610977197113969	
205.1594	233.63	0.988183577841425	-2.3924160578355447	
205.8392	141.83	0.988183577841425	-0.4650683442806822	
205.8392	152.53	0.988183577841425	-1.1740646453361565	
175.9591	194.96	0.988183577841425	-0.9309128303560553	
110.8979	142.09	0.988183577841425	1.1185651562035597	
110.8979	152.13	0.988183577841425	1.6507787911363934	
176.0193	332.88	0.988183577841425	0.674054320703145	
206.0573	357.34	0.988183577841425	-0.4862716735295479	
206.0858	300.95	0.988183577841425	-0.4967046397387963	
143.9776	206.68	0.988183577841425	-0.2717841399603725	
143.9904	219.55	0.9900072343819097	0.09976839766492157	
143.9904	226.37	0.9900072343819097	-0.0888666330943211	
111.027	380.45	0.988183577841425	-0.36551450880341657	
144.0293	214.56	0.988183577841425	1.3224713621153368	
176.0557	212.85	0.988183577841425	0.2538361132377713	C6H11NO5
176.075	297.66	0.988183577841425	-0.6834411630797482	
176.075	313.68	0.988183577841425	-0.1740279854606585	
144.0657	300.95	0.988183577841425	1.0103294428502418	
111.0553	163.98	0.988183577841425	-1.6221785202629653	
176.8359	142.49	0.988183577841425	0.99500603867614	
176.8359	151.87	0.988183577841425	-0.8280928256707741	
176.9286	228.08	0.988183577841425	-0.7233691116010372	
144.8687	142.09	0.988183577841425	0.7855697397885614	
144.8687	152.4	0.988183577841425	-0.23798657677408971	
144.9724	206.68	0.988183577841425	-0.5126047783060272	
144.9784	206.68	0.988183577841425	-0.3885227880145304	
207.0663	34.98	0.988183577841425	2.1792400666550873	
145.0133	274.03	0.988183577841425	-0.2634574069261396	
145.0246	194.83	0.988183577841425	-0.5747509753548949	
207.8363	141.7	0.9900072343819097	-0.06361732116928044	
207.8363	152.13	0.988183577841425	0.18142594591151578	
208.0152	29.47	0.988183577841425	-0.36060125997657944	C10H8O3S
146.0167	273.9	0.988183577841425	-0.14770836302431412	
177.055	38.0	0.988183577841425	-0.48193184045958404	
208.8447	141.44	0.988183577841425	0.6733719553045792	
208.8447	152.79	0.988183577841425	-0.18636654114524154	
146.0813	182.16	0.9900072343819097	0.09123948603284797	
177.8875	367.32	0.988183577841425	1.3039627086367631	
146.8658	142.23	0.988183577841425	0.456100182652837	
146.8658	152.13	0.9900072343819097	-0.06274512969279382	
208.9731	28.68	0.988183577841425	1.5241558465307532	
177.9123	152.66	0.988183577841425	-0.2039726595384409	
209.0038	222.04	0.988183577841425	0.6036104919613705	
114.9888	28.68	0.988183577841425	-0.6549613598867321	
115.0026	301.08	0.988183577841425	-0.7535890954431863	
209.0968	29.07	0.988183577841425	1.2338060651069793	
209.0968	31.96	0.988183577841425	0.9893139004241184	
209.1543	29.99	0.988183577841425	0.9569460109316094	C13H22O2
209.1543	33.93	0.988183577841425	0.8878165062989335	C13H22O2
209.8334	1.7	0.988183577841425	-0.6359714463040652	
147.0652	277.18	0.988183577841425	0.11436495559465916	
209.9286	29.2	0.988183577841425	-0.23260211265638545	
147.0666	199.16	0.988183577841425	0.4383374841860116	
210.0072	222.04	0.988183577841425	0.6831613732167007	
148.8628	142.09	0.988183577841425	1.7506083770562075	
148.8628	152.0	0.988183577841425	-0.2554782417101833	
179.0118	1.83	0.988183577841425	1.1077332409139415	
179.0118	106.48	0.988183577841425	-0.7933126899063718	
210.8419	141.57	0.988183577841425	0.602121584443999	
210.8419	152.66	0.988183577841425	0.7692129082423824	
116.0028	142.49	0.988183577841425	-0.652161540181703	
116.0028	151.87	0.988183577841425	-2.5068363795874715	
116.006	301.08	0.988183577841425	-0.669495859789282	
149.0268	273.9	0.988183577841425	0.33825843182376253	
179.0554	282.43	0.988183577841425	0.11876417636611186	C6H12O6
179.8401	141.96	0.988183577841425	0.6623348028112728	
179.8401	152.4	0.988183577841425	-0.17065649927890394	
150.0301	273.9	0.988183577841425	0.4628446320839353	
150.0413	142.36	0.988183577841425	0.45195652721744883	C5H5N5O,C5H13NS2
150.8858	141.7	0.988183577841425	0.493212643481257	
150.8858	152.79	0.988183577841425	-0.8359052426359105	
211.8849	153.31	0.988183577841425	0.7496579500911009	
117.074	212.06	0.988183577841425	-0.6573630234753123	C6H14S
211.9363	158.86	0.988183577841425	2.057163334512095	
151.8732	151.21	0.988183577841425	0.6671969176145855	
212.0157	191.94	0.988183577841425	-2.200762672443887	
152.0547	214.29	0.988183577841425	0.44623347806792074	
212.8389	141.57	0.988183577841425	0.382517992890428	
212.8389	152.79	0.988183577841425	-0.2185488767284402	
118.0	142.36	0.988183577841425	-1.1109091493546985	
118.0	152.0	0.988183577841425	-1.5665696539582177	
180.8821	367.45	0.988183577841425	1.6273070364270283	
152.8828	141.7	0.988183577841425	0.5260771635965089	
152.8828	152.66	0.988183577841425	-0.30822784980933693	
152.995	194.57	0.988183577841425	-0.7136101466463779	
152.995	212.45	0.988183577841425	0.1318098809494124	
119.0083	201.95	0.988183577841425	-0.9347214843617445	
153.9903	316.05	0.988183577841425	0.8067867844945648	
153.9903	318.15	0.988183577841425	0.19829875020539803	
213.0767	171.5	0.988183577841425	0.8606389526102318	
181.071	194.57	0.988183577841425	-1.3938579271353124	C6H14O6
181.8368	1.83	0.988183577841425	-0.3675505293533862	
181.8368	141.7	0.988183577841425	-0.20792906987339338	
181.8368	152.0	0.988183577841425	-0.7748224439216213	
213.8794	153.31	0.988183577841425	0.8578511917665363	
154.8799	141.7	0.988183577841425	0.34882762170843434	
154.8799	152.79	0.988183577841425	-0.9496976892077297	
181.9853	277.84	0.988183577841425	0.4060245548921518	
213.9259	141.31	0.9969817995094091	0.013030074020927018	
214.0482	298.98	0.988183577841425	-0.35838565894045654	C5H14NO6P
182.0745	194.57	0.988183577841425	-1.3680235945078731	C6H14O6
182.0745	212.98	0.988183577841425	-0.6531695070192355	C6H14O6
155.0316	222.17	0.988183577841425	-0.62718839463735	
155.0316	223.35	0.988183577841425	-0.16366958730012723	
219.0619	376.24	0.988183577841425	-0.3696373912771887	C7H12N2O6
182.0816	107.66	0.988183577841425	0.58773879832142	C9H13NO3
219.0807	194.7	0.988183577841425	0.2078758985904074	
219.1063	182.16	0.988183577841425	-0.3752111237643654	C9H17NO5
219.8451	153.18	0.988183577841425	-0.11971098598146085	
215.0514	298.85	0.988183577841425	-0.49357932580604147	C5H14NO6P
155.0453	163.85	0.988183577841425	-1.6533223482907247	
215.067	244.03	0.988183577841425	0.43321965182886774	
155.0817	231.26	0.988183577841425	-0.462418940404315	
155.0817	259.95	0.988183577841425	-0.7215374262534091	
215.0924	34.46	0.9900072343819097	-0.030986919644041704	
215.1397	172.68	0.9900072343819097	-0.08138771447885222	C10H20N2O3
215.8604	142.09	0.988183577841425	0.7824980104008659	
183.8889	154.1	0.988183577841425	-0.22005081504427823	
220.0224	208.65	0.988183577841425	0.23482662526128337	C6H15O4P,C6H15O4P,C8H15KO2
215.8765	153.45	0.988183577841425	0.7248382151212476	
183.9701	324.98	0.988183577841425	0.5296277391166165	
156.9538	206.55	0.988183577841425	-0.8766717720188573	
157.0247	217.58	0.988183577841425	-0.5167181059178585	
157.026	206.41	0.988183577841425	0.6034735067952915	
216.0513	298.98	0.988183577841425	-0.7939267104592297	
157.8619	151.35	0.988183577841425	-0.31607785032833075	
216.0986	307.51	0.988183577841425	-0.2365943594765836	C8H15N3O4
216.0986	318.15	0.988183577841425	-1.4903325764850974	C8H15N3O4
184.8758	153.58	0.988183577841425	0.21558958883060303	
157.9304	194.57	0.988183577841425	-0.8279648050116236	
157.9698	227.82	0.9891471647120461	0.10876743722998139	
157.9932	206.94	0.988183577841425	-0.31348107473471354	
216.9185	367.05	0.988183577841425	-1.91639227515522	
216.9572	318.28	0.988183577841425	0.179279082404767	
185.0197	257.58	0.988183577841425	0.8812531841519218	
185.0561	235.99	0.988183577841425	-0.5755282352097962	C7H10N2O4
185.0561	354.32	0.988183577841425	0.23459353552047194	C7H10N2O4
217.0171	30.12	0.988183577841425	1.1504215931116077	
217.0171	57.1	0.988183577841425	1.1341803937654051	
158.0086	257.45	0.988183577841425	-0.24775349780392203	
217.0481	194.57	0.988183577841425	-0.8066969485817671	C6H14O6
185.0925	290.18	0.988183577841425	-0.22685459790017126	C8H14N2O3
185.886	140.65	0.988183577841425	0.7736607449961105	
185.886	154.1	0.988183577841425	-0.3476613135594823	
217.0826	218.36	0.988183577841425	-0.2815466815005299	C7H10O5
217.0826	361.67	0.9982273115902867	0.004255254440172597	C8H14N2O5
217.8577	142.09	0.988183577841425	1.0551358524915944	
217.8577	152.13	0.988183577841425	-2.3937489788271296	
220.8526	152.92	0.988183577841425	-2.0930421460282655	
218.0667	287.03	0.988183577841425	-0.6711502804823389	C8H13NO6
218.0779	334.07	0.988183577841425	-0.3033385200917989	C7H13N3O5
218.103	182.16	0.988183577841425	0.9929077474693631	C9H17NO5
218.1224	230.87	0.990382113444096	0.02832014129626214	C9H18N2O4
221.0039	241.01	0.988183577841425	-1.8259565122417991	
158.9043	211.27	0.988183577841425	1.2760879392521793	
186.8728	140.49	0.988183577841425	-1.0384435067523565	
158.988	206.68	0.988183577841425	-0.7298325253953005	
221.0928	173.6	0.9900072343819097	0.08030095584060223	C9H11NO3
158.9932	206.94	0.988183577841425	-0.7257630636094078	
221.8421	153.18	0.988183577841425	-0.3276557745874213	
219.0192	208.25	0.988183577841425	0.18910781094028303	C6H15O4P,C6H15O4P,C8H15KO2
219.0451	194.57	0.988183577841425	-0.9713092667610916	
222.044	191.68	0.988183577841425	-2.023550231390478	
187.0217	227.69	0.988183577841425	-1.1216091865876814	
222.0962	173.6	0.9900072343819097	0.07053910292357361	C9H11NO3
159.0555	104.78	0.988183577841425	0.11347941111109847	
243.1794	34.46	0.988183577841425	0.22500231585574645	C11H22O3
222.7975	141.31	0.988183577841425	0.19814761909893563	
222.7975	152.92	0.988183577841425	-3.8307697108081533	
159.0766	293.46	0.988183577841425	-0.1845886140640643	
222.842	152.92	0.988183577841425	0.840980264063794	
159.8444	141.96	0.988183577841425	1.1104416580288539	
159.8444	152.13	0.988183577841425	0.18581353092305355	
222.8498	152.92	0.988183577841425	-0.7554195499611014	
243.8868	62.62	0.9900072343819097	0.040028586971945265	
243.8868	71.58	0.988183577841425	1.0826440570167684	
243.8868	83.28	0.988183577841425	0.8812005279770606	
187.0718	232.71	0.988183577841425	-1.8341196203606904	C8H11NO4
223.0127	194.57	0.988183577841425	1.8289404145376642	
223.0281	141.57	0.988183577841425	0.4708503195293805	
187.884	141.96	0.988183577841425	0.8575621040956188	
187.884	152.53	0.988183577841425	-0.32695852357136085	
244.1133	219.68	0.988183577841425	0.820621851563573	
244.1301	274.03	0.988183577841425	-0.2507175069134006	C10H19N3O4
244.1414	385.3	0.988183577841425	-0.4051051518733298	C9H19N5O3
244.1665	363.11	0.988183577841425	-0.2799879160793184	
223.1337	25.13	0.988183577841425	0.49414395291723723	C13H20O3
223.8391	141.18	0.988183577841425	0.8877136685591018	
223.8391	151.21	0.988183577841425	0.49503226036916237	
223.8391	152.92	0.988183577841425	0.39683031490852966	
188.0457	176.09	0.9900072343819097	-0.04293032507014594	
188.0559	301.08	0.988183577841425	0.3197202969392588	
188.067	315.26	0.988183577841425	-0.49148461948003164	C6H11N3O4
188.067	339.71	0.988183577841425	-0.5178668270204129	C6H11N3O4
224.0229	222.17	0.988183577841425	0.1944255910779423	
244.9855	277.57	0.988183577841425	-0.275760502971819	
224.137	25.13	0.988183577841425	0.5650772845560849	C13H20O3
245.0431	264.41	0.988183577841425	-0.45802126664008097	C6H15O8P
245.1142	308.3	0.988183577841425	-0.13460974469373962	C10H18N2O5
245.1142	313.81	0.9900072343819097	-0.0889537935946502	C10H18N2O5
245.1336	274.16	0.988183577841425	-0.2945424711909678	C10H19N3O4
188.9511	36.29	0.988183577841425	-0.13785235736790494	
270.7981	141.44	0.988183577841425	0.5286837990955616	
270.7981	152.66	0.988183577841425	0.7904667910829245	
225.0237	222.04	0.988183577841425	0.8613823259482729	
225.0991	363.64	0.988183577841425	-0.6466496014444055	C9H14N4O3
246.0464	264.41	0.988183577841425	-0.6189920219722229	C6H15O8P
246.1095	307.64	0.988183577841425	-0.24682132445975227	C9H17N3O5
270.9682	318.02	0.988183577841425	0.3703413980389506	
189.0334	163.98	0.988183577841425	-1.620155109870005	
189.0401	184.53	0.988183577841425	1.584658435155207	
225.7874	1.83	0.988183577841425	0.7979912925281614	
271.0574	362.33	0.988183577841425	-0.6270291455087587	C10H12N2O7
271.0816	364.69	0.988183577841425	-0.7725384131696564	
189.0874	295.56	0.988183577841425	-0.320257482567692	C7H14N2O4
189.1027	178.72	0.988183577841425	-0.26271907905132164	C11H14N2O
189.8812	141.7	0.988183577841425	1.0867480089298374	
189.8812	152.53	0.9900072343819097	0.0875371287370037	
189.9963	228.48	0.988183577841425	-1.1853248871818385	
227.0647	276.65	0.988183577841425	-0.7226777854329841	C13H12N2S
247.0935	359.83	0.988183577841425	-0.4948111208584105	C9H16N2O6
247.1128	160.7	0.988183577841425	0.25046605140496664	
247.1128	307.51	0.988183577841425	-0.11419276683329288	C9H17N3O5
190.0715	185.31	0.988183577841425	0.5792738804916863	C7H13NO5
190.0908	295.17	0.988183577841425	-0.6416247493192568	C7H14N2O4
248.0361	325.11	0.9900072343819097	-0.08869990911169034	
272.9141	367.32	0.988183577841425	-0.7488602411239936	
273.0925	195.48	0.988183577841425	-1.843311827778978	C19H14O2,C13H20Cl2N2
273.0925	204.31	0.9900072343819097	0.048955833756361526	
273.0925	210.49	0.988183577841425	-2.0334604102962506	
273.0925	214.82	0.988183577841425	-0.8613489439059738	C19H14O2,C13H20Cl2N2
249.0395	325.24	0.9900072343819097	-0.03494030809819437	
273.8703	1.3	0.988183577841425	-0.49025260580284896	
249.0913	196.67	0.988183577841425	-0.26251545821648686	
249.0913	201.29	0.988183577841425	0.3232516451063164	
297.2435	27.89	0.988183577841425	-0.5821783069202777	C18H34O3
297.7343	1.3	0.988183577841425	-0.5618818722021721	
297.8228	153.97	0.988183577841425	1.2975969362723316	
274.0878	195.48	0.988183577841425	-0.9934210073333142	C15H14FNO3
274.1046	354.58	0.988183577841425	-0.4862490342609069	C10H17N3O6
274.1046	369.55	0.988183577841425	-0.3917524416017178	C10H17N3O6
274.1411	425.38	0.988183577841425	-0.4612865117806814	C11H21N3O5
250.0455	192.33	0.988183577841425	-1.4616645077815815	
298.2469	27.89	0.988183577841425	-0.67663406430996	C18H34O3
298.8224	154.23	0.988183577841425	1.511450071978648	
229.0828	361.14	0.988183577841425	-0.5928754011118951	C9H14N2O5
250.1449	24.35	0.9900072343819097	-0.037037868316084625	C12H18O3
229.9205	1.44	0.988183577841425	0.25954692137010044	
230.0151	318.28	0.9900072343819097	0.04335706021130171	
230.0466	192.2	0.988183577841425	-1.3829024757774946	
230.0466	195.62	0.988183577841425	-0.7163876570902287	
230.1144	277.7	0.988183577841425	-0.30078104204344724	C7H14N2O4
230.1144	280.99	0.988183577841425	0.24673319826452453	C9H17N3O4
251.0116	27.89	0.988183577841425	2.418683070997054	
299.0706	162.28	0.988183577841425	-0.517686880899611	
299.1137	36.29	0.988183577841425	-0.16718522080721016	C14H20O7
275.0887	387.14	0.988183577841425	-0.8521098906246917	C10H16N2O7
275.0887	392.66	0.988183577841425	-0.2582465252797961	C10H16N2O7
251.1037	178.72	0.988183577841425	-0.2162020967255504	C12H16N2O4
275.1082	194.04	0.988183577841425	-2.090900516836679	C12H16N6S
299.8198	153.97	0.988183577841425	1.4033597444906623	
299.8662	152.92	0.988183577841425	-1.3517100579611312	
299.9606	2.75	0.988183577841425	-1.0244329067541016	
231.062	308.96	0.988183577841425	-0.6341443885862041	C8H12N2O6
300.0012	420.78	0.988183577841425	-1.0598776520033912	
300.1066	182.16	0.988183577841425	-0.5294092552446265	
231.0984	334.2	0.988183577841425	-0.6187679521782331	C9H16N2O5
300.503	420.65	0.988183577841425	-1.3978281135255848	
276.092	392.66	0.9900072343819097	0.058599178928486165	C10H16N2O7
300.8194	154.1	0.988183577841425	1.0298706057973819	
276.1024	242.59	0.988183577841425	-0.17038517182202598	C10H19N3O4S,C18H15NO2
252.107	178.72	0.988183577841425	-0.22647731965503373	C12H16N2O4
252.107	198.24	0.988183577841425	-0.49633439172202304	
231.1348	194.17	0.988183577841425	-0.6506071219480689	C10H20N2O4
231.1348	196.67	0.988183577841425	0.5883639145053148	C10H20N2O4
231.8103	39.84	0.988183577841425	-0.7066843102629179	
231.9177	1.3	0.988183577841425	0.5661542307315566	
276.9917	222.43	0.988183577841425	0.4668131820579718	
232.0937	316.18	0.988183577841425	-0.26205307274898354	C8H15N3O5
301.0034	421.04	0.988183577841425	-1.024349747008789	
232.8535	141.31	0.988183577841425	0.8619259963883042	
232.8535	143.28	0.9900072343819097	-0.055428591575075375	
232.8535	152.92	0.988183577841425	-0.6464488146098301	
301.0112	28.02	0.988183577841425	0.5521373194773145	
301.0224	209.57	0.988183577841425	0.6154166481700121	
277.0867	295.43	0.988183577841425	-0.5104708375775856	
277.0867	316.31	0.988183577841425	-0.22150006213372259	C13H14N4O
301.1307	201.16	0.988183577841425	1.4188476405438786	C17H20N2OS
301.1519	247.44	0.988183577841425	-0.33586453683468565	C12H22N4O5
301.1519	293.2	0.988183577841425	-0.8532814069010731	C12H22N4O5
301.1661	25.0	0.988183577841425	-0.7245616863256803	C15H26O6,C16H22N4O2
301.2174	27.23	0.988183577841425	0.25991536819295624	C20H30O2
277.8709	140.78	0.988183577841425	0.378661023779971	
277.8709	153.45	0.988183577841425	0.5383749702588886	
301.8168	153.97	0.988183577841425	1.0643172754170587	
301.8632	152.92	0.988183577841425	-0.7970367084154663	
253.1446	33.93	0.988183577841425	0.49492762628033476	C14H22O4
253.8268	141.31	0.988183577841425	0.8510852172416877	
253.8268	143.28	0.988183577841425	0.16922393524865703	
253.8268	146.72	0.988183577841425	0.38291620151491595	
253.8268	151.21	0.988183577841425	0.46200718634559057	
253.8268	152.92	0.988183577841425	-1.1179173631351478	
253.8831	367.58	0.988183577841425	1.7072185764026677	
278.0436	208.25	0.988183577841425	-0.38727696386098104	
278.1147	190.33	0.988183577841425	-0.6862663292556147	C13H17N3O4
278.1147	195.88	0.988183577841425	-0.8228577890014392	
278.1147	198.64	0.988183577841425	0.1355354444602868	C13H17N3O4
302.1003	316.83	0.988183577841425	-0.20849594146412315	C13H22NO3PS
302.1003	318.94	0.988183577841425	-1.0153961512492191	
302.1188	195.09	0.988183577841425	-1.4463123317780957	C9H15N3O6
254.0799	182.16	0.9900072343819097	-0.04351650257382983	C9H17NO5
302.1691	24.87	0.988183577841425	-0.7466975429604263	C15H26O6,C16H22N4O2
254.148	29.6	0.988183577841425	2.0907440644284887	C14H22O4
254.148	33.8	0.988183577841425	1.9785373026008337	C14H22O4
302.5336	356.15	0.9900072343819097	-0.08339565142899824	
254.8265	141.04	0.988183577841425	0.7401730525998489	
254.8265	152.66	0.988183577841425	-2.339797067482884	
233.0776	372.04	0.988183577841425	-0.5468301077119112	C8H14N2O6
233.0969	316.31	0.988183577841425	-0.5322057310980373	C8H15N3O5
233.8081	40.1	0.988183577841425	-0.6344141374900946	
233.8535	141.31	0.988183577841425	0.8089888823966876	
233.8535	143.01	0.988183577841425	0.18939643374214782	
233.8535	152.79	0.988183577841425	-1.346161017108459	
279.0987	284.53	0.9900072343819097	-0.0589529595803963	C13H16N2O5
279.1181	199.03	0.988183577841425	-0.47192213754509726	C13H17N3O4
279.1352	157.68	0.988183577841425	-0.15017471217601322	C14H20N2O4
279.1352	171.76	0.988183577841425	-0.2694568789246921	C14H20N2O4
254.9679	206.68	0.988183577841425	-0.8283955621560462	
254.991	341.19	0.988183577841425	-0.5929546684957577	C6H9O9P
279.8665	153.45	0.988183577841425	1.1904879797631345	
303.0513	380.32	0.988183577841425	0.7447783899005977	C15H12O7
303.0834	358.65	0.988183577841425	1.691001152280121	C13H21O4PS,C11H16N2O8,C17H14F2O3
234.8505	141.31	0.988183577841425	0.8330009092567061	
234.8505	142.88	0.988183577841425	-0.15121317787284916	
234.8505	152.92	0.988183577841425	-1.0811870315419718	
303.0963	173.73	0.988183577841425	-0.4575898316091891	
303.1627	25.0	0.988183577841425	-0.7762434639562171	
255.1602	28.15	0.988183577841425	1.200773279988161	
255.1966	27.76	0.988183577841425	-0.7700553114020182	
303.9136	1.57	0.988183577841425	-2.3656708166729525	
255.8661	367.71	0.988183577841425	1.7050013328479896	
235.1086	138.91	0.988183577841425	0.19504295346600975	C12H16N2O3
235.1086	142.09	0.988183577841425	-0.40560610773051525	C12H16N2O3
235.1086	152.13	0.988183577841425	-0.4616197827032633	C12H16N2O3
235.1086	182.56	0.988183577841425	0.2514088081909675	C12H16N2O3
304.0163	184.53	0.988183577841425	-0.5125409706805717	
280.8662	153.58	0.988183577841425	1.4900627599802354	
235.8505	141.18	0.988183577841425	1.125144105059241	
235.8505	152.79	0.9907184481850385	-0.02675996277105612	
304.0787	375.59	0.9900072343819097	0.037068151036109775	C10H15N3O8
304.0869	358.65	0.988183577841425	1.6080874064105328	C13H21O4PS,C11H16N2O8,C17H14F2O3
304.1515	263.63	0.988183577841425	-0.5602130436348849	C12H23N3O6
255.9712	206.94	0.988183577841425	-0.45047344655920757	
235.9734	207.33	0.988183577841425	-0.4218125049390854	
256.8219	152.79	0.988183577841425	-1.256681665821771	
281.0388	208.65	0.988183577841425	-0.7024831971548002	
236.8477	152.79	0.9912107587196468	-0.02478679950929469	
281.1145	201.16	0.988183577841425	-0.2758709457343933	C13H18N2O5
281.1145	204.05	0.9900072343819097	-0.07442348313681803	C13H18N2O5
305.0008	194.96	0.988183577841425	-0.6895435382703848	
281.8636	153.58	0.988183577841425	0.9789057988798914	
305.0678	446.64	0.988183577841425	-0.5294056216848994	
305.1104	354.58	0.988183577841425	-0.44882698138816535	
236.9772	207.73	0.988183577841425	1.152110470026545	
282.0597	194.17	0.988183577841425	-0.8952879126363951	
282.0597	213.64	0.988183577841425	-0.23605989658211385	
282.0845	171.76	0.988183577841425	-1.256575928303463	C10H13N5O5
282.1179	200.77	0.988183577841425	-0.7900047496821541	C13H18N2O5
282.1179	203.92	0.988183577841425	-0.14485574178457897	C13H18N2O5
256.9659	206.68	0.988183577841425	-0.4684560500311854	
236.9987	28.15	0.988183577841425	-1.991575997349238	
282.9578	30.25	0.988183577841425	0.4383992093900443	
257.078	312.76	0.988183577841425	-0.12943057503418262	C10H14N2O6
306.0264	222.43	0.988183577841425	0.5475248142033736	
283.1106	23.03	0.988183577841425	-0.6184345237485736	C13H20N2O3S,C13H20N2O3S
283.1106	27.89	0.9900072343819097	-0.10143547625255041	C13H20N2O3S,C13H20N2O3S
237.9303	2.62	0.988183577841425	-0.9579351946456053	
283.119	34.46	0.988183577841425	-0.13454154265738566	C14H20O6
283.1374	27.89	0.988183577841425	-0.8792020445827632	
257.8452	367.45	0.988183577841425	1.2967236807595033	
283.1917	28.02	0.988183577841425	-0.392089568988189	
306.9894	318.28	0.988183577841425	0.24454553463878295	
257.9136	2.75	0.988183577841425	-1.3372970295475541	
283.8606	140.91	0.988183577841425	-0.522039419038754	
283.8606	153.45	0.988183577841425	1.4348299973071095	
283.9134	2.75	0.988183577841425	-0.812005593011715	
307.0275	222.43	0.988183577841425	1.2196587390290836	
284.0413	380.45	0.988183577841425	0.8044425199845646	
258.0384	338.0	0.988183577841425	-0.8366871392620301	C6H14NO8P
284.1083	194.83	0.988183577841425	-1.320428915922833	
284.1083	204.58	0.988183577841425	-1.636989670993701	
284.1083	209.96	0.988183577841425	-2.2097043809261527	
284.1083	214.56	0.988183577841425	-0.7979068122491016	
284.1083	218.89	0.988183577841425	-0.7837595786312355	
258.0985	194.17	0.988183577841425	-1.4747985348131862	C9H14O6
238.8768	116.53	0.988183577841425	4.295807209236751	
238.8768	130.08	0.988183577841425	1.18899586572655	
238.8768	371.65	0.988183577841425	1.449917974589448	C29H37NO5,C22H34FN7O4
258.146	238.35	0.9900072343819097	-0.03254186701332192	C11H21N3O4
258.1823	330.36	0.9900072343819097	0.04842748656363885	C12H25N3O3
258.1823	337.22	0.988183577841425	0.11338326994840628	C12H25N3O3
308.0561	339.19	0.988183577841425	0.9594528773940633	
258.8189	152.79	0.988183577841425	-1.3961524501458595	
258.8599	367.58	0.988183577841425	1.3745082028004916	
308.1254	245.47	0.988183577841425	-0.1638858521858743	C14H19N3O5,C15H15N7O
308.1617	318.67	0.988183577841425	-0.9286815402567806	C15H23N3O4
285.073	358.65	0.988183577841425	1.5889437872897476	
309.0399	290.31	0.988183577841425	2.374274351302499	C13H12N4O3
285.0858	161.75	0.988183577841425	-0.6473504842419255	
239.0771	282.43	0.9900072343819097	-0.046779455562150095	C8H16O8
309.1095	314.34	0.988183577841425	-0.1207422305942208	C14H18N2O6
309.1289	245.34	0.9969817995094091	0.008001699986368767	C14H19N3O5,C15H15N7O
309.8006	1.96	0.988183577841425	1.1894008551162552	
285.7078	1.83	0.988183577841425	0.3241470877522381	
310.0911	218.23	0.988183577841425	0.8709864992466851	
259.13	305.15	0.9900072343819097	0.054885246503407537	C11H20N2O5
259.13	310.93	0.988183577841425	-0.2065670400631	C11H20N2O5
259.1413	414.42	0.988183577841425	-0.7787078505569974	
259.8161	152.79	0.988183577841425	-1.1139845518899438	
259.8395	367.45	0.988183577841425	1.1833630877400152	
286.0683	375.59	0.988183577841425	-0.2913450656479159	
240.952	206.94	0.988183577841425	-0.7064954675256917	
286.1887	304.36	0.988183577841425	-0.1246437707773784	C12H25N5O3
260.0889	372.83	0.988183577841425	-0.5076193006100498	C9H15N3O6
241.0111	262.97	0.988183577841425	-0.41307278323699403	
241.0111	319.72	0.988183577841425	-1.1001963336307317	C6H11O8P
260.1253	426.06	0.988183577841425	-0.2771272799706937	C10H19N3O5
260.1334	305.41	0.9900072343819097	0.034073501510874515	C11H20N2O5
260.1366	394.5	0.988183577841425	-0.6661524460775083	C9H19N5O4
241.0546	380.45	0.988183577841425	1.2459826965829355	
260.8159	152.79	0.988183577841425	-1.086772999441848	
260.8395	367.45	0.988183577841425	1.0056101360063476	
311.0143	1.83	0.988183577841425	-1.8742282960680259	
311.2229	28.15	0.988183577841425	1.0022242316210295	
241.1082	27.1	0.9900072343819097	0.07850987417638075	
311.7984	1.96	0.988183577841425	0.40599400463753277	
241.1444	28.02	0.988183577841425	-0.41246293249374355	
261.0551	269.17	0.988183577841425	0.4980840092165253	
261.0729	396.37	0.988183577841425	-0.33814523579139655	C9H14N2O7
261.0923	194.96	0.988183577841425	-2.490585175534655	C9H15N3O6
261.0923	214.82	0.988183577841425	-0.42963977928031494	C9H15N3O6
261.0923	218.89	0.988183577841425	-2.251985466113657	C9H15N3O6
261.8158	1.3	0.988183577841425	-1.6612365516258083	
261.8909	153.18	0.988183577841425	2.0320948617911787	
312.908	144.98	0.988183577841425	1.4945426009822929	
312.908	146.98	0.988183577841425	1.1043009250102218	
312.908	150.82	0.9900072343819097	-0.08744932271941608	
261.9552	141.7	0.988183577841425	0.32780832158739515	
261.9552	152.79	0.988183577841425	0.4978842277823729	
262.0057	256.01	0.988183577841425	-0.6870970902534028	
242.0783	319.07	0.988183577841425	-1.0188432242027727	C9H13N3O5
313.8382	140.91	0.988183577841425	0.6921780727732634	
313.8382	153.58	0.988183577841425	1.3905053867258763	
242.1761	34.46	0.988183577841425	-0.12431324511918322	C11H22O3
242.1761	46.93	0.988183577841425	0.3740030838835082	C13H25NO3
242.8874	1.3	0.988183577841425	-0.29304852940747966	
242.9502	207.07	0.988183577841425	-0.4047370053244865	
262.9762	222.7	0.988183577841425	0.9489175098235876	
262.9946	1.83	0.988183577841425	0.3878222750861907	
263.0973	199.03	0.988183577841425	-1.8420462727931082	
288.9691	300.95	0.988183577841425	-0.9186763537331875	
263.1403	113.08	0.988183577841425	-1.1704174644174052	C14H20N2O3
289.0101	420.91	0.988183577841425	0.49078821151632396	
263.8895	153.18	0.988183577841425	-0.13901282842236948	
289.0679	362.33	0.988183577841425	-0.7032600899779986	C10H14N2O8
289.0874	195.22	0.988183577841425	-0.3435463196602278	
289.0874	214.82	0.988183577841425	3.3121085691864858	C11H18N2O5S,C19H14O3
263.9493	141.44	0.988183577841425	0.6783727189354862	
263.9493	152.79	0.988183577841425	0.7935796623923249	
289.5118	421.04	0.988183577841425	-0.15960426420866616	
314.939	23.56	0.988183577841425	1.2072453799939744	
243.0986	357.34	0.988183577841425	-0.24108330371800382	C8H13NO5
289.9688	300.95	0.988183577841425	-0.901364649750419	
290.0453	287.55	0.988183577841425	1.7669581200824527	
264.9422	367.32	0.988183577841425	-0.6233728021716939	
290.1148	189.15	0.988183577841425	-0.5450661881093006	C14H17N3O4
290.1359	272.45	0.988183577841425	-0.5630318663684958	
264.9503	141.44	0.988183577841425	1.448168176920367	
264.9503	152.92	0.9900072343819097	0.0920287313246542	
315.1368	27.1	0.988183577841425	-0.22391569977492204	C17H26O3
315.8333	153.58	0.988183577841425	1.2475844246137873	
265.0251	208.12	0.988183577841425	-0.4559088481355252	
265.0831	261.26	0.988183577841425	-0.4622633913867176	C12H14N2O5
265.1195	155.28	0.994564112384699	-0.018400826212431415	C13H18N2O4
290.9657	301.08	0.988183577841425	-0.9559093247042203	
323.9005	153.97	0.988183577841425	1.7189982936205201	
265.9197	367.05	0.988183577841425	-2.667137129387394	
315.9694	420.78	0.988183577841425	-1.599772723273509	
291.0075	222.43	0.988183577841425	0.850845298516413	C7H15Cl2N2O4P
324.0508	288.34	0.988183577841425	2.2234319094685997	
324.0508	290.44	0.988183577841425	1.4716171704686158	
324.0508	306.72	0.988183577841425	2.133451936072618	
324.0508	322.35	0.988183577841425	1.3949390320091655	
291.0836	341.45	0.988183577841425	-0.12113105197624775	C10H16N2O8
324.1203	248.89	0.988183577841425	-0.25056042565469655	C15H15N7O2
265.947	141.57	0.988183577841425	0.6188929843391334	
265.947	152.92	0.988183577841425	0.11608643876342559	
316.1165	319.2	0.988183577841425	-1.2628668454775709	C12H19N3O7
324.9136	206.68	0.988183577841425	-1.5177983320627415	
266.1515	25.53	0.988183577841425	-0.7835905648686777	
266.804	141.44	0.988183577841425	0.6003265900570344	
266.804	152.92	0.988183577841425	0.873873231928001	
316.833	153.58	0.988183577841425	1.3718148549898388	
292.0109	222.04	0.988183577841425	1.430195463968468	C7H15Cl2N2O4P
325.0339	364.3	0.988183577841425	1.223873144674354	C10H18N2O4S3
292.1305	193.52	0.988183577841425	-0.4600606399505346	
292.1669	276.13	0.988183577841425	-0.4761432000798835	C15H23N3O3
267.0067	2.09	0.988183577841425	-0.2544945868827592	
316.9699	420.78	0.988183577841425	-1.1599191970424763	
292.8653	153.58	0.988183577841425	1.3223927672192768	
316.9963	208.65	0.9900072343819097	0.05739845652844219	
267.0988	233.89	0.988183577841425	-0.18103105299881356	C12H16N2O5
317.1186	194.7	0.988183577841425	-1.555670510929908	C14H16ClN3O
317.1186	319.2	0.988183577841425	-1.002969664397433	C12H19N3O7
267.233	27.23	0.988183577841425	1.918662487889563	
317.1468	304.23	0.988183577841425	0.27509477311923636	C12H22N4O6
317.1608	27.37	0.988183577841425	-1.76550760900994	C45H76O21,C49H77O16P
317.4688	420.78	0.988183577841425	-0.9997942282705093	
317.8303	153.58	0.988183577841425	1.2086224727766852	
326.9888	324.06	0.9900072343819097	0.031811674431345686	
326.9888	327.6	0.988183577841425	-0.2437636482881652	
268.0771	137.99	0.988183577841425	0.2785257381583895	C9H16O9,C10H12N4O5
268.1022	234.15	0.988183577841425	-0.27099661131339564	C12H16N2O5
292.9832	28.02	0.988183577841425	0.6566339296643542	C9H8N2O7
268.8011	141.57	0.988183577841425	0.7882085128973698	
268.8011	152.66	0.988183577841425	0.21134917481474713	
293.0119	222.04	0.988183577841425	-0.11894460784925588	
293.045	306.07	0.988183577841425	1.4490718969213603	
293.0634	364.69	0.988183577841425	-0.3660004359085937	
293.1145	284.53	0.9982273115902867	0.002771284308263187	C14H18N2O5
293.1339	192.86	0.988183577841425	-0.2277237646679837	
294.1097	256.53	0.988183577841425	-0.37108385382753833	C13H17N3O5
294.1179	284.4	0.988183577841425	-0.1607840900298557	C14H18N2O5
269.0421	28.02	0.988183577841425	1.2093952128935468	
318.83	140.91	0.988183577841425	0.7457437247853713	
318.83	153.58	0.988183577841425	1.2293062736201887	C8Cl4O3
328.0625	142.09	0.988183577841425	1.731499574467877	
269.1397	29.2	0.988183577841425	1.2446481854482836	C15H18N4O
294.8621	153.58	0.988183577841425	1.3465291791282326	
318.98	274.03	0.9900072343819097	-0.08834050313805282	
295.0936	317.62	0.988183577841425	-0.5215605752763716	C13H16N2O6,C12H25I
295.1128	109.9	0.988183577841425	-0.7770031255552096	C14H20N2O3S,C14H20N2O3S
295.1128	256.67	0.988183577841425	-0.424999348793153	C13H17N3O5
295.1375	27.89	0.988183577841425	0.24577249432022302	
295.2279	28.02	0.988183577841425	-0.3722131001187712	C18H32O3
295.7366	1.04	0.988183577841425	-1.243513507644039	
295.8274	153.97	0.988183577841425	2.239257563062591	
319.8272	140.78	0.988183577841425	0.5149890385607127	
319.8272	143.14	0.988183577841425	-1.0390480398764659	
319.8272	153.58	0.988183577841425	1.2757924531212161	
320.0271	276.92	0.988183577841425	-0.54355730070546	
330.9191	141.44	0.988183577841425	1.238222739213657	
330.9191	150.53	0.988183577841425	-0.23851226427938124	
330.9191	152.79	0.988183577841425	0.525483014658581	
320.1727	244.03	0.988183577841425	-0.26837728190357096	
320.8275	153.45	0.988183577841425	0.9494726170058656	
330.956	204.44	0.988183577841425	0.8371186025018724	
330.956	210.62	0.988183577841425	0.5529020228650238	
377.8918	255.59	0.988183577841425	-1.1762672461799946	
320.9975	204.44	0.988183577841425	-2.1483315949821704	
331.109	195.09	0.988183577841425	-0.11947035078685728	
331.109	214.56	0.988183577841425	1.5028124509383687	
331.1261	258.24	0.988183577841425	-0.7371302245109391	C10H17N3O7
378.0978	288.87	0.988183577841425	0.3401168424456674	
352.1515	195.62	0.988183577841425	-0.3491345892257975	
331.1625	257.32	0.988183577841425	-0.643840685725771	
331.1625	282.83	0.988183577841425	-0.22454752576425469	
321.0234	276.92	0.988183577841425	-0.5291177219504409	
321.9033	154.37	0.988183577841425	1.4762370268260192	
378.994	276.65	0.988183577841425	-0.21947171340146493	
322.0091	192.2	0.988183577841425	-0.842857556064894	
322.0091	196.67	0.9900072343819097	0.029929358920468694	
322.0221	141.7	0.988183577841425	-0.2387797674593506	
352.945	206.68	0.988183577841425	-1.018885638131054	
352.997	341.45	0.988183577841425	-0.34979225437464995	C10H12N4O6S
332.0145	35.24	0.988183577841425	1.2658406681429861	
332.0145	39.31	0.988183577841425	0.8513409604576427	
322.0674	380.18	0.988183577841425	0.6320403819146286	
379.0484	301.21	0.988183577841425	-0.4843847375567754	
332.1253	282.43	0.988183577841425	-0.2526540170897603	C16H19N3O5
353.0043	398.47	0.9900072343819097	-0.08504297400446306	
379.1459	194.83	0.988183577841425	-1.1533159012239353	C15H21N3O4S
379.1459	214.69	0.988183577841425	0.5877004891454917	
353.0492	36.69	0.9891471647120461	0.10917378638785469	
332.9529	204.71	0.988183577841425	-1.690450118155773	
332.9529	210.09	0.988183577841425	-0.7044709298077121	
353.9484	206.68	0.988183577841425	-2.165794537606063	
354.0525	36.69	0.9900072343819097	-0.06351548202382432	
354.0614	388.32	0.988183577841425	0.8101885389020379	
354.0726	319.2	0.9900072343819097	0.0981735330395571	C12H19N3O7
333.0428	293.46	0.988183577841425	-0.16673773660682045	
333.0594	352.61	0.988183577841425	0.3024922765913461	C9H19O11P
333.1069	174.39	0.988183577841425	-0.992499574573185	
333.1069	178.59	0.988183577841425	-0.5433006976223499	
333.1417	318.02	0.988183577841425	-1.1946793395326782	C19H19NS
380.885	3.01	0.988183577841425	-1.2172439075305612	
333.7997	153.71	0.988183577841425	0.25655825271934385	
409.2362	29.2	0.988183577841425	-0.26794823704068355	
354.9429	206.94	0.988183577841425	-0.8466104706751024	
354.9938	341.45	0.988183577841425	-0.382139300924296	
355.0002	1.96	0.988183577841425	0.5475895987123839	
334.0629	352.61	0.988183577841425	0.21540689288191503	C9H19O11P
355.065	388.32	0.988183577841425	0.7874192077601275	
334.1275	195.09	0.988183577841425	-0.7526126387121141	
334.7983	367.58	0.988183577841425	1.5516765983062937	
382.1006	303.44	0.988183577841425	-0.7590691253456426	C14H17N5O8
411.0202	293.46	0.988183577841425	0.1629114591000528	C14H18Cl2N2O6S
382.9953	310.53	0.988183577841425	0.5169461380247916	
383.8844	29.47	0.988183577841425	-1.8043144437854461	
412.9567	204.44	0.988183577841425	-2.401597688623781	
412.9567	210.62	0.988183577841425	-2.5570333597513737	
356.9897	366.92	0.988183577841425	-0.8739360781332424	
335.0223	315.0	0.988183577841425	-0.2334299315893143	
335.0639	352.74	0.988183577841425	0.2828178560566509	
335.0906	36.29	0.988183577841425	1.290029602124547	C14H20O7
335.1363	234.94	0.988183577841425	-0.4280083140734377	C14H24O9
335.7966	153.71	0.988183577841425	0.5458792567281852	
357.0619	165.43	0.9982273115902867	0.0023158328559271637	C18H14O8
357.0619	170.18	0.988183577841425	0.19020698995050087	C18H14O8
413.9049	204.05	0.9969817995094091	-0.008161119612184842	
336.1679	296.88	0.988183577841425	-0.5506977286829303	C15H23N5O4
357.8796	153.71	0.988183577841425	1.4978567071827136	
336.8373	367.97	0.988183577841425	2.1729349218291776	
384.9668	317.36	0.9912107587196468	0.023870979043704478	C38H72NO10P,C38H72NO10P
336.8693	367.58	0.988183577841425	0.5421491651400445	
414.9736	208.25	0.988183577841425	-1.906857502864851	
385.8335	2.62	0.988183577841425	1.5684994699033297	
415.2313	231.39	0.988183577841425	-0.35949791578479806	C17H32N6O6
386.0337	345.12	0.988183577841425	0.8990471366225266	
337.0825	374.41	0.988183577841425	1.2223991062283486	
337.0875	36.03	0.988183577841425	-0.3261795947393355	
337.1429	25.0	0.988183577841425	-0.401384867287289	C15H26O6,C16H22N4O2
358.9948	222.04	0.988183577841425	1.17673050961245	
337.7937	140.91	0.988183577841425	0.4284666274635789	
337.7937	143.54	0.988183577841425	0.5371626729143326	
337.7937	153.58	0.988183577841425	0.6010819791550921	
359.1536	24.61	0.988183577841425	0.6793536719660259	C21H20N4O2,C20H25ClN2O2
386.9838	420.36	0.988183577841425	-4.030430361615619	
386.9838	421.17	0.9900072343819097	0.061582181035863284	
386.9838	421.57	0.988183577841425	1.4207103339202323	
386.9892	1.96	0.988183577841425	2.6114592731619486	
387.0262	222.43	0.988183577841425	0.7432273212687978	
387.2083	194.57	0.9900072343819097	0.04852383454336196	
338.136	215.34	0.988183577841425	-0.15041561908777729	
359.8773	153.58	0.988183577841425	1.4485265871115192	
338.9292	206.68	0.988183577841425	-1.7592078031844696	
359.9468	219.02	0.988183577841425	-1.274243001229863	
359.9468	227.56	0.988183577841425	-0.5580611249979199	C11H11Cl2NO5S
388.0141	298.85	0.988183577841425	-0.7197459059119288	
388.0296	222.04	0.988183577841425	1.0521735657399012	
388.184	309.61	0.988183577841425	-0.5086318756531494	
338.9878	320.38	0.988183577841425	-0.15974061850264418	C6H14O12P2,C6H14O12P2
339.1375	25.0	0.988183577841425	-0.48937327165215233	
339.1375	215.34	0.988183577841425	0.39163485925331276	
361.0438	209.7	0.988183577841425	0.5116412290128878	
361.1874	25.0	0.988183577841425	-0.7649423641167795	
389.0149	298.58	0.988183577841425	-0.617955192180802	
389.0309	222.57	0.988183577841425	1.6283550319635351	
417.1557	27.89	0.988183577841425	1.2918484499831806	C22H26O8
389.5164	355.24	0.988183577841425	0.47311310607775403	
389.5164	356.55	0.988183577841425	0.3256730274540749	
340.1411	195.62	0.988183577841425	-0.9077271419898046	
362.1899	25.0	0.988183577841425	-0.8181315519660215	
390.2401	24.87	0.988183577841425	1.963235792890277	
340.9271	206.68	0.988183577841425	-0.6102375221815634	
390.8941	204.44	0.988183577841425	-0.6566887511743688	
390.8941	210.22	0.988183577841425	-2.8511491785051635	
363.054	295.43	0.988183577841425	-0.4279509015692028	
363.1834	25.0	0.988183577841425	-0.46069799734991035	C21H24N4O2
341.9663	28.42	0.988183577841425	0.7974087001968647	
391.2436	24.87	0.988183577841425	1.086994636688704	
418.8597	154.76	0.988183577841425	-1.027115398812202	
342.0444	380.71	0.988183577841425	1.0299879919803696	C18H12ClNO4
342.1366	195.22	0.988183577841425	-0.859115023795445	
363.9556	1.04	0.988183577841425	0.9753977495280319	
418.9673	227.95	0.988183577841425	-0.5973351573907967	
418.9741	204.84	0.988183577841425	-1.5911674460436007	
418.9741	209.7	0.988183577841425	-1.3333676417893656	
392.0689	182.42	0.988183577841425	-0.360482054753827	
419.9132	228.48	0.9900072343819097	-0.05301620258568256	
364.9025	110.98	0.988183577841425	0.8655667070297053	
364.9025	112.95	0.988183577841425	2.9791678255356198	
364.9025	129.43	0.988183577841425	1.065783899110623	
364.9445	326.95	0.988183577841425	0.20054437615764958	
343.1299	162.67	0.988183577841425	-0.44230814283546604	C18H20N2O5
421.2273	24.48	0.988183577841425	1.3313892134990888	C20H38O7S
394.162	157.68	0.988183577841425	-0.424972264946851	C19H21N7O3
422.2566	25.0	0.988183577841425	-2.4444441710307103	
366.1505	214.95	0.988183577841425	-0.22383649681819615	
344.9304	218.89	0.988183577841425	-1.706415388427172	C8H11Cl3O7
344.9304	228.08	0.988183577841425	-0.7331568307633424	
422.8908	206.94	0.988183577841425	-4.734943750922729	
366.9461	300.55	0.988183577841425	-0.9033409574798796	
367.0018	307.91	0.988183577841425	1.3584287689581194	
423.172	217.84	0.988183577841425	0.9028479854318053	C18H33ClN2O5S
395.0582	173.6	0.988183577841425	0.2720347942912008	
395.1572	269.83	0.988183577841425	-0.46005216907170254	C16H28O11
395.1655	157.68	0.988183577841425	-0.4548521712972947	C19H21N7O3
346.0667	207.46	0.988183577841425	-0.6242841709943711	C19H19NOS
424.155	130.08	0.9900072343819097	-0.06236086007024619	C22H24ClN5O2
368.1463	239.4	0.988183577841425	-0.559464871395539	C16H23N3O7
368.8576	204.58	0.988183577841425	1.1424809329795549	
368.8576	210.35	0.988183577841425	-1.054563361387372	
347.0401	317.1	0.9900072343819097	-0.062199885331017016	C10H13N4O8P,C9H17O12P
347.0751	235.86	0.988183577841425	-0.8979560104144085	C11H20O10,C12H16N4O6
425.0692	178.72	0.9969817995094091	-0.009228108801561762	C19H16F2O9
425.0692	199.03	0.988183577841425	-0.4083674303779085	C19H16F2O9
368.912	204.58	0.9900072343819097	0.03234820174444221	
368.912	210.09	0.988183577841425	0.15635496242792193	
397.0045	276.65	0.988183577841425	-0.16575229335133057	
369.15	239.4	0.988183577841425	-0.5854344188577696	C16H23N3O7
348.1743	25.0	0.988183577841425	-0.8765904657321213	C16H28O8
369.9621	245.74	0.988183577841425	-0.13402006291133464	
426.9333	219.02	0.988183577841425	-1.1680319264052552	
426.9333	227.29	0.988183577841425	-0.14720520456249367	
348.9914	1.96	0.988183577841425	0.5175368716884725	C14H13ClO5S
427.015	297.79	0.988183577841425	-0.3194553809131293	
427.015	313.81	0.988183577841425	-0.5268880835687199	
398.0045	276.65	0.988183577841425	-0.46439472202522647	
349.0379	297.79	0.988183577841425	-0.4168893871770438	
349.0379	313.95	0.988183577841425	-0.26260654218295937	
371.8564	140.49	0.988183577841425	0.8372356330742661	
428.8787	204.44	0.9900072343819097	0.09951993051641932	
428.8787	210.22	0.988183577841425	-1.1085984361212489	
428.9306	205.1	0.988183577841425	-0.6104905483307446	
428.9306	209.83	0.988183577841425	-1.0304092649210301	
429.0359	1.96	0.988183577841425	0.9626021560410101	
399.1443	307.51	0.988183577841425	-0.7206341251667101	C22H24O7
399.1443	312.11	0.988183577841425	-0.6787243155865486	C22H24O7
399.1443	317.88	0.988183577841425	-1.7283884202144733	C22H24O7
443.0912	164.38	0.988183577841425	-0.38838018034765626	
429.1944	27.37	0.9900072343819097	0.06837781725969895	
443.2476	24.35	0.988183577841425	0.16631288507776987	
399.8487	3.27	0.988183577841425	0.125823933793726	
430.0516	194.57	0.988183577841425	-0.4374938717680679	
430.0516	214.56	0.988183577841425	0.359670676993671	
443.8418	87.88	0.988183577841425	1.0020912510607058	
443.8418	101.23	0.988183577841425	0.9135957541756339	
373.0104	222.04	0.988183577841425	1.2269983351087055	
401.0053	310.53	0.988183577841425	0.5029122741983231	
444.2496	24.35	0.988183577841425	0.19064378265234586	
401.0892	36.82	0.988183577841425	1.4239153598952652	
401.0892	209.83	0.988183577841425	1.2864574290660213	
374.0139	222.17	0.988183577841425	1.10060687386246	
431.195	27.37	0.988183577841425	0.2734258799675571	
374.9018	3.41	0.988183577841425	2.003913003860562	
402.9952	420.91	0.988183577841425	-0.1707966092851124	C9H14N2O12P2
374.9199	212.06	0.988183577841425	-2.740130242374772	
446.8349	204.31	0.988183577841425	-0.2083751776292117	
446.8349	210.09	0.988183577841425	0.5650756213282898	
375.015	222.3	0.988183577841425	1.5144667674713765	
375.8002	154.1	0.988183577841425	2.910496334380864	
434.0772	194.57	0.988183577841425	-1.9584080143445053	
375.9496	218.36	0.988183577841425	0.7395408973620066	
376.0434	388.19	0.988183577841425	1.163732968118869	
376.2515	24.87	0.9900072343819097	0.05966538317458558	
404.9514	227.95	0.988183577841425	-1.180650458527106	
376.8347	321.69	0.988183577841425	0.5883046390084157	
435.0684	194.7	0.988183577841425	-1.0968437081006686	
435.2504	26.18	0.988183577841425	0.4336211840960144	
376.9855	28.02	0.988183577841425	0.6601158828483223	
377.0177	208.52	0.988183577841425	-0.40802667031652223	
436.0718	194.96	0.988183577841425	-0.6201508736812916	
377.0455	161.75	0.988183577841425	0.2663902366963988	
377.0691	260.08	0.988183577841425	-0.25465120760093424	
406.0013	319.72	0.988183577841425	1.0344518315581612	
406.0013	323.01	0.988183577841425	0.4548413378255283	
436.2724	24.87	0.9900072343819097	-0.07685785311994887	C19H39O6P
406.8679	204.97	0.988183577841425	0.7128702983891047	
406.8679	209.3	0.988183577841425	-1.4918256639307907	
436.8699	228.61	0.9969817995094091	0.007340737269378983	
478.8795	228.87	0.988183577841425	-0.313186871041253	
436.9063	206.68	0.988183577841425	-1.2107474945386378	
478.9341	228.34	0.9900072343819097	0.04094798626996621	
437.072	194.7	0.988183577841425	-0.9376352621290241	
437.1874	194.96	0.988183577841425	-1.1688386885108264	
437.1874	198.37	0.988183577841425	-0.2754761967359662	
407.013	1.83	0.988183577841425	1.8337549927919414	
479.9849	310.27	0.988183577841425	0.6007137005226518	
408.1525	281.64	0.988183577841425	-0.3439006623019362	
481.0114	3.67	0.988183577841425	2.33537318215327	
481.0114	36.82	0.988183577841425	0.22956021366377877	
481.0114	101.76	0.988183577841425	0.17988364188251477	
481.0114	112.03	0.988183577841425	2.0150760817346987	
450.8608	204.44	0.988183577841425	-0.1596735613235842	
450.8608	210.62	0.988183577841425	-1.6180466653460055	
438.0731	194.83	0.988183577841425	-0.1953632243271933	
438.0731	214.82	0.988183577841425	1.0651431662421191	
481.3322	26.97	0.988183577841425	2.810913608646237	
450.9221	206.94	0.988183577841425	-1.7068900341362303	
438.9043	206.68	0.988183577841425	-0.5631127522205851	
439.001	1.83	0.988183577841425	0.5698492364543452	
439.0464	209.3	0.988183577841425	0.9718688528148077	
451.9254	206.55	0.988183577841425	-0.9317453594083526	
482.8747	202.34	0.988183577841425	0.26262878567437253	
482.8747	218.49	0.988183577841425	2.7183075607038454	
482.8747	229.39	0.988183577841425	0.8363433765296676	
440.1325	314.6	0.988183577841425	-0.36774536526603196	C19H19N7O6,C19H27N3O5S2,C19H19N7O6
440.8949	219.02	0.988183577841425	-0.31621683136034806	
440.8949	227.95	0.988183577841425	-0.14355214851514161	
440.9084	29.2	0.988183577841425	-3.026105412417049	
440.9492	219.02	0.9900072343819097	0.04893452630962316	
440.9492	227.56	0.988183577841425	-0.6394880862156029	
440.9979	222.04	0.988183577841425	1.164024394584053	
484.3059	25.66	0.988183577841425	-0.20984431732596703	C29H43NO5
534.8836	206.68	0.988183577841425	-1.6453494239138087	
441.0308	295.3	0.988183577841425	-0.2013023263284214	
441.064	234.28	0.988183577841425	-0.4020805457554748	
535.0375	362.33	0.988183577841425	-0.8498431806137303	C14H22N2O16P2
441.1743	294.64	0.988183577841425	-0.902087955809072	
485.3382	128.25	0.988183577841425	0.8271864230768416	
613.1408	365.61	0.988183577841425	-0.5688530009696235	C20H31N4O16P,C20H31N4O16P
486.3416	128.11	0.988183577841425	0.48432913376170195	
452.9201	206.94	0.988183577841425	-1.1666285813690163	
536.8817	206.55	0.988183577841425	-1.498083023277652	
537.0169	222.17	0.988183577841425	1.33275561821591	
486.9002	219.02	0.988183577841425	0.6105867715869915	
486.9002	227.69	0.988183577841425	-0.6333584162679607	
538.0202	222.43	0.988183577841425	2.5841680387045054	
539.0217	222.57	0.988183577841425	0.8312705859804707	
619.0202	222.17	0.988183577841425	1.6038613521517637	
619.2893	152.66	0.988183577841425	2.300655255212706	C27H51O12P
619.2893	156.37	0.988183577841425	1.2190770026127848	
619.2893	159.39	0.988183577841425	-0.8444952279213103	C27H51O12P
619.2893	163.85	0.988183577841425	-0.49143803037178163	C27H51O12P
620.0236	222.17	0.988183577841425	0.7099162735215118	
620.9679	370.73	0.988183577841425	-0.3887980781234252	
621.0249	222.3	0.988183577841425	1.4061691788103186	
540.0543	347.49	0.988183577841425	-0.5872875161094604	C15H21N5O13P2,C28H22Cl3NO4
628.057	356.15	0.9900072343819097	0.036658127636361004	C17H27N3O17P2
489.2779	23.03	0.988183577841425	-0.4284700765328147	
455.0136	222.17	0.988183577841425	1.3689524061981777	
455.0466	260.21	0.9900072343819097	-0.09263231314254217	
490.2814	23.03	0.988183577841425	-0.3040998137724525	
543.9689	298.71	0.9900072343819097	0.07868713666914062	
630.9024	206.41	0.988183577841425	-3.00764770154154	
630.9024	207.33	0.9900072343819097	0.08512471176040567	
456.0171	222.04	0.988183577841425	0.7101296573363892	
632.8609	206.94	0.988183577841425	-1.5543506288568403	
633.0359	222.04	0.988183577841425	0.8566535538690542	
457.0185	222.43	0.988183577841425	0.8052390552147349	
457.0259	300.55	0.988183577841425	-0.27745889206264385	
634.0392	222.57	0.988183577841425	0.21765544951932211	
457.2261	25.0	0.988183577841425	0.310311780803182	
457.2261	26.97	0.988183577841425	0.22918972468006832	C23H38O7S,C27H30N4O3
548.8994	206.94	0.988183577841425	-1.9367673768435332	
635.0409	222.17	0.988183577841425	0.6482158951254473	
494.9081	211.8	0.988183577841425	-0.44888753048062385	
549.9026	206.68	0.988183577841425	-1.4315382432404256	
550.2119	359.7	0.988183577841425	-0.5539049988358569	
495.2099	180.56	0.988183577841425	-0.38007221521387724	
550.8976	207.07	0.988183577841425	-1.8151337659386892	
551.0325	222.57	0.988183577841425	0.8084424046618764	
459.2266	26.97	0.988183577841425	0.2461643086648955	
552.036	222.57	0.988183577841425	0.7799095139941984	
497.0235	1.96	0.988183577841425	0.9947576944184587	
646.8768	206.94	0.988183577841425	-1.1490477588690065	
647.8797	207.2	0.988183577841425	1.552598067796948	
553.0376	222.3	0.988183577841425	0.9049176035141515	
648.8754	206.81	0.988183577841425	-1.0413783198437976	
554.3466	131.56	0.988183577841425	-0.9056914227050711	C33H49NO6
651.3114	243.51	0.988183577841425	-0.3447923419869628	
500.2785	121.91	0.988183577841425	1.2532275763501963	
500.2785	127.2	0.988183577841425	0.14104262594270764	C23H46NO7P
500.916	219.02	0.988183577841425	-0.7595038325258497	
500.916	227.95	0.988183577841425	-0.36577825661880414	
500.9707	219.28	0.988183577841425	-1.6582812802037221	
500.9707	227.56	0.988183577841425	-0.8201815057869074	
501.7535	2.62	0.988183577841425	-1.51494088628061	
502.0109	302.92	0.988183577841425	0.5616076189693837	
660.842	218.89	0.988183577841425	1.0686196055237145	
660.842	227.69	0.988183577841425	0.825632965611228	
556.8447	29.07	0.988183577841425	-2.068264306105064	
662.1029	347.49	0.988183577841425	-0.4063369265116717	C21H27N7O14P2,C21H27N7O14P2
662.8434	205.5	0.988183577841425	0.6763319908343898	
662.8434	208.25	0.988183577841425	0.6219914297041039	
664.1184	319.59	0.9900072343819097	-0.08291479654637254	C21H29N7O14P2
504.845	204.97	0.988183577841425	-0.11933088264010457	
504.845	208.38	0.988183577841425	0.20621924133272676	
465.0538	1.83	0.988183577841425	0.7163872856915905	
465.1418	280.99	0.988183577841425	-1.4409152676314971	
465.1418	285.45	0.988183577841425	-2.236946425676322	
465.1418	292.54	0.988183577841425	-1.6300670349859168	
465.1418	296.35	0.988183577841425	-1.9836684849196309	
465.1418	303.05	0.988183577841425	-1.9632742009829853	
687.0078	222.04	0.988183577841425	0.7724641634885269	
465.9911	298.98	0.988183577841425	0.15703963025819428	
466.1319	276.13	0.988183577841425	-0.951251714307627	
466.8345	204.58	0.988183577841425	0.7909491713789103	
466.8345	209.7	0.988183577841425	0.5671266284257825	
466.8889	204.84	0.988183577841425	0.6115324739082091	
466.8889	209.3	0.9896665593998459	-0.10591905808336453	
466.9922	298.85	0.988183577841425	0.7808410145857901	
563.3616	129.69	0.988183577841425	-0.30272280859934864	
701.0238	222.17	0.988183577841425	1.010503777835059	
702.027	222.04	0.988183577841425	0.8703617653488366	
564.8662	205.36	0.988183577841425	0.268246293819374	
564.8662	209.04	0.988183577841425	-0.5293282833342406	
565.048	370.73	0.988183577841425	-0.7183802244910551	C15H24N2O17P2
566.0515	370.73	0.988183577841425	-0.6895374979711016	C15H24N2O17P2
566.1234	375.33	0.988183577841425	1.3786671632596128	
510.8818	204.44	0.988183577841425	0.8938590609994759	
510.8818	210.62	0.988183577841425	0.7968607094632573	
469.029	222.17	0.988183577841425	1.027749387195441	
715.0395	222.3	0.988183577841425	0.5762693712366808	
716.0429	222.04	0.988183577841425	1.75738870197316	
717.0446	221.91	0.988183577841425	1.0477378746997503	
567.053	370.73	0.988183577841425	-0.7547353420750351	C15H24N2O17P2
470.0326	222.17	0.988183577841425	0.8178694940861565	
568.2055	299.11	0.988183577841425	0.634420804478253	
743.4071	257.45	0.988183577841425	0.16437636573685832	
744.8542	206.94	0.988183577841425	-1.5380489237981974	
471.0071	1.83	0.9900072343819097	-0.0904960856761659	
471.0071	54.97	0.988183577841425	1.4041280615110767	
471.0071	59.73	0.988183577841425	1.0431201583876655	
471.0071	99.49	0.988183577841425	2.2418898990842324	
471.034	222.17	0.988183577841425	1.7903760134637912	
513.3693	129.69	0.988183577841425	1.198502854719336	
761.3694	129.95	0.988183577841425	-0.5499500191331834	
572.1473	403.85	0.988183577841425	-1.185972971374782	
572.1473	410.31	0.988183577841425	0.8176817342918574	
572.972	207.99	0.988183577841425	0.691734852211662	
573.3908	129.69	0.988183577841425	0.526734929164768	
574.3939	129.69	0.988183577841425	1.273566790496674	
783.0272	222.17	0.988183577841425	0.7532414606817124	
518.1022	262.18	0.988183577841425	2.6024043849026053	
518.872	219.02	0.988183577841425	-1.350097297219392	
518.872	228.34	0.988183577841425	-0.30602447745640843	
518.9093	205.89	0.988183577841425	-1.392781225083067	
518.9093	208.65	0.988183577841425	-1.6796975665430787	
797.0427	222.04	0.988183577841425	1.1236307038954918	
798.0458	222.3	0.988183577841425	0.17846421915258096	
578.8931	218.89	0.988183577841425	-0.4300601384754476	
578.8931	228.21	0.988183577841425	0.2559134326738954	
579.0276	420.78	0.988183577841425	-0.8516887840872827	C15H22N2O18P2,C15H22N2O18P2
580.031	420.78	0.988183577841425	-0.9022927328696647	C15H22N2O18P2,C15H22N2O18P2
475.0196	1.96	0.988183577841425	0.8712418817351837	
582.9191	219.02	0.988183577841425	-1.526422355400579	
582.9191	227.56	0.988183577841425	-1.993926205172116	
582.9736	219.15	0.988183577841425	0.6544194676827289	
582.9736	227.16	0.988183577841425	0.8670903439355946	
522.8979	219.02	0.988183577841425	0.4144180091767525	
522.8979	227.29	0.988183577841425	-0.6984789400316839	
522.9524	219.28	0.988183577841425	0.8119598417004403	
522.9524	227.16	0.988183577841425	-0.5866371951910325	
523.0011	221.91	0.988183577841425	0.833865852235172	
586.4001	129.69	0.988183577841425	1.4660600482474555	
865.0297	222.04	0.988183577841425	1.0398396714123064	
523.8485	6.85	0.988183577841425	-2.401476769782173	
524.2363	242.72	0.988183577841425	-0.6597705287426645	
879.0461	222.3	0.9900072343819097	0.069459616034975	
587.0304	370.73	0.988183577841425	-0.5787628770795757	C15H24N2O17P2
587.4066	129.69	0.988183577841425	0.760892749705867	
588.0336	370.73	0.988183577841425	-1.2893916408197446	C15H24N2O17P2
588.0757	378.48	0.988183577841425	-1.2993433565951666	C16H25N5O15P2
588.41	129.69	0.988183577841425	0.5705471161204029	
961.048	222.43	0.988183577841425	-1.076804701857891	
589.4126	129.3	0.988183577841425	0.7252474931412737	
526.9071	205.1	0.988183577841425	-1.585155036608739	
526.9071	209.04	0.988183577841425	-1.6204251711055655	
597.3051	165.3	0.988183577841425	-0.16068356438401715	C27H51O12P
600.3242	165.03	0.988183577841425	-0.227512322252307	C27H53O12P
604.9558	219.28	0.988183577841425	0.5537669386204349	
604.9558	227.03	0.9900072343819097	-0.046767363838077884	
605.0045	222.04	0.988183577841425	0.7581443123503229	
606.075	355.89	0.988183577841425	-0.5225245771564733	C17H27N3O17P2
607.0782	355.76	0.988183577841425	-0.5220847621573729	C17H27N3O17P2
608.08	355.89	0.988183577841425	-0.6686838027023038	C17H27N3O17P2
611.1452	446.64	0.988183577841425	-0.5708526324622731	C20H32N6O12S2
