m/z	rtime	p-value	t-score	custom_id
166.0515	1.84	0.36855791731532994	1.4598203079985725	C10H8O
167.0894	24.51	0.05042712069545075	-3.697855846545553	
265.1066	27.15	0.17747526172440906	-2.2970519844210213	
265.1066	31.0	0.3352610716479281	-1.6059944507172352	
265.9621	20.04	0.5653774920524884	0.8905321085474834	
216.9226	22.14	0.5223410801045767	0.9909364747149391	
217.1044	22.41	0.19052888444598512	-2.2108264568847065	
267.1223	30.74	0.2967203770589651	-1.7390308190219455	
267.1586	26.37	0.1029701121789099	-2.819708608134746	
267.1814	24.38	0.03182906719682291	-4.301845658864808	
268.1257	30.74	0.42775246657825905	-1.267327132344724	
170.0811	23.98	0.3357768628974998	1.6022227883899365	
268.176	24.51	0.25011525231215337	-1.9216527759235054	
268.2116	24.51	0.2538221397804671	-1.908521689479652	
116.0622	38.75	0.8342558469539068	0.3275518548121429	
268.2712	229.69	0.21340780578258053	-2.0745459906120405	
268.2712	234.45	0.11954383433856205	-2.694909493915972	
268.2712	241.32	0.07526522725891868	-3.1892088222448067	
170.1731	0.79	0.3632610403010308	-1.487415759675774	
218.9196	22.14	0.5380994552365757	0.9556607215771322	
218.9817	22.8	0.7201278101951936	-0.5577257295022436	
269.136	24.51	0.09312989612394143	-2.947430516392975	
269.1388	26.37	0.6701607525978367	0.6607431815445474	
219.1127	21.88	0.3513813594919889	-1.5532529156513069	
219.1127	24.51	0.2002187360292412	-2.1344326503051567	
117.0741	23.33	0.7708723360005092	0.45412638724894544	
172.0942	21.49	0.42212361274864585	1.284876256507875	
271.2052	284.25	0.930033768664763	0.13419582366533434	
221.096	41.14	0.4758461877757141	-1.1322053243763504	
173.0783	22.41	0.5070825017403107	-1.0254973151389448	
119.0492	27.15	0.015204684375900572	-5.591957999176031	
119.0492	30.74	0.19714777978380404	-2.1503997251179228	
173.096	36.26	0.36139007169478715	-1.4980575716938238	
173.096	243.95	0.03054039324522367	4.425144897269731	
222.0986	41.27	0.47796491135225905	-1.1270388668357485	C16H22O2
222.0986	93.83	0.4884145289601084	1.08881370521938	C16H22O2
120.0809	24.51	0.016538114411962086	-5.356681244292497	
273.2573	610.1	0.7676496268461612	-0.4602943992759643	
273.2573	611.02	0.6701607525978367	-0.659905848813962	
273.9451	20.44	0.9069076208616691	0.18209158353509558	
274.0836	26.37	0.2831452382860435	-1.7856127529436692	
121.0649	30.74	0.3972676600353818	-1.3550788577525767	
174.938	22.67	0.1437886854117636	-2.5253882853299183	
274.1656	24.77	0.2276913981498688	-2.0125759034543234	
121.0843	24.77	0.1882467720849035	-2.224493129742216	C21H39NO5
175.0014	23.06	0.062498675529184464	-3.4266220533543534	
274.2737	34.15	0.9788101783608463	-0.037141677439905395	
274.9415	20.3	0.8923876286405271	0.22656576683127994	
275.0874	26.37	0.1799537137846852	-2.2813345882002913	
275.0999	21.36	0.21484943063829712	-2.066735209596421	
122.0686	30.74	0.7201278101951936	0.5560987612219457	
122.0686	65.67	0.2706340541074547	-1.8466638034391265	
175.119	1.58	0.6505541771083617	-0.7053914520137092	
175.119	24.51	0.019076612968074252	-5.11846665958524	
224.1581	24.77	0.19337327856937284	-2.1913958892474046	
176.0657	23.98	0.016538114411962086	-5.398524942183774	
275.9553	280.14	0.3658566638613022	1.478460088499667	
225.1207	21.49	0.16063945159635046	-2.4000180316121327	
124.0587	23.33	0.359621954784734	-1.5097265446932586	
277.9333	2.63	0.23863216712264626	1.966228760677048	
226.0448	23.06	0.010358454558160856	-6.147359941357111	
177.1637	38.49	0.9585613622796475	-0.08318838151113538	
226.1549	0.66	0.4129985747299312	-1.3109686614670613	
226.1913	0.79	0.3117577240830725	-1.6836678270226455	
226.9513	21.62	0.07471209098662385	-3.2104109382726653	
278.9311	2.37	0.29467174378150734	1.746662987482982	
278.9648	20.83	0.2763665417771251	1.819951016970202	
227.0419	22.93	0.07975300962937723	3.1081594482458943	
279.1222	36.39	0.027496894135595477	4.566057285391191	
227.1753	0.66	0.3982751686947151	-1.3521000660151334	
227.1753	24.51	0.08879855368842143	2.994709796176804	
179.0815	0.66	0.44168238770029544	-1.2193825982187438	
227.9547	21.62	0.08341623737375238	-3.0530317705624475	
228.2685	58.39	0.15530186662123446	2.429192988710374	
228.9556	21.62	0.07361670445574771	-3.2275314817351966	
280.2632	36.91	0.007223477410769566	-6.927192748131069	
280.2632	48.91	0.006469188991926715	-7.196830605640953	
281.1012	30.87	0.3761463173629601	-1.4319820629079902	
281.1379	34.94	0.3593326111472356	1.5180102439923346	
281.2665	36.91	0.04327366601755143	-3.906417172335461	
281.2665	48.78	0.006494217268547394	-7.120800017430298	
129.0698	38.23	0.2044274106699078	-2.1155575801889817	
181.0096	22.01	0.008490417837377641	-6.490031998446254	
129.1386	0.79	0.25260033712853847	-1.9133661086117106	
283.0939	24.38	0.1528140013826702	-2.4500032255076833	
283.1173	26.76	0.015204684375900572	-5.591819629381601	
283.1173	29.39	0.056142086655731005	-3.5588573079369	
232.112	44.68	0.437568494516926	1.233984502247831	
232.1189	0.66	0.59296196498941	-0.8337234167915285	C13H21NO6
232.1447	0.66	0.47511158978322326	-1.1370213659687307	
232.8965	22.8	0.6285345816447161	0.7525131495747107	
232.9173	20.04	0.007223477410769566	6.9520539124960425	
284.1207	26.76	0.023698115770443933	-4.804736242897227	
284.1207	29.65	0.16357230726561686	-2.3836325252947184	
182.0297	25.29	0.2990937886983922	1.7265690098081452	
131.0491	26.37	0.10643795054936027	-2.789790717702756	
131.0491	47.07	0.905387647162212	-0.1915535050750895	
182.0811	23.06	0.03809005096074972	-4.085532425375339	
284.2064	24.51	0.16464993696764643	-2.375117773342467	
233.0783	22.8	0.3919837658312079	-1.3745724188320412	
233.1508	0.66	0.5329004390135633	-0.9715931221413081	
284.2945	77.64	0.06400110394349827	-3.380211377313962	C13H23NO6
132.0031	21.88	0.15530186662123446	-2.4307514320283787	
284.9099	22.01	0.5474153588811641	0.9301722351456141	
285.1096	24.24	0.08780277155595051	-3.0057048615087805	
233.9128	22.14	0.09859968447631161	2.875836093213721	
132.0888	38.36	0.8982865723563808	0.20303466777741347	
285.2099	24.51	0.2002187360292412	-2.1330567773373184	
183.0781	23.06	0.09447563850303847	2.9319494639334853	
285.2979	77.51	0.08082257653255247	-3.0783395585761353	
133.1052	23.98	0.016538114411962086	-5.368255706507269	
286.9068	22.14	0.3681916964672004	1.465455829990678	
286.9597	20.17	0.7509262506649286	0.4931669837583672	
287.0888	24.24	0.2793475272275733	-1.8081395892872194	
134.0683	36.26	0.9063304579474158	-0.1865368614182061	
235.0751	33.63	0.16691081888144	-2.35981975369939	
184.0817	22.8	0.3989113061618786	1.3466152601196666	
184.8889	20.04	0.04264071054057371	3.9352603661214114	
236.1026	0.66	0.3181947017614424	-1.6627106799776978	C14H20O2
135.1167	38.36	0.9769600627523018	-0.04570241900215053	
288.2893	34.42	0.7436457683956417	0.5112937892527772	
288.2893	36.39	0.49215967213355455	1.0641089183358037	
135.1209	1.32	0.5550724099214943	-0.9120938162596364	
135.1209	21.36	0.8029143918565694	0.39344152941268723	
236.1502	24.9	0.9973366531880401	-0.004608296347152002	
185.1648	0.79	0.359621954784734	-1.5084188918625399	
289.2926	36.39	0.9080662085021095	0.17532212819411713	
289.2926	42.45	0.8074517714742422	0.37924982142420016	
290.1969	25.16	0.3799879344252492	-1.4143018684484059	
136.1201	38.49	0.9999112408993721	-0.00011527411928322732	
237.1232	22.01	0.22968343054702137	-1.9969610268825007	
237.1272	113.49	0.07675563281812299	3.15961585545827	
137.0457	22.41	0.05637391775768135	-3.537631359307897	
291.1814	0.66	0.4421890551971808	-1.2163418121573653	
291.1925	32.05	0.7556299858898794	-0.4832600344594359	
186.1681	0.92	0.2486116362992796	-1.928894992665608	C18H34O
237.9547	2.24	0.21982317186677436	2.0413156131675905	
237.9779	2.76	0.3513813594919889	1.5519168648347892	
238.1201	26.63	0.8923876286405271	-0.22520954194131265	
292.2125	27.02	0.3775160390894048	-1.4233699478293682	
138.0489	22.41	0.09859968447631161	-2.8752793086597346	
238.2276	0.79	0.43011260351650127	-1.2616115070850036	
188.0705	24.77	0.2363367281198655	1.975987529562725	
239.1754	21.75	0.62335921771035	-0.7680506525597595	
188.1756	22.8	0.05817214570982612	-3.4946553258551565	C20H30
294.2789	215.36	0.25681574951607083	-1.8958755796045117	
294.2789	220.63	0.3593326111472356	-1.519644918986343	
189.0522	22.8	0.5112052922468059	-1.0145951043945751	
189.0732	22.14	0.09516096133876517	2.9162281461914272	
294.9386	21.22	0.0666629285939291	-3.3295344115107675	
189.112	108.45	0.17107875425223348	2.337091180784708	
140.0679	21.22	0.3815107363436092	-1.4087064242994758	
140.0679	22.67	0.5839375698406077	-0.8522369768576828	
140.0679	189.41	0.3193452168432927	-1.6533089887704813	
140.0679	194.79	0.21773888211338804	-2.051059628492336	
240.1804	24.51	0.1440557761440613	-2.5122529422985123	
240.1804	27.81	0.4141533792121466	-1.305519964870967	
189.123	21.62	0.06471390693803324	-3.365057757110246	
295.9419	20.7	0.057791437284408095	-3.5041671172142776	
140.1069	0.79	0.3931864533683219	-1.3682569019791673	
240.2683	78.69	0.7423413065465166	-0.5139347746815266	
240.9668	21.09	0.09312989612394143	-2.9476237688178752	
241.1042	24.51	0.4722720183444426	-1.1500817513806267	
241.1838	24.51	0.16257257157955074	-2.3898371706530743	
298.0829	26.37	0.37233242284841606	-1.4416239152087897	
141.1103	1.19	0.42415745851689246	-1.2788963184280375	
298.2737	36.91	0.010358454558160856	-6.158753674406679	
298.2737	48.91	0.007462395692040058	-6.778377779969041	
299.0886	24.24	0.24700313111943614	-1.93646331452725	
299.1483	36.52	0.18260297528124983	2.265699100176285	
242.9253	22.67	0.06517631022498135	-3.352351234652185	
299.2771	36.91	0.03809005096074972	-4.086234586448184	
299.2771	49.17	0.006494217268547394	-7.15243360193028	
299.35	64.46	0.23863216712264626	-1.9668935269745147	
243.1826	21.09	0.48050113339732947	1.1150495872286512	
193.1012	38.75	0.426235120800807	-1.2721701536202186	
193.1012	41.27	0.2990937886983922	-1.723639413543145	
300.9046	20.04	0.016538114411962086	5.380866070844403	C15H28O3
243.6844	20.96	0.34837663310971767	1.5618790118358123	
243.9415	22.01	0.8958215496428231	0.21140978869562388	
301.0945	26.63	0.9916442144348128	-0.016566521983983395	
301.1044	24.51	0.09426753975937124	-2.936188311037195	
193.1699	0.79	0.3769251766475857	-1.4277924832556719	
244.0342	22.14	0.6174922775006344	0.7812754423316238	
144.0476	24.38	0.26732972087707746	-1.8623799705950446	
244.2632	36.39	0.5049636819927747	1.0307712690284798	
244.2632	41.14	0.5951041198499546	0.8287713048290641	
244.2632	43.76	0.3799879344252492	1.4130844500326865	
303.1197	25.97	0.5271478656422692	-0.9821181364879801	
245.0993	22.27	0.4304811804118512	1.2583690438212363	
304.2124	25.71	0.4623783230699264	-1.1712826036673483	
304.2124	28.2	0.274084746569027	-1.8289953076633105	
246.1012	22.14	0.37183015407451836	1.445384125174202	
305.0992	24.51	0.04060542573587175	-3.986923988944668	
305.1355	26.37	0.14373814344730332	-2.529136578912483	
196.0968	22.01	0.31832517716430964	-1.6577466120271884	
246.2426	27.42	0.4988164891325341	1.0432608789607904	C14H26O3
306.1917	24.77	0.3671358056984207	-1.4691583544682993	
307.892	20.04	0.6456519483101137	0.7178082791023273	
308.1429	69.34	0.3315755254539952	1.6163723857020305	
308.1965	37.04	0.6466557382281877	-0.7154894261515776	
308.1965	41.01	0.4643965374693693	-1.1647762422862626	
147.0439	23.33	0.5840052886204847	0.8511442398251262	C13H18O2
308.2792	65.38	0.8074517714742422	0.3805234365655958	
147.065	26.23	0.30094839227140213	1.7164865660945328	
147.065	30.74	0.6548020509356955	-0.6968218170247436	
248.237	36.52	0.2716184015481033	1.8401156569543995	
248.237	41.14	0.24321057461565496	1.9501432246084227	
147.0764	23.85	0.7709144830364363	-0.4530759548955499	
249.1118	30.61	0.6247158242824051	-0.7617419204492998	
309.1459	69.6	0.36139007169478715	1.498599542793168	
310.2225	25.16	0.19629547854653112	2.163577956997105	
310.9124	22.93	0.12123830592560926	-2.6827857741244125	
148.1199	611.02	0.6366621889412494	-0.7378201857206443	
198.0977	24.51	0.5550422220359142	0.9141437808071916	
311.0887	24.11	0.42775246657825905	-1.267622346780489	
311.1462	24.77	0.08060792592542129	-3.0884288260509	
311.1462	26.5	0.038764223918947814	-4.053411615562923	
311.2771	214.7	0.3933738691593287	-1.3644643689001306	
311.9292	22.14	0.5455074498911521	0.9349518555609757	
251.1427	66.98	0.1509433723032884	-2.4674592438167036	
150.0582	23.98	0.017558542981200832	-5.263611985387662	
312.3257	218.24	0.37183015407451836	-1.4450101215324282	
313.1044	24.24	0.1422782893373869	-2.5428807432460894	
313.162	24.51	0.613861212817204	0.7911680072940905	
199.1011	24.51	0.7454382664803983	0.5036625980811812	
252.1706	0.66	0.41647041096450466	-1.298063592244528	
313.329	217.98	0.3688151077347389	-1.4564001861972657	
199.1917	3.02	0.4404453724997216	-1.2249611848075987	
314.1607	27.28	0.6688980977250385	-0.6635253796341987	
314.3323	218.24	0.3688151077347389	-1.4556472508959017	
152.0567	22.41	0.016538114411962086	-5.373344619342189	
315.1739	79.08	0.007223477410769566	-6.89595112884464	
254.1604	24.51	0.03091105135418723	-4.345432667657991	
316.2116	21.75	0.39954754335477516	1.344023665779009	
316.2485	28.34	0.9369977835090886	0.12212037512963891	
254.2476	29.91	0.8211805464363143	-0.35605855793408797	
254.2476	36.52	0.0258983274035805	-4.696528539262346	
254.2476	44.03	0.030664529448037582	-4.403505864665409	
254.2476	227.85	0.5112052922468059	1.0141366912522465	
254.8997	20.04	0.04327366601755143	3.899555251001508	
255.1205	28.07	0.05330904866827533	-3.6280426168996724	
317.1145	26.37	0.5367264018006171	-0.9588672684726731	C27H42O3
317.2149	21.62	0.2990937886983922	1.726832992765281	
318.1916	25.29	0.2276913981498688	-2.012988411192195	
318.1916	29.78	0.11542721370140441	-2.7262757339602923	
203.0073	22.27	0.6366621889412494	0.7376764401277671	
318.2172	21.62	0.28867315365235796	1.7650949120620705	
203.1388	21.75	0.08780277155595051	-3.00545990298938	
319.0938	25.71	0.15634968314061667	-2.422550444608086	
257.0571	26.37	0.4884145289601084	-1.0854694193925063	
257.0793	1.32	0.834709818246506	-0.3259646582177498	C20H39O7P
320.2073	25.97	0.33000340128468825	-1.6237517738643699	
320.2433	26.89	0.3799879344252492	-1.415127585164143	C22H42O4
156.072	23.85	0.07479207824173216	3.2024287309469393	
204.9979	22.27	0.05171695669879419	3.6594243513471527	
258.0605	26.37	0.2863040726224403	-1.772188026005859	
205.0971	0.66	0.9945687882628252	0.010492256297522585	
205.0971	24.24	0.2629558588589548	1.8766999476656328	
322.0772	2.1	0.47511158978322326	-1.1369102445838963	
322.1865	27.55	0.3682376437817667	-1.461664476274372	
323.1461	25.03	0.08052645793494026	-3.0924887148990035	
259.0746	1.19	0.8958215496428231	0.2140592818968895	
259.105	21.49	0.22968343054702137	-1.9984405445113935	
157.1698	22.67	0.7339727236576504	-0.5278106664837966	
206.8938	22.27	0.3598253253972435	1.5054714479425435	
158.1368	0.79	0.30821107877329584	-1.6942747009618067	
325.1618	25.29	0.007376473320044451	-6.819700534870006	
158.1651	0.92	0.3073842096736279	-1.697707635108309	
158.1651	23.85	0.11213770382659827	-2.748716036238511	
207.1169	91.99	0.015336388687416429	-5.563750958352692	
326.1609	0.66	0.7201278101951936	-0.5560004017847043	
158.9639	21.75	0.04285721800651119	-3.9261019163141495	
158.9924	22.27	0.04010180749003205	4.015541940218482	
261.0733	22.93	0.9906321817267422	0.019017074906397206	
261.1095	0.53	0.4320149029030468	1.2516544421656535	
261.1095	28.86	0.3933738691593287	1.3647966490607484	
159.0276	22.14	0.1422782893373869	-2.541124871261688	C21H44NO6P
261.1306	22.27	0.5769183331784807	-0.8650542103726901	
326.3415	224.31	0.28126937435562	-1.7952113887728127	
327.1201	24.24	0.07008001019537038	-3.276675032169223	
327.1376	41.66	0.6143160989857299	0.7875653294113175	
327.1411	24.64	0.09859968447631161	-2.8680388684986715	
327.1411	27.28	0.03809005096074972	-4.087129977803035	
327.3366	213.12	0.4817929703294775	-1.108234524171325	
327.3449	224.31	0.18052588976546968	-2.277267860710948	
328.2124	0.66	0.6165849429559842	-0.7834972759745633	
328.3401	213.25	0.3959353680134499	-1.3586504106180697	
159.1491	1.19	0.3931864533683219	-1.3690904582908323	
159.9674	21.88	0.03809005096074972	-4.093081187952677	
329.1357	24.11	0.09600591589398609	-2.907390928121192	
160.0309	22.14	0.1767255133177925	-2.307169042264236	
209.0961	47.07	0.871343842454677	0.2691501948083466	
329.1533	47.07	0.8755027560735253	0.2588737843474086	
330.1563	46.81	0.8400510448408633	0.31645514867821384	
330.2278	21.36	0.9669032691284732	-0.06641769969934015	
330.3362	80.79	0.2116651316466789	-2.083539254555023	
210.05	24.51	0.018601651469709813	-5.163830895770493	
210.0991	47.2	0.9585613622796475	0.08153634024360211	
331.1666	58.66	0.8452239431691674	-0.30775151476228446	
331.3396	80.79	0.21340780578258053	-2.0753985988587926	
161.0919	21.62	0.1422782893373869	-2.5405846197011557	
210.1964	0.92	0.4215058651668267	-1.287756039707162	
332.2072	28.2	0.8958546754077967	-0.21030963941566408	
332.2434	28.2	0.4884145289601084	-1.0827640655597195	
210.9775	21.22	0.3037812751259743	1.7072248176284308	
369.1306	24.9	0.3124742996772595	-1.678001142566175	
369.169	30.74	0.359621954784734	-1.5093934479777646	
369.1882	25.16	0.04885132452187143	-3.742515387604241	
369.1882	26.1	0.04327366601755143	-3.9055700034906304	
369.1882	28.73	0.016538114411962086	-5.384492365173996	C27H41O2F3,C29H42O4
369.1882	29.65	0.07975300962937723	-3.1185221990523013	
334.1861	26.63	0.06319577579624039	-3.397958367998467	
334.2228	26.76	0.5412830571070278	-0.9489547486811759	C27H44O
334.2945	36.91	0.43333071284240027	1.245555289116288	
334.2945	49.57	0.5826681305814397	0.8560059448907271	
334.3374	78.56	0.8253543005552545	-0.34883149988417905	C20H42O7P2
369.8873	22.14	0.11886428323530576	2.7035802654755074	
162.1488	1.19	0.3593326111472356	-1.5230668742876023	
211.1804	0.79	0.3435006942328504	-1.5787951129836868	
335.1894	26.63	0.359621954784734	-1.5151134344139152	
164.0738	22.01	0.004399629031692911	-7.819652668096087	
336.2019	24.9	0.2151009284858458	-2.064227322970631	
336.2019	27.68	0.056142086655731005	-3.548279098134523	
164.128	21.49	0.4585364412778349	1.1807537898151632	
336.882	2.24	0.06252101437752658	3.422667995605732	
337.1043	24.51	0.7005773300175882	0.594861069080552	C7H10O4
165.0546	23.06	0.12400342749728693	2.6648681417755773	
372.8809	20.04	0.5647467118279343	0.8932538960533575	
372.8809	23.33	0.3910145439671116	-1.3804905096649736	
337.1615	26.89	0.208078126639464	-2.0984846326766595	
165.0909	317.86	0.037803604058590845	4.125707354468421	C21H41NO3
374.2111	46.81	0.9069076208616691	0.18246061786794315	C22H37NO5S
374.8816	20.04	0.34837663310971767	1.5618875733925928	C23H48NO6P
375.214	47.2	0.9758249942796104	0.04941208588814189	
339.1411	26.63	0.04327366601755143	-3.8547165063322018	
375.3214	88.71	0.015204684375900572	5.622435217205972	
214.2527	36.39	0.14297499557766669	2.53500628078295	
421.2623	28.6	0.7903671456146699	0.418708695617941	
376.9414	20.96	0.12689784738922572	-2.6419495634252472	
340.2302	51.27	0.027353523497889734	-4.586509761062006	
377.2007	193.61	0.06273597326679692	-3.4164714624172943	
340.3572	232.35	0.19629547854653112	-2.158536780820715	
422.2746	26.76	0.9669032691284732	-0.06420461519495471	
422.2746	33.37	0.6199386378545149	-0.7759822221483004	
422.8815	21.75	0.8093191125594179	0.37388889765472033	
423.1409	26.76	0.0948343889641108	-2.9239423735720202	
423.1409	33.1	0.43933597741465413	-1.228811974542457	
340.9306	20.44	0.9788101783608463	-0.03856936462373557	
378.2085	193.87	0.056142086655731005	-3.548475490864264	
378.2119	27.28	0.0700040761849085	-3.2882805317935695	
378.2119	33.37	0.15142530840704352	-2.458937066872833	
378.2119	36.39	0.1456541870995335	-2.498230106599678	
341.1357	24.77	0.06433460512927505	-3.3728725655622056	
341.1566	24.64	0.1837936359227683	-2.258725838474631	
341.1566	27.55	0.017558542981200832	-5.251659825049739	
378.8997	22.67	0.19337327856937284	-2.1881242927721036	
424.254	26.89	0.8335166205830096	0.33044397057043734	
341.3606	232.35	0.19629547854653112	-2.163646859593309	
424.8961	20.17	0.4404453724997216	1.223259952229084	
425.135	30.61	0.021111694090183906	-5.005959561367349	
425.1564	30.44	0.056612818862685786	-3.5302545452016707	
379.2816	161.46	0.03766196244485237	-4.134898872950337	
379.2816	168.06	0.07559261910221353	-3.1798380598941316	
425.3773	202.31	0.02241536425964751	-4.896885363703747	
215.1444	22.01	0.6816889162131105	0.6293601093524933	
379.9164	21.88	0.9069076208616691	-0.1794760390136487	
426.1388	30.87	0.07895505670592957	-3.1302598259022694	
426.1598	29.91	0.057791437284408095	-3.5033441716686555	C29H50O4
380.2083	194.27	0.06517631022498135	-3.356059356420725	
342.9288	20.44	0.7446125117309805	0.5061052200910399	
380.2277	25.43	0.43933597741465413	-1.229759817781031	
380.2277	28.2	0.07562888915406343	-3.1763902344407797	
380.3307	239.58	0.13677901441249912	2.5788961320793	
343.1149	24.51	0.12689784738922572	-2.6435339738371177	
343.1149	27.28	0.0258983274035805	-4.682019366941938	
343.1321	41.53	0.01865374180897628	-5.149913722302619	
343.1689	53.51	0.5380994552365757	0.9548318748948036	C14H18O2
343.1724	24.77	0.03294307477722814	-4.267453874700409	
427.2509	283.99	0.3870547576982027	-1.3901178894896566	
381.2996	176.12	0.731831715864915	-0.5322066693968468	
381.3147	243.95	0.012498621913151384	5.91502992229799	
428.0364	1.97	0.4885682152923395	-1.0756257890228025	
428.253	283.34	0.4612395224722349	-1.1742501313933782	
344.1358	41.01	0.017393614461793112	-5.297313474924049	
428.2572	145.65	0.056142086655731005	-3.5492188180403303	
344.1717	0.66	0.3799879344252492	-1.4150459342153223	
344.1717	53.38	0.5709111587924541	0.8794519120062985	
344.2072	29.12	0.3546147843542201	-1.5389398394230402	
428.3366	64.85	0.03809005096074972	-4.078614495023978	
382.2043	194.01	0.1463869210670289	-2.492656053138228	
382.2433	25.43	0.7936150428745462	0.41223044824680044	
382.2433	27.55	0.4758461877757141	-1.1314478518357116	
345.1305	24.24	0.06517631022498135	-3.3494303162686405	
383.125	41.01	0.006469188991926715	-7.19742419262169	
383.1479	27.02	0.07008001019537038	-3.2729907304548433	
430.2739	110.42	0.05031875907218613	-3.71543972173533	C23H39NO6S
430.2739	189.54	0.5412830571070278	-0.9476425040465988	
383.2787	65.12	0.04060542573587175	-3.984065294507693	
383.3304	254.1	0.3593326111472356	-1.5201862870460918	
346.2161	92.12	0.0258983274035805	-4.684523314427328	
346.2161	96.1	0.03809005096074972	-4.104265223187451	
430.9138	21.09	0.05397152932974279	-3.6021340616856357	
346.2228	26.37	0.624382064717466	-0.7645743666062546	
346.2228	29.52	0.42294204076517644	-1.2823351506712422	
431.1781	200.87	0.003571422457797086	-8.476122906202509	
431.217	30.87	0.3513813594919889	-1.5520949671221465	
384.3104	65.8	0.04327366601755143	-3.880689968392096	
431.2464	21.49	0.48042516219839065	1.1199633555579764	
384.3338	254.1	0.35324037917825174	-1.5459455225159118	
431.3836	295.29	0.3593326111472356	-1.5179778547823477	
431.9163	21.09	0.07549120370719711	-3.1839206444893278	
384.7715	22.67	0.006436472097209701	7.279743218570031	
346.952	20.7	0.24799002306425624	1.9321735255940384	
432.1814	200.87	0.003842704396880228	-8.084314917950612	
385.1828	25.43	0.008490417837377641	-6.484593952921816	
385.1828	28.2	0.015204684375900572	-5.623939092299883	
347.2187	91.73	0.013279166772614419	-5.817678503031655	
347.2911	26.63	0.07462609316257567	-3.214465904268234	
432.3871	295.29	0.32909578754887586	-1.6283693531527872	
385.2731	276.59	0.01437074454942662	-5.711286947203454	C23H48NO7P
385.3421	197.98	0.1440557761440613	2.514095258052641	
385.3421	203.89	0.4884145289601084	-1.0804257016178123	
433.2406	30.87	0.8982865723563808	-0.20323265194228737	
434.2432	30.74	0.9069076208616691	-0.17980080374346344	
434.2744	26.63	0.723406182655224	-0.5481269153327837	
434.2744	27.94	0.49763482031387213	-1.048158184051902	
434.3347	150.25	0.8132512524420991	0.3669562206947103	
348.0704	1.71	0.49215967213355455	-1.0617677088223296	
386.2535	0.66	0.3389464388101606	-1.5938719822876461	
386.2535	28.47	0.6767539527806106	-0.642450490097982	
348.202	25.84	0.2831452382860435	-1.7866219558957728	
348.2383	26.37	0.7973089238830037	-0.404008730033656	
435.2447	30.74	0.9507092324444296	0.0981580495481533	
435.2622	193.87	0.10043758537099676	-2.8442800933583197	
436.1963	27.15	0.022042048396704074	-4.93639859524599	
436.1963	28.86	0.19629547854653112	-2.160687895543327	
482.2877	102.67	0.35324037917825174	-1.545485191964886	
482.2956	27.55	0.9348107073088289	0.12706568613287977	
436.2538	26.37	0.7763084266342735	0.4433117289454487	
436.2538	30.17	0.8631906924019251	0.2802802736037297	
349.8916	20.04	0.8923876286405271	0.2291811350887024	
387.1986	24.64	0.06006647145719904	-3.467129607514628	
436.3417	202.57	0.3658566638613022	-1.477490282963848	
387.2526	58.0	0.08060792592542129	-3.0830979236803744	
350.1721	51.27	0.9491791477599542	-0.10340232953471266	
350.1774	145.65	0.028096529146388074	-4.532247098595245	
350.1774	189.54	0.8286429771498012	0.34096341482090775	
482.9267	20.83	0.486881658347786	1.0935413517899364	
350.2173	27.42	0.49215967213355455	-1.063153790759813	
350.2534	26.89	0.4141533792121466	-1.3058765535516972	
350.2534	27.94	0.43601911101631596	-1.2376939567915228	
483.2991	27.28	0.6625380689292149	-0.6738377425709282	
351.1352	46.94	0.9101951022372968	0.17107336449504354	
437.2581	193.74	0.05308737341110849	-3.635422627823777	
437.3112	37.17	0.9144628730942693	-0.164624907420859	
388.1829	30.87	0.5070825017403107	1.026176484180813	
388.1902	41.53	0.4612395224722349	-1.1742060586239245	
437.345	202.18	0.3848714853027998	-1.3979207464778416	
388.2266	53.38	0.6214756821164025	0.7729151438904421	
437.8745	20.3	0.15142530840704352	2.460701548661202	
437.8745	21.88	0.1412228476020605	2.553001741831378	
485.2793	218.38	0.05380938030485587	-3.612614296405777	
438.2613	193.87	0.05637391775768135	-3.5373153598212674	
438.2695	27.02	0.7034419124800858	-0.5882219028715018	
485.3587	20.96	0.4988164891325341	1.0436994374137154	
485.4673	265.84	0.9240415688520478	-0.1450161287155652	
439.1359	28.86	0.05042712069545075	-3.694791925082879	
388.3935	171.37	0.6517317426942963	0.7028480766027357	
439.3181	153.17	0.002342501058296511	9.531604645518335	
439.3391	182.03	0.0006789999408232199	-12.678584289567619	
486.3617	21.09	0.9365613438975519	0.12376195844449023	
389.1855	30.74	0.3435006942328504	-1.5763041179512283	
389.1937	41.27	0.4884145289601084	-1.0798679381041159	C32H65NO3
352.8972	21.88	0.7357072544944548	0.5243188282781633	
487.3156	213.25	0.2563046404043891	-1.8990531560503698	
487.3331	220.35	0.6368993799162116	0.7339522133489679	
440.8687	20.17	0.2706340541074547	1.8485243319293558	
441.1308	24.77	0.274084746569027	-1.8272351567388605	C15H26O
441.1308	29.65	0.03091105135418723	-4.350480494271532	
441.1516	27.28	0.00897881363129464	-6.379709868279601	
488.2498	24.38	0.8958215496428231	0.21561854083353646	
441.2371	0.53	0.7446125117309805	0.5067008058795693	
488.2878	218.9	0.030022073864743253	-4.460775543982605	
488.3366	220.63	0.4932344413821233	1.058041441610938	
353.352	218.38	0.35324037917825174	-1.5429646955956633	
390.1883	30.74	0.30821107877329584	-1.6930501302294192	
441.2983	533.91	0.1954010802202526	-2.1739283007688432	
441.3546	209.68	0.0006461704992431942	-13.14588778861048	
390.285	28.99	0.6723080860312581	-0.6534253492824618	
488.8718	21.75	0.9775393095993906	-0.04383084185955377	
442.1547	27.28	0.012498621913151384	-5.901009706754956	
442.1547	154.09	0.9063304579474158	-0.18552499226167998	
442.1547	161.6	0.4884145289601084	1.076903797968973	
442.2573	52.06	0.4886916343035237	1.0733595302050816	
442.2573	56.82	0.31832517716430964	1.656894938244476	
489.3124	175.73	0.3671358056984207	-1.4687191010447842	
489.3124	214.17	0.26705286498228525	1.864628250734016	
489.3611	64.07	0.2776191634815173	-1.814863392191321	
442.4041	254.62	0.07008001019537038	-3.281115018931713	
391.2837	201.65	0.16567228485469299	-2.3668852807416334	
490.3156	174.91	0.3769251766475857	-1.4275687696157453	
490.3156	194.53	0.08778367909698616	-3.0112061727542407	
490.3156	214.04	0.10001950124652206	2.8504632847983817	
442.8692	20.17	0.585206433354173	0.8484726480129591	
490.3443	210.76	0.807023285345502	0.38483566386811113	
443.1568	27.28	0.022514958656713678	-4.8612903012903175	
490.4612	274.9	0.00875446514180285	-6.428936443082531	
392.2276	26.37	0.1062620980092447	-2.7933849351480897	
392.2276	28.6	0.2116651316466789	-2.0849352707652042	
443.3879	201.13	0.02156009392362469	-4.9686498779307495	
392.2537	36.91	0.5718317924257603	-0.8762119174712251	
392.2639	26.89	0.7699324554400078	-0.4563041032091159	
392.2639	29.25	0.7446125117309805	-0.5079413630855757	
392.2639	33.24	0.48050113339732947	-1.1162378062274168	
392.2871	201.65	0.19529549344004155	-2.1796346889113036	
444.2713	134.83	0.5357895803044029	-0.9653174314502697	
444.3316	64.46	0.05374624759397757	-3.6176839653498516	
490.8689	22.14	0.8075136901399046	0.3781633153802129	C27H54NO7P
444.9287	20.96	0.18665006670546788	-2.2358135249832	C29H40O7
491.3347	27.15	0.0258983274035805	-4.663265754380596	
491.3477	210.63	0.721979839757557	0.5516636800060633	
491.4647	274.9	0.008156421808643146	-6.601204990666815	
445.3349	64.46	0.030664529448037582	-4.38041682205958	
393.2574	37.04	0.7248752857999003	-0.5433847065817985	C33H65NO3
393.2574	41.01	0.6537857878555453	-0.6991490896298723	C27H56NO7P
492.2902	91.33	0.9497852619629749	-0.10063447212113327	
492.3381	27.15	0.04327366601755143	-3.856930349304243	
492.3445	181.9	0.5653774920524884	-0.8897484411715346	
446.2168	26.89	0.5223410801045767	0.9902800870619113	
446.2168	33.37	0.4544852595813828	-1.1895178911356519	
492.4249	222.07	0.11954383433856205	-2.6948748860972	
394.2161	162.65	0.05042712069545075	-3.6915449553198467	
394.2433	25.97	0.27995647881892466	-1.803676070829184	
356.3519	140.22	0.21982317186677436	-2.0420743165358886	
395.0262	22.01	0.2990937886983922	1.7221474941010009	
447.3828	269.52	0.13490679061369332	-2.5906398257910075	
356.9084	23.33	0.3839188823115358	-1.4018462659105013	
447.9038	22.01	0.5412830571070278	0.9461389446918618	
395.3994	249.46	0.2574980279677083	-1.8925198042289109	
448.2325	29.91	0.3632610403010308	-1.4885865928648052	
448.2325	30.74	0.49607057681600103	-1.0526262705597473	
357.1306	24.24	0.19305777114513153	-2.196437012530353	
357.1306	26.89	0.006436472097209701	-7.314276282449416	
357.1306	27.55	0.030022073864743253	-4.465680990590127	
493.3883	294.77	0.34691740171982405	-1.5674628124343584	
396.2316	194.01	0.05049332478379961	-3.681842325566697	
396.2939	32.32	0.69724946008382	-0.6021023721894566	
494.2958	28.07	0.6678541503616091	-0.6658761879627859	
449.2357	30.87	0.6492183363268416	-0.7091326816998926	
449.245	211.02	0.15530186662123446	-2.4314954777536326	
396.4194	286.21	0.1440557761440613	-2.5127285703359985	
449.3478	32.05	0.6409605497024217	-0.7250325826127166	
494.3917	293.98	0.6579426045012043	-0.6897249913658765	
397.183	25.29	0.030022073864743253	-4.454120209252947	
397.183	28.07	0.04327366601755143	-3.885159867174667	
450.2735	189.28	0.8790089754723693	-0.25124710375956144	
397.2351	193.87	0.12746286981850705	-2.63656878313945	
397.2709	0.66	0.660599349335203	-0.6810448801820079	
450.3512	32.32	0.5982416858042573	-0.8194691561508327	
495.2995	28.2	0.9497852619629749	-0.10043231073289743	
495.2995	210.63	0.7867926318022034	0.424177900739039	
495.2995	246.31	0.08020210683665481	3.0982817408228946	
451.2571	0.79	0.4320149029030468	-1.2521850340611784	
496.3112	26.63	0.5976061719616205	0.8213388537462912	
451.3543	32.32	0.6141625777740262	-0.7889329450015812	
452.2484	27.02	0.7799176442108828	0.4370422696872345	
452.2484	32.58	0.7637010988133771	0.46812170969718214	
398.2403	31.92	0.5678231785145864	-0.8848820558657313	
359.1462	24.24	0.030664529448037582	-4.367933525858988	C34H63NO4
498.415	263.71	0.04060542573587175	-3.9886498630693756	
498.9005	21.09	0.04745198013985515	-3.7714909607325695	
398.8899	20.3	0.3632610403010308	1.4898219325295698	
398.8899	22.41	0.48889996544655234	1.070965295678569	
453.2724	0.66	0.7936150428745462	-0.41063161345961613	
399.1434	28.86	0.08909679814734675	-2.986822688307048	
499.9036	21.09	0.02650570272911875	-4.621294704964799	
399.1987	25.16	0.004399629031692911	-7.830850879607293	
399.2499	0.79	0.5622391003395937	-0.8999530633812863	
399.2499	62.1	0.018300600359370253	-5.201932863351167	
360.1585	41.27	0.4722720183444426	-1.1500591338696489	
399.3253	193.22	0.4215058651668267	1.287074960239861	
454.1703	36.39	0.3352857881038271	-1.6045896359214453	C35H66O4
454.2644	27.15	0.07675563281812299	-3.1606328599348594	
454.2924	95.27	0.07479207824173216	-3.2000579878090814	
502.2921	65.8	0.4477850549551019	1.2026875917368305	
502.3733	83.02	0.2706340541074547	1.8463456898159156	
400.3053	65.12	0.030945179756981533	-4.33790108364563	
361.1923	210.76	0.7046526756534148	0.5827334487741916	
361.2343	0.79	0.5367264018006171	-0.9598715995549084	
361.2343	31.92	0.5957730850750101	-0.8268519730260306	
503.3269	224.04	0.8961530095480131	-0.20868989659555995	
503.3703	263.58	0.1546834409370588	-2.4381358646005102	C38H68O5
456.289	193.87	0.04745198013985515	-3.769294285453862	
456.3003	189.41	0.3688151077347389	1.4561694849202982	
361.3653	119.68	0.2990937886983922	1.7292578025010894	
457.1256	26.89	0.013279166772614419	-5.805485579521083	
457.2035	27.42	0.18665006670546788	-2.2382030178234524	
457.2035	32.45	0.1837936359227683	-2.257503997736956	C13H20O
401.159	27.15	0.024523074937622662	-4.756784560583863	
457.2483	187.44	0.03842555818758508	-4.0659854608231205	
457.2857	188.75	0.8958215496428231	-0.21770624586981366	
457.2922	193.87	0.04327366601755143	-3.8665478703151033	
401.2642	224.18	0.6816889162131105	0.6281742790931869	
401.3087	64.99	0.04191783139337313	-3.953860734687407	
401.3411	200.87	0.32909578754887586	-1.6270256998433976	
458.2896	188.75	0.9669032691284732	-0.06739104126344664	
458.3048	219.03	0.02241536425964751	-4.881744582718767	
362.217	26.63	0.7198857205911757	-0.5602594893557393	
362.217	31.92	0.3848714853027998	-1.3977041459164818	
402.1623	27.28	0.03110238166600531	-4.327190040505987	
458.3471	84.6	0.18593529382648127	2.245883467725358	
505.3082	210.76	0.17100104800391738	-2.3393831348506624	
458.4714	200.21	0.13286083741497645	-2.603428871761223	
362.3685	119.68	0.2689187553542651	1.8568036103137053	
402.3445	193.09	0.05042712069545075	-3.7075649318293338	
505.389	209.16	0.6089906628475761	0.7998302740484111	
459.2652	177.83	0.3335062036286033	-1.6109900564193724	
459.2652	198.51	0.07479207824173216	-3.20047900711703	
505.8908	209.16	0.7509262506649286	0.4932940520360433	
362.9259	21.09	0.05769993925874779	-3.5122194025786353	
403.1743	24.51	0.5106587298022649	1.0170046086514515	
403.1743	31.0	0.05452448557875199	-3.590301388384046	
506.311	210.76	0.1528140013826702	-2.4485134990432775	C63H117NO21
363.1715	234.85	0.40460458469857374	1.331520985635075	
363.1715	243.29	0.31832517716430964	-1.659341397376547	
363.2209	26.76	0.4886916343035237	-1.0735565018857194	
363.2209	192.43	0.003571422457797086	-8.40227867340106	
404.2061	30.87	0.36139007169478715	-1.4982255236582163	
404.2639	27.94	0.8335166205830096	-0.3328639910659567	
363.9293	21.09	0.35324037917825174	-1.543495383732977	
461.3625	211.55	0.660792475148036	-0.6771175970024405	
461.3625	221.15	0.06319577579624039	-3.3999647713335976	
508.3028	112.04	0.9147644363594042	-0.16317442580366542	
405.2094	30.74	0.5412830571070278	0.9463092367874129	
508.4718	275.03	0.008490417837377641	-6.515537634820252	
462.3056	28.47	0.6726361359158718	0.6490896555961247	
462.4149	203.1	0.6247158242824051	-0.7599262664790842	
462.4149	210.63	0.5209062072052826	-0.9954759590056056	
364.2327	25.03	0.44813533915317416	1.2010168456969066	
364.2327	27.81	0.5623451719424106	-0.8977276458274013	
364.2327	33.37	0.4745238282516812	-1.1432443704187272	
509.3063	112.44	0.9788101783608463	-0.03895579856649522	
406.0421	21.62	0.372633514837657	1.4398389078022908	
406.2009	41.01	0.06319577579624039	-3.403464587017201	
406.2122	30.74	0.7446125117309805	0.5089164896103261	
406.2433	27.94	0.5207657408629887	0.9967056238456362	
406.2433	33.89	0.7582919505713744	0.4789106638755887	
406.2433	36.39	0.8923876286405271	0.22630537966898084	C12H14O
509.4753	274.9	0.0700040761849085	-3.2871517297479853	
463.2771	34.94	0.4988164891325341	-1.0443428155070795	
407.2044	41.79	0.0611447031519798	-3.446483724490965	
464.2188	193.48	0.1437886854117636	-2.524466874188928	
408.2229	26.37	0.09490137676868027	-2.9207908771259365	
464.2277	27.15	0.660599349335203	-0.6819746471956533	
364.9947	24.51	0.8258261231420709	-0.3472258229746662	
408.2589	28.2	0.5357895803044029	-0.9659179220672715	
408.2924	110.16	0.009573559888555001	-6.290838868682239	
464.2847	30.61	0.9788101783608463	-0.036394571065600394	
464.4457	272.27	0.02241536425964751	-4.898033520275836	
510.8556	20.17	0.06319577579624039	3.3966224149634963	
408.9185	20.44	0.8755027560735253	-0.258066298250456	
409.1614	30.87	0.022514958656713678	-4.858669129651917	
409.2623	28.34	0.4160413982444227	-1.3006403347466933	
409.2803	37.04	0.4404453724997216	-1.2225456755402255	
409.2803	41.01	0.6554259760425489	-0.6940266320041472	
409.2958	110.42	0.015336388687416429	-5.552877862605841	
465.2309	27.42	0.6816889162131105	-0.6285019314554492	
465.2309	160.94	0.3435006942328504	-1.5756860326605424	
409.9204	20.57	0.8958215496428231	-0.2158736155921695	C42H83NO3
512.2041	154.35	0.5917509031989648	0.8381791708590072	
366.2483	25.29	0.8755027560735253	0.25808459758927876	
366.2483	27.81	0.6808925547402044	-0.6340029202059493	
512.3064	26.63	0.8786193810892752	-0.2528145620309969	
512.3064	92.38	0.007223477410769566	-6.872383049762541	
410.1647	30.87	0.030664529448037582	-4.365440659932474	C42H83NO3
410.2111	161.86	0.01144306322257215	-6.026791221497968	
410.2294	0.66	0.19629547854653112	-2.1591366614288034	
410.2383	27.02	0.9669032691284732	-0.06441934456149362	
410.2746	25.71	0.3658566638613022	1.4765808070304396	
466.2644	27.68	0.22968343054702137	-2.0023956426461367	
466.3007	27.55	0.8212168501402459	0.35499681327114085	
512.9163	21.09	0.04437729986125035	-3.830007162519018	
367.2822	112.31	0.9297936446677613	0.13558240874688993	
467.2686	27.94	0.3645894838994665	-1.4835931001641238	
468.3342	174.78	0.36139007169478715	-1.4973478443971584	C36H65O8P
468.3454	179.67	0.3688469161424584	-1.454363283274593	
515.134	36.52	0.4884145289601084	1.0824729768780783	C40H72O5
515.328	198.64	0.07127317833298072	-3.2574591902760797	
515.8908	22.01	0.5709111587924541	-0.878511707691685	
368.3883	266.5	0.8923876286405271	0.22550294830438253	
413.1779	26.1	0.07526522725891868	-3.191035227157856	
413.1949	36.52	0.9457722204507938	-0.10991547781444676	
413.3247	52.19	0.359621954784734	1.5146689290249438	
517.3429	235.24	0.9742679203048588	0.052652075954088065	
517.3557	210.76	0.5964424942033887	0.8239372189380267	
518.3107	37.17	0.45521056469001375	-1.187243561111233	C43H72O3
543.3887	192.96	0.003390583202535655	-8.674954133141526	
518.3686	176.12	0.6368993799162116	0.7334064081578828	
518.3756	210.76	0.6007244274222531	0.8130733543797904	C40H56O2
518.4563	317.07	0.0258983274035805	4.667829163011916	
414.9393	20.7	0.3309648291883658	1.6201332902423047	
519.3593	305.51	0.2860191545811949	1.7743239539208118	
519.3666	176.25	0.32909578754887586	1.630121511705335	
519.3666	185.73	0.5367264018006171	-0.9605949162124658	
519.379	210.76	0.6723080860312581	0.6512049400626376	
472.9009	20.44	0.8550504862188747	-0.29244814733112046	
519.4598	317.07	0.024523074937622662	4.758507512476873	
544.8933	20.7	0.5543952695132176	-0.9160779704710393	
415.1743	24.77	0.8944225534720975	0.22162552349626843	
473.3176	210.76	0.7799176442108828	0.436788636014956	
415.2436	62.1	0.842667517598193	0.31195947297822796	
415.2793	233.27	0.2990937886983922	-1.7257802794607378	
546.1859	168.45	0.14771477589411672	-2.4843500431743255	
474.321	210.76	0.7339727236576504	0.5275097259990981	
520.3547	111.91	0.28310043490351555	-1.788655635239506	
520.3819	210.76	0.7936150428745462	0.411013470781623	
520.4355	277.38	0.5436703823750088	0.9386289490646748	
546.399	82.5	0.18593529382648127	2.2469725657244197	
546.399	176.12	0.47473640260362104	1.1407425682483705	
546.4067	210.76	0.8902147486452178	0.23531010384520942	
475.1572	193.87	0.2990937886983922	-1.7287701401750242	
475.1934	25.03	0.1954010802202526	-2.1739405071700997	
521.3582	111.52	0.24161230869343386	-1.9562105511115453	
521.3712	208.63	0.8755027560735253	-0.26132005260631963	
475.3241	210.76	0.905387647162212	-0.19051151040634756	
475.3776	278.17	0.7055404562532623	-0.5806084492168131	
475.4697	309.18	0.02799514873784617	-4.543078206783514	
522.3267	29.65	0.6975506808710169	-0.6007305323151119	C41H72O5
547.4104	210.76	0.6368993799162116	0.735909062647745	
476.2439	30.3	0.62335921771035	-0.7673981679629076	
476.2439	229.82	0.2002187360292412	2.1331934938144648	
417.1583	283.99	0.9060151511371549	-0.18805056536041362	
476.2848	29.78	0.4421890551971808	1.2163613804278433	
417.255	210.76	0.6930349225515635	0.610496158059213	
476.3281	305.23	0.3593326111472356	1.5182385757098322	
417.3359	151.85	0.0011202309720228691	10.922015425005323	
476.906	20.44	0.6141625777740262	-0.7887680853934973	
477.2158	283.86	0.6808925547402044	0.6331298613413087	
417.8789	20.04	0.5766105173124665	0.8668906551348521	
418.1618	283.86	0.9788101783608463	-0.03695254105221663	
418.2433	27.15	0.486881658347786	-1.0928928535505742	
418.2583	166.75	0.8400510448408633	0.3162422051458665	
418.2583	210.76	0.6486818763793608	0.710830231983488	
478.1985	168.58	0.08909679814734675	-2.987457291709464	
418.3392	152.38	0.002342501058296511	9.263853652480206	C41H83NO5
478.2188	203.23	0.5471984218722461	0.9314924995812266	
478.2738	75.67	0.9045430449904596	-0.19415246165970004	
523.2993	186.0	0.0006461704992431942	-13.468082758044808	
478.3007	28.2	0.8958215496428231	-0.21222193173499299	
419.1696	25.03	0.07975300962937723	-3.1126415110339156	
419.1696	27.15	0.016538114411962086	-5.378101415146621	
419.2251	30.61	0.9240415688520478	-0.14510747191609574	
419.2342	134.31	0.29580112423384686	-1.7425981717545147	
419.2342	194.01	0.9585613622796475	0.08170635636468435	
419.2342	243.69	0.7248752857999003	0.5430395642688701	
420.1729	27.28	0.016538114411962086	-5.429477192224137	
420.201	31.0	0.19629547854653112	-2.161037916424432	
524.1934	219.69	0.016538114411962086	-5.454863734784174	
420.2318	177.04	0.02241536425964751	-4.889189597964799	
420.2318	186.52	0.03313754717314656	-4.250244680218835	
420.2954	32.05	0.723406182655224	-0.5478712324949063	
524.303	186.39	0.002342501058296511	-9.447339016055095	
549.4151	207.58	0.6471291231017304	0.7138741633205203	C37H74NO7P
480.2797	32.32	0.8054655622701925	0.3877870021279483	
420.8849	21.88	0.8907037762505163	0.23258823536634693	
550.2544	58.0	0.08060792592542129	-3.0851358479592084	
525.3056	186.0	0.04060542573587175	-3.9892679641035214	
550.3655	210.76	0.17190262827887032	-2.3318507062531815	C40H78NO7P
550.9143	20.7	0.48050113339732947	1.111878460829331	
526.4463	264.11	0.04327366601755143	-3.8931791682383485	
551.3683	210.89	0.19337327856937284	-2.192155797037609	
604.2086	188.36	0.6718296980516902	-0.6557568100900646	
527.2899	151.72	0.2019550830004345	-2.1255012562978775	
527.2899	210.63	0.1767255133177925	-2.3106939910753392	
604.4721	196.27	0.8945895300785967	0.22035840060883313	
527.4024	208.24	0.636958269224033	0.7323412034509792	
527.4495	263.58	0.07772173662622626	-3.14455299665998	
605.2118	188.49	0.5487573829409871	-0.9272235875008452	
605.3146	283.6	0.8535116110739758	-0.29539214536921327	
605.4753	196.4	0.8613285690315294	-0.2836266005306199	
552.269	76.59	0.7819437766975456	-0.43238113541045464	
673.3385	304.04	0.09859968447631161	-2.868475975231976	
673.4228	209.03	0.002342501058296511	-9.290720330051895	
528.3029	26.23	0.3919837658312079	-1.3756929465032424	
605.5841	388.26	0.4643965374693693	1.1651447983680168	
606.188	108.19	0.5162250681997158	-1.0055472959001983	
606.3179	283.6	0.8717436393836276	-0.2676097328882154	
607.3209	283.6	0.8335166205830096	-0.32957303474231825	
675.3519	282.94	0.16464993696764643	2.375431062892188	
530.2874	76.46	0.724471878730392	-0.5455256456112707	
530.3217	95.27	0.018601651469709813	-5.1701217684901755	
553.8555	20.3	0.6810092104534754	-0.6319977054463677	
530.4539	275.16	0.009867097534476664	-6.238259898307617	
554.2425	115.74	0.9742679203048588	0.052532951052559444	C28H50NO8P
554.3164	31.4	0.44574986965717395	-1.2093353622108367	
554.3414	193.48	0.008109399613974999	-6.633408069107674	
677.2626	203.23	0.7745800597424393	-0.44647850540265127	
678.3084	250.38	0.1029701121789099	-2.8177470621528498	
555.2542	229.69	0.07975300962937723	3.111562709351301	
532.2066	193.48	0.05045835499002225	-3.686707686190233	
532.3024	104.9	0.1954010802202526	-2.176268470624785	
555.4444	204.15	0.6368993799162116	0.734802717595264	
679.448	257.12	0.2990937886983922	-1.7225742033733975	
679.448	286.21	0.9585613622796475	-0.0836958605198401	
532.384	63.28	0.6723080860312581	-0.6527288744077643	
532.3915	220.35	0.21340780578258053	2.0729620361966803	
556.3026	83.02	0.17980435980277246	-2.2857412961385477	
533.2101	193.87	0.04327366601755143	-3.854145661481216	
680.4501	257.12	0.5917509031989648	-0.8367772900303525	
680.4501	286.21	0.9585613622796475	0.08287726786333587	
533.3762	210.76	0.07692685518833661	3.1549607225804825	
533.3873	63.28	0.5749462965488571	-0.8708231062682681	
556.8577	21.88	0.7599701535214999	-0.4748081685194827	
533.4728	308.4	0.48050113339732947	1.1158496921483794	C38H76NO7P
557.1509	36.65	0.3626877606217475	1.4923023676107374	
680.868	20.7	0.40874529762506817	-1.3230332907401257	C43H74NO8P
558.318	109.9	0.027401148178209392	-4.576975485286888	
534.3702	194.66	0.61124403652883	-0.7957160746022184	
534.3702	214.3	0.04327366601755143	3.8783501855030846	
534.3702	234.85	0.03313754717314656	4.250021835667365	
612.8807	20.7	0.4320149029030468	-1.25021587818714	C43H74NO6P
682.399	184.0	0.6958075027249618	-0.6049470492838782	
558.8565	22.01	0.9491791477599542	-0.10401611483224121	
615.2633	193.22	0.6775616726635504	-0.6394351997451097	
615.4547	204.81	0.5011221130562103	1.038694716621515	
536.1099	36.52	0.3919837658312079	1.3747297735845156	
615.9567	204.81	0.3593326111472356	1.518906116557788	
616.2449	217.46	0.4126600998509751	-1.3127072267615698	
616.3175	218.64	0.15955533373765268	-2.4066748552358566	
617.3211	218.51	0.3309648291883658	-1.6190097277835682	
618.224	188.49	0.6247158242824051	-0.7588385165580535	
686.25	177.57	0.10183774680272521	-2.8303988401114175	
686.25	182.29	0.3622620275319517	-1.4943904067170801	
686.25	186.26	0.18820697714100132	-2.2264804062814596	
686.25	189.67	0.12470618914564047	-2.658623061314907	
618.4878	225.23	0.9240415688520478	0.1463174306726564	
686.4625	226.01	0.2265487461670336	-2.01925303881174	
686.4625	230.78	0.0258983274035805	-4.649247407150095	
686.4625	235.51	0.18136076825459654	-2.272230557332922	
537.2787	119.94	0.5550724099214943	-0.9122605201325077	
537.2787	120.74	0.3989113061618786	-1.3486237522032778	
562.402	235.24	0.3821373120731231	1.406347003750582	
619.2277	188.49	0.47473640260362104	-1.140917134450959	
563.2267	282.42	0.6726361359158718	-0.6488159521665291	
620.4363	61.7	0.19052888444598512	2.2115525589322806	
563.4661	319.44	0.49215967213355455	-1.0618172285400547	
564.2955	83.94	0.905387647162212	0.1899013306946529	
540.1698	196.01	0.5436703823750088	0.938707377110635	
623.3252	283.6	0.9645746429988299	-0.07167186442581538	
623.3853	287.26	0.19192335582874911	-2.2022433245384363	
540.4257	175.99	0.7648096524329155	-0.46573165293272784	
540.4257	257.51	0.48497765258747993	-1.100571944524528	
624.3286	283.6	0.7509262506649286	0.4933876497826292	
624.3889	287.52	0.19947820396448124	-2.1407160517469834	
624.4171	288.31	0.3682376437817667	-1.4632224217557757	
540.8884	20.57	0.48050113339732947	-1.1117420754447076	
690.4701	198.37	0.03809005096074972	-4.080842417372811	C44H80NO9P
690.4701	202.18	0.1000106979971488	-2.8555686726766965	
690.4701	203.89	0.10043758537099676	-2.8425454694684675	
624.8464	21.75	0.7212534028520241	-0.5535771665862457	
625.4096	231.7	0.13258275219209212	-2.607170548730142	C48H84O6
566.8878	21.09	0.04327366601755143	-3.8588689569751304	
692.2962	217.85	0.3694832065099198	-1.4519243128400412	
627.3612	209.03	0.003842704396880228	-8.24700870702272	
692.3182	196.01	0.8074517714742422	-0.37953732143102825	
628.3649	208.9	0.0006789999408232199	-12.303565578247774	
568.3565	186.0	0.0006461704992431942	-13.956011844091949	
568.4568	217.59	0.6835481729811292	-0.6247719937446485	
568.4568	257.25	0.47968933554574184	-1.1221873639794018	
692.8337	21.75	0.4470088152090476	-1.2059943655450422	
693.3001	217.59	0.48050113339732947	-1.1113202598097498	
569.3324	283.6	0.36706503363407567	-1.471336897451103	
569.3604	186.0	0.0006789999408232199	-12.096679191093523	
569.4348	196.27	0.7954603960693623	0.40732199672600117	
569.4348	225.23	0.9240415688520478	0.1472752823710254	
569.4348	237.74	0.8790089754723693	0.25023225640422847	
569.4348	262.66	0.6772275154152291	-0.6408516293993882	
569.4348	276.07	0.9945687882628252	-0.01156176599501938	
569.4348	308.92	0.6184832359028171	0.7789417217027046	
694.3322	220.21	0.03766196244485237	-4.134770135965852	
694.3322	222.73	0.1440557761440613	-2.5182585210901247	
694.3322	226.67	0.09016455339605338	-2.9756734011043275	
694.3322	231.04	0.030664529448037582	-4.395318113825246	
694.3322	236.95	0.09790215388780181	-2.8910576224807336	
694.3982	207.45	0.6247158242824051	0.7601892965602641	C46H74NO8P
694.4431	188.1	0.07139610180488158	-3.252929642222573	
630.2011	153.82	0.8755027560735253	0.2577228913799121	
630.2011	161.33	0.660599349335203	0.680319262404059	
630.2604	201.13	0.2716184015481033	-1.8393106954216103	
570.4381	196.27	0.7819437766975456	0.4322491730755843	
570.4381	225.23	0.8335166205830096	0.3294940325768894	
570.4381	262.8	0.9080662085021095	-0.17684028897894674	
570.4381	275.43	0.7039783406012973	0.5865483389458492	
695.3651	263.19	0.9788101783608463	-0.03542404081907958	
695.3651	270.96	0.9287988526252272	0.13792254330125553	
695.4016	207.45	0.7287058235347208	0.5371705379797203	
695.4431	253.7	0.2059521182179672	-2.1088259389292667	
695.4431	262.4	0.6007244274222531	-0.8139004870642305	
748.379	214.57	0.7676496268461612	-0.4601687830808893	
748.379	236.82	0.42515382354747316	-1.2751479702868378	
631.2638	201.39	0.35521161616697416	-1.5364546078041341	C46H76NO8P
631.2638	204.28	0.2563046404043891	-1.8987849488582262	
696.4047	207.58	0.8335166205830096	0.33113177649377	
631.4828	196.01	0.4884145289601084	1.07765393814065	
631.4951	292.93	0.48576886156694843	-1.0967347026047218	
696.4745	257.64	0.5623451719424106	0.8976746057149445	C43H80NO10P
696.4745	287.0	0.5766105173124665	-0.8664850243268872	
571.331	295.03	0.6723080860312581	0.6516453932733531	
571.4281	206.4	0.7454382664803983	0.5030792502215344	
571.4415	196.27	0.6495670960493652	0.7076840364109269	
571.4415	225.23	0.8029143918565694	0.3929860170948316	
571.4415	237.34	0.47511158978322326	1.138757599276817	
632.2399	185.18	0.4732018383662764	-1.1475021206323348	
632.2399	189.8	0.4016469625461964	-1.3391034636985781	C39H68NO8P
632.2399	192.96	0.359621954784734	-1.5099996183901363	C40H77NO9
632.2399	195.06	0.3769251766475857	-1.4268896629855807	
632.2399	213.12	0.28528571992210333	-1.777967288170559	
632.2399	217.46	0.28126937435562	-1.7945631026834394	
632.2399	231.57	0.10933353251551735	-2.7687079241009234	
748.8546	20.57	0.4884145289601084	-1.081892915204701	C48H84NO10P
632.4984	292.53	0.48050113339732947	-1.114996383022033	
632.5048	196.01	0.7201278101951936	0.5580029016259016	
632.5048	237.47	0.9189181681496092	-0.15686394627747335	
698.3414	185.18	0.5183958493215778	1.0012702663761053	
633.2792	288.97	0.274084746569027	-1.831028350949032	
573.4358	119.94	0.8267635868460608	-0.34504071493833866	
634.3856	189.41	0.9761902708109657	-0.04781733282591197	C48H86NO10P
751.3346	188.36	0.784768079305871	0.42771252139346444	
634.8752	21.09	0.05397152932974279	-3.6020566300086494	
635.455	80.66	0.596422167055971	0.8249609702616278	
752.3308	166.35	0.8074517714742422	0.3829196558042719	C57H88O6
752.3376	188.49	0.7523092378790048	0.4894364085402569	
636.4589	194.92	0.28025433187090887	-1.8007397096984274	
636.4589	197.98	0.4320149029030468	-1.250006561068744	
701.3538	194.4	0.3989113061618786	-1.3463226177511696	
701.3538	197.06	0.47336552970936635	-1.1461575483618438	
701.3538	202.97	0.5436703823750088	-0.9392944524529303	
701.3538	209.03	0.21729108140710035	-2.0541048137237268	C48H88NO10P
701.3538	212.99	0.43011260351650127	-1.26106494996073	
701.4727	193.61	0.0258983274035805	-4.6553254458636655	
637.3045	136.94	0.3863866966467655	1.3925329948403424	
637.4671	203.89	0.6357531192499097	0.7408698885166413	
702.3184	236.95	0.4120959768948641	-1.3159919282912538	
702.3573	194.4	0.4352396052230664	-1.2412254037488641	
702.3573	197.19	0.32909578754887586	-1.629553239993818	
702.3573	203.1	0.5214172717967546	-0.9936939676609732	
702.3573	204.94	0.3931864533683219	-1.368955012252036	
702.3573	209.42	0.3117577240830725	-1.6823725422130713	
702.3573	212.73	0.359621954784734	-1.509528989356862	
702.3733	189.41	0.7027575126355666	0.5900862495586305	
702.8625	21.09	0.05042712069545075	-3.6947846091982264	
704.4854	202.31	0.03942769753012785	-4.034428833140382	
704.4988	134.83	0.7745800597424393	0.4473434244936186	
576.4105	62.88	0.5104419682390797	1.0183544823584179	
576.4176	242.9	0.6357531192499097	-0.7411184311168593	
577.4126	62.36	0.7556299858898794	-0.4834377971963327	
705.3286	205.07	0.5622391003395937	-0.899831628961833	
642.4363	231.57	0.09859968447631161	-2.8692417733346285	
644.2402	187.57	0.18665006670546788	-2.236949747369221	
759.4391	155.95	0.7046526756534148	0.5833714249772135	
759.4391	159.76	0.3180896951008739	1.6643281201507574	
645.4986	225.62	0.19645641780435535	2.156242981518204	
580.493	305.51	0.17747526172440906	-2.30215094250954	
646.5202	225.23	0.3123380121809546	1.6796952627103527	
709.3238	217.59	0.4141533792121466	-1.3060228377032044	
647.4219	261.75	0.22968343054702137	-1.9985672834320787	
647.5229	225.36	0.27102234034532335	1.843845211641315	
760.821	21.75	0.4784141822328045	-1.1252603011389184	
648.438	189.41	0.6841622321439497	0.6229934878285479	
582.3363	120.07	0.48576886156694843	-1.0974194417355867	
762.4686	160.68	0.017558542981200832	-5.259099173971703	
762.4686	195.06	0.3598190905773724	-1.5067580060322199	
650.306	288.7	0.3658566638613022	-1.4761493868572197	
583.4143	171.37	0.7387901610176486	0.5194201155471687	C63H102O6
583.4143	209.29	0.8074517714742422	0.38114227790174054	
583.4143	224.31	0.9645746429988299	-0.07164370479084009	
583.4757	242.63	0.41244208360054624	-1.3142365691122257	
712.2415	222.34	0.3389464388101606	-1.5930033870479767	
712.2415	225.62	0.4320149029030468	-1.2512516520182977	
712.2415	229.3	0.6995931699808695	0.5971128626899517	
712.4774	36.78	0.007806702861679234	-6.701408843220163	C40H80NO9P,C42H75N3O8
583.878	21.75	0.536645841239699	-0.9625115535306086	
653.3361	214.3	0.6233244084788054	-0.769431270804011	
585.4297	164.75	0.9080662085021095	-0.17482295239262582	
585.4297	209.42	0.660792475148036	0.677501928740746	
585.4297	231.57	0.37233242284841606	1.4425757382540372	
586.4314	192.56	0.003842704396880228	-8.088392527278792	
586.4314	209.55	0.660792475148036	-0.6779548679702814	
586.4376	292.53	0.5833203337909092	-0.8540965969288513	
715.2828	217.59	0.19192335582874911	-2.2035560397423417	C64H98O6
587.4142	191.77	0.0008122339765230757	-11.611433024307345	
587.441	292.53	0.6247158242824051	-0.758640711989372	
656.2753	222.07	0.28528571992210333	-1.7775382061548226	
656.2974	197.98	0.2291263112838736	-2.006689260638293	
656.2974	200.08	0.1968523284263695	-2.1531452491854473	C47H85O13P
656.2974	205.88	0.17747526172440906	-2.2965176872301725	
656.2974	209.16	0.17747526172440906	-2.299635661807367	
656.2974	212.47	0.07975300962937723	-3.1087785075980103	
716.3084	205.61	0.3435006942328504	-1.5793881079860517	
716.3084	209.82	0.1767255133177925	-2.307349714448791	
716.3084	210.76	0.660599349335203	-0.6815608563922659	
716.4251	189.15	0.48497765258747993	-1.1004770664271246	
716.4633	195.06	0.28025433187090887	-1.799985632605726	
588.2137	188.23	0.8961530095480131	0.2078199545112084	C44H79O10P
588.2137	198.64	0.43594160328169645	-1.238933837401678	C43H78NO10P
588.2137	216.8	0.3662248686360872	-1.4741952695603788	
588.2137	222.07	0.274084746569027	-1.8271098034816657	
657.2789	222.07	0.0948343889641108	-2.92642526740586	
657.2789	227.2	0.18665006670546788	-2.2379948340852622	
588.2866	194.27	0.030664529448037582	-4.374869885630236	
588.444	292.66	0.9968107594483602	0.006439419493148668	
588.4773	255.15	0.660599349335203	0.6827366156425007	
717.3292	206.01	0.29111684200744326	-1.756425354744926	
717.3292	210.76	0.3799879344252492	-1.412743275479566	
717.3292	214.44	0.48497765258747993	-1.100081117147247	
717.4671	195.19	0.3408480159869572	-1.5877709545050696	
589.4811	255.15	0.1799537137846852	-2.2831366976859866	
590.1927	153.82	0.17100104800391738	-2.340222072337685	
590.1927	188.62	0.4757044404782876	-1.1342000603780944	
590.1927	234.06	0.7016174187248465	-0.5925377533578453	
769.5427	31.92	0.8114378936570629	-0.3702317601034935	
720.4951	283.99	0.03054039324522367	-4.429558208355673	
770.8498	20.96	0.061027876430884115	-3.4516334639586015	
660.5344	237.47	0.536645841239699	0.9620295248441681	
660.5344	262.66	0.8958215496428231	-0.213393664001168	
660.5344	263.32	0.8286429771498012	0.3406635581899606	
720.8735	212.07	0.30211131178114814	1.7124240045423356	
721.3578	215.22	0.4040013830197489	-1.3337461368020405	C54H101NO13
661.2733	205.07	0.793109394032466	0.4142817401948448	
772.4876	219.56	0.08020210683665481	-3.0984747769461585	C47H86NO8P
593.4416	205.61	0.4932344413821233	1.0588927384724205	
722.3629	215.36	0.42415745851689246	-1.2779849239853007	
663.282	168.85	0.19629547854653112	-2.1613050470693347	
663.282	201.39	0.4304811804118512	-1.2581944304018415	
593.9433	205.88	0.7587815811990222	0.4772997226480196	
773.4915	220.08	0.9512399618596904	-0.09638197645310152	C48H83O13P
594.4726	248.81	0.5929954797028419	0.8326796298736473	
594.4726	289.49	0.31832517716430964	-1.6605712948850853	
594.5096	295.03	0.7046526756534148	0.5838933618980306	
723.3031	154.35	0.48889996544655234	-1.071356780256453	
723.3031	188.75	0.5917509031989648	-0.836395648663809	
723.3663	215.22	0.35651789932720573	-1.5325802404116422	C43H72NO8P
664.2653	189.67	0.48050113339732947	-1.1137347458412998	
664.2653	198.77	0.4160413982444227	-1.299948055793953	
724.5067	256.72	0.10001950124652206	2.8525782286457795	C81H145N3O31
724.5067	286.47	0.08477760620076023	3.0387086453624104	
596.5969	440.0	0.019604788421162072	-5.082886810431116	
776.4824	230.65	0.0006789999408232199	-12.13784736257572	
599.3894	21.09	0.003571422457797086	8.414992815176019	
599.3894	23.85	0.003842704396880228	8.154534975701322	
668.4444	237.74	0.624382064717466	-0.7640372927863738	
668.4444	249.2	0.7057793432170408	-0.5793196080012701	
669.2408	203.89	0.4404453724997216	-1.22350701265613	
669.2408	211.15	0.24391201559733522	-1.946599827871716	
669.3759	207.45	0.5100365903414672	1.0199909458842957	
777.4857	230.65	0.0006461704992431942	-14.641098423947145	
670.3781	207.32	0.4884145289601084	1.0784907020412642	
728.5872	216.41	0.5026339186541711	1.0353544886039445	
602.209	219.56	0.18875136661934194	-2.220840208300944	
602.2303	181.51	0.7974203508801635	-0.402862365557791	
602.2303	198.77	0.4757044404782876	-1.1338209529267316	
602.2303	217.19	0.38526685152344203	-1.3957863646739197	
672.4194	209.03	0.002342501058296511	-9.27178542326224	
731.3086	177.43	0.1412228476020605	-2.5524333244479056	
731.3086	182.29	0.38849508794097193	-1.3862862439485435	
731.3086	186.26	0.542983011477234	-0.942653068475622	
731.3086	190.33	0.5511248740078435	-0.9227976594629671	
731.4145	282.94	0.8049944996331052	-0.38938441114456107	
731.4244	230.65	0.00045686323507660185	-17.988651066918333	
672.5759	68.03	0.1440557761440613	-2.514617403208485	
732.4276	230.65	0.0006461704992431942	-14.470276520062674	
733.3243	172.94	0.20778520580678927	-2.1011296860075284	
734.326	172.94	0.2151009284858458	-2.062622078254322	
734.3623	214.7	0.6089906628475761	-0.7997773367077358	
784.4518	195.19	0.3682376437817667	-1.462439301853974	
785.4548	195.19	0.4884145289601084	-1.0880229596847764	
737.3551	217.46	0.5653774920524884	-0.8893541603360935	C48H84NO8P
738.3583	217.46	0.5294926917356207	-0.977632055685271	
743.4006	271.88	0.8493267631665453	0.30162132491454513	
743.4006	278.69	0.377334338756927	1.4249149581672171	
743.4821	283.86	0.09859968447631161	-2.8741091257386966	
747.3758	214.83	0.8029143918565694	-0.39342499715332196	
838.8375	20.96	0.05483789589809832	-3.5819242288529063	
1009.2486	233.27	0.1654095364899006	-2.369973042054952	
1012.2587	209.42	0.27995647881892466	-1.8043665516602836	
1012.2587	224.31	0.22968343054702137	-1.998972068199301	
1023.2639	243.82	0.09859968447631161	-2.876882478334883	
1026.2744	216.27	0.4638729375928748	-1.1677923954777405	
1037.2796	255.01	0.07008001019537038	-3.2747913328661906	
1039.2702	224.04	0.5535012355812511	-0.9183687111787262	
1040.2905	224.31	0.27005167320190027	-1.8524030270192395	
1041.2939	224.31	0.25011525231215337	-1.9222532159447592	
851.3963	36.52	0.751670247927929	0.49123535417341485	
852.3999	36.52	0.6718296980516902	0.6560069237466812	
1065.3096	283.6	0.5982833183109784	-0.8184177481339133	
1068.3214	243.16	0.3919837658312079	-1.3740123649527272	
1082.3367	255.01	0.2894144794484999	-1.7618893130013116	
860.6664	212.6	0.4884145289601084	1.085509376019539	
950.9396	711.33	0.04327366601755143	-3.867257564331674	
953.1856	202.71	0.3435006942328504	-1.5771709961186027	
1110.3677	270.83	0.7606888170847819	-0.47290867180858254	
821.6616	308.79	0.14534799160419506	2.503980470700038	
865.496	276.07	0.030664529448037582	-4.382096679489186	
958.6352	332.45	0.43243380797794007	-1.2481838811606423	
823.5464	284.91	0.02156009392362469	-4.9662297124479915	
867.5117	286.08	0.06361539832004788	-3.3881944894895373	
1167.7888	246.44	0.2776191634815173	1.8138700959084304	
1182.7795	244.34	0.8364540919253579	-0.32276940287725386	
1183.7834	244.6	0.8077644375147063	-0.376841102140007	
1196.8222	282.68	0.49748148095724065	-1.0494223252295485	
1197.8253	282.68	0.4884145289601084	-1.0809185863886555	
1198.8282	283.07	0.6409605497024217	-0.725029623850492	
1199.834	283.07	0.18820697714100132	-2.2266237556693205	
1286.6696	207.58	0.4470088152090476	1.2050627632171	
1287.6731	207.58	0.3989113061618786	1.3477968438936023	
874.444	276.59	0.030664529448037582	-4.3945567630138695	
976.6466	227.06	0.3931864533683219	1.3671375510631787	
1242.8549	262.53	0.8903152706122213	-0.23412725004561022	
981.2168	216.41	0.9069076208616691	0.18052280989109118	
1342.9249	332.19	0.9227513744172879	0.15095499664219775	
995.2329	224.18	0.1512616875914555	-2.4638992156808364	
995.6639	189.28	0.6554259760425489	-0.6949216396409693	
995.6776	103.72	0.6939267748519808	0.6083601543678161	
996.2361	224.31	0.1456541870995335	-2.4984178230085115	
1484.0598	339.15	0.19337327856937284	-2.1894872951497897	
1642.5654	598.81	0.6589887509369313	-0.687362296955385	
