m/z	rtime	p-value	t-score	custom_id
69.0704	187.3	0.8366218755519095	1.6580752945599377	
135.0844	33.32	0.8366218755519095	1.3196562137960153	
218.9431	209.53	0.849162863248398	0.676701268288627	
181.105	26.62	0.8366218755519095	1.1903245177056447	
219.0716	246.3	0.8366218755519095	1.2090409180516872	
219.0975	361.29	0.8467164642602862	-0.7925228411552196	
136.9107	208.74	0.8936194119867811	0.36804114689756423	
136.94	209.39	0.8467164642602862	0.7582965811959055	
136.9693	209.66	0.8467164642602862	0.8826775277722784	
219.1127	27.8	0.8016931363417672	1.9568546199007428	C9H8O3
219.1168	307.95	0.8905942357425803	0.38451585171439634	C2H8N2O2S
219.1168	318.33	0.9614415383940568	0.1539441710484234	C2H8N2O2S
219.1338	232.57	0.9757067208217112	-0.11413565417968606	
219.1338	271.47	0.8366218755519095	1.7597319665882265	
137.0594	28.07	0.8366218755519095	1.1859654000831796	
219.1743	24.65	0.9795503706011025	-0.09485782957677479	
137.0709	200.99	0.4985639436474972	4.745698134704227	
137.0727	211.36	0.8016931363417672	-2.3431647223202536	
137.9433	209.39	0.8476980992176624	0.6828801754759801	
138.0549	356.04	0.9264553988842347	-0.2686864016139275	
138.0742	200.99	0.49665787062838646	4.821020391774653	
138.9194	207.42	0.8366218755519095	-1.4430791596345212	
138.9194	212.15	0.8016931363417672	3.0081576492962667	
138.9381	209.39	0.8517599305358363	0.5969172936178159	
138.9441	209.39	0.9909502545765552	0.0423904407922871	
139.0753	201.25	0.35675046533557625	5.880692134976	
139.0977	202.7	0.8467164642602862	0.9782334175706707	
220.0927	333.88	0.9757067208217112	-0.11050767715109087	
139.9146	207.42	0.9586279030183416	-0.17029082849939844	
139.9146	212.41	0.8486575789387512	-0.6785990423577313	
139.9415	209.26	0.859172459717736	0.5771713001668688	C9H11NO2
220.1178	185.07	0.8467164642602862	0.7622036275196561	
140.0106	265.26	0.8366218755519095	1.3180443493674772	
140.9362	209.13	0.8517599305358363	0.6036188799620688	
140.9424	209.39	0.8366218755519095	1.7193737106729143	
220.9014	209.39	0.8467164642602862	0.6994483258737766	
220.9412	209.79	0.8467164642602862	0.6955674062333331	
221.0178	318.59	0.8936194119867811	-0.3700309899572598	
221.0768	376.29	0.8500263624701829	-0.639303338767734	C4H5N3O
221.0956	252.61	0.8016931363417672	2.3066722345752937	
221.1131	280.3	0.8366218755519095	1.6826837072280394	
77.9273	209.53	0.8467164642602862	0.8723597916688602	
78.9562	206.9	0.7712308883143054	-3.5058940411272532	
78.9562	212.94	0.9794991212722197	-0.0971959051635415	
221.8996	146.6	0.8366218755519095	-1.3385824747812394	
221.8996	156.84	0.8467164642602862	-0.928814618824345	C6H13NO2
221.9047	209.53	0.8936194119867811	0.37454157268389615	
184.9797	242.58	0.859172459717736	0.5784084311572856	
80.9935	209.39	0.8366218755519095	-1.572032642705502	
81.9883	209.39	0.8467164642602862	-0.7677191574576521	
82.9916	208.47	0.9552076862060048	0.1863510921782527	
222.8995	209.39	0.8467164642602862	0.7673614798651297	
144.0477	201.65	0.8366218755519095	1.2718095462092869	
144.0655	356.3	0.8896180915387539	-0.4066777618350924	
223.0635	24.52	0.8443899642433087	-1.0869624349172222	
84.9117	211.76	0.8500263624701829	0.6408972100058354	
85.0289	324.92	0.8366218755519095	1.4295382651503217	
144.9275	206.64	0.9346013461700051	0.23960259210839968	
144.9275	213.33	0.93624714211375	0.23643553325462116	
186.0761	356.3	0.8500263624701829	-0.6408687463766536	
186.0872	318.59	0.9898424243120408	0.05636053777719223	
87.0445	282.94	0.8984451904991968	-0.3331780607941412	
87.0548	324.53	0.8366218755519095	-1.3383337407890556	
187.0713	318.46	0.9346013461700051	0.24866180948083538	
187.0713	325.84	0.8366218755519095	1.1414115142237087	
187.0713	355.22	0.8467164642602862	-0.7556077884411821	
187.094	28.2	0.8366218755519095	-1.2221953846461213	
224.1109	177.59	0.8467164642602862	1.020475194250123	
146.0923	261.19	0.8016931363417672	3.237108770631156	
146.1175	27.67	0.8366218755519095	1.1627598817032838	
146.1175	330.99	0.8708126720964158	0.505832059419825	
187.144	27.67	0.8467164642602862	0.8461201442890842	
224.1572	26.88	0.8366218755519095	-1.2704313617303002	
224.1854	26.62	0.8467164642602862	0.7218829452321865	
89.0965	26.23	0.8467164642602862	-0.8446533161369313	
147.0473	27.54	0.8366218755519095	1.6443518148734124	
225.0466	216.52	0.8732451603586905	0.4628314695684432	
188.0919	271.2	0.9991325412702936	-0.006905137459315773	C4H8O2,C4H8O2
147.1014	26.88	0.8467164642602862	-0.7601704150550878	H3O4P,C2H3KO2
147.1208	27.67	0.8366218755519095	1.247525347147966	
189.0738	166.43	0.933484104830252	0.252627098368202	C6H11N3O4
91.0587	254.97	0.8500263624701829	0.6446988226072307	
189.1345	197.68	0.8366218755519095	1.3752739843128927	
189.179	410.79	0.8467164642602862	0.8675369444719747	
190.0713	24.65	0.8366218755519095	-1.483932233367298	
190.0821	315.57	0.8882352230256205	-0.4207047590577288	
190.0821	339.79	0.8905942357425803	-0.3848994371773489	
94.0655	168.92	0.8366218755519095	-1.119910943277674	
225.97	208.08	0.8016931363417672	2.019227525926857	
225.97	210.31	0.8366218755519095	1.2297616450694955	
149.0575	324.66	0.8467164642602862	0.8241450492698243	
190.1379	197.68	0.8366218755519095	1.4568214590477042	
97.0288	370.65	0.8495949492869239	-0.6734713253931189	
97.0288	420.28	0.9902433802142138	-0.049975299543910216	
226.0797	297.58	0.8467164642602862	0.9365570623500284	
226.0797	332.04	0.8517599305358363	-0.5970846900773636	
190.9018	1.57	0.8366218755519095	-1.7783017037031075	
190.9926	274.49	1.0	0.0	
149.096	25.18	0.8649778990420058	-0.5662561045677051	
97.0652	27.28	0.9614415383940568	-0.1573756453531269	
226.1648	28.2	0.8467164642602862	-0.8504531112214782	
191.1025	296.0	0.8708126720964158	0.5064291653296863	
226.1801	34.24	0.8366218755519095	-1.7643522559818146	
150.0645	324.79	0.8706009560741452	0.5113330662115702	
150.0773	205.06	0.8016931363417672	2.1325482949571737	
98.9846	265.26	0.8366218755519095	1.2100363351669212	
227.066	310.71	0.8016931363417672	3.0149534937593914	
192.106	295.74	0.8467164642602862	0.7417169832225551	
192.1581	35.68	0.8517599305358363	-0.5954795915185775	
227.1683	28.2	0.8366218755519095	-1.2263556112259102	
152.0373	252.61	0.8016931363417672	2.1136543534286725	
152.0566	146.73	0.8016931363417672	-2.805135085661517	
152.0566	174.83	0.8725813249592255	0.4906313131108234	
227.96	146.73	0.8366218755519095	-1.171141027907333	
227.96	156.97	0.8467164642602862	-0.8107978883517182	
193.1436	34.37	0.9921145258446588	-0.03778667655176811	
153.0406	174.83	0.8467164642602862	1.0489626128120093	
153.0599	146.73	0.8016931363417672	-2.7738354097077234	C9H7NO
153.0599	174.83	0.8649778990420058	0.5631989664277578	
228.1958	27.01	0.9346013461700051	0.24489514288207098	
194.0222	199.25	0.8366218755519095	1.2796760277102721	
154.0742	324.53	0.8366218755519095	-1.3203282991878567	
194.8549	207.16	0.9066120112998222	-0.31848335565568536	
194.8549	212.81	0.8366218755519095	-1.1475809454384358	
229.1546	320.03	0.8725813249592255	0.4864332522499256	
195.0028	299.42	0.8366218755519095	1.538388275746225	
195.0798	252.61	0.8016931363417672	2.1207264235488488	
195.0798	275.7	0.8016931363417672	1.9419399070754988	C7H14O3
104.0579	168.4	0.94812470148288	-0.20049102261140062	
229.9564	146.73	0.8366218755519095	-1.4630834129762822	
229.9564	157.5	0.8467164642602862	-0.9537359405698	
155.0871	146.34	0.8366218755519095	-1.6658291051902625	
155.0871	166.03	0.8517599305358363	-0.6213323764164971	
230.1134	323.08	0.9991325412702936	0.006886106455474978	
195.855	207.16	0.8016931363417672	-2.2343130239091513	
195.855	212.68	0.8366218755519095	-1.1936697561695577	
156.042	211.49	0.87138436560577	0.49914554633869207	
196.0091	274.35	0.9991325412702936	0.012577327583191042	
105.0702	26.23	0.8882352230256205	0.4197334033194614	
196.0969	28.07	0.8366218755519095	1.2716143484546965	
231.0546	221.11	0.8366218755519095	-1.5126134330058234	
157.0454	211.49	0.8467164642602862	0.832770896173037	CNa2O3
231.1202	28.2	0.8467164642602862	-0.8712656470041182	
106.9509	207.42	0.8467164642602862	0.9950218128403163	
106.9509	211.36	0.8467164642602862	0.7571716440430731	
231.1702	28.07	0.8655103643275295	0.5387376419739294	
196.853	207.16	0.8500263624701829	-0.6362623349943797	
196.853	212.68	0.8366218755519095	-1.6674054483066438	
196.9612	209.39	0.8495949492869239	0.6709387948974397	
157.1083	364.97	0.8467164642602862	-0.8252895605936962	
232.1291	281.89	0.8725813249592255	0.48986300526757687	
197.1009	364.44	0.8366218755519095	-1.1844466473315982	
197.1145	146.47	0.8016931363417672	-2.5444810982045443	
158.0401	211.36	0.9264553988842347	0.26736083876997424	
158.0678	196.76	0.8476980992176624	-0.6880120604777972	
158.0678	197.81	0.8467164642602862	-0.8503702774381076	
232.8106	208.21	0.8729431976365946	0.4667768417830057	
232.8106	211.49	0.8905942357425803	0.3828117388478577	C9H13NO
198.0105	146.6	0.8366218755519095	-1.476835246391228	
198.0105	157.1	0.8467164642602862	-0.9486874589143363	
198.0526	299.55	0.8366218755519095	1.4486598812530056	
233.0631	197.41	0.8467164642602862	0.7911924031257056	
233.087	227.81	0.8366218755519095	1.1145026671613074	
233.087	231.39	0.8500263624701829	0.6560862172863072	
233.1494	33.84	0.8905942357425803	0.38085549889457887	
233.8108	207.42	0.9861892155690386	-0.06922076686973745	
233.8108	212.55	0.9448389016997893	0.2107783961788657	
159.0916	166.43	0.8685601066858795	0.5240747548000402	
234.0269	214.51	0.8467164642602862	0.9604481108025781	C10H22O5
111.1171	25.7	0.8500263624701829	0.6371224072208282	
160.0756	27.93	0.8310508423838376	1.8405554928653958	
198.9594	209.39	0.824591165953059	1.8613242800332885	
198.9744	214.78	0.9905394669109658	-0.04481637995244012	C8H12N2O3
112.0508	163.67	0.8366218755519095	-1.2080920373777655	
160.9013	207.16	0.9991325412702936	0.012846830075157337	
160.9013	212.81	0.8366218755519095	1.2513097153862154	
234.1963	199.25	0.8467164642602862	0.9447489569781059	
234.8088	207.56	0.8366218755519095	1.5940480469160947	C4H5N3O
234.8088	211.63	0.8366218755519095	1.726155556972721	
161.0377	227.42	0.8467164642602862	0.963514861266801	C4H5N3O
234.917	209.39	0.847181314585241	0.6923476411997336	C6H10O2
112.8959	209.0	0.8882352230256205	-0.41519590951334917	
161.092	293.87	0.8936194119867811	0.3671738138079049	
235.0923	371.96	0.8655103643275295	-0.5534359602138408	
235.1115	316.49	0.8905942357425803	-0.38344441078924923	
161.1284	213.33	0.9425977659216925	0.21517488627889003	
113.0541	163.67	0.8366218755519095	-1.2506995676440287	
235.1481	400.19	0.9991325412702936	-0.005965958121972209	
161.9354	207.42	0.6776940947004287	3.8940540183110506	
161.9354	212.15	0.8655103643275295	0.5466997944670668	
235.9203	209.26	0.8500263624701829	0.6334353724575416	
161.9927	207.82	0.9861760374619676	0.07429376023160517	C10H17NO2
161.9927	211.23	0.9274438920739864	0.264591435566087	
200.1029	307.95	0.8896180915387539	0.39503223752902333	
162.05	221.77	0.8366218755519095	1.2999459277022434	
162.05	228.07	0.8016931363417672	1.9175368610106631	
236.0224	214.51	0.8366218755519095	1.1215613230299768	
162.0953	293.87	0.8820751844182133	0.4355593619922825	
236.915	209.26	0.8467164642602862	0.9629749842802825	
162.8994	207.16	0.8517599305358363	-0.6062475424558884	
162.8994	212.94	0.8016931363417672	1.9552286582658223	
201.061	227.55	0.8366218755519095	1.1724159521875495	
162.9977	242.58	0.9960896351249449	0.028179202469657365	C14H22O2
201.0869	308.08	0.9475454626759316	0.20430151835464613	
201.0869	344.25	0.8706009560741452	-0.5126073677684375	
163.0712	315.04	0.8905942357425803	-0.3898790155034697	
237.0902	252.61	0.8016931363417672	2.0679044915258906	
237.1233	27.8	0.9001839913400377	0.32993194459270164	C7H16N4O2
237.1334	26.23	0.9066120112998222	0.31527979115574883	
237.9184	209.53	0.8655103643275295	0.5443141726462425	
117.0548	26.23	0.8467164642602862	0.7675595997238746	
202.0862	27.8	0.8016931363417672	1.973913663207197	
238.045	299.42	0.8366218755519095	1.187938055949364	
117.1137	146.34	0.8016931363417672	-2.1729684241146696	
117.1137	165.9	0.8500263624701829	-0.6399690932300034	
164.0741	27.54	0.8366218755519095	1.4547034514958663	
164.0741	315.04	0.886314883378786	-0.42614478838129055	
238.1267	27.8	0.8980211549789953	0.3360033282908745	
202.9692	207.42	0.8366218755519095	1.2876198824928506	C8H9NO4,C9H5N5
202.9692	211.63	0.8016931363417672	2.15520861335659	C7H10N2O4
202.9692	221.77	0.8366218755519095	1.427406936219073	
118.0613	260.11	0.8016931363417672	2.8711927168797486	
238.9131	209.39	0.8500263624701829	0.6305031297366234	
238.9194	209.66	0.8517599305358363	0.6122722501180338	
119.0493	28.07	0.9757067208217112	0.11016162283436008	C7H5NO
239.038	253.92	0.8467164642602862	0.9512608957711313	
165.0545	211.1	0.8706009560741452	-0.515102325174275	
239.0483	299.55	0.8500263624701829	0.6593179525879671	
203.0526	198.07	0.8882352230256205	0.41589103326967053	H3O4P,C2H3KO2
203.0526	217.3	0.9855279821578004	-0.07971644393253664	H2NaO4P
203.0766	214.51	0.8366218755519095	1.17932466618737	C9H10O2
203.0766	221.9	0.8467164642602862	1.0344749501576236	C9H10O2
165.0772	27.54	0.8366218755519095	1.4058590184645088	C6H11NO4
239.1023	220.19	0.8729431976365946	0.46715714886735527	
239.1023	227.68	0.8655103643275295	0.5544144470277002	
119.1261	201.12	0.8366218755519095	1.3354481950659727	
203.1026	307.69	0.911591623874913	0.3046292294725117	
239.1278	25.96	0.8366218755519095	1.7411500365367873	
120.0906	214.12	0.8366218755519095	1.174159715321188	C4H9NO3S
204.0243	242.71	0.9903138032547429	0.0486903633666274	
204.0243	246.95	0.8366218755519095	1.7625638747029904	
120.1021	198.6	0.8467164642602862	0.821065219994708	
165.9302	207.95	0.8980211549789953	-0.33767291747539674	
165.9302	212.28	0.8366218755519095	1.4662796512894003	
120.9663	208.08	0.8500263624701829	0.6323251355116355	
120.9663	210.71	0.8820751844182133	-0.4334618652779949	
120.9873	221.51	0.8905942357425803	-0.3857628484446633	C5H10N2O4
121.0163	209.13	0.8467164642602862	-0.900226215578056	C11H20N2O3
204.0866	356.04	0.8653625536304741	-0.5603362842447968	C6H11NO4
204.0978	331.91	0.8820751844182133	-0.43524677191785793	
166.0145	366.97	0.8016931363417672	-2.433922308691988	
121.0649	26.49	0.8366218755519095	1.252790642605563	
166.0697	27.54	0.8366218755519095	1.386627396572814	
240.0953	308.08	0.8896180915387539	0.39708099005783176	
240.0953	317.8	0.9414837883614254	-0.2228053939079763	
121.9697	207.82	0.8467164642602862	-0.946002199164752	
121.9697	211.76	0.896332300992654	0.34389581788406676	
204.9673	207.16	0.8366218755519095	1.4047225148866256	
204.9673	211.89	0.8366218755519095	1.2990663383247834	
122.9246	209.39	0.8905942357425803	0.3860954622380358	
122.9645	207.95	0.8517599305358363	0.5989588952892362	
122.9645	211.23	0.8896180915387539	-0.4072793034003933	
166.9506	208.61	0.8016931363417672	3.242844068903031	
205.0682	197.41	0.8016931363417672	3.3490234993308525	
205.0682	215.73	0.8653625536304741	-0.5601143626861697	
123.0442	211.1	0.8819367946589246	-0.43850517053035215	C6H12N2O5
205.1182	261.32	0.9586279030183416	0.1725524552680694	
240.9667	224.0	0.8366218755519095	-1.5159659795278737	
123.0747	201.65	0.8366218755519095	1.2566645065316904	C8H12N2O6
123.0806	27.28	0.8819367946589246	-0.4395250674981514	
123.1291	2.1	0.8366218755519095	-1.4452066228134695	
241.1015	252.87	0.8016931363417672	2.549585430448805	
241.1095	252.61	0.8016931363417672	2.0310094807309707	
205.9956	256.43	0.9921145258446588	-0.03678970215762981	
124.0587	32.92	0.8366218755519095	1.7149527436528458	
168.0901	168.13	0.9921145258446588	-0.03725853879277489	
168.0931	168.0	0.9519051527586792	-0.19262854906574584	
206.04	205.45	0.8366218755519095	1.470871913081526	
124.9227	209.53	0.8655103643275295	0.5407554427245373	
241.1837	26.88	0.8467164642602862	-0.7673068233309036	
206.0716	197.55	0.8016931363417672	2.596622812030602	
168.1263	146.47	0.8467164642602862	-1.0237874352097354	C8H14N2O6
124.9998	319.51	0.9757067208217112	-0.1105394560089951	C6H14N4O
206.1004	165.9	0.9751033365401344	-0.1184779735345419	
206.1216	261.32	0.9794991212722197	0.09706783319218203	C8H18O5
242.0182	213.07	0.8655103643275295	0.5374706167613874	
126.0219	220.46	0.8016931363417672	1.9419179905864377	
169.0844	173.25	0.8016931363417672	-2.1459489074829836	C14H19NO2
242.0374	227.28	0.8366218755519095	1.4047402074930213	C10H20N2O4
169.0858	27.8	0.8467164642602862	-0.709532178607766	
242.0746	333.62	0.9586279030183416	-0.17391698592023155	
242.0997	185.2	0.7712308883143054	3.524499277347661	
242.1047	252.61	0.8016931363417672	2.0417469031609286	
242.1128	253.0	0.8016931363417672	2.499268326635476	
206.9695	1.44	0.8467164642602862	-0.7850438957946874	
242.2841	28.33	0.8486575789387512	0.6795467872957351	
169.9857	220.98	0.8366218755519095	1.7325276732898522	
170.0599	165.9	0.8706009560741452	0.5105216757638281	
242.9617	206.77	0.8467164642602862	0.7485348764366853	
242.9617	214.38	0.8467164642602862	0.9115460655905747	
243.0159	212.41	0.6167725501993456	-4.1317734055177695	
207.0798	243.24	0.9262433744661557	0.2753726246732267	C8H15N3O5
127.123	203.35	0.8016931363417672	2.670371772488611	
128.1264	203.35	0.8016931363417672	2.393684236595005	
207.1591	26.62	0.8467164642602862	-0.8848611977906509	
171.1379	25.7	0.9660898192244098	0.14465863599123535	
208.0694	198.2	0.8732451603586905	-0.4637225119295171	
208.0694	217.04	0.8405253600084298	-1.0960198271993886	
244.0529	214.78	0.8467164642602862	0.8860061192366459	
244.0529	221.77	0.8467164642602862	1.009100109918738	C11H12N2O6,C9H17O7P,C12H16N2OS2
244.0529	228.2	0.8016931363417672	2.120644174150686	
244.0926	163.67	0.8366218755519095	-1.2480588258728136	
208.1009	300.86	0.8366218755519095	1.527709978453992	
244.1291	315.57	0.9991325412702936	0.010061977884150877	
130.0651	166.29	0.9425977659216925	0.214688380110172	
244.9538	222.69	0.8366218755519095	-1.1862605573285314	
245.0203	277.02	0.8500263624701829	0.649222242039154	
131.0492	168.13	0.9576078595435827	-0.18136581137994265	C13H16O4
131.0702	27.67	0.8016931363417672	-2.1523134342849652	
245.0959	163.67	0.8366218755519095	-1.1598580410518617	
245.113	357.49	0.8467164642602862	-0.7554772784828645	C9H19NO2S2,C8H15NO7
245.1357	201.91	0.8500263624701829	0.6367451373443201	
245.1858	27.8	0.8517599305358363	0.6088766322126636	
174.0386	145.55	0.8016931363417672	-2.2891144903704883	C11H23N5O3
246.0971	163.8	0.8366218755519095	-1.2321224159235673	
246.1195	257.09	0.9768787511499392	0.1051290940195253	
246.1195	294.92	0.8467164642602862	-0.7299219629841128	
132.0655	301.52	0.8820751844182133	0.4339010763209816	
246.1447	274.62	0.8500263624701829	0.6468167340074531	C9H19N3O3
246.152	36.07	0.8467164642602862	0.7877946070958938	
132.0808	27.93	0.8467164642602862	0.9376003474643632	
132.0808	166.29	0.94812470148288	0.199736659528521	
246.1811	362.48	0.8467164642602862	-0.8212201705480094	C13H12N2O4,C10H13FN2O5
246.1811	411.58	0.8467164642602862	0.7396853492758892	
210.1416	28.2	0.8467164642602862	-0.9690126295213094	
133.0859	26.75	0.8366218755519095	-1.4245338916968846	
247.0222	256.7	0.9961612711467063	0.025515100564538262	
210.17	28.07	0.9902433802142138	0.050226731172310406	
133.099	178.64	0.8366218755519095	1.1103538657335559	C7H13N3O5
247.0579	265.39	0.8443899642433087	1.084523585486471	
175.1077	246.3	0.8467164642602862	0.8401652127540185	
247.1033	335.19	0.9586279030183416	0.16582293494230582	
133.1012	25.18	0.8517599305358363	-0.5943900793851983	
247.1287	330.47	0.8467164642602862	1.064046406988068	
247.1481	274.88	0.8495949492869239	0.6732984537955569	
247.1528	384.83	0.8500263624701829	-0.651647192138551	
211.0769	217.17	0.8467164642602862	-0.8586599025353125	
247.1593	384.83	0.8500263624701829	-0.6328893385913932	
247.1844	362.08	0.8467164642602862	-0.8831498559901078	
247.1844	411.58	0.8467164642602862	0.8142853501788824	
134.0188	256.7	0.8467164642602862	0.703363292830138	
176.0294	187.7	0.8016931363417672	2.9996792483514136	C6H11O8P,C6H11O8P
248.0215	367.1	0.8016931363417672	-1.9954070717399568	
248.034	32.66	0.8016931363417672	2.4616841694572322	
248.0587	24.52	0.8467164642602862	-0.9553317173537356	
134.0812	41.72	0.8016931363417672	2.4306421996045517	C8H14N2O6
176.111	246.43	0.8467164642602862	0.8360949490336637	
134.106	178.77	0.8467164642602862	0.9872846798346239	
248.124	308.08	0.8936194119867811	0.371218004237504	
176.1393	212.02	0.8366218755519095	1.4890837245861117	C8H12O3
248.2371	28.33	0.2224252027447532	9.17248277348854	
279.8322	207.03	0.8467164642602862	-1.0253988665016593	
279.8322	212.94	0.8366218755519095	-1.5374256707289802	
249.0609	166.29	0.8947922202400356	-0.3596174733423926	
249.082	261.32	0.9327805195636302	0.2558142832879551	C11H20N2O6
249.0958	217.04	0.8467164642602862	-0.8932634738166964	
212.8515	207.56	0.8957083046912101	0.35619597304037964	
212.8515	211.36	0.8467164642602862	0.8123983208102475	
249.108	345.47	0.8819367946589246	-0.4394611420705413	C14H16N4
249.108	359.32	0.8517599305358363	-0.6054904269735188	
249.1194	304.93	0.9795503706011025	0.09107631251976077	C11H16N4O5
249.1271	164.72	0.8500263624701829	-0.6308231857520504	
249.1271	308.08	0.8896180915387539	0.39767179090833815	
280.0918	318.46	0.9614415383940568	-0.15280642196405575	
280.1289	198.73	0.9264553988842347	0.27036960740708593	
280.1289	201.38	0.8476980992176624	0.6852474943754895	
177.8881	208.61	0.8366218755519095	-1.3534511703003087	
177.8881	210.18	0.8016931363417672	-2.3183853271232673	
177.9667	209.26	0.9332908949355739	0.25402925545032845	C9H13N3O5
178.024	213.6	0.6776940947004287	3.856645397625494	
250.0933	35.29	0.8366218755519095	1.11425505893409	
250.0991	197.68	0.9614415383940568	0.15454512681719593	
250.0991	216.91	0.8366218755519095	-1.251473309674494	
178.0903	298.37	0.8467164642602862	1.02819615493282	
281.0952	318.33	0.9244398414675842	-0.28042035792439135	
250.884	207.42	0.8467164642602862	-0.9776862649162248	
250.884	211.63	0.8016931363417672	-1.9748781196696783	
281.113	285.04	0.8467164642602862	0.984195409292218	
281.1493	162.09	0.8725813249592255	-0.4894970272411011	
281.1493	175.49	0.9861892155690386	-0.07239796188197672	
281.2066	26.88	0.8366218755519095	1.3191607289248912	
251.0427	243.37	0.8467164642602862	0.792830820226701	
251.0695	312.29	0.8366218755519095	1.2817409171690282	
251.1388	27.67	0.8467164642602862	0.7432319928487378	
179.0703	28.07	0.8366218755519095	1.4539652493057942	
282.1188	205.06	0.8366218755519095	1.7229295387423447	
282.1422	239.53	0.9898424243120408	-0.05526869215229638	
252.0725	303.88	0.8016931363417672	2.7473574115428936	
282.2789	29.38	0.9244398414675842	-0.28202684523660143	
282.2789	35.02	0.8467164642602862	-1.031685264898371	
252.1886	27.41	0.8366218755519095	1.179975178340763	
179.881	213.99	0.434113104371189	-5.085743123573789	
283.1174	28.07	0.8366218755519095	-1.1173769642829436	
283.1287	203.22	0.8366218755519095	1.6944626030774503	
283.1287	206.64	0.8366218755519095	1.2824103340506419	
180.0879	349.54	0.8947324870865749	-0.3608547104313756	
215.1265	28.07	0.8467164642602862	0.9357395554685314	
253.1644	28.2	0.8896180915387539	-0.39640575348867096	C10H18N2O5
215.139	242.19	0.8500263624701829	0.6588987228761696	
180.879	213.86	0.8016931363417672	-2.805422980702162	
253.2385	199.25	0.8467164642602862	0.6971967513770166	
284.0733	248.66	0.8500263624701829	-0.6488517744806075	
284.0987	174.96	0.9876705697408031	0.06165225040518444	
284.121	28.07	0.8725813249592255	-0.4850398227075661	
284.121	218.09	0.8366218755519095	1.5845514952950763	C8H13N3O4S,C16H9NO2
216.0631	299.42	0.8366218755519095	1.5891842232605389	
311.1235	314.65	0.8706009560741452	-0.5135483026766122	
311.143	247.09	0.8467164642602862	0.7022035729720629	
284.2065	27.41	0.8366218755519095	-1.1611504808331785	
254.1214	182.18	0.8500263624701829	0.6296392727898681	
254.1598	175.75	0.8016931363417672	2.8300561306728613	
216.8367	206.9	0.9905394669109658	-0.045806077616758985	
216.8367	212.94	0.8366218755519095	1.7938593329389978	
254.1961	26.62	0.9586279030183416	-0.16651547007351972	C11H20N2O5
254.1961	28.2	0.8467164642602862	-0.8215947517787869	C11H20N2O5
284.9717	222.03	0.9011810124341494	0.3275761916712753	C12H14O9S,C15H12Cl2N4O
284.9717	227.28	0.8016931363417672	2.2021082491777464	
254.9825	224.4	0.8016931363417672	-2.258435279876642	
285.1023	174.96	0.8467164642602862	0.6957887829319312	
312.1948	252.87	0.9855279821578004	-0.07710037351341732	
312.2375	27.41	0.8708126720964158	-0.5018993741157362	
285.2099	27.41	0.8467164642602862	-1.0201166357852955	C12H14O9S,C15H12Cl2N4O
217.0616	276.23	0.8366218755519095	1.7192987190032252	
217.0664	299.42	0.8366218755519095	1.2706258999562297	
312.9018	209.39	0.8467164642602862	1.0056546739333176	
217.0818	359.32	0.8725813249592255	-0.4884028294000333	
313.0767	235.85	0.8467164642602862	0.977449211492045	
255.9515	207.56	0.8366218755519095	1.3759174627369262	
217.1182	289.41	0.8366218755519095	1.4382416540306244	
255.9862	224.4	0.8467164642602862	0.7575838181273545	
256.0087	214.91	0.8467164642602862	0.7736501689194821	
313.8994	207.95	0.8467164642602862	0.8292722138189303	C5H9Cl2N3O2
313.8994	210.31	0.8366218755519095	1.3178713183461908	
286.1507	290.72	0.8725813249592255	-0.48280316501097453	
286.1759	245.08	0.8517599305358363	-0.6097905524410515	
256.0902	316.22	0.8467164642602862	-0.8085396200332001	
286.2114	27.41	0.8467164642602862	-0.8853078212340704	
256.0946	320.03	0.8366218755519095	-1.155996406164602	
256.1324	253.0	0.8366218755519095	1.3195897030622312	
314.0843	268.15	0.7072567043021806	3.722710731427809	
314.8134	207.29	0.8016931363417672	1.9787832583464249	
314.8134	212.94	0.6776940947004287	3.940049837067976	
218.1134	308.08	0.9414837883614254	0.22337512772270063	
218.1134	318.33	0.9586279030183416	0.16569417082988197	
315.0795	341.23	0.8467164642602862	-1.0225397845393769	
288.1803	26.23	0.8277084543475581	1.8486818632646655	C16H26O4
288.2894	28.2	0.8467164642602862	0.8975360171534051	C5H8NO9P3
288.8397	208.34	0.8476980992176624	-0.6847742655663729	
288.8397	210.58	0.8016931363417672	-2.6412785907907574	
316.1264	196.23	0.8467164642602862	0.8724368492916978	
316.1628	277.15	0.8589779992880773	0.58081214178501	
316.1864	255.23	0.8366218755519095	1.2018463081088064	
316.234	294.53	0.8729431976365946	0.4711134335978237	
289.2063	304.01	0.9737648022817522	0.12562005398370077	
257.9931	210.31	0.8366218755519095	1.7567827578858584	
316.9199	209.53	0.8467164642602862	0.8774558725780355	C14H30N4O2
258.1446	308.74	0.8467164642602862	-1.0315352790602668	
290.1457	424.39	0.8896180915387539	0.39573252579484886	
290.1595	27.28	0.7712308883143054	-3.4928477820709833	C10H18N2O5
344.0906	309.0	0.8016931363417672	2.471758068042745	
290.1708	34.89	0.8905942357425803	0.3832020656842103	
290.1708	48.68	0.8827461653488381	0.4314898767040354	
290.1708	273.83	0.926416992724394	-0.27282821458978884	
317.1105	285.04	0.8467164642602862	0.941659391769261	C14H8N2O3
344.2276	34.76	0.9964310091392445	0.02394670882662102	
258.279	28.46	0.8366218755519095	1.134968008852232	
291.0214	265.39	0.8517599305358363	0.5947146372712625	
291.0754	221.11	0.8016931363417672	-2.0253861190743083	
258.9356	207.16	0.8706009560741452	0.5123580747915176	C15H23N5O3
258.9356	213.2	0.8016931363417672	2.5232533470881204	
317.9233	209.53	0.8366218755519095	1.3660588512559733	
258.9891	210.44	0.8517599305358363	-0.5992500192040743	
344.9841	221.51	0.9751033365401344	-0.11828020852678997	
318.0764	319.64	0.8366218755519095	-1.588359784207343	
318.1058	257.49	0.8467164642602862	0.7847304614505166	
291.9623	209.39	0.8655103643275295	0.5405316743146075	
345.1054	348.49	0.8729431976365946	-0.46742873419476605	
318.1907	25.96	0.8366218755519095	-1.448387203708734	
318.1907	27.28	0.9855279821578004	0.07694599664245803	C11H14N2O5
259.1131	319.51	0.9374573725634004	-0.23379702291622917	C9H19N3O4
345.144	166.95	0.8729431976365946	-0.4685217638095279	
318.8781	209.26	0.8467164642602862	0.7186040961418468	
259.9922	210.58	0.8467164642602862	0.9260265322941326	
318.9177	209.0	0.8467164642602862	0.9362191257542293	
292.1331	1.18	0.8500263624701829	-0.6526167194324218	
292.1331	404.69	0.9586279030183416	-0.174896898770734	
292.1753	27.28	0.7075496914854279	-3.6870468322099663	
292.2015	25.18	0.8467164642602862	-0.903632807507233	
292.9594	222.03	0.8885062630581946	-0.41170151265727944	
292.9594	227.55	0.8366218755519095	1.1381249150144483	
260.0269	299.42	0.8366218755519095	1.4881226752832106	
346.0406	365.92	0.8467164642602862	-0.9437331471620448	
319.8817	209.26	0.8708126720964158	0.5049719450495269	
260.1138	319.51	0.9125607253200891	-0.30114097107198046	
293.0551	4.2	0.8016931363417672	1.931047868364482	
293.0977	341.23	0.8467164642602862	-0.9986951079737839	
260.1491	26.49	0.896332300992654	-0.3426829251102121	
260.1603	239.66	0.8500263624701829	-0.6323052051210079	
260.1967	329.91	0.9751033365401344	-0.11803201322084377	
320.2065	26.75	0.8366218755519095	-1.4035124788445292	
320.876	209.26	0.8467164642602862	0.8275339131205163	
347.107	176.14	0.8366218755519095	1.3815002276087192	
260.9877	210.58	0.8366218755519095	-1.1179066896779173	
294.1005	341.23	0.8467164642602862	-1.0244761552061654	
321.0377	166.03	0.8655103643275295	0.5380083563376497	
294.1445	196.23	0.8467164642602862	0.7659050096000561	
294.1809	277.02	0.8467164642602862	0.8565300018010862	C17H17Cl2N
294.2272	25.7	0.9903655760401088	-0.04742960808241686	C20H19NO2
261.1189	335.46	0.8905942357425803	-0.3829579289267915	C19H21NO4,C12H26NO7P
261.1443	305.33	0.9586279030183416	0.16705782872533065	C10H14O10
261.1443	311.37	0.9346013461700051	-0.2409215063971261	
294.9289	207.82	0.8366218755519095	1.8142424125093557	
261.1637	239.92	0.8467164642602862	-0.7357172651445762	C42H74O7
348.1696	217.44	0.8517599305358363	0.6035141871424837	
348.8064	207.56	0.8366218755519095	-1.7759001168890167	
348.8064	211.76	0.8366218755519095	-1.4984723770823662	
322.0698	374.32	0.9737648022817522	0.12672274172328465	
295.0677	367.36	0.8366218755519095	-1.1109877848593457	
295.0775	364.58	0.8016931363417672	-2.1140135667409172	
262.1184	186.52	0.8366218755519095	1.2983408153335407	
295.1286	285.18	0.8467164642602862	0.8575265715011703	
295.1844	277.02	0.8467164642602862	0.8393444503260781	
322.874	209.39	0.8936194119867811	-0.3709551971564515	
295.9484	210.44	0.8016931363417672	2.23931203529234	
296.1238	257.75	0.896332300992654	0.34515496674636126	C19H34O3
296.1321	284.78	0.8467164642602862	0.9479335319979215	
296.9257	28.98	0.8366218755519095	1.4577872686818836	
296.9278	207.29	0.8366218755519095	1.8021841779202254	C11H21N3O4
296.9278	211.76	0.8819367946589246	0.4383907600388597	C11H21N3O4
296.9454	210.31	0.8366218755519095	-1.2264955265630546	
263.0872	396.38	0.8729431976365946	-0.471686859480069	
263.0946	147.12	0.9624739686584857	-0.15034472780497454	
263.0946	156.71	0.9597002992267613	0.16201615466160116	C22H21FN2O
350.2183	203.35	0.9414837883614254	0.22398855120832428	
350.2183	216.78	0.9795503706011025	0.09276846553210176	
324.0587	366.18	0.8467164642602862	-0.8011046134510394	
297.0819	24.52	0.8467164642602862	-0.9946976779021446	
297.0819	182.31	0.8706009560741452	0.514595383025376	
297.1078	317.67	0.9264553988842347	-0.2676252673778065	
324.2013	27.15	0.8366218755519095	-1.2630885339421198	C17H17F2N3O3,C23H15N3O
297.1267	257.75	0.87138436560577	0.4988042886903312	C11H15N5O3S
350.9872	367.23	0.8366218755519095	-1.1733961868405056	
297.1588	252.61	0.8016931363417672	2.480778366348859	
351.0009	224.4	0.8016931363417672	-1.9214968365931389	
324.8971	242.19	0.8467164642602862	0.9759253100030132	
324.9874	242.45	0.8366218755519095	1.191270458966983	
325.0187	212.68	0.8016931363417672	-2.084453458862247	
297.9829	246.95	0.8655103643275295	-0.5407163177478518	
351.2219	203.35	0.8366218755519095	-1.1886134400718684	
351.2219	217.17	0.8725813249592255	-0.4805442426759335	
325.043	227.15	0.8467164642602862	0.9029394546998081	
325.043	310.58	0.8366218755519095	1.1210386498500768	C13H15N3O3
297.9884	221.38	0.8517599305358363	-0.6150121550698279	C8H16N2O3S,C8H16N2O3S
325.0623	337.03	0.8500263624701829	0.6558119775994904	
325.0623	366.18	0.8685601066858795	-0.5268571017498349	
298.0966	34.63	0.9877320094146901	0.06038158181192483	
352.0043	224.66	0.8277084543475581	-1.8487399360498735	
298.1862	26.49	0.8366218755519095	-1.1050836945208993	
298.3466	28.07	0.8467164642602862	-0.9422363708911574	C15H17Cl2N3O
265.1115	201.65	0.8366218755519095	1.2467980692878284	
298.8396	206.9	0.8366218755519095	1.7014819616840136	
298.8396	213.2	0.8016931363417672	2.5742045160340243	
326.046	310.71	0.8366218755519095	1.2525622318154022	C8H15NaO8
326.0561	222.03	0.8366218755519095	1.3163875170073158	
326.0561	227.81	0.8016931363417672	2.1151390017903653	
299.0435	248.0	0.9861892155690386	-0.06724774443500148	
299.1002	34.63	0.9795503706011025	-0.09254025559862496	C21H20N2O4
265.9989	196.1	0.8366218755519095	1.1079407545608484	
327.1407	142.66	0.8467164642602862	0.7542332345093244	
327.201	36.21	0.9346013461700051	0.24194642500784372	
353.0055	224.66	0.8366218755519095	-1.7852885505217615	
266.0745	164.06	0.8366218755519095	-1.2859786566235765	
299.2579	29.38	0.9720400907947124	-0.13132749283280296	
299.2579	35.29	0.8745147490591924	-0.4595114982661869	
353.1452	273.17	0.8517599305358363	0.615996653700707	
266.115	201.65	0.8366218755519095	1.2715483520277597	
328.1532	253.92	0.8467164642602862	1.0047400868723404	C9H17N3O6
328.2326	27.93	0.8467164642602862	-0.9857883279673467	
353.92	321.24	0.39975284681304535	-5.359174174936111	
300.066	319.9	0.8366218755519095	-1.4322975767241115	C17H22N2O7
267.0713	177.72	0.8896180915387539	0.40319880254964446	
267.078	164.19	0.8366218755519095	-1.5332143083204106	
300.1209	251.56	0.8016931363417672	2.374988661629821	
267.1078	201.78	0.8467164642602862	0.7420060470655531	
267.1078	273.96	0.8745147490591924	0.45896333310103965	
267.1224	26.23	0.9597002992267613	-0.16241829982419057	
329.0054	366.84	0.8467164642602862	-1.0547489943804063	
267.1337	159.86	0.8725813249592255	-0.4807274417910141	
329.0152	364.58	0.8016931363417672	-2.195557975655515	
267.1716	25.05	0.9614415383940568	-0.15345062418178093	
267.18	27.41	0.8467164642602862	-1.044581838431597	
300.2895	29.38	0.9090558490821055	-0.31066991783588244	
300.2895	35.02	0.8366218755519095	-1.2186445063441267	C20H21N3O4
355.011	341.23	0.8467164642602862	-0.9369700552212369	
300.946	208.08	0.8467164642602862	0.878024430808987	
300.946	210.71	0.8476980992176624	0.6895525563801863	
355.9695	210.05	0.8016931363417672	2.0528154587340057	C14H14INO2
356.0147	340.84	0.8467164642602862	-0.7485523152539083	
356.0495	324.92	0.8655103643275295	0.5510134100912135	
268.1266	274.88	0.8366218755519095	1.2709782242809935	
356.0755	388.37	0.8467164642602862	-0.7070401914878308	
268.1374	159.6	0.8626974849709569	-0.57067553754317	C21H22O5
268.1753	26.1	0.9751033365401344	0.11751700024387614	
356.8549	208.08	0.8366218755519095	1.4211979383783448	C22H26O5,C20H23FN4O2
331.0105	364.58	0.8016931363417672	-2.0671718200510396	
269.0395	265.39	0.8467164642602862	0.8629233407764464	
356.9664	210.58	0.8729431976365946	-0.4682005536956	
357.0078	341.23	0.8467164642602862	-0.9246429451205671	
269.113	236.11	0.9066120112998222	0.31593801413495487	
357.0553	352.59	0.8467164642602862	-0.9638015286630851	
302.1107	198.6	0.8467164642602862	-0.9505523430409404	
302.1107	201.38	0.8467164642602862	-0.9105881513624486	
332.1213	247.09	0.8366218755519095	1.2821367409974505	
332.1925	275.7	0.8366218755519095	1.45157636586573	
302.1456	165.38	0.8467164642602862	-0.7316328758133019	
269.9571	242.19	0.8467164642602862	0.826901616914966	
332.3308	28.07	0.8016931363417672	2.8113083759192157	
332.3308	33.58	0.7072567043021806	3.7534174607149984	
357.9684	210.84	0.8882352230256205	0.4133457826128048	
270.0014	224.4	0.8147701987624889	-1.8811856016803281	
302.2071	28.07	0.8774051042401716	0.45260238589320667	
332.8937	209.26	0.8467164642602862	0.7584817735775148	
270.1058	308.08	0.8467164642602862	0.7789647347255779	
270.1164	236.11	0.9090558490821055	0.3099989426595607	
302.3051	28.33	0.8467164642602862	-0.9722116174729415	C20H19FN4O4S
270.1909	28.2	0.8467164642602862	-0.8917403027998995	
302.9042	209.0	0.8467164642602862	0.9000364433875223	
333.1553	201.65	0.8467164642602862	1.0514340758580185	
270.3153	28.2	0.8517599305358363	0.5957943955100734	
333.1916	284.13	0.8655103643275295	0.5475760527951741	
359.0066	340.84	0.8467164642602862	-0.7978135027324524	
270.9772	229.52	0.9909502545765552	-0.041893619374245995	
271.0023	224.53	0.8044383246071671	-1.904396239927777	
333.3343	28.07	0.8016931363417672	3.039805988855052	
333.8971	209.13	0.8467164642602862	0.7394504150167717	
303.1448	203.88	0.9994193906563498	0.0035567299992985985	
334.0514	248.53	0.8467164642602862	0.8421147396195664	C14H25NO11,C15H29NO6S2
334.0514	256.3	0.8366218755519095	1.54777620252869	
334.1394	282.81	0.8016931363417672	1.914580287787981	
271.3187	28.33	0.8467164642602862	0.7021428742034271	
334.8916	209.26	0.8467164642602862	0.7268685783317993	C11H19NO9S2
334.9238	367.23	0.8016931363417672	-1.9627056379713077	
304.1613	288.88	0.8366218755519095	1.786962490117942	
272.149	26.23	0.8655103643275295	-0.5409926391618792	
304.2996	28.2	0.8016931363417672	3.2628143755097545	
304.2996	33.84	0.5365871704402738	4.355251260365998	
304.8626	209.13	0.8467164642602862	0.8842161720134253	
335.0452	168.0	0.8957083046912101	-0.3572072671252698	
335.0734	352.59	0.8467164642602862	-0.8759946202856174	
335.0945	246.82	0.5139707810235734	4.51868013449811	
361.0784	375.37	0.8467164642602862	1.0000000000000009	
361.1825	301.78	0.8016931363417672	2.429899275450486	C41H78O12S,C43H75N2O9P
361.1978	256.83	0.9346013461700051	0.24053387111272764	
335.8949	209.39	0.8467164642602862	0.8268161199986863	C22H32O5
361.2354	25.05	0.8467164642602862	-0.7095536523740927	
335.9213	367.23	0.8044383246071671	-1.9018657036129665	
305.165	289.01	0.8366218755519095	1.6423524015939308	
305.165	422.42	0.8942685785016076	0.36257280231345435	
305.3029	28.07	0.6776940947004287	3.847025190433983	
305.3029	33.84	0.8016931363417672	3.016522992878671	
336.0869	319.38	0.9902433802142138	0.05160782550484191	
336.2016	27.54	0.8467164642602862	-0.8907462337849318	
306.0806	176.14	0.8366218755519095	1.3175957743053692	
306.0943	375.64	0.9994193906563498	-0.0031794939815410267	
306.1445	170.23	0.8729431976365946	0.47362026738594853	
306.1592	304.14	0.9714074698709272	0.1333004715055895	
306.1592	317.01	0.8467164642602862	-0.8205460972308994	
336.8894	209.26	0.8467164642602862	0.7302655119586966	
362.9561	221.77	0.8016931363417672	2.1637359561782894	
362.9561	227.81	0.8366218755519095	1.104155642837302	
336.9191	366.97	0.8366218755519095	-1.6634131439572644	C21H44NO6P
336.9854	224.26	0.8016931363417672	-2.4216507902310167	
307.0843	176.14	0.8366218755519095	1.3717918524700432	
274.1647	25.96	0.8729431976365946	-0.4672329764195978	
337.2733	27.93	0.8517599305358363	0.6153459656252199	
274.1871	339.79	0.8467164642602862	-0.7066841999181864	
274.1871	379.97	0.8500263624701829	-0.6313067169100293	
337.8932	209.13	0.9855279821578004	0.0763142790601185	
274.9094	207.42	0.8729431976365946	0.476767223848138	
274.9094	212.15	0.8016931363417672	3.253136356077611	
337.9664	221.64	0.8016931363417672	2.4331190803188005	
274.9362	207.56	0.8467164642602862	1.0468595329593353	
274.9362	209.53	0.8936194119867811	-0.3656782991292391	
337.9889	224.66	0.8016931363417672	-2.6127856343657325	
363.9547	228.86	0.8467164642602862	0.9394535651866882	
308.1964	24.91	0.8467164642602862	-0.969451338952115	
364.0066	185.2	0.005884998344515873	32.550243056377276	
275.0534	214.51	0.8467164642602862	0.7551260429593449	
275.1347	329.25	0.8751138929478899	-0.45707113432336643	
308.8493	209.39	0.9125607253200891	0.3019995253344323	
364.2326	27.28	0.8467164642602862	-0.9026566559177341	
275.1906	339.66	0.8467164642602862	-0.7128238264880012	
275.1906	380.23	0.8500263624701829	-0.6393766613139144	
364.9523	221.77	0.8467164642602862	0.972245839720087	
364.9523	228.47	0.8016931363417672	2.484721338278767	
339.0965	374.45	0.8467164642602862	0.8651625823535389	C23H23N3O5
339.1856	297.05	0.8366218755519095	1.4243944834864828	C50H89O15P
365.9636	27.28	0.8366218755519095	-1.2344738115254905	
339.2077	24.91	0.861174959410073	-0.573652220799661	
339.289	27.93	0.8467164642602862	0.8694260584666587	
339.9956	212.02	0.8366218755519095	1.1256447803970828	
310.0247	227.15	0.8366218755519095	1.2021345163993977	C21H32O10
366.2132	278.33	0.8405253600084298	1.0942959838687156	
340.0807	402.72	0.8467164642602862	0.9692527508016618	
276.134	167.21	0.8366218755519095	1.3775265658660916	
310.1395	247.09	0.8467164642602862	0.7303937226328898	
276.1553	425.44	0.8882352230256205	0.41539482796999655	
310.8506	207.29	0.8366218755519095	-1.28051562540425	C17H29NO11
310.8506	212.02	0.8366218755519095	-1.4591649164050233	
340.9925	211.76	0.8016931363417672	-2.4042340811014444	
277.0488	214.38	0.8467164642602862	0.9576929581714444	C6H9O15P3
277.1029	387.32	0.8467164642602862	-0.8850251375417812	
277.1029	392.57	0.8366218755519095	-1.6244753971474453	
341.0281	249.19	0.8366218755519095	-1.1445972069208776	
368.0471	248.92	0.8467164642602862	-0.7585786152094967	
341.0977	179.69	0.8366218755519095	1.1540343573868959	
341.0977	188.49	0.8366218755519095	1.3725099251354373	
278.1167	243.76	0.8980211549789953	-0.3364127468643048	
278.1599	27.28	0.9387360159558029	0.2310742774413692	
376.9929	341.23	0.8467164642602862	-0.9948336851026675	
370.0318	367.76	0.8366218755519095	-1.1542829451806051	
410.8786	209.13	0.8523255989048916	0.5924847051727488	
371.1009	24.52	0.8467164642602862	-0.8437396601782996	
378.0574	388.5	0.896332300992654	0.34307358693375195	
279.1007	287.7	0.8366218755519095	1.6343298010931546	
279.1007	296.0	0.8366218755519095	1.3385880557403265	
279.1007	316.22	0.8467164642602862	-0.7972420454416489	
412.0062	319.11	0.8366218755519095	1.1900443087353856	
372.101	24.65	0.9761098690168089	0.10846891343007073	
372.1898	303.49	0.8366218755519095	-1.6473231164824018	
372.8288	209.39	0.8467164642602862	0.9271537089970593	
379.2484	37.52	0.39975284681304535	5.391945792762906	
379.2681	25.18	0.8366218755519095	-1.1211846481826255	C14H26N4O11P2
380.0169	318.33	0.8366218755519095	1.2880497016802335	
380.032	319.77	0.8366218755519095	-1.7025273324513894	
450.0668	370.65	0.8467164642602862	0.834462987559909	
450.0668	373.01	0.8366218755519095	1.3592157375878229	
381.2782	25.05	0.9346013461700051	-0.2447076874309032	
414.8967	209.26	0.8467164642602862	0.7794184498334747	
374.9625	221.9	0.9066120112998222	-0.31769100648297655	
452.9879	341.23	0.8467164642602862	-0.9879041941132246	
453.1005	299.55	0.8366218755519095	1.6965830464800116	
375.1983	288.23	0.8147701987624889	1.885381323688535	
453.3428	30.82	0.8016931363417672	-1.9945534875456388	
453.3428	34.89	0.8016931363417672	-2.212890917479297	
453.9464	210.05	0.8016931363417672	2.6237220989799663	
454.0265	325.71	0.8366218755519095	1.5249196396790383	C19H14Cl2N2O3S
415.9005	209.39	0.8467164642602862	1.0097053951179225	
382.9946	248.66	0.8366218755519095	-1.1361387223255945	
382.9946	257.35	0.8467164642602862	-0.9696053154474088	
454.2915	26.23	0.9991325412702936	-0.007402804018361781	C10H16N3O13P3
454.2915	135.17	0.8366218755519095	-1.2335715074573834	
454.9434	210.31	0.9830913070058306	0.08537448523083718	
454.9846	341.23	0.8467164642602862	-0.9481728265295155	
491.2914	23.21	0.8467164642602862	-0.9341826223599732	
455.9458	210.05	0.8016931363417672	2.3598195120338508	
416.2252	29.77	0.8016931363417672	-1.9468448792658457	
492.2951	23.34	0.8467164642602862	-1.0192123626537999	
384.1145	303.88	0.8016931363417672	2.9039133320299806	
456.9419	210.18	0.8467164642602862	0.851880673604737	C19H27N3O6
456.9651	222.03	0.49940538447216165	4.67750567681177	
456.9651	227.81	0.8366218755519095	1.1203446789747784	
416.855	209.26	0.8467164642602862	0.7387645033551906	
416.86	321.9	0.8016931363417672	-3.231873885300269	
416.8946	209.13	0.8467164642602862	0.8280683438270128	
385.1284	277.67	0.8016931363417672	2.1791921935564136	
417.2452	233.22	0.9768787511499392	0.10540728139161727	
494.3238	136.62	0.8366218755519095	-1.4464184835873195	
386.7625	207.95	0.8467164642602862	-0.7965890954469904	
386.7625	211.1	0.8655103643275295	-0.5493405570793105	
418.8531	209.26	0.8366218755519095	1.3237545854512567	
496.3393	125.72	0.9475454626759316	-0.20551281074707883	
418.9884	224.53	0.8016931363417672	-2.5509738118227365	
419.1696	28.07	0.896332300992654	-0.3428947260463267	
387.0844	168.26	0.9424846428019217	0.2171618212317731	C20H35NO16
387.1798	26.23	0.8882352230256205	-0.41320439445904283	
497.3427	125.72	0.942151479174949	-0.21990483379679157	
497.3427	136.36	0.8366218755519095	-1.3620267460493567	
419.9915	224.13	0.8467164642602862	-0.7863428740782679	
498.858	208.74	0.8366218755519095	1.1915540625377061	
420.3185	1.97	0.9066120112998222	-0.3152561485966604	
388.1832	26.23	0.9961612711467063	-0.025500509640980492	
388.2182	0.78	0.8366218755519095	1.7354782731827219	
499.9909	319.38	0.8366218755519095	-1.2031451586490451	
388.2539	34.89	0.896332300992654	0.3498750281041378	
500.9913	224.26	0.8016931363417672	-2.1268953676422973	
464.2611	305.85	0.8467164642602862	0.8793646486153075	
501.9946	224.66	0.8016931363417672	-2.148967120223995	
502.3156	25.18	0.8467164642602862	-0.8443966682080225	
464.8906	221.51	0.8016931363417672	-2.9309249610702772	
502.9858	370.38	0.9960896351249449	-0.02913362507695837	
502.9961	224.0	0.8016931363417672	-2.15896058357965	
466.0131	378.0	0.8936194119867811	-0.36971930048954843	
424.1016	416.47	0.5139707810235734	4.556755538087339	
503.3186	25.18	0.9714074698709272	-0.13365945568533974	C43H74O4
391.0478	221.24	0.9346013461700051	0.24201828415440657	
467.1402	254.32	0.8016931363417672	2.73489194731443	
468.308	138.85	0.8467164642602862	-0.8868222919137695	
469.9769	303.09	0.8016931363417672	2.1242266133549372	
509.9829	319.51	0.8366218755519095	1.1208620574212842	C34H65NO3
473.3175	24.65	0.8467164642602862	-1.0636607401303793	
430.302	302.44	0.9475454626759316	0.20309713442464056	
511.0962	391.0	0.8366218755519095	1.1042451527823907	
511.1196	297.05	0.9861892155690386	-0.06713408897078564	
430.8707	209.26	0.8467164642602862	0.7442552864823513	
394.9047	207.82	0.8366218755519095	1.5711254281277134	
394.9047	211.89	0.8467164642602862	0.8340579413801306	
431.1186	299.55	0.8366218755519095	1.7357794751542361	
512.8737	209.13	0.8476980992176624	0.6823416810733451	
395.1558	197.41	0.8685601066858795	0.5216416862167746	
395.1558	217.17	0.8467164642602862	-1.002955017843511	
431.8738	209.26	0.8467164642602862	0.8456008608340722	
513.877	209.13	0.8366218755519095	1.7013557814729097	
514.8321	209.39	0.8467164642602862	0.7267274537062907	
514.8714	208.74	0.8467164642602862	0.7635813634717714	
514.8714	209.53	0.8467164642602862	1.0174693429152173	
515.007	224.53	0.8366218755519095	-1.7897988550015798	
396.2939	25.18	0.8467164642602862	-0.8659026673040189	
515.2124	319.11	0.926416992724394	0.27336372059136477	
432.2801	35.16	0.8366218755519095	1.1600414590930377	
432.8678	209.26	0.8366218755519095	1.1219248340885872	C38H78NO7P
516.0103	224.53	0.8366218755519095	-1.7636095417866766	
433.0039	224.26	0.8366218755519095	-1.6294634542082795	
433.2405	26.23	0.8708126720964158	-0.5026883876448329	
516.8302	209.13	0.8366218755519095	1.1929424381482994	
477.2042	252.61	0.8016931363417672	2.23402710902991	
517.0116	224.0	0.8366218755519095	-1.7566553800132634	
478.2071	252.87	0.8016931363417672	2.5788310527195417	
434.0074	224.26	0.8366218755519095	-1.5391112275419037	
479.1985	252.61	0.8016931363417672	2.1699669221293267	
479.2607	203.88	0.9795503706011025	-0.09164236128825053	
479.2607	205.72	0.8896180915387539	0.3982821945862933	
434.8669	209.26	0.8732451603586905	0.4646680336277925	
480.2025	252.61	0.8016931363417672	2.1939114021094244	
435.0087	224.26	0.8366218755519095	-1.4516448549818861	
520.3324	35.68	0.5335606458897932	4.414819409790384	C43H84NO8P,C43H84NO8P
520.3379	124.8	0.9788366572811774	0.10146475771882311	
520.3379	131.24	0.8774051042401716	-0.4520180509655598	C33H48N4O6
520.3379	133.21	0.8366218755519095	1.5464352595944262	
520.3379	136.09	0.8467164642602862	-0.8124660926780335	
520.8318	221.24	0.8016931363417672	-2.2865699888663578	
520.8318	229.65	0.8366218755519095	-1.275281115714723	C45H84NO8P,C45H84NO8P
399.2457	36.6	0.35675046533557625	5.877966678562692	
399.7476	36.6	0.31138778100002046	6.701223081463887	
482.3238	136.88	0.8366218755519095	-1.741144867517702	
482.3599	138.46	0.8443899642433087	-1.0847087791204604	
522.355	134.52	0.8016931363417672	-3.3985160860879975	
400.0505	318.46	0.8655103643275295	-0.5580378663880972	C46H84NO8P,C46H84NO8P
523.3583	134.65	0.8016931363417672	-3.185836229519951	
400.8811	209.53	0.8366218755519095	1.212124013407764	
524.371	123.23	0.8589779992880773	-0.57991805197157	
524.371	132.81	0.9751033365401344	-0.11683873450405123	
438.8831	230.04	0.8366218755519095	-1.466739215762014	C46H90NO7P
438.9696	211.23	0.9586279030183416	-0.16915238806764657	
401.1588	28.07	0.8467164642602862	-0.9544121687684191	
401.1588	307.95	0.8016931363417672	2.697862923687193	
401.1588	311.89	0.8706009560741452	0.5094816834993902	
401.1588	318.06	0.9337713096018015	-0.25111144451355005	
485.2889	25.18	0.8467164642602862	-0.7513486622881327	
486.2924	25.31	0.9283868663467355	-0.2622867431812832	
486.3456	132.94	0.8366218755519095	-1.606192883730078	
488.0462	226.89	0.8016931363417672	2.0251434754203115	
441.1516	28.2	0.8016931363417672	-2.5698759104818634	
528.8476	209.26	0.847181314585241	0.693602294248241	
489.1141	391.0	0.9737648022817522	-0.12672430456860923	C42H76O9
529.851	209.26	0.8476980992176624	0.6826799493554118	C45H81O13P,C45H81O13P
404.2062	26.23	0.8819367946589246	0.44310616378261425	
490.1175	391.0	0.8905942357425803	0.37978728856969074	C38H76NO8P
530.3468	25.31	0.8495949492869239	-0.6708752473158095	
444.0312	378.0	0.8467164642602862	-0.751363106855319	
530.8457	209.26	0.8467164642602862	0.7368282944781587	
404.973	223.87	0.8467164642602862	0.8887116189310749	
405.009	370.65	0.8517599305358363	-0.6195489821221645	
405.009	420.28	0.9991325412702936	-0.011245636285343669	
444.96	221.77	0.8016931363417672	2.827611524435009	
444.96	227.94	0.8016931363417672	2.024551075295565	
405.2092	26.23	0.8467164642602862	-0.7277833975233322	
405.2092	292.43	0.8016931363417672	2.0472291633277693	
445.2324	26.23	0.8016931363417672	2.676809853853117	
406.0433	227.15	0.8366218755519095	1.6192710284150964	
445.9981	174.57	0.8673096212815783	-0.53213318539969	
445.9981	176.8	0.8366218755519095	1.619471644908139	C40H78NO8P
406.1315	258.27	0.8467164642602862	-0.9497090240176604	
538.9516	2.75	0.896332300992654	0.34934505183561415	
538.9683	222.16	0.8517599305358363	0.6011356874625713	C38H72NO10P,C38H72NO10P
538.9683	227.28	0.8467164642602862	0.8024808885268546	C38H72NO10P,C38H72NO10P
446.7834	207.95	0.8366218755519095	-1.1174705330574508	
446.7834	211.1	0.8366218755519095	-1.600453581953171	
532.8439	209.39	0.8500263624701829	0.6460676281446933	
447.0672	365.92	0.9674556269694217	-0.14177643539418927	
407.0135	370.65	0.8905942357425803	0.381806107623149	
407.0135	420.58	0.854307229855694	0.5889807850017844	
533.3497	27.41	0.8366218755519095	-1.1733937326869837	
407.2285	218.36	0.8896180915387539	0.39773538037575373	
408.8274	207.42	0.8366218755519095	-1.5771248943770417	
408.8274	211.49	0.8016931363417672	-2.321744804390711	
408.89	367.49	0.8016931363417672	-2.9451285503091036	
543.3411	25.18	0.8500263624701829	-0.6306911414628623	
544.7603	208.08	0.8725813249592255	-0.4883813282450918	
544.7603	210.71	0.8467164642602862	-1.0207014397083671	
671.0603	310.32	0.8366218755519095	1.4254940706829449	
672.005	224.13	0.8366218755519095	-1.255405999134828	C17H27N3O17P2
782.5677	28.98	0.8016931363417672	2.4219888743262663	
782.5677	36.21	0.8467164642602862	0.7743413392614423	
679.0128	224.26	0.8366218755519095	-1.1317168523818337	
679.5142	224.13	0.8514947900161172	0.6267019516549259	
680.0161	224.66	0.8366218755519095	-1.3872434781608995	
784.5837	29.12	0.8016931363417672	2.738147734484461	
784.5837	36.6	0.8366218755519095	1.3190166257720601	
681.018	224.13	0.8467164642602862	-0.7240479444013244	
785.5872	28.98	0.8016931363417672	2.523964668784002	
785.5872	36.6	0.8366218755519095	1.39502737098285	
786.1636	312.94	0.8685601066858795	-0.5245285279458376	
597.0099	224.26	0.8366218755519095	-1.3889546495544531	
786.5995	36.6	0.8016931363417672	2.118741145815167	
682.4858	24.26	0.8980211549789953	-0.3391806676378761	
787.6032	29.12	0.8016931363417672	2.999664430979426	
787.6032	36.21	0.8366218755519095	1.8143768282932966	
788.0015	223.87	0.8016931363417672	2.2730665998032706	
788.0015	224.66	0.9244398414675842	-0.279875635732042	
685.4346	24.26	0.8467164642602862	-0.6993954880068906	
598.0133	224.66	0.8016931363417672	-2.0259600183086466	
598.0676	420.58	0.9414837883614254	-0.2218876110622412	
789.99	222.95	0.8452962448903949	-1.0814198184980128	
789.99	225.97	0.8016931363417672	-1.9231952070043095	
686.0975	347.31	0.8467164642602862	-0.7676796782031103	
599.0149	224.13	0.8366218755519095	-1.6858878085204336	
599.0709	420.28	0.9751033365401344	-0.11731260621571148	
688.1553	263.42	0.8467164642602862	0.7126784718863894	
795.0095	224.26	0.8467164642602862	-0.802645561832135	
692.4056	36.21	0.2224252027447532	8.843289430268603	
554.1754	24.39	0.8467164642602862	-0.9312913359220647	
802.0173	224.53	0.8725813249592255	-0.49450884713120774	
802.5189	224.66	0.9586279030183416	0.17363813926631855	
803.0198	224.4	0.896332300992654	0.34266407760056133	
603.5218	207.82	0.9757067208217112	0.11254281278468072	
603.5218	210.84	0.8467164642602862	0.7637879544951445	
604.3531	35.42	0.2224252027447532	8.201103821840695	
555.1059	248.79	1.0	0.0007478309431220337	
555.1059	250.11	0.8655103643275295	-0.5434658702143506	
555.1059	256.04	0.8452962448903949	1.0797357480557963	
808.1454	313.2	0.8366218755519095	-1.345135398897939	
696.4369	36.99	0.31138778100002046	6.545692389606621	
810.5989	28.85	0.8016931363417672	2.3650546809130226	
810.5989	36.21	0.8366218755519095	1.5641751268067206	
608.0883	356.17	0.8467164642602862	-0.7661902090757068	
608.3846	36.21	0.2355241597227965	7.518380591782059	
609.0915	356.17	0.9253321860718839	0.2776357267421165	
818.0119	347.04	0.8467164642602862	-0.7611069106086518	
610.093	356.04	0.8016931363417672	1.9409943874634825	
706.065	355.65	0.8882352230256205	-0.41843293169230245	
610.8511	208.87	0.8467164642602862	-0.7205050553403212	
824.484	36.6	0.39975284681304535	5.414415126789088	
707.9869	222.95	0.9576078595435827	-0.18105080611474356	
707.9869	226.1	0.8366218755519095	-1.2024276921017076	
708.5108	24.13	0.8649778990420058	-0.5630647489278147	
708.8273	209.13	0.8467164642602862	0.9442155485093944	
708.8273	209.53	0.8467164642602862	0.7792965271110864	
829.0031	224.0	0.8467164642602862	-0.8565706161978155	
830.006	224.26	0.8016931363417672	-2.0839780838973434	
611.8531	209.66	0.8366218755519095	1.4967484048496467	
560.9495	28.85	0.8467164642602862	0.9342570570487713	
612.1193	370.51	0.9991325412702936	0.012752649999900603	
830.9924	223.21	0.8366218755519095	-1.4379035486369725	
830.9924	225.71	0.8467164642602862	-0.9167527388579836	
709.5139	24.13	0.8685601066858795	-0.522446226260692	
612.3159	134.26	0.8366218755519095	-1.3626492278240396	
612.8086	209.26	0.8016931363417672	2.176971256757843	
612.8491	208.87	0.8366218755519095	1.3459636622347386	
710.5174	24.26	0.8500263624701829	-0.6684789373346041	
614.1615	446.72	0.8366218755519095	1.3575688963674455	
836.011	224.0	0.8936194119867811	-0.36681993842787725	
836.5123	224.13	0.8366218755519095	-1.4219674927492487	
615.1545	366.44	0.8467164642602862	-0.7080306408596012	
615.1545	446.72	0.8467164642602862	1.0000000000000002	
713.0065	224.0	0.8500263624701829	-0.634941360241542	
713.508	224.4	0.8016931363417672	-2.3185066515497788	
616.1573	366.05	0.8896180915387539	-0.4064446161468409	
714.4677	24.52	0.8981184977745054	-0.33472821926213364	
843.0187	224.26	0.8366218755519095	-1.3182619916559215	
843.5202	224.92	0.9902433802142138	0.05104923204441575	
715.3026	252.87	0.8016931363417672	2.4432028939425274	
844.022	224.53	0.8366218755519095	-1.3183369907911808	
564.3585	35.94	0.2355241597227965	7.488694104270679	
716.0244	146.2	0.8896180915387539	-0.400515513055592	
716.0244	156.84	0.9861892155690386	0.06982115133280326	
716.3053	252.87	0.8016931363417672	2.122326758446877	
718.0219	146.34	0.8366218755519095	-1.1298031231211532	
718.0219	156.71	0.8467164642602862	-0.8180117729788413	
720.0143	224.66	0.8366218755519095	-1.412677990869941	
720.958	370.78	0.9861892155690386	-0.06908276343405484	
721.0166	223.87	0.8655103643275295	-0.5394003593446544	
721.506	24.26	0.9346013461700051	-0.2422701468640002	
567.3544	134.52	0.8366218755519095	-1.696033827843214	
721.9571	370.91	0.9991325412702936	0.01431157417659518	
622.9812	370.38	0.9848259117708041	-0.08197235662013402	
722.5089	23.99	0.9424846428019217	-0.21830995885044904	
623.9808	370.65	0.8896180915387539	0.3956236257480938	
568.1843	313.86	0.8517599305358363	-0.6192243768280645	
723.5121	23.99	0.9264553988842347	-0.2669504419108767	
624.976	370.65	0.8685601066858795	-0.5252335976399384	
568.9228	324.13	0.8016931363417672	-3.1317405246122547	
625.1147	355.78	0.8819367946589246	-0.4405682690979425	
724.8012	209.26	0.8366218755519095	1.1259412434378215	
871.993	223.08	0.9519051527586792	-0.19158172217182923	
871.993	225.71	0.8366218755519095	-1.3519468130719072	
873.0739	153.82	0.8366218755519095	-1.737789314410127	
625.9664	323.08	0.8366218755519095	1.5899321570377138	
625.9843	222.69	0.8366218755519095	-1.6230584934510766	
625.9843	226.1	0.8649778990420058	-0.5645779119506754	
570.0491	226.76	0.8163433202293485	1.8747500365368055	
626.0986	420.28	0.8467164642602862	0.8947002930292967	
570.5467	28.2	0.9697765554404597	-0.13770014159614807	
570.5467	57.22	0.9991325412702936	-0.01253309521194024	
626.8244	209.13	0.8467164642602862	0.7051327225532942	
627.8277	209.13	0.9144806531077185	0.2965079434271407	
877.0122	224.13	0.8366218755519095	-1.5019058026055903	
877.0122	224.79	0.8016931363417672	-1.994106257617959	
628.8232	209.13	0.8467164642602862	0.6996870026731078	
571.5501	28.33	0.9098358184221874	-0.3079007339607397	
630.07	355.78	0.8517599305358363	-0.6129927512145843	
884.0199	224.26	0.8958199750879894	-0.35489786523805916	
884.5217	224.13	0.9876705697408031	0.06228562775091794	
631.0733	355.35	0.9502185975459279	-0.19599607629017315	
635.8553	207.95	0.8016931363417672	2.7214725556217614	
635.8553	211.1	0.8016931363417672	2.735701733473292	
736.4317	36.21	0.2224252027447532	8.330659214442328	
636.9607	420.58	0.8572630553886406	-0.5843811096632501	
637.1359	366.18	0.8366218755519095	-1.155144900183269	
736.5417	23.99	0.8500263624701829	0.6600710022320143	
575.4905	208.61	0.8366218755519095	-1.538238778192903	
575.4905	210.44	0.9604704625968677	-0.1598855516353235	
637.9594	420.58	0.9244398414675842	-0.2820451291458839	
638.0113	224.4	0.8467164642602862	-1.01144725377574	
638.5133	224.26	0.8366218755519095	-1.19893261847779	
638.5133	224.79	0.9586279030183416	0.16784395317182987	
576.9747	28.72	0.8016931363417672	2.1101724433928912	
740.463	37.52	0.39975284681304535	5.288817970121595	
577.5184	28.07	0.8517599305358363	0.6249609776795793	
918.0136	224.26	0.8725813249592255	-0.48043656081221914	
741.1731	369.99	0.8708126720964158	0.5028200844345652	
925.0217	224.26	0.8366218755519095	-1.5017725088521787	
925.5231	224.26	0.8366218755519095	1.2960472322723533	
926.0248	224.26	0.9960896351249449	-0.02799300139457935	
927.0263	224.26	0.8467164642602862	-0.9756890939779298	
643.9776	5.81	0.8016931363417672	3.338715932098768	
747.0001	223.87	0.8016931363417672	-1.9714346537019805	
581.041	420.58	0.8016931363417672	1.9988899754794685	
748.0035	224.13	0.8016931363417672	-1.9935970353232093	
647.458	24.13	0.8467164642602862	-0.8538513790521193	
748.9883	222.95	0.8366218755519095	-1.4513265836719418	
748.9883	225.97	0.8366218755519095	-1.3047276803662822	
749.2812	343.6	0.8405253600084298	-1.0949509310818006	
749.4897	222.95	0.8366218755519095	-1.158190376941563	
749.4897	226.23	0.9586279030183416	-0.17837191289172535	
648.3793	35.68	0.2224252027447532	10.557006354811808	
648.4615	24.13	0.8467164642602862	-0.8194772649096522	
959.0146	223.87	0.8725813249592255	-0.48075139207426276	
959.0146	224.66	0.8366218755519095	-1.3800329082737182	
751.5104	25.18	0.8467164642602862	-0.7012411558127621	
649.4647	24.13	0.9475454626759316	-0.2027865734446568	
966.0229	224.66	0.9794991212722197	0.09815470326222173	
966.5237	224.26	0.896332300992654	-0.3438016837944161	
582.9943	224.26	0.8366218755519095	-1.7452063498741448	
652.052	226.76	0.8016931363417672	2.51512233086526	
753.6124	36.6	0.8517599305358363	0.6188684684966221	
754.0079	224.4	0.8016931363417672	-2.263004890614486	
754.5094	224.4	0.8729431976365946	-0.4771865615731049	
653.146	356.17	0.8673096212815783	0.5320829779147466	
584.0883	370.65	0.8467164642602862	-0.6987041735114519	
585.0916	370.65	0.8942685785016076	0.3635096790152312	
758.5685	36.21	0.8366218755519095	1.167077223720676	
586.0931	370.78	0.8366218755519095	1.3809265457108313	
759.572	29.25	0.8819367946589246	0.4434920440562058	
664.0078	355.78	0.8673096212815783	-0.5317096558027964	
664.1157	347.44	0.8655103643275295	-0.5525774703777118	
761.5165	224.26	0.8366218755519095	-1.3051116804282155	
761.5876	36.73	0.8016931363417672	2.2475997992540306	
762.0191	224.4	0.8366218755519095	-1.4649467161856229	
762.9834	355.78	0.8016931363417672	1.9950848396380705	
763.0208	224.0	0.9876705697408031	-0.061945222122594824	
664.9972	224.13	0.8016931363417672	-1.9267452881556593	
763.1549	370.12	0.8882352230256205	0.41928255746187276	
665.0382	370.51	0.8016931363417672	1.9991734677967252	
665.1186	347.57	0.8467164642602862	-0.7018869579446482	
665.4594	24.13	0.896332300992654	-0.3449938761867344	
666.0014	224.0	0.9414837883614254	-0.22511389974158227	
666.1208	347.31	0.8680541184900303	-0.5296260302984055	
666.1313	319.11	0.8467164642602862	0.7008599866332058	
666.9847	222.69	0.8016931363417672	-2.313814146815415	
666.9847	225.97	0.8467164642602862	-0.8624895667030884	
667.1343	319.51	0.8467164642602862	0.9115498764549451	
589.0436	370.91	0.9144806531077185	-0.2967420122487736	
768.5372	25.18	0.8467164642602862	-0.9208475773691733	
769.5403	25.18	0.8467164642602862	-0.7871905733073876	
590.0469	370.38	0.9991325412702936	0.015998194483560057	
590.089	378.26	0.8725813249592255	-0.48048812716676165	
780.458	36.6	0.31138778100002046	6.382909720017112	
