m/z	rtime	p-value	t-score	custom_id
113.9879	21.75	0.7473465691017678	1.5723192251919196	
114.0164	22.8	0.9360795988578161	0.4796598352202432	
170.9435	22.02	0.7656006224654264	1.4217897682903768	
114.9887	21.75	0.8533784158922906	0.8870194742815903	
264.9346	22.8	0.9400849047732595	0.42464533805123694	
265.148	36.79	0.8141774810528875	-1.0951696401970288	
265.9508	22.02	0.9903054587811118	0.06930884824428621	
266.1515	36.79	0.8298660649485126	-0.999205268528593	
215.8765	1.04	0.9400849047732595	-0.4644311088080326	
267.0089	188.17	0.8632417272589031	0.796408634194384	
267.0089	193.68	0.9083195769498412	0.5668787789299015	
267.0089	219.52	0.8709914197920309	0.6898255636308992	
216.9282	1.57	0.7800776907412299	1.3790028156623744	
267.0736	21.89	0.7081306538318504	2.490835016485988	
216.9644	2.88	0.8695414624466375	0.7261928417927146	
267.2334	1.96	0.8141774810528875	1.1360516904666509	
267.8365	219.92	0.7081306538318504	1.9953479578985187	
267.8365	697.56	0.7081306538318504	1.844935382543686	
267.8365	699.14	0.7081306538318504	1.9905383192798403	
267.8365	700.87	0.7255227293233076	1.6330017006407063	
267.8365	703.36	0.7081306538318504	1.994480666465363	
267.8365	706.01	0.7081306538318504	1.99955682489095	
267.8365	707.59	0.7081306538318504	1.9766709168099867	
267.8365	709.29	0.7109518289772535	1.6995681337751196	
267.8365	713.39	0.7480851036481807	1.5440111349523946	
267.8365	714.7	0.7081306538318504	1.9969249315598951	
267.8365	716.7	0.7081306538318504	1.938085726412957	
216.9888	266.55	0.7081306538318504	2.2555676932222193	
216.9888	267.73	0.9400849047732595	-0.4504031005949483	
216.9888	268.92	0.6262441656113497	3.1465656971947036	
216.9888	275.78	0.9859176550816134	0.10109763525008715	
216.9888	277.62	0.9400849047732595	0.3937385631314598	
216.9888	280.38	0.822744304716654	1.0197718878737496	
268.9544	23.2	0.9513442531734215	-0.29881484293892957	
268.9841	26.24	0.7936068519445377	1.294961489815867	
217.0125	219.65	0.8298660649485126	0.9976003109186223	
217.0125	419.12	0.8709914197920309	-0.6881697621687839	
217.0125	422.27	0.9859176550816134	-0.12487276177170809	
217.0125	424.11	0.8141774810528875	-1.2192563546116808	
217.0125	431.89	0.975282106675617	0.23801960540704073	
217.0125	634.11	0.9859176550816134	0.1411592226968819	
269.249	199.1	0.9730583031017344	-0.24600319942062213	
269.9866	26.24	0.7609817444979977	1.5039489676019853	
119.0491	36.13	0.7081306538318504	2.349587486796996	
173.0348	10.52	0.8678674296853567	0.7438649157238267	
270.9816	261.43	0.8487663370799421	0.8974300133264288	
271.0066	22.02	0.7081306538318504	1.8338980442990644	
271.0703	24.12	0.7218955037102974	1.6669337595315028	
173.1037	24.12	0.8141774810528875	1.1999513708344893	
218.9864	25.04	0.9400849047732595	-0.4245397901839397	
219.0064	1.04	0.6994038374586383	2.7171880282723597	
219.0082	152.05	0.7081306538318504	2.0901558144615473	
219.0082	156.81	0.7081306538318504	2.4378926519999173	
219.0082	189.35	0.999660916744378	0.00045211102674887633	
219.0082	191.98	0.9859176550816134	-0.1300858779948656	
219.0082	284.22	0.9903054587811118	-0.06928069303620013	
219.0082	286.96	0.9651958538874104	0.2704572854280935	
273.1938	1.7	0.8695414624466375	0.7132554160629778	
221.0526	22.15	0.9404633070441376	0.35098967912849405	
274.8909	25.56	0.9497081120278456	-0.31933560236300423	
274.8909	27.42	0.9859176550816134	0.14010373480155533	
221.1543	58.25	0.7480851036481807	1.546946438278736	
174.9464	1.57	0.98132707267994	-0.18540941356125024	
274.9782	1.7	0.7081306538318504	1.9606695201810773	
275.0114	24.77	0.7109518289772535	1.7014325174934384	
223.0498	22.15	0.9936159556913061	0.045164528550859555	
175.9459	1.7	0.9404633070441376	-0.35938203625404913	
276.0177	24.51	0.9796547497609938	0.2056077593318869	
124.0156	25.56	0.8141774810528875	1.2177127104067786	
223.8855	188.3	0.8632417272589031	0.7729939618366093	
276.8881	1.7	0.7081306538318504	1.9929961467433148	
278.8979	2.48	0.7079435530592427	2.6585514810142885	
225.0149	188.56	0.9778704474877065	0.22766533478520776	
225.0149	196.47	0.8450502954396537	0.9229874071049265	
225.0149	198.05	0.028405307154719638	13.503285475131769	
225.0149	201.49	0.9861734111094884	0.09677644883334234	
281.0221	201.09	0.7939711538510742	-1.2930178867697648	
128.0426	2.09	0.7081306538318504	1.9524039278765695	
281.0244	188.82	0.8141774810528875	1.1808126676917476	
128.8798	190.14	0.891790910802937	0.6272581752496903	
128.8798	256.42	0.7625713972571871	1.4796153785020245	
281.2486	193.95	0.8632417272589031	-0.7582770628046701	C18H34O2
128.9585	22.67	0.7620849394250306	1.4981764292359434	
281.8725	0.78	0.8709914197920309	0.6878309156959864	
178.9723	1.96	0.9820508228344188	-0.1808049812097388	
282.2521	194.08	0.8632417272589031	-0.7887552023340053	C18H34O2
282.2802	286.83	0.9973369506028164	0.022028834013838244	C18H37NO
226.9658	23.07	0.7635882068728878	1.4330106244886898	
283.1105	31.39	0.7081306538318504	2.5365107117894463	
283.1105	156.81	0.9973369506028164	-0.02620322020027077	
283.1375	36.4	0.6262441656113497	3.1303579180780168	
283.2836	286.83	0.9916847154953397	0.05771228988508319	C18H37NO
179.8916	1.57	0.8973325296588751	0.6067748129181494	
227.0129	193.29	0.8695414624466375	0.7225050544885687	
227.0129	201.35	0.8709914197920309	0.6893983499719581	
180.0152	25.04	0.9506748828491841	0.3152326709742697	
284.2869	286.83	0.9404633070441376	-0.37215021643485996	C18H37NO
180.0659	23.2	0.1509494739736495	7.423762883920265	C10H10O3
284.9248	19.9	0.975282106675617	0.23463403097066296	
130.0864	1.83	0.8389029744162259	0.9678609566359028	
130.0864	23.72	0.8406284159071004	0.9613324620822256	
227.9665	22.94	0.7629468938112641	1.4596561434649353	
130.9565	22.94	0.8105422698730269	1.2484963656042194	
181.0008	22.94	0.9977022755552586	0.017736887279270797	
228.9633	23.07	0.7642763463875244	1.4273183920495458	
181.063	23.07	0.9400849047732595	0.42913678021087	C6H12O6
181.0711	22.02	0.8681689716905359	0.7396306519830975	
181.9466	1.04	0.7081306538318504	2.0987804271818846	
181.9758	21.62	0.7081306538318504	1.8097911176403394	
133.0133	1.7	0.8695414624466375	0.7233379281442942	
230.9865	25.69	0.7081306538318504	2.134655120424211	
134.0462	22.94	0.5819003859622982	3.4662093998044603	C4H9NO4
231.0815	21.89	0.9893308809534034	-0.08548374648618422	
232.059	24.12	0.7110051156805294	1.6893279762320519	
290.9878	22.02	0.8611246999476497	-0.8355792582963646	
183.1385	35.59	0.9400849047732595	0.460936975618121	
135.0302	22.15	0.7081306538318504	2.3097124282959274	
135.0442	24.64	0.9497081120278456	0.3180862954422659	
135.0442	27.03	0.8611246999476497	0.8492310149051544	
232.9865	21.23	0.523441914093465	-3.631482484541291	
136.0336	22.41	0.7635882068728878	1.4483717410568115	
136.0477	26.9	0.9400849047732595	0.43493836830118304	
184.8759	0.78	0.7081306538318504	-2.159353735342619	
292.9133	2.22	0.7081306538318504	1.9442534115048888	
292.9832	36.27	0.7562288146818101	1.5149917741952736	
293.0042	22.41	0.902409598813755	0.5941459881706136	
234.0102	115.3	0.9801046165949162	-0.19418523873293378	
136.8908	0.78	0.8409999857944335	-0.9595008934564601	
234.9139	1.7	0.822744304716654	-1.0223552347311895	
185.0758	22.15	0.8699881594701172	0.7006459616587667	
185.1542	29.66	0.8611246999476497	0.8558160270555975	
293.9866	36.27	0.9400849047732595	0.3921370650369229	
294.9533	20.55	0.9796547497609938	0.21203263002914227	
294.9533	22.8	0.8973325296588751	0.6067354935800657	
294.9824	25.69	0.7221849466484291	1.6533347056247871	
138.0187	26.24	0.7081306538318504	1.9240168877326718	
295.9547	20.55	0.9334404062056035	0.4910550570018577	
295.9547	22.94	0.9949004307282626	-0.032817255573935875	
296.2232	191.32	0.9859176550816134	-0.14417560786565534	
296.8904	22.15	0.8450502954396537	0.9368471960440883	
296.9508	20.29	0.9796547497609938	0.20850290277652725	
296.9508	22.8	0.8942205207102621	0.6210559301266417	
236.0783	32.04	0.8699881594701172	0.7016441062239868	
138.9837	333.84	0.9801046165949162	-0.19677111238279144	
297.0366	188.56	0.7081306538318504	-1.8723690493035747	
297.0366	193.03	0.7081306538318504	-2.15521384591474	
297.0366	196.87	0.7402762913114989	-1.596707558595152	
297.0366	201.22	0.8487663370799421	-0.9023579740819934	
297.0366	218.6	0.9493719593607137	-0.3304721778193217	
297.0366	219.92	0.7629468938112641	1.4666936925041543	
297.0366	284.08	0.9859176550816134	-0.10212083731633204	
297.1531	36.66	0.5983210720420008	3.3836247580076124	
139.0221	26.24	0.694916662589536	2.8737052283204068	
236.9971	301.71	0.822744304716654	1.0279063410219396	
236.9989	36.13	0.8632417272589031	-0.7555293667150855	
236.9989	194.08	0.8953582465577302	0.6189233927537231	
236.9989	283.95	0.8141774810528875	1.18781154147038	
298.138	24.51	0.7081306538318504	1.9079052407209063	
298.1565	36.66	0.6262441656113497	3.1130983432734958	
237.0919	36.4	0.27451857588418993	5.190190209414425	C16H14O2
237.0919	39.81	0.7048200920990285	2.7019642229753655	C16H14O2
298.8874	22.15	0.8450502954396537	0.9232775848270971	
140.9933	0.91	0.7913410209971607	1.3016279685358458	
299.0693	21.89	0.9796547497609938	-0.2122385329204536	
299.1489	36.66	0.7079435530592427	2.6530031363313817	
299.159	36.79	0.08946442262216937	9.224718409849757	
237.9241	1.57	0.9400849047732595	0.42014916265141233	
237.9241	276.17	0.7212643387744635	1.670450322566503	
237.9241	278.01	0.9400849047732595	0.4125763267386257	
237.9241	279.19	0.8790330147510783	0.6624678483991718	
238.0953	36.4	0.7913410209971607	1.3112240172940288	C16H14O2
238.0953	39.94	0.7081306538318504	1.8965423908182528	C16H14O2
238.9316	22.02	0.8861444034009165	0.6472277563854025	
300.3384	326.24	0.7081306538318504	1.8076873665394535	
188.9622	1.7	0.8141774810528875	1.0809210440369448	
239.0927	25.98	0.7081306538318504	2.0113811851077994	
300.9743	20.97	0.7081306538318504	-2.4178788010685808	
301.2173	116.74	0.7930147911624453	-1.2971514522656489	C20H30O2
240.1321	35.33	0.7823365101538325	1.3495177514725605	C13H20O4
302.2207	116.74	0.8141774810528875	-1.188490890331439	C20H30O2
240.9286	21.89	0.891790910802937	0.6267913198484749	
303.0699	26.64	0.8141774810528875	-1.0772182721940124	
144.0445	25.04	0.7081306538318504	2.5529877472158073	
241.8848	50.6	0.7081306538318504	1.8949497503526103	
241.8848	52.83	0.7081306538318504	2.3370597564353766	
241.8848	58.64	0.8141774810528875	1.1830770875105696	
241.8848	60.48	0.6262441656113497	3.1071020346381983	
241.8848	62.45	0.8141774810528875	1.1069878655079362	
241.8848	156.02	0.8141774810528875	1.1999973291954813	
305.2487	186.07	0.8986805323306809	-0.6027002817828967	C20H34O2
242.2207	1.3	0.694916662589536	2.826727056734206	
145.0974	1.7	0.8695414624466375	0.72836607925024	
192.1025	28.47	0.7081306538318504	1.8566571075504104	
306.9193	22.02	0.9400849047732595	0.45484492057873077	
242.9665	1.57	0.9914186515844077	0.0594251397979348	
243.0622	22.02	0.7081306538318504	1.8846974203939577	
193.0864	25.56	0.7081306538318504	2.4186651054587234	
193.0864	30.44	0.7081306538318504	-1.7720449583335678	
243.16	30.86	0.9400849047732595	-0.40043415965828727	
308.9163	22.02	0.9338802288838982	0.4895992972397118	
309.1532	36.4	0.6262441656113497	3.2168992511033903	
194.0817	36.4	0.7609817444979977	1.5054807020660974	
244.1567	23.99	0.8574933474617692	0.875248541269218	
244.8975	19.76	0.9398373464765772	-0.4708716435837266	
310.002	24.91	0.8801415032320782	0.6555017943714904	
147.0442	1.83	0.7081306538318504	1.9993055159857933	
195.0506	1.7	0.9404633070441376	0.35134774849745376	
245.1911	35.46	0.8611246999476497	0.8369969923774367	
195.1385	35.33	0.7081306538318504	2.267499067464141	C12H20O2
148.0428	23.86	0.7473465691017678	1.569442132702425	
311.0326	219.92	0.8632417272589031	0.7718512100884601	
195.8546	1.04	0.7913410209971607	-1.3086492000412502	
246.0077	22.15	0.9796547497609938	-0.21470312238955241	
246.0077	24.38	0.7562288146818101	-1.5167730776550998	
246.8771	1.7	0.8450502954396537	-0.9227811320504059	
311.223	36.4	0.9317499275241338	0.49902339674307333	
311.2958	222.8	0.9404633070441376	-0.37763325535833653	
311.2958	229.27	0.9277436335390227	-0.5192367298873829	
246.9815	26.24	0.8626851941318833	0.81443439233174	
312.0953	22.8	0.6542696146879048	3.0238857060836413	
149.0541	21.89	0.9260253379586203	0.5246421063481811	
312.9733	26.24	0.7481434987077301	1.5358142422234828	
313.0306	188.43	0.7081306538318504	2.180260231111166	
313.0306	193.95	0.8699881594701172	-0.7014612918175682	
313.0306	201.49	0.8141774810528875	-1.182196127267622	
313.0306	219.39	0.9403479808633102	0.3842204966595252	
248.054	22.94	0.7109518289772535	1.7039998081078378	
313.2387	36.4	0.8141774810528875	1.1850774378143047	
248.9604	21.36	0.8611246999476497	0.8458404555236244	
313.9765	26.24	0.854661803088933	0.8801696489737554	
314.2975	245.07	0.8915576836241293	-0.6377417950438652	C19H39NO2
314.2975	253.0	0.8734827624088818	-0.681302049491397	C19H39NO2
314.2975	266.68	0.98132707267994	-0.18433734567678492	C19H39NO2
197.8517	1.04	0.8141774810528875	-1.2055002884814314	
315.137	32.3	0.6164860303917958	3.2898450472170553	
316.9479	21.36	0.9973369506028164	-0.02147878759425774	
249.0188	188.17	0.8699881594701172	-0.7059774459639333	
249.0188	193.42	0.7481434987077301	1.5337499212191077	
249.0188	218.86	0.9400849047732595	-0.46320698187612386	
249.0188	635.42	0.7081306538318504	1.820494642235619	
249.0188	638.48	0.9859176550816134	-0.124717079372295	
151.0002	154.67	0.9801046165949162	-0.19645721723297252	
151.0002	188.56	0.8632417272589031	0.761453806825541	
151.0002	201.88	0.9859176550816134	-0.1434120865560438	
316.9994	22.94	0.7081306538318504	1.9730400341614118	
249.051	23.33	0.9859176550816134	-0.12651674065440008	
151.0253	22.15	0.822744304716654	1.0230580345536264	
151.0253	23.2	0.8695414624466375	0.7151409627604478	
249.1495	36.53	0.7081306538318504	1.7538234395529906	C15H22O3
249.1495	68.66	0.7081306538318504	1.7794230470832653	C15H22O3
249.9639	21.36	0.8973325296588751	0.6145322347386589	
317.9513	21.23	0.9903054587811118	-0.07758489372564079	
250.1527	36.4	0.9903054587811118	0.07353739713791309	C15H22O3
250.1527	68.13	0.9497081120278456	0.32820452329674804	C15H22O3
250.9648	21.36	0.7081306538318504	1.8796344676404355	
318.9522	21.1	0.9937548507917495	0.04247484310276116	
318.9809	28.21	0.7109518289772535	1.695174462674564	
320.0628	1.57	0.8973325296588751	0.6087012685274097	
154.0137	25.98	0.9321332895151097	0.49412294398391143	
252.9241	1.57	0.8159334412830612	-1.057897729576174	
322.8933	22.8	0.8141774810528875	1.0800749409779609	
322.9142	19.9	0.9778704474877065	-0.22791201411030573	
253.0299	192.89	0.7081306538318504	1.7882619467424705	
253.0299	199.36	0.7081306538318504	1.8528659219671795	
253.0299	220.05	0.7081306538318504	1.942928214803396	
253.0299	340.92	0.028402724742779464	13.87049430553984	
253.0871	28.08	0.8141774810528875	1.2388406919390405	C16H14O3
323.2204	188.17	0.9859176550816134	0.1034207929289229	C17H34O4
324.2544	210.83	0.8298660649485126	-0.996815531611508	
324.2544	244.41	0.9400849047732595	0.42294144040716414	
324.2544	262.09	0.9531037242368681	0.29571363128260486	
254.2489	255.24	0.6262441656113497	3.1043006914510216	C16H33NO
324.8543	1.96	0.891790910802937	-0.6283978113522846	
254.9267	19.9	0.9400849047732595	-0.38752985472912166	
202.9501	711.16	0.7800776907412299	-1.3784993673208223	
203.0183	22.02	0.694916662589536	2.8027563718524435	
255.1027	27.82	0.9937548507917495	-0.03879772850298357	
326.27	287.09	0.8611246999476497	-0.8416988540673633	C19H37NO3
203.0822	23.99	0.8588750678535307	0.872227384010478	
255.1968	36.53	0.9404633070441376	0.3675237009626018	
327.2735	286.83	0.9461302703560518	-0.3361413104022155	C19H37NO3
256.92	1.17	0.6622117491902778	-2.9790710757794883	
257.1757	34.54	0.8632417272589031	0.7554186387139082	
329.1548	36.27	0.8450502954396537	0.9343401496667768	
329.9017	23.2	0.8141774810528875	-1.1079715118290299	
330.252	157.73	0.9531037242368681	0.291172231993521	C22H34O2
330.9638	20.55	0.9400849047732595	-0.4068710521655261	
330.9638	24.77	0.9050393803537391	-0.581490486246157	
258.9813	22.02	0.8797287648425413	-0.6578010494210219	
330.9822	194.6	0.9778704474877065	0.2277153635252465	
330.9822	272.5	0.7093007516389658	1.7166698169336176	
207.1021	2.22	0.8141774810528875	1.1799837872050083	
207.1021	27.16	0.8632417272589031	0.7972713041005546	
332.9221	22.8	0.9859176550816134	-0.1203281086002029	
333.171	35.46	0.7435204844058901	1.5869996450562844	C19H26O5
260.9638	2.09	0.9916847154953397	-0.05730761820752003	
161.0019	194.6	0.8734827624088818	0.6818568711095419	
333.9383	22.02	0.9937548507917495	0.040735835220135984	
334.8739	1.83	0.9859176550816134	0.1143468508524373	
209.0968	29.39	0.9796547497609938	0.20757715317381698	
209.0968	34.01	0.7081306538318504	-1.7605987032091772	
209.0968	36.4	0.7093007516389658	1.7277228314644992	
262.9763	21.36	0.8611246999476497	-0.8635605830986801	
262.9763	25.04	0.694916662589536	2.807917333707527	
335.1086	24.51	0.8215619439534602	1.0354980343602656	
209.9204	31.91	0.9317499275241338	-0.49551727763444603	
209.9204	78.54	0.9400849047732595	0.4052335263738967	
209.9204	80.25	0.9560218245932105	0.28307808610196233	
209.9204	82.11	0.744476785369166	-1.5827719770106772	
209.9204	102.26	0.8611246999476497	-0.8374360804761392	
336.9419	20.03	0.9801046165949162	-0.20223741183940502	
336.9419	23.2	0.8141774810528875	-1.1631931834520641	
210.9098	2.35	0.9400849047732595	0.41228509799793955	
210.9121	21.1	0.9531037242368681	-0.29103328566609443	
210.9121	23.59	0.9986923646318204	-0.013166941254552634	
391.8968	22.02	0.8389029744162259	0.9692182395452726	
392.8958	20.03	0.8424346081185745	-0.9488198146206586	
392.8958	23.46	0.7081306538318504	-1.8721010806435927	
163.0605	24.38	0.7093007516389658	1.7117221669301717	
339.2329	130.59	0.7913410209971607	1.3054800688872945	C23H32O2
339.3016	217.81	0.9404633070441376	-0.3542081906436536	
163.1119	129.93	0.9400849047732595	0.4449816920388362	
339.8604	158.39	0.7081306538318504	1.9965027085575715	
340.2363	130.59	0.8105422698730269	1.2550289541663877	C23H32O2
393.8938	20.03	0.8632417272589031	-0.7792232978013051	
394.8404	1.7	0.8450502954396537	-0.9350352133101864	
394.8908	20.03	0.8801415032320782	-0.6556877742200631	
394.8908	23.33	0.7218955037102974	-1.6636050531509317	
164.0709	24.38	0.8141774810528875	1.0935979967129652	
340.9678	26.11	0.7081306538318504	1.9808760994410477	
212.9102	2.35	0.7081306538318504	1.7406183039574474	
212.9102	20.68	0.8632417272589031	0.8030407991237088	
212.9102	23.46	0.999660916744378	0.004351856927104303	
212.9788	24.38	0.8695414624466375	0.7292317731521628	
341.1183	33.09	0.9119025247754611	-0.5522679086239585	
341.1183	36.4	0.694916662589536	2.8473849319386697	
341.1183	39.81	0.7081306538318504	2.3547401505436567	
395.8938	20.03	0.8626851941318833	-0.8077027241649811	
395.8938	23.59	0.7255227293233076	-1.6264554547472312	
341.2396	129.14	0.8141774810528875	1.115906476294134	
341.2396	130.59	0.7609817444979977	1.5046203969206526	C23H32O2
341.3061	193.42	0.9893308809534034	0.0873317992062993	
396.8913	20.03	0.9400849047732595	0.45482619929462675	
342.1218	36.27	0.877666322897971	0.672455792213019	
397.8893	20.03	0.8487663370799421	-0.9112176048103319	
397.8893	23.33	0.7629468938112641	-1.459827817580924	
397.9505	26.24	0.9801046165949162	-0.19242900470463753	
398.1768	204.11	0.7823365101538325	1.3680843356508021	
213.8792	1.04	0.8533784158922906	-0.8860301990993876	
398.8866	20.03	0.9404633070441376	0.3699952933967353	
398.9511	20.55	0.8632417272589031	-0.7555711753480215	
213.9082	1.7	0.41303150543153944	4.324731383022401	
214.9057	2.22	0.7079435530592427	2.633177977237282	
343.134	33.62	0.9400849047732595	0.44121241652077753	
343.134	36.13	0.9404633070441376	0.37940997381980474	
343.1704	57.07	0.9930944792545228	0.05039894384396799	
399.8891	19.76	0.7221849466484291	1.6451573110459308	
400.1478	192.89	0.9859176550816134	0.09966444940353623	
400.8347	23.86	0.906659199409218	-0.5738603408712522	
400.9094	22.67	0.9796547497609938	-0.20643635747270023	
344.0231	253.0	0.568287546457243	3.5076990827344905	
344.0386	32.3	0.7081306538318504	1.9663915569759916	
344.2806	286.44	0.9400849047732595	-0.4680647282700364	
401.9256	21.89	0.9973369506028164	0.02446086484568606	
166.9918	231.51	0.9949004307282626	0.03310589845162646	
402.1448	192.89	0.9903054587811118	0.07140327725266483	
345.1193	23.99	0.8298660649485126	0.9990645193418601	
345.1497	36.27	0.8141774810528875	1.1461899097117605	
215.1649	36.4	0.7790178665571652	1.3853421105215047	
167.0648	22.02	0.9287814662859991	0.5129098331814219	
403.1654	188.69	0.9050393803537391	0.5812214122895203	
346.8365	2.09	0.9903054587811118	0.07575641395508993	
404.1505	36.27	0.523441914093465	3.6807463076704834	
168.0658	23.72	0.004368554456977748	29.343663623901254	
404.9292	20.03	0.9400849047732595	-0.45047881970431586	
404.9292	23.07	0.8632417272589031	-0.7862276013413171	
404.9512	24.77	0.8141774810528875	1.1669979188925568	
168.9886	24.38	0.8141774810528875	1.0880788917746034	
348.896	23.07	0.9859176550816134	-0.14470466473269508	
405.0335	22.02	0.7081306538318504	2.473412634873315	
349.2361	193.29	0.8389029744162259	-0.9749980271928501	C19H36O4
406.9491	24.77	0.7951402135384	1.2902184040048987	
407.0082	22.94	0.8523457707657216	0.892220473187587	
453.1326	26.77	0.9404633070441376	-0.3804805741887778	
453.1795	175.12	0.8242487787876466	-1.0157918502219374	
453.1795	186.07	0.9790930203517104	0.22045931452695885	
453.2819	95.02	0.9730583031017344	0.24671158495889706	C21H44NO7P
407.1324	34.01	0.9914186515844077	0.06242507162773068	
453.9262	20.97	0.9404633070441376	-0.35554854411618114	
352.2857	296.43	0.7081306538318504	2.21102246906616	
454.1714	31.78	0.8632417272589031	0.788768417483829	
509.3154	199.23	0.7870901223969965	-1.3279845813023463	C30H46O5
509.325	212.14	0.9214924432155104	0.5327759425588185	C30H48O5
510.244	228.88	0.7081306538318504	1.7316598924319044	
510.3284	212.41	0.8917652430681927	0.6331238081703613	C30H48O5
454.9275	21.1	0.9291618336948088	-0.5088199676671452	
510.8815	21.89	0.9400849047732595	0.4114223826904225	
408.9067	20.03	0.8141774810528875	-1.1913544078335534	
408.934	23.07	0.8900898323041424	0.641693262096058	
455.0136	22.02	0.9317499275241338	0.496424571477707	
409.3114	225.04	0.7823365101538325	1.3484895424315941	C28H42O2
410.1767	192.89	0.9400849047732595	0.4348000147406852	
410.2218	31.91	0.9400849047732595	0.4623972799241313	
455.1295	27.16	0.7093007516389658	-1.7189106921487118	
455.1747	32.04	0.7081306538318504	1.992362435057593	
455.317	88.04	0.9679943744583782	0.2614413332267033	C29H44O4
410.8649	23.72	0.8141774810528875	-1.1142724154155301	
511.0764	197.39	0.8141774810528875	1.1872826270510666	
511.3314	212.67	0.9400849047732595	0.3970147415723936	C30H48O5
511.3408	238.11	0.9854948524182032	-0.17421536126976084	C32H48O5
456.1222	36.4	0.7081306538318504	2.2289678547371117	
354.9095	22.54	0.8141774810528875	1.140564340425792	
456.1693	31.91	0.8141774810528875	1.1073368166588728	C21H31NO8S
456.3204	87.51	0.9560218245932105	0.28379252038963526	C29H44O4
456.3204	89.09	0.9400849047732595	0.4149446237210524	
411.1792	192.24	0.9400849047732595	0.4485852841726236	
411.2253	31.78	0.9404633070441376	0.3674045721736282	
511.865	1.04	0.8699881594701172	0.7009129367991309	
511.8849	21.62	0.7620849394250306	1.490563478925188	
512.1304	193.16	0.8632417272589031	-0.7581822932479733	
512.26	257.73	0.394067226266905	4.411154778433235	
512.2676	190.14	0.8588750678535307	-0.8716451604509362	
512.2676	191.06	0.8611246999476497	-0.8372316560381753	
412.2185	31.78	0.9670462407736422	-0.26336524976304015	
512.8787	21.89	0.9796547497609938	0.20888808355629684	
412.8655	23.33	0.9859176550816134	-0.138618136840742	
457.135	152.7	0.7081306538318504	2.328788023673744	
457.135	159.96	0.9334404062056035	0.4909540138014913	
412.9858	198.05	0.7081306538318504	1.7825192964684722	
457.9319	252.61	0.7079435530592427	2.6627593432817194	
458.0012	37.45	0.8141774810528875	1.0780088180840433	
458.1768	159.17	0.7081306538318504	1.9729861118615482	
458.336	104.63	0.8709914197920309	0.6890755559767244	C29H46O4
458.8684	22.54	0.7081306538318504	1.8488176468547326	
514.1466	188.17	0.9287814662859991	-0.5101152149805211	
514.2652	190.93	0.9404633070441376	0.3511411577020384	C25H42N2O7S
459.0024	37.45	0.9497081120278456	0.3199982892739765	
514.8927	20.16	0.7913410209971607	-1.3025813076785047	
514.8927	23.07	0.7081306538318504	-1.9891413391636619	
359.1537	215.17	0.9511457339576138	0.30308982750986996	
359.1655	36.27	0.902409598813755	0.586750641372529	
459.2616	31.78	0.8298660649485126	0.9990513105464467	
515.0327	21.75	0.9903054587811118	0.07023157574777149	
515.0327	185.94	0.9903054587811118	0.07140966632477941	
515.0327	275.91	0.7081306538318504	1.9414145759805586	
459.3271	199.89	0.8709914197920309	0.6877307602056829	
459.3271	219.26	0.8141774810528875	1.0917345089295196	
515.122	31.12	0.8632417272589031	-0.7740601079978072	
459.8841	22.02	0.8611246999476497	0.8637916288685982	
415.0387	192.76	0.908711365408224	0.5601697777392913	
516.0727	27.03	0.7081306538318504	1.7963362277451689	
459.9985	37.32	0.7081306538318504	1.9948273839189494	
516.1821	158.12	0.9859176550816134	0.11780290352644326	
460.2131	188.17	0.9903054587811118	0.0770337722692906	
460.3304	200.15	0.8790330147510783	0.662267269470599	
460.3304	219.26	0.8699881594701172	0.7086317399905452	
361.0016	24.64	0.6244505970906151	3.263000930526381	
416.8836	22.94	0.9859176550816134	0.12118954395541487	
417.0361	21.89	0.7081306538318504	2.0320606735738247	
517.0768	27.03	0.7823365101538325	1.3564583918338116	
417.1559	27.03	0.8240674687883897	1.0171788983524168	
518.0909	188.43	0.8626624150810267	0.8189156119242988	
518.3618	214.9	0.7081306538318504	1.9015467476910703	C27H54NO6P
417.8998	22.67	0.7081306538318504	1.7529865095597372	
418.1593	26.9	0.8141774810528875	1.1046945574651017	
362.9409	20.55	0.9859176550816134	-0.1477524108170677	
362.9409	22.8	0.9531037242368681	0.292993434714862	
462.8786	20.03	0.8424346081185745	-0.9500736551984166	
462.8786	23.2	0.7081306538318504	-2.093225723244838	
362.9701	28.21	0.7081306538318504	1.9369147496007875	
519.2135	202.01	0.9796547497609938	0.20724940853741386	
520.0595	30.58	0.2395685147897002	5.6947551313062	
463.1615	26.9	0.8141774810528875	1.1705905198781623	C23H28O10
520.1764	157.99	0.8611246999476497	0.8312133203495701	
520.836	20.03	0.7823365101538325	-1.3612745476033898	
520.836	23.07	0.8141774810528875	-1.104172402764217	
520.9102	20.97	0.975282106675617	-0.2346402922461294	
420.0681	188.3	0.8695414624466375	0.7210589771100593	
420.2507	31.91	0.8611246999476497	0.8477467852419994	C20H40NO6P
464.8787	20.03	0.9859176550816134	0.13917914814796745	
363.9224	1.96	0.9859176550816134	0.1291658862271395	
363.9427	20.29	0.9903054587811118	0.07134309031112362	
363.9427	22.8	0.9859176550816134	0.1489530772201551	
420.8999	22.67	0.8450502954396537	0.9363223556517053	
420.9462	23.72	0.9697619451363697	-0.2576027367517403	
364.8762	22.15	0.8450502954396537	0.9323878908692018	
364.9377	20.42	0.951059950442831	0.3060237686114016	
364.9377	22.94	0.9859176550816134	-0.10610646359207358	
465.3044	205.29	0.9801046165949162	-0.19361374368012133	C27H46O4S
521.3849	256.15	0.6965441897854543	2.757000106662211	
421.2269	69.05	0.7981219323305482	1.2767556017101032	C20H38O7S
421.2542	31.91	0.8362127525555535	0.9878129724435964	C20H40NO6P
521.9135	21.1	0.9697619451363697	-0.2569159489650707	
364.9849	21.89	0.7635882068728878	1.4342367634573803	
522.1588	193.42	0.9317499275241338	-0.49541771600700146	
522.1921	187.77	0.9937548507917495	-0.03837861290482286	
466.171	192.11	0.902409598813755	-0.5891193836508077	
466.171	215.3	0.9497081120278456	-0.3231712940156088	
466.3077	205.16	0.9859176550816134	-0.12013168176974903	C27H46O4S
466.3308	178.03	0.9977022755552586	-0.018533449307274782	C28H42O3
522.9148	20.68	0.8699881594701172	-0.699051447448401	
522.9148	36.4	0.8487663370799421	0.9030242868272694	
365.0411	193.03	0.7081306538318504	1.987219799359996	
365.0411	272.89	0.7081306538318504	1.7550710432077532	
422.1322	148.9	0.7081306538318504	1.735656061624818	
422.1322	150.21	0.7562288146818101	1.5174444384722177	
422.1588	36.0	0.9400849047732595	-0.39451375520455617	
422.2569	31.91	0.8141774810528875	1.1226137453973486	C20H40NO6P
466.8741	20.03	0.9859176550816134	-0.1416064949950557	
466.9384	20.97	0.8792013172539225	-0.6592953586644837	
422.3279	77.75	0.523441914093465	3.7165021995222403	C25H45NO4
365.1404	36.66	0.7221849466484291	1.6565508919568903	C22H22O5
422.9442	20.42	0.98132707267994	-0.18354748766926554	
422.9906	36.27	0.9859176550816134	0.1238604220734158	
523.2236	257.99	0.7081306538318504	1.9133819429686274	
524.0858	149.29	0.8973325296588751	-0.6117842187030779	
524.1748	219.39	0.8487663370799421	0.9016146719561525	
524.2784	61.4	0.8709914197920309	-0.6904119121582405	
366.8748	22.15	0.9859176550816134	0.12291542887997879	
468.1821	193.03	0.8215619439534602	-1.0369566264575638	
468.1861	218.47	0.9893308809534034	0.089027495473601	
468.8968	21.49	0.9400849047732595	0.41592987045078933	
468.8968	22.54	0.9403479808633102	-0.3835617216679053	
423.3311	77.75	0.5364510085187731	3.587672495197422	C25H45NO4
366.9828	154.28	0.9404633070441376	0.3467694975457258	
366.9828	187.77	0.9122842881732233	-0.5486092861398865	
366.9828	193.42	0.9431814141519096	0.3403288935619348	
366.9828	197.0	0.9400849047732595	-0.44266512384937334	
366.9828	203.85	0.951059950442831	0.30872813899451895	
366.9828	258.78	0.9497081120278456	-0.3256249713528578	
424.1323	39.02	0.8695414624466375	0.7147213041386542	
424.1482	172.5	0.7081306538318504	1.9962178809152091	
524.9977	187.9	0.9404633070441376	0.36468563925059877	
524.9977	192.76	0.9317499275241338	-0.49997060207982724	
524.9977	285.14	0.8141774810528875	1.0692905922155116	
469.1844	193.42	0.8141774810528875	-1.0874130712147934	
469.9132	21.89	0.9859176550816134	-0.11201063674090143	
525.0361	22.15	0.891790910802937	0.6285835644842502	
525.0361	154.15	0.9859176550816134	-0.15461707828752733	
525.0361	187.25	0.8141774810528875	-1.1769460718145779	
525.0361	197.92	0.7255227293233076	-1.626030774377851	
525.0361	202.27	0.7081306538318504	1.7413956532586028	
368.8882	23.2	0.8141774810528875	-1.1924432162076506	
425.3064	187.12	0.8611246999476497	-0.8422891245030195	C28H42O3
368.9616	20.97	0.6622117491902778	-2.9928642029021115	
526.2578	57.46	0.8242558593530598	1.0145898997104623	
526.2941	70.5	0.9400849047732595	-0.42603072242672235	C27H46NO7P
526.4478	270.49	0.6262441656113497	-3.213916586929885	
426.1035	188.43	0.9404633070441376	0.3614319128762469	
526.8555	22.41	0.8626851941318833	0.8064987870596736	
526.8765	20.55	0.9079473095162399	0.5706366021232134	
426.3098	187.12	0.8533784158922906	-0.8856255288253424	C28H42O3
369.3011	231.11	0.7081306538318504	1.7414511354906463	
427.3216	200.96	0.951059950442831	-0.3094943386128701	C28H44O3
527.2468	201.35	0.8487663370799421	0.9044262670015074	
527.2612	57.59	0.7823365101538325	1.354614087068287	
527.2975	70.5	0.9804215412349452	-0.18963346847424084	C27H46NO7P
428.325	200.96	0.9497081120278456	-0.32194377426927573	C28H44O3
527.8716	22.02	0.9119025247754611	0.55274146820425	
472.0876	115.69	0.9400849047732595	0.42604542210096924	
472.1765	192.89	0.8611246999476497	-0.8415144961831376	
528.2599	57.86	0.9801046165949162	0.20075077280728484	
528.2733	75.62	0.694916662589536	2.7799826363022246	
528.3098	94.36	0.8917652430681927	-0.6333411287673801	C27H48NO7P
472.9169	20.29	0.975282106675617	-0.23439132050610662	
472.9169	23.07	0.7635882068728878	-1.4360689884230595	
429.0803	28.08	0.7109518289772535	1.6959948152153683	
429.1793	193.55	0.8632417272589031	-0.7990304917532056	
429.3281	200.54	0.9400849047732595	-0.41145908237807044	C28H44O3
429.3374	226.25	0.9400849047732595	-0.3981091950223243	C28H46O3
372.8963	23.99	0.9531037242368681	0.29430706255499317	
430.1453	116.35	0.8141774810528875	1.1242379235353561	
430.3408	226.39	0.9400849047732595	-0.43510462777666	C28H46O3
430.9281	20.55	0.9859176550816134	-0.10607511144505499	
430.9281	22.54	0.9859176550816134	-0.12299007456303344	
529.1662	36.27	0.6965441897854543	2.7355932652070036	
529.2226	258.12	0.2744222145728613	5.228613564657187	
529.2475	201.35	0.98132707267994	0.18263845204064463	
529.2769	75.78	0.7081306538318504	2.2121520772743017	
473.1797	192.89	0.8611246999476497	-0.8417514795642042	
473.327	200.54	0.9404633070441376	-0.3475871800796103	C29H46O5
530.0885	30.44	0.7081306538318504	2.5159535667481703	
530.2794	75.78	0.7081306538318504	2.4380516097428098	
530.2889	104.23	0.5055715413781865	3.84039433531937	
530.4346	286.83	0.9859176550816134	-0.17019994382774334	
530.866	20.03	0.8487663370799421	-0.9031253115360024	
530.866	23.07	0.7081306538318504	-1.7814800426478892	
474.1032	148.5	0.7473465691017678	1.5590596508490464	
474.1032	149.55	0.8537476917516673	0.8824659083755383	
373.0297	192.76	0.9859176550816134	0.17115002714005506	
373.0297	194.73	0.8626851941318833	0.8136102995454967	
373.0297	197.13	0.7081306538318504	1.780841395425516	
373.0458	36.27	0.8695414624466375	-0.7122462267793768	
431.9301	20.29	0.9801046165949162	-0.20018079899320995	
432.8652	22.15	0.8611246999476497	0.8652975231383634	
432.9261	20.42	0.8141774810528875	-1.1623200209662252	
432.9261	22.94	0.8632417272589031	-0.7884744237565243	
432.9534	1.83	0.7081306538318504	1.9624277122611313	
374.2451	31.91	0.8632417272589031	0.7827508547222868	
531.0916	30.86	0.523441914093465	3.6544982357671962	
531.2924	104.36	0.7081306538318504	2.203853402001709	
374.9068	21.89	0.9400849047732595	0.4169307605319406	
433.1406	54.41	0.8611246999476497	0.8285500512291154	C23H31BrO3,C23H31O3Br
433.1506	27.16	0.7823365101538325	1.3674936826779867	
433.1634	149.42	0.7081306538318504	1.9617126527176627	
375.2486	31.91	0.8695414624466375	0.7223201266377206	
475.2892	110.83	0.822744304716654	1.0219162555514532	
375.2785	218.21	0.8424346081185745	-0.9536068444386239	
532.8665	20.03	0.9404633070441376	-0.35139674903213625	
375.9102	22.02	0.7081306538318504	1.9594462376540533	
376.2515	31.91	0.9859176550816134	0.1401305654555859	
434.1435	54.28	0.902409598813755	0.5882726933105122	C23H31BrO3,C23H31O3Br
376.9036	21.89	0.9400849047732595	0.4421355295096567	
376.9568	20.29	0.8632417272589031	-0.7825689281112301	
376.9854	36.27	0.7081306538318504	1.7685967679571482	
434.8614	21.89	0.8141774810528875	1.1586596862784697	
533.291	205.03	0.9801046165949162	-0.1923950811407861	C33H42O6
476.1002	148.9	0.8695414624466375	0.7261239352128316	
434.9891	193.55	0.7480851036481807	-1.545682831279113	
534.1145	149.03	0.9400849047732595	0.4537244805773102	
377.9893	24.91	0.8105422698730269	1.247952273952	
377.9893	36.13	0.8141774810528875	1.0771242622778066	
476.9214	22.94	0.9400849047732595	0.4439641059663902	
534.8618	20.03	0.9404633070441376	-0.34944771398494173	
534.8618	22.8	0.7402762913114989	-1.5964088237618945	
534.9263	20.97	0.9471194568433837	-0.3341861131811706	
436.0597	78.81	0.7079435530592427	2.641942135921765	
436.3151	253.13	0.7870901223969965	1.3256282800504329	
378.918	23.2	0.7081306538318504	-1.8178962800456482	
535.001	22.02	0.7081306538318504	-2.0892832445270715	
436.8786	19.9	0.8141774810528875	-1.2063019907321442	
436.8786	23.2	0.7800776907412299	-1.3740794830267486	
436.9492	20.97	0.6542696146879048	-3.0167582022716846	
477.0885	188.04	0.8141774810528875	-1.1417150374753553	
477.1793	157.99	0.9859176550816134	0.09871972182513425	
379.0585	24.64	0.7081306538318504	1.9836021482318567	
437.1374	30.86	0.7079435530592427	-2.651723304601043	
379.9314	22.41	0.9796547497609938	0.21290546339137692	
380.0154	31.91	0.5055715413781865	3.840706783221787	
437.2407	31.91	0.8389029744162259	0.968883983816855	
380.9125	23.07	0.822744304716654	1.0302270198081227	
536.0588	152.44	0.30864301696162955	4.791895993819389	
536.1695	193.42	0.7913410209971607	-1.3042350694398799	
536.2081	112.15	0.5055715413781865	3.834453336081875	
478.8524	23.46	0.7480851036481807	-1.5400331447839641	
536.8845	21.36	0.9000108123044553	0.5993124360804809	
536.8845	22.54	0.9560218245932105	-0.2835856108090691	
381.174	192.89	0.9404633070441376	0.3695230165888487	
438.0568	78.28	0.41693627381273335	4.262344306159762	
438.2441	31.91	0.8973325296588751	0.6093639353905255	
537.0369	283.95	0.7870901223969965	1.325600549277257	
439.0193	22.02	0.9317499275241338	-0.5000872547691763	
439.0193	24.38	0.8141774810528875	1.2090629741939878	
479.1747	157.99	0.9793866728121102	0.2191404238322681	
479.2242	214.77	0.9400849047732595	-0.39986820064402595	
479.3743	262.74	0.7081306538318504	2.2341267774152795	
439.1344	149.29	0.9400849047732595	-0.3873875030720978	
537.901	21.89	0.9859176550816134	-0.1562301147016562	
439.3216	199.49	0.9044842834928637	-0.5836265296068261	C29H44O3
538.1425	202.14	0.9859176550816134	-0.1037946237684237	
480.1507	27.29	0.8847081566769657	-0.6496893944823078	
480.1507	161.01	0.8695414624466375	0.7120583800369881	
480.2734	102.39	0.9400849047732595	0.42074149785616105	C22H44NO8P
480.3777	262.35	0.7081306538318504	2.6223664548207424	
440.325	199.49	0.906659199409218	-0.5736268789907643	C29H44O3
384.8618	19.9	0.8681689716905359	-0.7403908160089822	
384.8618	23.33	0.8450502954396537	-0.940802984136589	
384.9355	20.97	0.9511457339576138	-0.30150901897090493	
385.3073	217.68	0.9859176550816134	-0.11198163880342761	C21H42N2O4
441.3282	199.49	0.8986805323306809	-0.6025569024917944	C29H44O3
441.3375	212.41	0.8632417272589031	0.7756292320493892	C29H46O3
482.1166	115.56	0.9400849047732595	0.46155035355131613	
482.1166	116.35	0.975282106675617	0.2339914238574686	
482.3158	150.6	0.8141774810528875	1.237277733245136	C23H48NO7P
482.3158	152.31	0.9214924432155104	0.5312711735470349	
442.0902	192.76	0.935936957392367	-0.48306782304224366	
540.1643	192.63	0.8605432654525479	-0.868832423700931	
442.3409	212.14	0.8632417272589031	0.7675023341962576	C29H46O3
385.9392	20.97	0.8695414624466375	-0.720360606111907	
540.4635	287.62	0.52300406154648	-3.773303457225433	C32H63NO5
540.9044	20.29	0.8626851941318833	-0.8113972915974702	C15H10O16S3
540.9044	23.07	0.7081306538318504	-1.8906630272510772	
442.8942	21.89	0.9400849047732595	0.38563720679466557	
482.9888	22.15	0.7081306538318504	-2.1811441180195934	
482.9888	192.89	0.8611246999476497	-0.8584376725410792	
483.141	36.4	0.9859176550816134	0.1019445023247892	
483.141	41.26	0.8632417272589031	0.7829897908948142	
483.2575	257.07	0.18049878849845885	6.650445954079838	C25H40O9
483.2575	257.99	0.08946442262216937	9.279244683053381	
541.0659	36.13	0.7081306538318504	1.999797686439755	
443.2476	214.9	0.9400849047732595	0.46082218512064016	
443.3442	212.28	0.9368644981107033	0.47670535749767057	C29H46O3
443.3532	238.5	0.9859176550816134	0.11384985741392614	C29H48O3
484.1322	149.55	0.8141774810528875	1.178010226231547	
484.1556	129.93	0.805733127164836	1.262092412576113	
541.2626	212.67	0.9511457339576138	0.3019854497338449	
443.8977	21.89	0.8141774810528875	1.139427556881813	
444.0868	36.92	0.9400849047732595	0.46704632960015185	
444.0868	192.37	0.8389029744162259	-0.9810839357630686	
484.8709	22.8	0.9851102409856928	0.17549715844792482	
444.2496	215.03	0.9400849047732595	0.3898481185165263	
444.3566	238.5	0.8701433295026587	0.6971341177913497	C29H48O3
542.128	115.43	0.9804215412349452	0.18766859726285037	
542.158	230.59	0.8141774810528875	1.1407507526946556	
542.2182	257.73	0.4964003377205547	3.934851622477374	
542.2639	195.39	0.8389029744162259	-0.9820157506873812	
542.4347	273.81	0.7629468938112641	-1.4680957972570003	C32H61NO3
444.8912	21.89	0.9400849047732595	0.44697787795332533	
444.9732	36.13	0.9730583031017344	0.25003939751416593	
485.0237	22.02	0.9859176550816134	-0.10521758241441244	
543.0071	201.22	0.7081306538318504	-2.375548163337424	
485.1662	193.81	0.9801046165949162	-0.1930930594472719	
485.1662	202.27	0.9973369506028164	-0.024069910648323995	
485.3273	199.76	0.8757402541326246	0.6779477261852676	C30H46O5
486.2287	192.89	0.935936957392367	-0.4846280772468363	
486.2287	216.24	0.7081306538318504	-1.791215056988234	
445.109	219.39	0.22431981214804747	5.849340147184174	
445.2134	76.44	0.8537476917516673	0.8824035632050126	C20H41O6P
445.245	214.9	0.8691765619734199	0.7375867306960027	
446.0884	78.67	0.694916662589536	2.9128259860635923	
446.1609	188.43	0.9733158386684622	-0.2428829319087768	
446.3766	246.68	0.935936957392367	-0.482982021315394	
543.2175	257.99	0.7081306538318504	1.8971065743675197	
543.4382	273.81	0.8141774810528875	-1.1225911680083507	C32H61NO3
390.0443	32.17	0.394067226266905	4.41229724552511	
390.2401	36.79	0.902409598813755	0.5927055791990519	
390.881	22.67	0.7255227293233076	1.6244569608194066	
390.9021	20.03	0.7620849394250306	-1.484854121507413	
390.9021	23.33	0.7081306538318504	-2.1392949569757143	
446.9056	1.96	0.7993748333193404	-1.2720728675668747	
446.9056	20.03	0.7629468938112641	-1.4770608588824314	
446.9056	23.07	0.7081306538318504	-1.8121151582023491	
544.1435	149.16	0.8141774810528875	1.1295484113623495	
544.7846	1.7	0.7081306538318504	1.9886180041143349	
544.909	22.94	0.9930944792545228	0.04898807112486362	
487.1945	166.04	0.9824587779347149	0.17949687677323833	
447.064	36.4	0.9921996035371098	0.05339511112230176	
447.1059	218.86	0.7081306538318504	1.9867842187448317	
447.1059	219.39	0.7870901223969965	1.328779792103609	
447.1476	115.95	0.9400849047732595	-0.4480834887406784	
447.1647	30.99	0.7629468938112641	1.4689715439734596	C23H28O9
447.1647	188.43	0.9859176550816134	-0.10417702736001613	
447.38	246.41	0.9400849047732595	0.4495789218161779	
391.2435	36.92	0.8790330147510783	0.6626024987272372	
488.0375	192.5	0.9404633070441376	0.36245415543712795	
488.2445	219.13	0.8915576836241293	0.6368204998195004	
488.3467	102.53	0.8611246999476497	-0.826753751198631	
447.9723	37.71	0.8450502954396537	0.9223501859031367	
448.0994	219.39	0.8611246999476497	0.8293425974173629	
565.5394	384.16	0.5983210720420008	-3.3746168846361138	C36H71NO3
448.138	31.12	0.7907830255545172	1.3168535318988683	
566.0908	149.03	0.9400849047732595	0.4221014201922375	
448.1694	30.58	0.935936957392367	0.48511329280696114	C23H28O9
566.2023	212.01	0.7629468938112641	1.4554189291884234	
488.8876	22.41	0.9400849047732595	0.39752863848677533	
448.9727	37.58	0.8611246999476497	0.8352216815184698	
545.7816	2.22	0.8632417272589031	0.7861345537959654	
546.1895	273.55	0.8971222006358838	0.6161247569320899	
546.1895	282.64	0.951214906240613	0.29978566687061003	
546.2815	104.76	0.9903054587811118	-0.06650187683253315	
546.3934	248.91	0.26276327093830365	5.3319962430811785	
566.9034	20.42	0.9801046165949162	-0.19726995988371313	
449.1482	115.82	0.9859176550816134	0.11291377921462621	
449.1633	149.55	0.891790910802937	0.6264085761138137	
449.9693	37.71	0.7913410209971607	1.3005026043834989	
450.1664	149.29	0.9404633070441376	0.36937621746119953	
450.1773	36.0	0.7635882068728878	1.438471967822634	
450.3589	119.11	0.523441914093465	3.684317289772014	C27H49NO4
567.0272	157.47	0.7081306538318504	1.9755269034958196	
567.0272	158.78	0.9400849047732595	-0.42953418698986967	
567.0272	191.98	0.8632417272589031	0.7542144008344379	
489.2531	215.03	0.9391144705868919	0.4734067407369577	
489.2777	156.42	0.7081306538318504	2.2778570820535555	
450.9829	21.75	0.7081306538318504	1.8193554595294208	
450.9829	197.26	0.1509494739736495	7.554423445424797	
547.193	273.02	0.7081306538318504	1.962223897597634	
547.193	282.38	0.7081306538318504	1.9424791276390883	
490.1115	152.57	0.7635882068728878	1.4328934461286857	
490.1793	160.75	0.9994646781116998	-0.010139026951827845	
547.451	306.83	0.694916662589536	-2.788044927337105	
490.1992	195.0	0.9859176550816134	-0.12396972335640469	
490.2812	156.68	0.7480851036481807	1.5396646225815425	
548.1865	273.68	0.8699881594701172	0.6991449918962265	
548.1865	283.17	0.9661235914247573	0.26855894204179476	
451.8439	1.04	0.7221849466484291	1.6436589096777352	
567.9054	20.29	0.9859176550816134	-0.13636898350168344	
568.1127	214.77	0.8678674296853567	0.7439451569203586	
568.2659	65.21	0.9859176550816134	-0.12850391625447247	
452.1727	36.0	0.8159334412830612	1.0463227689366816	
452.2785	94.63	0.8141774810528875	1.1432444890164495	C21H44NO7P
452.846	1.04	0.7081306538318504	1.9756626666037396	
452.846	19.9	0.2792691374308242	5.093164318270241	
568.8401	2.22	0.18049878849845885	6.773056732783615	
568.8401	21.89	0.8626851941318833	0.8096787084504367	
568.9023	20.42	0.8141774810528875	-1.0779112761500456	
452.9229	20.97	0.9560218245932105	-0.28378339810122616	
453.0171	22.28	0.744584853840311	-1.577589688324149	
569.4536	273.68	0.8261033397419554	-1.009068052492552	
549.0368	187.25	0.7221849466484291	-1.6540546691410256	
549.0368	195.0	0.7081306538318504	1.7540445101578255	
549.0368	200.54	0.8141774810528875	1.0739090489656296	
549.0368	202.14	0.8523457707657216	0.8904106002219185	
549.0368	218.08	0.908711365408224	0.5609314475897405	
549.0368	283.56	0.7081306538318504	1.9181860331678775	
491.2841	156.42	0.7473465691017678	1.5668200196168265	
570.229	187.64	0.9398174601567504	0.47177194153544805	
570.4568	272.89	0.961250595767926	0.27584704255534587	
492.1085	152.57	0.7480851036481807	1.5470108834206104	
492.1455	116.22	0.9400849047732595	0.4350557717669651	
492.3463	212.14	0.9400849047732595	0.450465381310544	C25H52NO6P
570.8366	22.02	0.8611246999476497	0.8427903961963206	
626.1074	36.13	0.7081306538318504	2.141895219852453	
627.082	189.22	0.8450502954396537	0.932702806661314	
627.1105	36.27	0.22431981214804747	5.866846502706431	
551.013	22.15	0.9801046165949162	-0.19132308292686312	
551.013	185.94	0.9859176550816134	-0.11786433024992303	
628.1243	214.77	0.9404633070441376	-0.34835319878367726	
628.1982	107.78	0.9400849047732595	-0.40015237963610817	
628.2776	207.94	0.8787779918387948	0.6664178560769445	
572.2442	201.75	0.9859176550816134	0.0995632433393337	
493.1235	35.87	0.7081306538318504	2.1364712017164624	
493.1487	115.95	0.951214906240613	0.3005637706606315	
572.9243	20.97	0.694916662589536	-2.8328388796657076	
493.2938	187.12	0.8626851941318833	-0.8132907225077376	
493.3498	212.28	0.891790910802937	0.6302023641205142	C25H52NO6P
552.2736	71.15	0.9893308809534034	-0.08619163340429813	
552.4636	273.28	0.8141774810528875	-1.2350493095982444	C33H63NO5
629.1246	72.07	0.7081306538318504	2.0582175716794717	
629.2013	107.91	0.9079473095162399	-0.5693715866777376	
494.1611	149.55	0.8141774810528875	1.1690409541644833	
572.9977	22.28	0.7079435530592427	2.6671273771130037	
572.9977	187.12	0.7714648722095728	1.4089795986012756	
572.9977	191.45	0.951059950442831	0.30572083378399356	
630.8847	21.49	0.7081306538318504	-2.1723975877591966	
552.8586	22.8	0.9400849047732595	-0.4284847249131962	
631.0199	156.02	0.7800776907412299	1.3767092526522622	
631.0199	189.74	0.8389029744162259	0.9733450214961322	
631.0199	198.18	0.7081306538318504	1.854298457437874	
631.0199	200.28	0.8632417272589031	-0.7729107376168745	
631.0199	267.47	0.41693627381273335	4.263511241205125	
631.0199	275.39	0.8665391824674347	0.7472328500081172	
631.0199	277.22	0.8791201727065772	0.6603122017782017	
631.0199	284.08	0.8389029744162259	0.968407367842757	
553.0111	189.09	0.9859176550816134	0.10956545244060968	
553.0111	201.49	0.7620849394250306	1.4821647730071226	
631.2845	201.09	0.8790330147510783	-0.6627968408451286	
573.2481	201.49	0.9859176550816134	0.1072135996287653	
632.2056	156.94	0.9400849047732595	0.4260969236800408	
553.0301	22.02	0.8611246999476497	0.8532440405202473	
553.0301	201.75	0.8215619439534602	1.036342898212505	
574.0388	36.13	0.01815622322399773	16.009799848624937	
574.2601	225.99	0.8389029744162259	0.9762489220449674	
574.2766	112.01	0.9859176550816134	0.1284821331769401	
553.277	70.76	0.7870901223969965	-1.3357474189044507	
553.4669	273.42	0.8141774810528875	-1.205605369666479	C33H63NO5
495.1643	149.55	0.8141774810528875	1.1594430421272557	
495.1951	195.13	0.8699881594701172	-0.7025434604073929	
495.3039	219.39	0.906659199409218	0.5742767437767423	
495.3094	200.96	0.9122842881732233	-0.547919768608672	C24H49O8P
553.8755	1.04	0.7081306538318504	1.9521808703033339	
553.8755	22.41	0.9400849047732595	0.40570136770092247	
554.1252	36.27	0.8485291429316962	0.916158208897238	
554.2023	257.73	0.7081306538318504	1.9996931172978911	
554.2896	82.37	0.8924280405200415	0.6242882412929267	
554.4699	273.42	0.8141774810528875	-1.1060066754959759	C33H63NO5
634.2966	206.37	0.8611246999476497	-0.8262884750285726	
496.1769	176.19	0.8141774810528875	-1.0978043616172424	
496.1769	185.65	0.9781332927408131	0.22653265556064542	
634.8913	20.55	0.9914186515844077	0.05961441292486438	
496.3128	200.96	0.9268092509601608	-0.5229122099998874	C24H49O8P
575.0331	56.67	0.7081306538318504	1.9831551965064615	
575.0331	186.72	0.8141774810528875	1.0711113225719773	
635.8931	20.42	0.8389029744162259	-0.9703300523226608	
636.2427	212.67	0.8141774810528875	1.1193872149529864	
575.1098	193.55	0.8986342895565806	0.6044320851141722	
575.2968	199.49	0.814891403500082	-1.0671530514678422	C28H49O10P
497.082	26.9	0.9859176550816134	0.14907982105922446	
636.8281	21.89	0.991987234389789	-0.05506904124299473	
636.8906	20.55	0.8159334412830612	-1.047729736494619	
636.8906	22.28	0.908711365408224	-0.5626087073961585	
575.8638	20.03	0.9400849047732595	0.4661488583919225	
497.3158	200.68	0.8699881594701172	-0.7038348622727284	C24H49O8P
497.3252	226.39	0.9404633070441376	-0.364911954625771	C24H51O8P
576.2313	212.01	0.8159334412830612	1.048788754461981	
637.0101	22.02	0.9360795988578161	0.47945535897947694	
637.0101	186.85	0.9214924432155104	-0.5314073197911827	
637.0101	194.08	0.9859176550816134	-0.11775498572104981	
637.0101	197.26	0.9403610575935929	0.3818660145485186	
555.2928	82.37	0.9497081120278456	0.3179918510379385	
498.0844	152.7	0.7081306538318504	2.2759897274679695	
498.263	37.05	0.8141774810528875	-1.1254503484483664	C25H42NO7P
498.263	50.34	0.8903133992355663	0.6400000692057104	C25H42NO7P
498.2849	192.76	0.7081306538318504	2.4321810757734097	
638.1528	215.17	0.9959966922510678	-0.029019377257903906	
638.4201	237.06	0.7081306538318504	1.9998491519089021	
577.0108	197.92	0.9959966922510678	-0.029104771438730567	
498.9161	20.55	0.9859176550816134	-0.11227900348705756	
555.8347	249.04	0.7081306538318504	1.994470499670497	
555.8347	282.9	0.7364640240359	1.607546424771738	
555.8347	660.62	0.7255227293233076	1.6311741659844563	
555.8347	665.08	0.7255227293233076	1.6300587432300109	
555.8347	677.5	0.7081306538318504	1.7464400431825189	
555.8347	683.83	0.7081306538318504	1.9479085207312095	
638.8254	22.15	0.9404633070441376	-0.34789626832565895	
577.0305	155.46	0.9287814662859991	-0.5147235791216515	
577.0305	157.07	0.17722297583295557	6.926565887623613	
577.0305	217.03	0.8141774810528875	1.0946752883169564	
577.0305	219.78	0.8141774810528875	1.1027002505218586	
555.8384	230.59	0.0744146686800311	10.069329644075031	
555.8384	232.69	0.06819569535903651	10.532107153982231	
555.8384	302.36	0.7081306538318504	1.9856486464416938	
555.8384	314.98	0.7081306538318504	1.9822187010722907	
555.8384	695.7	0.7081306538318504	1.9945874123615386	
555.8384	703.36	0.011750625750265193	19.05747005037537	
555.8384	708.77	0.7081306538318504	2.215904966243519	
555.8384	712.47	0.7081306538318504	2.548271366394401	
556.2952	82.11	0.8973325296588751	0.6107547899291892	
639.311	253.0	0.7402762913114989	1.5948399359249947	
640.2319	201.88	0.8424346081185745	0.9515742440821499	
640.2872	234.53	0.8620145322192996	0.8206313746908371	
640.9121	21.1	0.4178091002241279	-4.235387857196388	
577.2341	102.26	0.7081306538318504	-2.4812906967154613	
577.2341	212.41	0.8141774810528875	1.2300730537986424	
577.2766	91.74	0.9497081120278456	0.3227523173514921	C27H47O11P
577.3126	212.41	0.9400849047732595	0.46304347565564863	
577.4476	281.85	0.7768746846617957	1.4013444340726882	C35H62O6
556.875	22.41	0.8632417272589031	0.7643817235984846	
578.1416	214.9	0.8406284159071004	0.9610420169679994	C30H27O12
578.2289	212.41	0.9782748983385438	0.22554188811156864	
578.316	212.54	0.8450502954396537	0.9421955567246657	
641.2373	201.35	0.8487663370799421	0.8990598359906585	
578.8692	21.89	0.9400849047732595	0.3859240517349341	
499.0792	26.77	0.9404633070441376	-0.37567116741817436	
499.2665	50.08	0.9424304697215217	0.34201230197966126	C25H42NO7P
642.5841	393.05	0.7081306538318504	-2.1369997047814877	
642.5841	394.89	0.7635882068728878	-1.4443784884042197	
642.5841	396.94	0.8487663370799421	-0.9084787285045228	
499.918	20.55	0.928768800316584	-0.5163585085146388	
499.918	22.54	0.9730583031017344	-0.24400783154129607	
500.0718	36.4	0.7081306538318504	1.961622964716102	
500.2787	65.21	0.8159334412830612	1.054004746342161	C25H44NO7P
500.3007	192.11	0.8632417272589031	-0.7837204409085958	
500.3007	197.0	0.8487663370799421	-0.9030543163878682	
500.3007	212.67	0.8765012842770047	0.6761954352012741	
557.0237	153.75	0.7620849394250306	1.4929201774198406	C21H18O16S
557.0237	155.46	0.7221849466484291	-1.659739951201943	
557.0237	188.04	0.8389029744162259	0.9674690635543909	C21H18O16S
557.0237	274.2	0.7480851036481807	1.540095178355227	C21H18O16S
557.0237	275.91	0.906659199409218	-0.5731619483179824	
557.0237	288.28	0.7081306538318504	2.2201830533948246	
500.8529	21.89	0.8695414624466375	0.732331344493891	
500.9146	20.42	0.8141774810528875	-1.0989831678175221	
500.9146	22.41	0.8249161697458787	-1.012700772153574	
643.2842	199.1	0.8469302127212001	-0.9192716695251503	
579.1435	214.9	0.8159334412830612	1.050026447773876	C30H27O12
579.8723	21.36	0.9801046165949162	0.19159121145275626	
580.1388	214.9	0.8485291429316962	0.9153737121325445	
580.8666	21.89	0.9859176550816134	0.1391432029820692	
643.8514	20.16	0.9859176550816134	-0.0992575916455506	
557.2885	68.79	0.9140341394596307	-0.5446172666718383	C35H42O6
558.1999	190.93	0.9511457339576138	0.3025748508129687	C29H32N2O7,C28H37O7Cl,C27H31O2F7
558.4656	325.98	0.523441914093465	-3.7026741286013	C33H65NO3
558.7435	13.44	0.9903054587811118	0.0685797678359285	
558.7435	16.22	0.9978943971078641	-0.015037276864673365	
501.2821	65.34	0.8450502954396537	0.9282328117469385	C25H44NO7P
581.141	215.17	0.8105422698730269	1.2491615447047102	
645.3002	212.93	0.8632417272589031	0.8020918532643245	
558.8363	230.59	0.8424346081185745	0.9497006799380767	
582.1359	188.17	0.8699881594701172	-0.7009294242112023	
646.2216	178.16	0.8261033397419554	-1.0098005285751945	
559.0005	474.71	0.9903054587811118	-0.07544816496920746	
501.862	20.03	0.8699881594701172	0.6982473240374659	
501.862	22.8	0.8611246999476497	0.8385998926508607	
582.8796	20.29	0.8141774810528875	-1.201567519265642	
582.8796	22.94	0.7620849394250306	-1.483674016154351	
502.0702	36.53	0.7081306538318504	1.9996634125878276	
502.0702	41.12	0.7081306538318504	1.8616691969182735	
502.1018	192.5	0.7635882068728878	-1.430436729280748	
646.8571	21.89	0.908711365408224	0.5632048716243567	
502.2947	89.75	0.7081306538318504	2.448708666392681	C25H46NO7P
583.0008	69.05	0.9859176550816134	0.15976647092066054	
502.8012	4.59	0.1509494739736495	7.4269366571305735	
502.8487	22.15	0.8487663370799421	0.9003489973548683	
583.2595	80.25	0.7629468938112641	-1.4570596383002146	
583.3143	102.92	0.7081306538318504	1.9618014913573383	C27H51O11P
647.052	90.95	0.7081306538318504	1.920701147050858	
647.052	92.26	0.7081306538318504	1.972377217227716	
559.4369	286.83	0.8632417272589031	0.8019657740178276	
584.2444	199.1	0.97384609152699	-0.24061525325341704	
584.2444	200.54	0.9978943971078641	0.01629927084572091	
560.1327	115.95	0.9360795988578161	0.4798981757003961	
648.1211	35.87	0.7913410209971607	1.3122197529386845	
648.2491	247.2	0.8141774810528875	-1.2251359499479755	
648.2491	253.27	0.8450502954396537	-0.9235034242351894	
648.2491	258.39	0.7081306538318504	-2.1859405335703253	
648.8545	21.62	0.8298660649485126	0.9998825247194102	
585.0172	36.66	0.7473465691017678	1.5567468879461028	
650.3279	255.89	0.45140449061543053	4.093179595545671	C30H54NO12P
503.0333	21.89	0.9936159556913061	-0.044248319268196015	
503.0333	153.36	0.8681689716905359	0.7414897137275107	
503.0333	159.7	0.7870901223969965	-1.3320287272141993	
503.0333	189.48	0.7081306538318504	-1.801455438911025	
503.0333	191.45	0.9796547497609938	-0.21487546216924386	
503.0333	192.76	0.999660916744378	0.0011657320583073542	
503.0333	194.47	0.911858339814723	0.5550033339800249	
503.0333	198.58	0.7785557249933553	-1.3901677613070023	
503.0333	201.75	0.8973325296588751	-0.6119505403872979	
503.0333	282.38	0.9994646781116998	0.008830755963290101	
503.0333	288.93	0.7093007516389658	-1.713212649899131	
650.6375	495.53	0.8141774810528875	-1.0734566886797845	
650.6375	498.31	0.7635882068728878	1.442693091288804	C42H83NO3
650.8667	20.42	0.8626851941318833	-0.8126814216869356	
650.8667	22.8	0.8141774810528875	-1.1135874608418608	
585.056	363.31	0.7081306538318504	1.803181824023308	
503.1673	34.54	0.7081306538318504	1.9996114225271937	
503.1673	36.53	0.7081306538318504	1.9848975449537392	
561.0167	21.89	0.9400849047732595	-0.44276181707214285	
561.0167	187.64	0.8787779918387948	0.6662932971313027	
561.0167	200.96	0.7823365101538325	-1.352623086224015	
585.2488	199.76	0.9497081120278456	0.32293283776801096	
586.2602	212.41	0.8215619439534602	1.0389731024114985	
586.3843	273.81	0.7629468938112641	-1.4573774515804487	
651.0266	22.15	0.8611246999476497	0.837121632585086	
651.0266	30.99	0.8141774810528875	1.188204596156518	
651.0266	155.46	0.8695414624466375	-0.7152055281512093	
651.0266	187.51	0.9400849047732595	0.41388638544496403	
651.0266	189.09	0.9273974479486714	0.5206803191816525	
651.0266	192.63	0.7473465691017678	1.5620027085192352	
651.0266	197.26	0.8709914197920309	0.6949371601742289	
504.0986	192.76	0.8141774810528875	-1.105041092311184	
651.8715	21.49	0.8632417272589031	0.7756923911810658	
504.8649	23.2	0.7081306538318504	-1.7412886023489025	
504.937	20.97	0.7081306538318504	-2.006482187443157	
561.0739	144.79	0.7368043393329006	1.6050652145958593	
561.3797	206.63	0.9214924432155104	-0.5316060832309081	C33H54O7
653.3963	306.44	0.9306878102688625	0.5054112143072413	
653.3963	307.22	0.7870901223969965	-1.3296372224736213	
562.1798	202.14	0.8141774810528875	1.150019915770542	
562.2154	202.27	0.8141774810528875	1.110486558719738	
654.253	102.66	0.8695414624466375	-0.7158211578432786	
654.2824	261.04	0.7081306538318504	2.1471785149101046	
562.8965	21.36	0.9404633070441376	0.34876295613625735	
587.2529	200.02	0.8159334412830612	1.0638239536520084	
587.2647	212.41	0.8141774810528875	1.2411388746339547	
587.3876	273.94	0.7221849466484291	-1.6453439844395767	
588.1707	214.9	0.8141774810528875	1.1820117402121268	
588.2543	237.71	0.9730583031017344	0.24744199775465567	
588.2543	244.02	0.9400849047732595	0.39320453398732497	
588.2543	248.78	0.9531037242368681	0.2922644335770685	
588.3305	75.09	0.8611246999476497	0.8604368840336153	
588.3824	273.28	0.7907830255545172	-1.3170115596796166	
588.898	20.97	0.9859176550816134	-0.12900859235861833	
505.2316	195.26	0.8399384854505831	0.96523027477633	
505.3328	220.57	0.8141774810528875	1.0984950819557655	
506.044	26.9	0.694916662589536	2.7999009292673	
563.0136	191.32	0.9400849047732595	0.40553253760957053	
563.0136	257.86	0.7079435530592427	-2.678004604433891	
563.0136	335.02	0.8791201727065772	0.6611572179903188	C21H18O15S
506.1973	115.69	0.9084843646338421	0.565802372876159	
506.1973	116.48	0.9079473095162399	0.5686166662909473	
506.2711	167.22	0.9206579396094766	-0.5357377987321371	
506.3357	220.31	0.8693240749401491	0.7364541875555904	
656.8858	20.97	0.9861734111094884	0.0968674043830269	
589.0299	160.35	0.9730583031017344	-0.2453746470707503	
589.0299	188.43	0.8699881594701172	0.7100457515191764	
589.0299	196.61	0.17069584520299877	7.0879324939204205	
589.0299	197.79	0.8632417272589031	0.7923774676075416	
589.0299	201.62	0.8487663370799421	-0.8990608080756127	
589.0299	220.7	0.7081306538318504	2.4404917359493576	
589.0299	338.55	0.8424346081185745	0.9508823605614457	
657.0921	192.63	0.9863816190693695	0.09489283437029944	
657.1472	71.68	0.7081306538318504	2.0161797688599337	
589.1045	192.76	0.9701640609860492	-0.2556240075930316	
589.1726	214.77	0.7109518289772535	1.6960174074538659	
657.8891	20.68	0.9903054587811118	-0.07292731623462362	
589.2443	86.33	0.7974809826509847	1.2815448263721372	
658.2481	196.61	0.9400849047732595	0.4015832626482067	
658.278	247.46	0.9400849047732595	0.40691468762085914	
658.278	254.19	0.8141774810528875	1.1556600649022652	
658.278	258.65	0.24627506460128765	5.5577818622662365	
589.4034	306.83	0.4354058897230805	-4.160450389033035	
658.2906	263.27	0.8626851941318833	-0.8067858524438677	
589.9013	20.97	0.9937548507917495	0.04154242526509744	
590.1704	215.03	0.7081306538318504	1.9416690492489919	
563.0891	188.43	0.9977022755552586	0.019342137005866965	
563.2967	201.35	0.9059722128688719	-0.5784142428455133	C27H49O10P
590.9025	21.1	0.908711365408224	-0.5622014527496064	
658.8904	20.68	0.9922214573098981	-0.05255480851009512	
564.0908	188.3	0.8159334412830612	1.0549251294915403	
659.0519	34.67	0.694916662589536	2.818769739651528	
659.0519	36.4	0.7081306538318504	2.115354182152032	
564.3	201.09	0.9065013975077699	-0.5769441597489035	C27H49O10P
659.1079	219.52	0.7656006224654264	1.4206278435852537	
660.2374	191.32	0.8611246999476497	-0.8403559119462594	
660.2872	263.01	0.951059950442831	-0.3069361417193824	
591.12	219.26	0.9796547497609938	-0.20985463629229262	
507.2518	165.48	0.9400849047732595	-0.45738186194467223	
591.4014	306.57	0.7081306538318504	-2.029189518796864	
507.3091	199.49	0.8632417272589031	-0.75333207553907	C30H46O5
507.3692	215.69	0.9497081120278456	-0.32734708721699163	C30H52O6
507.3692	263.4	0.8141774810528875	1.2262962515364773	
507.4611	273.28	0.908711365408224	-0.560823977176442	C32H61NO3
592.1219	218.86	0.2988029003911226	4.897931172984135	
507.8761	20.16	0.9859176550816134	0.1419796182169425	
507.9834	37.58	0.9400849047732595	0.42571892670051253	
593.0649	30.86	0.9859176550816134	0.1060678014097848	
508.1893	195.26	0.7081306538318504	1.9565730319840622	
661.2405	191.45	0.8626851941318833	-0.8109315291296892	
508.3125	199.36	0.8632417272589031	-0.7571500490494263	C30H46O5
661.4399	235.05	0.8626851941318833	-0.8080339943066921	
593.0805	115.56	0.8632417272589031	0.7756964041174367	
593.0805	192.89	0.9796547497609938	0.2149834962654909	
593.4076	217.42	0.7081306538318504	2.0696761636231282	
593.4902	307.36	0.6262441656113497	-3.196759457681158	
594.2455	57.07	0.6262441656113497	-3.1871058638050815	
594.2455	57.86	0.9859176550816134	-0.15356115941241624	
594.2818	70.24	0.8141774810528875	-1.20705492886445	
662.8313	22.28	0.8141774810528875	1.084532692769675	
692.2636	260.23	0.7093007516389658	1.717341004488272	
508.9851	37.58	0.7870901223969965	1.3302359849377126	
664.2487	75.78	0.9400849047732595	-0.39982572254511417	
509.0044	22.02	0.8141774810528875	1.1339489801612763	
693.0735	36.0	0.9859176550816134	0.14936340285371386	
694.022	34.93	0.7081306538318504	1.9439514313980453	
509.0426	186.59	0.7081306538318504	1.918546234002234	
509.0426	192.5	0.7081306538318504	-2.279551978616133	
509.0426	274.73	0.9914186515844077	-0.06192204707099638	
595.8597	21.89	0.8448149868864455	0.9451986731275468	
596.2611	75.92	0.9176796908695659	0.5398173613961672	
696.186	107.78	0.8141774810528875	-1.102706312812502	
696.4885	345.87	0.8141774810528875	1.1060523046317607	
696.4885	347.19	0.8141774810528875	1.2037917978737216	
666.8416	20.29	0.8611246999476497	-0.8589210574482721	
666.8416	23.07	0.8141774810528875	-1.18197450884314	
667.4546	269.05	0.7081306538318504	2.261903681718229	
597.0176	111.49	0.935936957392367	-0.4853971092492429	
597.0176	195.65	0.9703157223914427	0.25462265495138564	
597.0176	198.44	0.9400849047732595	0.4108760346523708	
697.0486	22.54	0.8141774810528875	-1.2202507668407543	
697.189	107.78	0.8924280405200415	-0.6238881784336762	
668.2821	217.55	0.8973325296588751	0.6070070461795726	
668.3187	262.35	0.7081306538318504	2.342574714887281	
668.4572	306.04	0.7081306538318504	2.3366172956917928	
757.2168	214.64	0.8709914197920309	-0.6919820371863971	C33H41O20
757.2168	263.14	0.5973839893036814	-3.4075946161519126	C33H41O20
668.842	20.29	0.9400849047732595	-0.40909729087924734	
668.842	22.94	0.7081306538318504	-1.8622482224073615	
698.2292	197.0	0.7081306538318504	-1.738452692667117	
698.2292	255.37	0.7635882068728878	-1.4298295614220575	
698.6066	468.37	0.5971247397675907	-3.422874011314118	
698.6066	470.08	0.694916662589536	-2.8987416499363636	
698.6066	471.95	0.9273974479486714	0.5204986371764979	
597.2644	75.92	0.9994646781116998	0.008062876703539426	
758.4772	250.22	0.9560218245932105	0.2827280235216815	
758.4772	252.35	0.7081306538318504	1.8628820892830444	
758.4772	253.92	0.8141774810528875	1.102159613072655	C41H72NO8P
758.4772	257.21	0.868015443174704	0.7427283542985444	C43H70NO8P
698.8712	21.49	0.9859176550816134	-0.13768916390183508	
598.0762	30.86	0.9730583031017344	-0.2490953086206312	
669.3221	262.35	0.6965441897854543	2.762629503768855	
669.4594	209.39	0.9903054587811118	-0.06792219100134203	
598.8538	20.16	0.8487663370799421	-0.9128272411969135	
598.8538	23.07	0.7221849466484291	-1.6419072035910647	
758.8671	21.1	0.9400849047732595	0.4415124293877281	
670.2975	189.87	0.9122842881732233	-0.5481147697123595	
670.2975	205.43	0.9400849047732595	-0.3985582151915809	
670.3253	262.35	0.7081306538318504	1.7447559075797203	
670.9017	20.97	0.9949004307282626	0.03408231828790702	
599.0132	187.9	0.7785557249933553	-1.3909450795996197	
599.0132	193.16	0.7081306538318504	1.7374858225876886	
599.0132	194.34	0.9893308809534034	-0.08586209334950572	
599.0132	195.95	0.9932424451605751	0.047983759962974014	
599.0132	199.49	0.8487663370799421	-0.9086099232323471	
599.0132	201.35	0.7081306538318504	-2.320000788176257	
599.0132	283.69	0.8787779918387948	0.6662711691876394	
599.0344	394.89	0.8695414624466375	0.7163222556891292	
672.1881	57.99	0.9994646781116998	0.00844360386536161	
701.0235	22.15	0.9317499275241338	0.49570238764683644	
701.0235	71.55	0.911525132372364	-0.556257174332158	
701.0235	73.65	0.8141774810528875	1.196388311448235	
701.0235	185.94	0.9400849047732595	0.45117656904593034	
701.0235	191.84	0.7785557249933553	1.3888323200847337	
701.0235	193.16	0.9555639868235003	-0.2873641274368579	
701.0235	314.06	0.7081306538318504	1.9732988879995526	
701.3114	253.13	0.8159334412830612	1.0486137687374952	
600.3241	122.68	0.8695414624466375	0.7181977708359276	C27H53O12P
673.03	170.11	0.9281146436933215	0.5179486216360228	
701.569	385.61	0.7081306538318504	1.9974692848264524	
701.569	389.29	0.7081306538318504	1.998233850536235	
673.1963	75.49	0.6965441897854543	2.729003171305548	
702.2395	263.66	0.8695414624466375	-0.7183526623072751	
600.854	20.03	0.999660916744378	0.0023858110550633613	
600.854	22.94	0.7081306538318504	-2.409956465144421	
702.879	20.55	0.9260253379586203	-0.5250193293809124	
673.8763	21.49	0.9796547497609938	0.2049835506548345	
674.2522	200.68	0.8487663370799421	-0.8983920969581545	
674.2691	244.41	0.8989926496744697	-0.6013114461094963	
703.8811	20.29	0.8611246999476497	-0.8322636148444806	
703.8811	22.28	0.8389029744162259	-0.9753592051338349	
704.2379	263.14	0.8614566677606871	-0.8222968096732194	
763.8456	20.68	0.9360795988578161	0.47859114655840695	
704.8161	21.89	0.9400849047732595	0.4208788717494338	
675.0469	36.13	0.8424346081185745	0.9531493080839862	
675.0732	71.68	0.7823365101538325	1.3548853787071005	
602.2548	103.58	0.902409598813755	0.589618505403766	
602.9137	21.1	0.8632417272589031	-0.7582339863334131	
603.0266	57.86	0.7081306538318504	1.9372168831624201	
676.0193	30.44	0.7081306538318504	1.9846342739728173	
676.2801	276.96	0.8533784158922906	-0.8849663039480159	
676.2801	285.0	0.8141774810528875	-1.1405046813082116	
708.0481	218.86	0.7081306538318504	1.7656687031958254	
765.6053	393.05	0.8695414624466375	-0.7275525744799937	
766.2357	102.79	0.951059950442831	-0.3099297673294908	
708.2582	197.79	0.8626851941318833	-0.8163376043652648	
708.2582	255.37	0.7081306538318504	2.1817430404186378	
708.462	264.19	0.8611246999476497	0.8332204188285879	
604.1257	32.04	0.7081306538318504	1.9805859763501648	
604.1573	192.76	0.7081306538318504	-2.0606120636075187	
604.8723	21.36	0.9859176550816134	0.1204413920535066	
604.8723	22.41	0.9404633070441376	-0.3607948947953972	
766.8577	21.36	0.7081306538318504	1.9966046859425293	
708.8997	20.97	0.7218955037102974	-1.6630946551577204	
767.3618	21.75	0.744476785369166	1.5818007248546058	
678.2774	276.96	0.8141774810528875	-1.0833248233352972	
678.2774	285.27	0.7109518289772535	-1.693869064478058	
709.2615	197.66	0.9903054587811118	0.06557448338175921	
709.2615	255.76	0.7823365101538325	1.3626708159330243	
678.8052	22.67	0.7081306538318504	1.8655900359551434	
710.2663	214.64	0.7635882068728878	-1.4368131776496107	
710.2663	219.13	0.9796547497609938	0.2135245689915469	
710.2663	262.48	0.9119025247754611	-0.5532260040623452	
710.2663	274.2	0.8159334412830612	-1.0470093947980121	
679.021	30.86	0.7081306538318504	1.9986024075078603	
605.241	80.12	0.2512409483402941	-5.440259571925181	
605.3769	241.78	0.7081306538318504	1.9027987112090046	
679.0576	156.68	0.822744304716654	1.0237970669104066	
679.0576	194.6	0.8141774810528875	1.0713386609211557	
679.0576	284.74	0.18049878849845885	6.663817059741776	
679.2808	277.49	0.7081306538318504	-2.129558725016686	
679.2808	285.0	0.7473465691017678	-1.5623558372575703	
605.889	21.75	0.9804215412349452	-0.18794304515672364	
680.0163	188.43	0.8632417272589031	0.7797463425593367	
770.2105	217.29	0.9996088939804254	-0.00542155148979876	
770.2105	287.23	0.8632417272589031	-0.7683748898757661	
711.2694	214.64	0.7907830255545172	-1.3187932938320404	
711.2694	219.26	0.991987234389789	-0.05448149431570927	
711.2694	262.61	0.8141774810528875	-1.1835343992251723	
711.2694	273.68	0.9903054587811118	0.07484474568428416	
712.2637	214.38	0.8105422698730269	-1.252062369612376	
712.2637	219.13	0.9859176550816134	-0.10305614097484517	
712.2637	262.35	0.9404633070441376	0.353165699395159	
712.2637	273.81	0.9859176550816134	0.10809523011955725	
681.0165	188.56	0.7785557249933553	1.3942075279726087	
712.4587	219.26	0.7081306538318504	1.99716562956417	
770.6281	444.79	0.8389029744162259	-0.9706861061043512	
770.6281	446.4	0.9661913063251276	0.26765530979944796	
770.8667	20.55	0.9400849047732595	0.4382315632796667	
771.214	217.29	0.9975737839563804	-0.020351947234238738	
771.214	287.49	0.9996088939804254	-0.005433962561541596	
682.2341	195.13	0.8450502954396537	-0.9223774600297251	
682.2341	233.08	0.942098271438499	-0.3440461636423543	
682.2341	242.44	0.9859176550816134	0.1015882970213106	
682.3341	275.39	0.8141774810528875	1.134553232219929	
772.2088	217.29	0.9914186515844077	-0.059622457789483184	C33H41O21
772.2088	287.09	0.9903054587811118	-0.07414313873474042	C33H41O21
607.3923	219.39	0.9930944792545228	0.049195031969601406	
608.1021	36.53	0.8632417272589031	0.7596410901098487	
608.1406	107.65	0.9404633070441376	0.3633939752253833	
608.1518	193.68	0.902409598813755	-0.5904239151927166	C31H29O13
608.2658	197.0	0.891790910802937	-0.6289710935957283	
714.5238	441.77	0.7081306538318504	-1.855272186447517	
714.5238	443.74	0.7981219323305482	-1.2762560135687016	
714.5238	444.92	0.8141774810528875	-1.2135748406276217	
714.8448	21.62	0.8695414624466375	0.7219445062124975	
773.2117	217.03	0.9804215412349452	0.18826330728191118	C33H41O21
773.2117	287.49	0.8141774810528875	1.0852254058977828	C33H41O21
683.0332	21.89	0.9978943971078641	0.015514959937761646	
774.1291	107.65	0.9497081120278456	-0.3231366646547379	
715.0394	156.94	0.8632417272589031	0.7849052633436505	
715.0394	187.51	0.9801046165949162	0.20245896266060318	
609.0371	111.88	0.6487953567811586	3.0570565631711606	
609.2687	197.26	0.991987234389789	0.0549101299137909	
685.3092	263.53	0.9493719593607137	-0.32996307123198804	
685.3092	271.45	0.9996088939804254	0.006267955001209535	
685.3165	253.0	0.8141774810528875	1.1958179454704823	
716.8429	21.89	0.877666322897971	0.6703555115498642	
718.8542	20.29	0.9903054587811118	-0.07930714866486947	
718.8542	22.8	0.8632417272589031	-0.7896238901005939	
776.1299	108.3	0.822744304716654	-1.0236398560853364	
687.1387	198.97	0.9403610575935929	-0.38251990043333095	
687.1387	199.76	0.9404633070441376	-0.35546214913411195	
610.8093	19.76	0.9404633070441376	-0.35188367007608784	
610.8093	24.12	0.523441914093465	-3.6358080318057535	
687.5763	361.47	0.9859176550816134	-0.12605640566334145	
687.5763	364.23	0.975282106675617	0.23516687462699112	
687.5763	365.54	0.8523457707657216	-0.890889895247093	
719.859	21.49	0.8632417272589031	-0.7908153333490553	
776.8875	21.1	0.8695414624466375	-0.7238949856250142	
688.2685	195.82	0.7870901223969965	-1.3269013376681764	
688.2685	210.7	0.8141774810528875	-1.1992216396916469	
688.2685	244.8	0.9796547497609938	-0.21072770299153634	
720.295	262.48	0.7081306538318504	2.4562500610165627	
720.295	273.55	0.8159334412830612	1.051827089073354	
720.295	293.28	0.9404633070441376	0.34950045580002975	
611.0338	22.02	0.7800776907412299	-1.3808940466053423	
611.0338	155.07	0.9313938096940985	-0.5037682207622237	
721.2333	276.7	0.8632417272589031	0.7525436988493605	
721.2333	284.22	0.8141774810528875	1.1660368464310498	
778.4657	288.01	0.7081306538318504	1.9561499782731528	
690.5539	347.97	0.1806988069196571	6.523486375353605	
722.2282	276.44	0.6012214165509737	3.343768119543777	
722.2282	276.96	0.7081306538318504	-1.7968217807950133	
722.236	212.93	0.8611246999476497	0.8578072937325089	
690.8795	20.68	0.902409598813755	0.5933665980738971	
722.4775	276.3	0.7081306538318504	2.6149290513635175	
722.4775	281.06	0.9859176550816134	0.10388884446463534	
613.0294	259.44	0.9122842881732233	-0.54763487973628	
724.8736	20.97	0.9665525609958133	0.26476211378855746	
725.0801	193.16	0.951059950442831	0.30596444941460615	
725.877	21.1	0.8632417272589031	0.799669755777849	
726.261	217.29	0.9497081120278456	-0.3182804636164032	
726.261	286.83	0.8141774810528875	-1.0846350963023719	
616.0785	35.87	0.7081306538318504	1.9944140662599923	
726.8783	20.55	0.9506748828491841	-0.31542010535319276	
782.832	21.62	0.8632417272589031	0.7855167796709135	
727.2644	217.03	0.9360795988578161	-0.47842874022870646	
727.2644	287.09	0.6965441897854543	-2.7475371261969697	
833.5737	276.83	0.7081306538318504	2.295252595622152	
728.2585	217.29	0.9730583031017344	-0.24886732318258256	
728.2585	286.83	0.7635882068728878	-1.430554818326874	
618.3015	230.06	0.8632417272589031	-0.7723210126108562	
729.2618	216.9	0.9859176550816134	-0.12806616415395583	
729.2618	286.83	0.9287814662859991	-0.5111440405142014	
729.6212	424.5	0.9859176550816134	-0.13640751148922353	
729.6212	426.77	0.7785557249933553	1.3875411946381264	
729.6212	428.74	0.7553705976663909	1.521732565512624	
619.02	58.38	0.2805914997481571	5.051967859831188	
786.8414	20.55	0.9949004307282626	0.034554480479829563	
786.8414	22.67	0.9801046165949162	-0.19731828599044746	
619.2891	53.75	0.7081306538318504	1.9055121041816034	
730.6199	425.03	0.735859359873596	-1.6103382759571687	
730.6199	426.9	0.7785557249933553	-1.3930571156057967	
620.2318	102.92	0.8159334412830612	1.0466095108836293	
838.1113	191.32	0.7620849394250306	1.4986862456935612	
838.1113	228.49	0.7081306538318504	1.9752739969224553	
620.8463	22.54	0.9859176550816134	0.10392906106720672	
732.5194	260.36	0.7629468938112641	1.4573460905447904	
838.854	20.97	0.7405888791574183	1.592414169247247	
789.5578	363.31	0.7081306538318504	1.892396570239576	
621.3056	283.56	0.8632417272589031	0.770906760037156	
622.2268	201.75	0.8487663370799421	0.901747069466578	
733.0307	22.15	0.9053273047954422	-0.5800083844291448	
622.2777	82.76	0.9859176550816134	0.11413600106445067	C30H45N3O9S
622.8917	20.97	0.9859176550816134	-0.1407288338597669	
733.5222	260.23	0.8632417272589031	0.7870332783759523	
623.2803	82.76	0.902409598813755	0.5885842195020984	C30H45N3O9S
734.8296	20.16	0.8450502954396537	-0.9230424970956818	
734.8296	22.8	0.2512409483402941	-5.473390789294154	
792.8611	20.97	0.9801046165949162	0.19416282457717626	
736.2899	216.76	0.9936159556913061	-0.046681530471017536	
736.2899	286.83	0.9400849047732595	0.45631438814677955	
736.8304	20.16	0.9404633070441376	0.3659607596506032	
793.8643	21.23	0.8900898323041424	0.6411664191656287	
737.2914	216.76	0.9859176550816134	-0.13633301261921585	
737.2914	286.83	0.8699881594701172	0.7067728024927941	
794.5071	285.91	0.999660916744378	0.0013850875108818233	C40H77NO12S
903.5044	235.58	0.8734827624088818	-0.681357787181619	
903.5044	241.92	0.9665525609958133	0.26554816324565494	C49H77O13P
738.2954	217.03	0.9400849047732595	-0.39976701063879316	
738.2954	287.23	0.9773374455046152	-0.23076421754336626	
738.5182	338.55	0.877666322897971	0.6702643649812023	
738.5182	340.26	0.7093007516389658	1.724212660836061	
740.2402	188.04	0.8611246999476497	-0.82572503969457	
740.517	325.85	0.9510512791384856	-0.3116562374472158	
907.4751	228.49	0.9937548507917495	-0.039294914570758704	
742.1916	75.36	0.8159334412830612	1.054556876945779	
743.0342	36.4	0.1509494739736495	7.573383114967888	
747.1888	102.39	0.7081306538318504	1.8279313192647995	
747.1888	103.18	0.8614566677606871	0.822254049460642	
847.6305	449.16	0.9509690098618747	-0.31324423755294484	
847.6305	457.19	0.9404633070441376	0.369750227683434	
847.6305	459.95	0.8695414624466375	0.7120789781550235	
847.6305	486.05	0.9400849047732595	0.40355026425750856	
847.6305	488.81	0.7620849394250306	1.4883178337442604	
915.4779	293.28	0.7870901223969965	-1.3277300529760392	
802.8171	20.42	0.8227116267356352	-1.0318579800828054	
802.8171	23.07	0.7081306538318504	-1.8050968442030417	
750.269	187.64	0.9122842881732233	-0.5473880752089025	
849.9816	34.54	0.7913410209971607	1.3057938895320624	
751.2703	188.04	0.8611246999476497	-0.8266288687689279	
804.5566	337.5	0.8695414624466375	0.7222477964145455	
804.5566	339.74	0.7081306538318504	1.7506416705652956	
804.5566	341.44	0.8159334412830612	1.0566734968324465	
804.5566	342.49	0.8632417272589031	0.7658782456814546	
804.5566	343.67	0.8141774810528875	1.1705966474842076	
804.5566	345.38	0.7690324608184523	1.4133785822649312	
850.8197	21.62	0.9697619451363697	0.2580472249164578	
752.2	213.72	0.8141774810528875	-1.2119346969977431	
918.4363	274.6	0.7620849394250306	1.4879875894808403	
919.4404	274.73	0.7473465691017678	1.5591276323012087	
753.2798	216.9	0.9893308809534034	0.08698178900678483	
753.2798	287.75	0.7081306538318504	-2.375028984331801	
920.4519	284.87	0.7677751307846831	1.4164939980445896	
921.551	286.31	0.694916662589536	2.841688562339212	C48H85O13P
753.8531	21.36	0.694916662589536	2.7838237653904274	
921.6809	496.21	0.9949004307282626	-0.033020746706458215	
921.6809	497.39	0.98132707267994	0.18249128743712914	
921.6809	499.75	0.8611246999476497	0.8339481164444075	
921.6809	505.95	0.7081306538318504	2.088513109602521	C50H99O12P
921.6809	508.31	0.7081306538318504	2.1192988087850257	
921.6809	515.4	0.5055715413781865	3.831941461763059	C50H99O12P
921.6809	517.28	0.1806988069196571	6.421400224382729	
921.6809	519.77	0.1806988069196571	6.377992162927657	
754.0773	202.14	0.9903054587811118	0.08328309835859618	
754.216	214.25	0.9790930203517104	-0.22286853776569168	
754.216	219.26	0.9973369506028164	-0.023033240747781264	
754.216	262.88	0.8611246999476497	-0.8290413387235582	
754.216	273.94	0.9859176550816134	-0.16172150707851046	
754.2828	217.03	0.9859176550816134	-0.10039833904440107	
754.2828	287.62	0.7635882068728878	-1.434168946279975	
922.6844	497.65	0.9730583031017344	0.24467054591370516	
922.6844	499.49	0.7081306538318504	1.7451992471641407	
922.6844	500.94	0.9404633070441376	0.34673620530526894	
922.6844	503.69	0.8141774810528875	1.071527165626286	C50H99O12P
922.6844	506.61	0.7221849466484291	1.641098278259716	C50H99O12P
922.6844	508.44	0.7081306538318504	2.34737736676151	
922.6844	510.15	0.7081306538318504	1.759999724433714	
755.2188	214.77	0.9400849047732595	-0.39409327055006954	
755.2188	263.01	0.3035285435928682	-4.8450546064812166	
755.2188	273.81	0.8632417272589031	0.7542726999550606	
855.834	21.49	0.8611246999476497	0.8388519151546412	
756.2138	214.25	0.9509690098618747	-0.31341416709458925	C33H41O20
756.2138	219.26	0.9884275336211533	0.09149784042462422	
756.2138	262.88	0.9859176550816134	-0.10238888648026423	C33H41O20
756.2138	273.55	0.8632417272589031	0.7606073111784514	C33H41O20
808.8354	21.1	0.9306878102688625	0.5055655389840574	
925.6555	454.69	0.8917652430681927	-0.6328951930555133	C48H96NO13P
810.08	195.95	0.8141774810528875	1.196237451269262	
810.08	201.49	0.9859176550816134	-0.10289275747491662	
810.5086	265.5	0.877666322897971	-0.6728246302654811	C47H74NO8P
1007.4609	272.23	0.7081306538318504	1.7547282084648852	
1007.6064	495.53	0.8389029744162259	-0.9817433262778861	
1007.6064	500.28	0.9287814662859991	-0.5104112409391459	
811.083	201.75	0.8450502954396537	0.9229704690271077	
928.8368	21.1	0.9664093362945358	0.2665778047115703	
813.4722	219.52	0.8141774810528875	-1.1887132099611208	
860.8488	21.1	0.9859176550816134	0.09896311589853629	
932.5386	255.63	0.9404633070441376	0.36915712275267143	
932.5386	256.81	0.9936159556913061	0.04490581176653479	
932.5386	262.09	0.8450502954396537	0.9295148045727558	
932.5386	263.01	0.9404633070441376	0.3578263747810485	
861.8521	21.1	0.9859176550816134	-0.17213244235031183	
933.4911	238.9	0.7840594628893252	1.3449976113408557	
1023.5717	430.31	0.8352602920093106	0.9899868376069164	
1023.5717	439.93	0.822744304716654	1.0200531986420422	
1023.5717	440.98	0.7081306538318504	1.9998475927153114	
1023.5717	442.69	0.822744304716654	1.0291997481210067	
1023.5717	444.4	0.7110051156805294	1.6909824971254717	
815.8577	20.55	0.9903054587811118	-0.06804026416790748	
863.4368	297.61	0.7081306538318504	1.7319208585195396	
863.4368	299.72	0.7081306538318504	1.857643587560135	
863.4368	301.05	0.7127251481854722	1.6850385069495355	
816.4918	235.74	0.8611246999476497	0.8434811457727032	C46H73O10P
936.5106	246.68	0.7968108453324616	1.2853427621375537	
937.5228	255.89	0.7081306538318504	1.8870945158151722	
937.573	303.15	0.4949732109829913	3.9597539665361703	
937.573	304.99	0.007151820091946457	22.802592669101557	
865.2172	214.25	0.7081306538318504	1.7464196226931634	
865.2172	273.15	0.004368554456977748	32.0510341330801	
865.2172	273.55	0.7620849394250306	1.4820127932829392	
865.4634	308.14	0.7081306538318504	1.8768210745236344	
865.4634	309.98	0.7081306538318504	1.8360410672991287	
865.4634	312.35	0.7191685694488213	1.675145230853605	
940.4208	239.55	0.9859176550816134	0.1056444396104911	
940.4208	246.55	0.9400849047732595	0.43143530038219047	
1039.2259	223.33	0.9914186515844077	0.05927411530031079	
1040.229	222.67	0.9510512791384856	0.311499416626891	
867.5187	246.94	0.8141774810528875	1.2159039061853427	
1045.6144	489.73	0.7823365101538325	-1.3489094669394912	
1045.6144	492.9	0.9400849047732595	-0.4093026355421695	
1045.6144	494.48	0.9793866728121102	-0.2184658042381366	
1045.6144	497.52	0.9859176550816134	0.16384003033481126	
1045.6144	499.62	0.9859176550816134	0.15745682975983855	
1045.6144	500.67	0.9903054587811118	0.0659410879510536	
1045.6144	504.88	0.9400849047732595	0.3855381639814884	
1045.6144	506.74	0.8632417272589031	0.7593027928831846	
1045.6144	512.51	0.8141774810528875	1.1154144120593033	
1045.6144	514.62	0.8611246999476497	0.8671423773321558	
941.6368	492.38	0.8298660649485126	-0.998580203641194	
941.6368	496.73	0.9973369506028164	0.022593723388811663	
941.6368	498.05	0.9859176550816134	0.13555553077558777	
941.6368	501.72	0.9404633070441376	0.3727847485324709	
941.6368	504.74	0.9317499275241338	0.4986811832091462	
941.6368	509.23	0.8401531958515736	0.96384883092898	
868.5144	238.37	0.8141774810528875	1.0733766943954346	C50H75O10P
868.5144	258.91	0.9859176550816134	0.14032677486601308	
943.6582	498.44	0.9859176550816134	-0.1515811858955151	
943.6582	502.77	0.9859176550816134	0.10992171950865892	C50H99O12P
944.7052	429.79	0.007151820091946457	23.123038568987962	
870.804	20.55	0.9937548507917495	0.040059328888157296	
949.5562	445.32	0.9497081120278456	-0.31804625607676884	
949.5562	446.53	0.9511457339576138	0.3032931380881507	
949.5562	451.94	0.7081306538318504	2.3246722187711137	
949.5562	453.64	0.694916662589536	2.864550061742038	
949.5981	387.84	0.902409598813755	-0.5912049946662581	
949.5981	390.21	0.7629468938112641	-1.4645001161571047	
949.5981	392.0	0.7081306538318504	-2.2311174529142455	
949.5981	393.18	0.8141774810528875	-1.1196516344320655	
949.5981	395.41	0.9400849047732595	-0.4244920471163535	
872.4995	431.5	0.9903054587811118	0.06984980843180123	
872.4995	433.33	0.9400849047732595	0.4092019559734606	
872.4995	435.3	0.8225325318516007	1.0332600215091179	
872.4995	439.54	0.8450502954396537	0.9363796835123622	
872.4995	443.87	0.7823365101538325	1.358251467873682	
872.4995	448.37	0.8450502954396537	0.9294050086329788	
872.4995	454.83	0.8105422698730269	1.2488472574569738	
1073.5956	492.64	0.7913410209971607	-1.3128437651306177	
1073.5956	494.48	0.8141774810528875	-1.2023053740725278	
1073.5956	502.91	0.8141774810528875	1.0691556449848159	
1073.5956	505.27	0.7081306538318504	1.9277082901687201	
1073.5956	513.17	0.6262441656113497	3.16491467279472	
1073.5956	515.4	0.6109740629212409	3.3128557221656783	
1073.5956	518.07	0.24426000004492068	5.6165460852234315	
1073.5956	519.38	0.2988029003911226	4.929072915803071	
1073.5956	520.82	0.27909547916583577	5.129563931143102	
1073.603	517.67	0.8141774810528875	-1.161827004275195	
1073.603	518.85	0.7961966917375702	-1.287543195588021	
1073.603	520.04	0.9735246876992317	0.24181472875847754	
1073.603	524.37	0.9287814662859991	0.5118997958603648	
1073.603	525.85	0.8632417272589031	0.7744880991152406	
1073.603	527.82	0.7629468938112641	1.4633583646753923	
1073.603	533.89	0.7221849466484291	1.6505381658711336	
954.5223	297.75	0.7081306538318504	-1.797402253190822	
955.4933	273.81	0.8141774810528875	1.0920884142864453	
873.6225	453.25	0.7081306538318504	2.279790902607844	
826.8548	20.97	0.9287814662859991	0.5121715647002691	
955.5813	218.6	0.7823365101538325	1.3529910936253111	
827.6116	344.33	0.7081306538318504	1.9474148933702466	
827.6116	349.68	0.7081306538318504	1.8034439673703326	
827.6116	352.14	0.7081306538318504	1.9620441361463392	
874.6271	332.79	0.7800776907412299	1.3753638412976348	
874.6271	464.56	0.9994646781116998	0.011072851882046791	
874.6271	472.87	0.9400849047732595	0.4103454416612939	
874.6271	475.24	0.9859176550816134	0.1298443846327828	
874.6271	476.83	0.9400849047732595	0.448221963705356	
874.6271	478.54	0.9404633070441376	0.36440939265895633	
874.6271	479.72	0.8917652430681927	0.6350757209597464	
874.6271	483.53	0.9859176550816134	0.16703290885357752	
960.6317	446.01	0.9531037242368681	-0.29484070180070293	
1119.7144	245.59	0.877666322897971	0.6717852259200601	
828.6309	405.32	0.9400849047732595	0.3975535641753322	
876.3141	310.51	0.7081306538318504	-2.091127718774811	
966.4707	302.1	0.9424304697215217	-0.34233907873721225	
968.4512	255.24	0.7081306538318504	2.071884080350416	
1175.7766	280.8	0.6262441656113497	3.1877839784768525	
1176.7804	280.8	0.6262441656113497	3.1315658308977317	
1177.7838	280.8	0.694916662589536	2.870380919589725	
1178.7831	280.8	0.6965441897854543	2.7406043437986334	
1187.7521	448.37	0.6622117491902778	-2.9739777223869095	
1187.7521	450.47	0.7635882068728878	-1.4468481413075958	
1187.7521	455.74	0.9400849047732595	0.45483476403545686	
971.6554	492.38	0.9790930203517104	-0.22334141851577397	
971.6554	493.82	0.9959966922510678	-0.028940753364750046	
971.6554	495.66	0.902409598813755	0.5875248332964863	C53H97O13P
971.6554	497.78	0.854661803088933	0.8792777897292524	
971.6554	500.41	0.8159334412830612	1.0581055938088184	
971.6554	503.82	0.8141774810528875	1.240705144105776	
971.6554	505.14	0.7981219323305482	1.2769872921986998	C53H97O13P
971.6554	509.1	0.7481434987077301	1.5352939921572721	
971.6554	513.83	0.1806988069196571	6.466179997665362	
881.4169	297.35	0.8141774810528875	1.1352701223781396	
1450.1342	349.94	0.6262441656113497	3.1070512037300033	
1221.7823	280.51	0.523441914093465	3.6831533910960825	
1222.7856	280.8	0.7079435530592427	2.6309601556871143	
1223.7892	280.64	0.6542696146879048	3.030970144839519	
884.5754	323.73	0.7081306538318504	2.059656728360313	
1466.0539	341.97	0.7081306538318504	1.9984528204468928	
1272.7014	259.96	0.2109449901195517	6.057784165186401	
1276.7887	260.23	0.7993748333193404	1.271866562033967	
984.627	501.72	0.8141774810528875	-1.0866377590272978	
984.627	503.17	0.8611246999476497	-0.8594818663761689	
1470.9507	578.23	0.7081306538318504	-2.1522597765192573	
1470.9507	579.68	0.7475917601423271	-1.5540334072493065	
1470.9507	581.67	0.9404633070441376	-0.36551579177699733	C81H142O17P2
1470.9507	590.91	0.7629468938112641	1.456041824608752	
1288.6961	243.36	0.7081306538318504	1.8075048664154632	
887.5064	274.34	0.7645227299260372	1.425300087842436	
987.6215	213.33	0.9400849047732595	0.3955150774277403	
987.6333	498.97	0.8141774810528875	1.137883107383998	
987.6333	500.54	0.8141774810528875	1.1421797205505948	
987.6333	501.46	0.7974809826509847	1.2826200944145036	
987.6333	503.43	0.8141774810528875	1.150809719354442	
888.5094	274.2	0.7473465691017678	1.5563032572142312	
1478.0579	342.49	0.7093007516389658	1.7131823046676777	
1336.6943	259.7	0.011750625750265193	18.485090133118423	
889.5115	273.94	0.7779342255225039	1.3984705577821877	
1357.8471	410.04	0.7081306538318504	1.8674639874812182	
1357.8471	414.37	0.7081306538318504	1.9992063472370853	
992.7171	431.36	0.7081306538318504	1.9429782503187234	
1385.8807	450.6	0.1070077120397919	8.647727964123314	
1385.8807	451.8	0.0018429866078209357	47.975895778346754	
996.8242	20.97	0.9790930203517104	-0.22167796839083684	
999.5312	218.21	0.9079473095162399	0.568177669968521	
1001.4778	237.98	0.8614566677606871	0.823804409635189	
1001.4778	239.29	0.9400849047732595	-0.3857773230094875	
1001.5872	447.45	0.8734827624088818	-0.6832602277318287	
1001.5872	450.47	0.9317499275241338	0.5023859117601436	
1003.4944	246.28	0.5983210720420008	3.36287000237677	
1003.4944	247.46	0.8389029744162259	0.979792621746415	
894.8427	20.55	0.9859176550816134	-0.1578579116018572	
1507.0566	335.02	0.744584853840311	1.5779207632411747	
895.6122	520.96	0.9863777386904622	-0.09570818110836203	
895.6122	522.79	0.9790930203517104	0.22121793843230733	
895.6122	525.68	0.8632417272589031	0.7517108525553222	
895.6122	527.43	0.8424346081185745	0.9560450012721121	
895.6122	560.67	0.9400849047732595	0.3860828537124189	
896.5388	279.85	0.8159334412830612	1.058293259564317	
896.5388	286.04	0.7553705976663909	1.5235596125340825	
1526.0225	300.92	0.8141774810528875	1.1307080825390567	
1541.9679	616.74	0.8141774810528875	-1.1408261208609531	
1541.9679	620.28	0.8141774810528875	1.1457183578568115	
1571.0865	326.37	0.8973325296588751	-0.6098003203499482	
1582.1435	413.72	0.9859176550816134	-0.11762020289134999	
1582.1435	415.16	0.9404633070441376	-0.3551632104573484	
1582.1435	429.13	0.8141774810528875	1.1372464341210484	
1644.3391	498.97	0.9400849047732595	0.3890681132581647	
1645.3412	496.73	0.9400849047732595	-0.39834655580673833	
1645.3412	498.05	0.999660916744378	0.0033280501591764645	
1645.3412	502.91	0.7823365101538325	1.3496519568829906	
1645.3412	504.61	0.8141774810528875	1.0876935556510912	
1645.3412	506.61	0.8003698863659228	1.2692853936211768	
1645.3412	507.79	0.7620849394250306	1.4898019973321184	
