m/z	rtime	p-value	t-score	custom_id
204.0243	242.45	0.9864869862415857	-0.6504045279946822	
127.123	203.48	0.9864869862415857	-0.49738063632944074	C7H14N2
204.0866	356.04	0.9927964130279564	0.26964986862501017	C8H13NO5,C9H17NS2
204.0978	318.46	0.9864869862415857	0.44567566735839775	C7H13N3O4
204.0978	332.17	0.9864869862415857	0.6595325554934556	C7H13N3O4
128.1264	203.22	0.9864869862415857	-0.7847934216589547	C7H14N2
204.1423	28.59	0.9864869862415857	0.7179586311373615	C9H18N2O3
165.9302	207.69	0.9864869862415857	-1.7459929839012287	
204.9673	207.29	0.9864869862415857	-1.2484328744018591	
205.0682	197.55	0.9864869862415857	-0.5577497029194619	
205.0682	215.86	0.9864869862415857	1.3665018517988896	
205.0818	355.22	0.9864869862415857	0.8441253391968349	C7H12N2O5,C7H12N2O5
205.0818	372.75	0.9864869862415857	0.46759072290832926	C7H12N2O5,C7H12N2O5
205.0971	166.16	0.9864869862415857	0.41432441811545795	C11H12N2O2
130.0651	166.56	0.9864869862415857	0.5243322980314618	
205.1182	261.58	0.9864869862415857	0.9636031253795394	C8H16N2O4
205.9437	207.16	0.9902722789455802	0.3555483223880693	
205.9437	213.6	0.9864869862415857	0.5267676414352865	
205.9437	216.39	0.9864869862415857	-0.6492876738229256	
166.9506	209.0	0.9864869862415857	-1.2858847692572817	
131.0338	324.4	0.9864869862415857	0.5258318942270923	C5H6O4
205.9956	256.7	0.9945927122472406	0.08749619028367717	
131.0815	254.71	0.9864869862415857	0.8687412151529259	C3H7NO2
167.0831	167.87	0.9864869862415857	0.6101714415608275	
206.0716	197.55	0.9864869862415857	-0.6202019378590308	
206.0716	215.86	0.9864869862415857	0.9647272301088885	
206.1004	166.03	0.9864869862415857	0.44514788152650175	C11H12N2O2
131.1179	273.04	0.9864869862415857	1.3647123521756643	C6H14N2O
206.1216	261.58	0.9864869862415857	1.012151252452858	C8H16N2O4
168.0655	47.5	0.9864869862415857	0.9099308187165154	C8H9NO3
206.9695	1.44	0.9864869862415857	-1.0023478326857054	
132.0655	251.56	0.9864869862415857	0.45245990651885293	
132.0655	255.78	0.9864869862415857	0.5161272751901244	C5H9NO3
132.0655	301.78	0.9864869862415857	0.7962130772217919	
132.0768	259.45	0.9864869862415857	0.5929833217636791	C4H9N3O2
132.0808	27.93	0.9864869862415857	2.0514134205415413	
207.0798	243.37	0.9864869862415857	0.46385460167618947	C7H14N2O3S,C15H10O
207.0975	300.86	0.9864869862415857	0.650595579243111	C7H14N2O5
169.0844	173.25	0.9864869862415857	1.124769745909045	C4H12N4O
207.9911	256.7	0.9945927122472406	0.06350408407726663	
208.0694	197.81	0.9864869862415857	-0.4954914459265698	
208.0694	217.3	0.9864869862415857	1.1243525831088836	
169.9857	220.85	0.9864869862415857	0.44919147031738066	
170.0599	166.03	0.9864869862415857	0.5362279813281292	
208.1009	301.26	0.9864869862415857	0.48478911440469014	C7H14N2O5
134.0188	256.57	0.9879685699279573	-0.3758040485358003	
134.0812	33.32	0.9864869862415857	0.7543455141397274	C5H11NO3
134.0812	41.72	0.9945927122472406	0.11728247274264937	C5H11NO3
77.9273	209.53	0.9902722789455802	-0.35466545170962316	
78.9562	206.64	0.9864869862415857	-1.6559088375849047	
78.9562	213.07	0.9927964130279564	-0.32110451418230523	
171.1015	25.18	0.9864869862415857	0.7848030752198781	
80.9935	209.26	0.9864869862415857	-1.263440608951446	
171.1379	25.7	0.9864869862415857	-2.2517543431574567	C10H18O2
209.0727	198.07	0.9864869862415857	-0.6347490920650442	
209.0727	217.17	0.9864869862415857	1.1683607418885755	
81.9883	209.39	0.9864869862415857	-1.2202783623752091	
136.0757	168.92	0.9927964130279564	0.29492742907544595	C8H9NO
173.0709	27.01	0.9864869862415857	0.42211634837141676	C8H5NO
210.1416	28.07	0.9864869862415857	1.558109575120408	C9H20O5
84.9117	211.76	0.9945927122472406	0.20326680006286665	
85.0289	325.05	0.9945927122472406	0.08484779961834912	
136.94	209.26	0.9864869862415857	-0.8228489743559859	
173.092	297.32	0.9864869862415857	0.9520107607155457	C7H12N2O3
211.0769	197.81	0.9864869862415857	-0.6754223541743261	
211.0769	217.17	0.9864869862415857	1.1397850849050954	C11H11FO3
137.0594	28.07	0.9864869862415857	1.179837067890417	
173.1284	178.64	0.9864869862415857	0.47643780521433715	C6H13NO2
137.0709	200.99	0.9864869862415857	-1.5361389411795219	C7H8N2O
173.983	224.66	0.9864869862415857	1.1516688103439612	
174.0386	145.81	0.9864869862415857	1.0987195309456925	C5H5N5O,C5H13NS2
137.9433	209.39	0.9864869862415857	-0.8167105547314625	
138.0549	355.65	0.9927964130279564	0.2918201623227468	C5H4O2
138.068	200.99	0.9864869862415857	-1.5778391610827143	
138.0742	201.12	0.9864869862415857	-1.5341915470387535	C7H8N2O
87.0445	282.94	0.9945927122472406	0.13871684806347676	
138.9194	207.42	0.9864869862415857	-1.147614517587494	CK2O3
138.9194	212.28	0.9864869862415857	-1.9364393507192177	CK2O3
138.9381	209.39	0.9864869862415857	-1.0383267055587595	
138.9441	209.53	0.9864869862415857	-0.5314678254834824	
175.0866	32.92	0.9864869862415857	0.5766665818538943	C10H10N2O
139.0753	200.86	0.9864869862415857	-1.134350559961285	
175.1077	246.43	0.9864869862415857	0.756562588934715	C7H14N2O3
139.0977	202.43	0.9864869862415857	-1.4159231219766595	C6H10N4
139.9146	207.56	0.9864869862415857	-1.419842966417433	
139.9146	212.41	0.9945927122472406	0.22321491585195513	
139.9415	209.26	0.9864869862415857	-0.9517810582855467	
140.0106	265.26	0.9945927122472406	0.010583072320825603	H3O4P,C2H3KO2
140.0106	349.54	0.9864869862415857	0.9058854132132647	H3O4P,C2H3KO2
176.0294	187.7	0.9864869862415857	-0.6353801871910649	
140.0681	216.91	0.9864869862415857	1.2517647237563525	
140.0681	227.81	0.9927964130279564	-0.31980402332001967	
176.111	246.3	0.9864869862415857	0.7318630655484786	C7H14N2O3
91.0547	28.07	0.9864869862415857	1.6755643227666461	
91.0547	168.4	0.9864869862415857	0.500901454071254	
91.0587	254.97	0.9864869862415857	0.5142183252426282	C3H7NO2
176.1159	364.58	0.9945927122472406	0.18128298314647293	
140.9362	209.13	0.9864869862415857	-0.9285143986824587	
140.9424	209.0	0.9864869862415857	-1.1430983973154423	
94.0655	168.92	0.9864869862415857	1.04807346417278	C6H7N
214.015	2.75	0.9864869862415857	-3.6005845079160617	C5H9Cl2N3O2
214.0524	1.44	0.9864869862415857	-1.446603546934252	
141.9127	207.16	0.9864869862415857	-1.2105570144440487	
141.9127	212.41	0.9927964130279564	-0.2732453893133271	
96.9281	207.56	0.9864869862415857	-1.383030561917256	
96.9281	211.36	0.9927964130279564	0.25890894505514067	
97.0288	370.51	0.9945927122472406	0.14978820326106498	C5H4O2
97.0288	420.28	0.9864869862415857	-0.7489094661134774	C5H4O2
177.9667	209.13	0.9864869862415857	-0.5933690140363211	
178.024	213.6	0.9864869862415857	-0.9524231026262577	
178.0903	298.37	0.9864869862415857	0.9630953287766135	C6H12N2O4
178.0903	314.12	0.9864869862415857	0.6850097432638212	C6H12N2O4
144.0477	201.65	0.9864869862415857	-1.647307235420183	
144.0655	356.3	0.9864869862415857	0.4624287308839015	C6H9NO3
98.0968	26.49	0.9945927122472406	0.08803988103827584	C6H11N
215.139	242.19	0.9864869862415857	0.7959068248330594	C10H18N2O3
98.9846	265.26	0.9927964130279564	0.28797317997771915	H3O4P,C2H3KO2
98.9846	349.41	0.9864869862415857	0.9112575885443649	H3O4P,C2H3KO2
144.1019	213.33	0.9864869862415857	1.7469493829758393	C7H13NO2
144.9275	206.64	0.9864869862415857	-1.625120071521776	CNa2O3
144.9275	213.46	0.9864869862415857	-0.9325587732920552	
216.0099	207.16	0.9864869862415857	-1.4048055170480354	
216.0099	212.81	0.9864869862415857	-1.6478149661537453	
216.0631	299.55	0.9945927122472406	0.20221065852038406	C5H14NO6P
99.0938	26.36	0.9864869862415857	0.76122810028043	
99.0938	26.75	0.9864869862415857	0.7391864158220866	
216.8367	207.03	0.9864869862415857	-1.5454117581528033	
216.8367	212.94	0.9864869862415857	-1.004711179323905	
217.0664	299.55	0.9945927122472406	0.21055899104431405	C5H14NO6P
145.0839	168.0	0.9927964130279564	0.2810813921621672	
179.881	213.73	0.9864869862415857	0.42061133353006475	
217.1182	289.41	0.9864869862415857	0.6401455830857516	C9H16N2O4
180.1018	26.62	0.9864869862415857	0.7937330822285487	
146.0923	261.06	0.9864869862415857	1.3921610645510825	C5H11N3O2
146.1175	27.67	0.9864869862415857	-2.084477228488892	C7H15NO2
146.1175	330.99	0.9864869862415857	0.786658429594866	C7H15NO2
218.1134	307.95	0.9864869862415857	0.5685820851491524	C6H12N2O4
218.1134	318.46	0.9864869862415857	0.6800168820624491	C8H15N3O4
146.1651	28.85	0.9864869862415857	1.162051520045653	C7H19N3
180.879	214.12	0.9864869862415857	1.6121711355992534	
218.8349	207.29	0.9864869862415857	-1.4123449160245474	
218.8349	213.2	0.9864869862415857	-2.402166397142214	
218.9431	209.53	0.9864869862415857	-1.485973901371565	
147.0473	27.54	0.9864869862415857	0.7036598576073293	C6H10O2S,C6H10O2S
181.0946	216.78	0.9864869862415857	0.8407280877500123	
103.0586	324.53	0.9864869862415857	0.5288039199229746	
147.1014	26.88	0.9864869862415857	0.9195378242167541	C7H14O3
181.105	26.62	0.9864869862415857	0.6173092003002967	
219.0716	246.04	0.9865483370903776	0.3934875194354454	
219.0975	344.12	0.9864869862415857	0.6018761063280325	C8H14N2O5
219.0975	361.56	0.9864869862415857	0.7458108502273655	C8H14N2O5
219.1127	27.8	0.9864869862415857	0.5039952137410009	C12H14N2O2
219.1168	307.82	0.9864869862415857	0.5225468489698067	C6H12N2O4
219.1168	318.59	0.9864869862415857	0.6154779971570283	C8H15N3O4
219.1338	232.44	0.9864869862415857	0.7341422278503502	C9H18N2O4
219.1338	271.47	0.9864869862415857	0.6504419352989663	C9H18N2O4
147.1684	28.85	0.9864869862415857	1.1210102792257777	C7H19N3
181.1698	1.97	0.9902722789455802	-0.343813499243916	
104.0709	283.21	0.9945927122472406	0.20669624388202557	C4H9NO2
219.9465	209.39	0.9864869862415857	-1.0694887596332951	
149.0575	324.4	0.9864869862415857	0.4121437976323205	
104.9907	201.52	0.9864869862415857	1.9815609412144108	
104.9907	203.62	0.9864869862415857	2.91291838632926	
105.0226	229.12	0.9864869862415857	-1.2707484970905178	
105.0702	26.23	0.9864869862415857	-1.7417447062175146	C8H8
220.0927	333.88	0.9864869862415857	0.5282563518222271	C7H13N3O5
220.1178	185.07	0.9927964130279564	0.2933737650957964	C9H17NO5
183.1015	27.54	0.9945927122472406	0.09218245777600431	C10H14O3
150.0645	324.4	0.9927964130279564	0.2633948286117373	
106.1229	26.49	0.9945927122472406	-0.08938636299603649	
106.9509	207.42	0.9864869862415857	-1.3411351848758895	
106.9509	211.36	0.9864869862415857	-0.8509036965214711	
150.0773	204.93	0.9864869862415857	-0.6027680382558349	C6H7N5
151.0753	28.07	0.9864869862415857	0.4881963554363504	
220.9014	209.39	0.9864869862415857	-0.6499374387507786	
220.9412	209.39	0.9864869862415857	-1.5362720328328827	
220.9472	208.87	0.9864869862415857	-1.2877067904058954	
220.9472	210.58	0.9927964130279564	0.2751009191101056	
221.0178	318.72	0.9864869862415857	-0.4091004338506364	C6H5N5O2,C6H13NOS2
221.0956	252.61	0.9945927122472406	-0.21666705112396747	C8H16N2O3S,C8H16N2O3S
221.1131	280.58	0.9864869862415857	0.6688306864962342	C8H16N2O5
152.0566	146.86	0.9864869862415857	1.224445441064842	C5H5N5O,C5H13NS2
152.0566	174.96	0.9945927122472406	0.043210805754100065	C5H5N5O,C5H13NS2
221.8996	146.86	0.9864869862415857	0.7387633353695997	
221.8996	156.71	0.9945927122472406	0.013097554406080916	
221.9047	209.13	0.9879685699279573	-0.3807245413707292	
221.9176	207.42	0.9864869862415857	-1.605187189948392	
221.9176	212.94	0.9864869862415857	-0.42140590302604575	
184.0968	184.94	0.9864869862415857	1.2684351425490168	
222.8995	209.39	0.9864869862415857	-0.6946045012692046	
222.9395	208.21	0.9864869862415857	-1.3314774437805132	
153.0905	146.07	0.9864869862415857	1.0607176563138807	
184.9797	242.58	0.9864869862415857	-1.4136968744279772	
223.0635	147.39	0.9864869862415857	0.9454379056701844	
223.0635	156.58	0.9864869862415857	0.4038332106985575	
111.1171	25.96	0.9864869862415857	0.6484460693016362	
223.1076	177.59	0.9864869862415857	0.7275654979658203	C9H11NO3
112.0508	163.67	0.9945927122472406	0.06700817634223903	C4H5N3O
155.0871	146.34	0.9864869862415857	0.9937207086761134	
155.0871	165.77	0.9864869862415857	-0.42803467427358755	
112.8959	209.53	0.9864869862415857	-0.4825252524773663	
224.1109	177.59	0.9864869862415857	0.6459046725601031	C9H11NO3
224.1572	26.88	0.9864869862415857	0.648041129988082	C10H22O5
156.042	211.36	0.9864869862415857	0.647360872572131	C3H10NO4P,C7H7O4
186.0761	356.44	0.9927964130279564	0.318883399061147	C6H8O4
186.0872	318.59	0.9864869862415857	0.7797590549075674	
156.0806	25.83	0.9945927122472406	0.12873173487599512	
224.1756	29.77	0.9864869862415857	1.6647428887278026	
114.0552	301.65	0.9864869862415857	1.3891868058420163	
114.0664	259.45	0.9864869862415857	1.9225167900554088	C4H7N3O
186.1237	410.4	0.9864869862415857	1.620788154208902	
186.1237	411.32	0.9864869862415857	0.8201631135294281	
225.0466	216.91	0.9864869862415857	0.7715222247784014	
114.1028	364.58	0.9864869862415857	0.8183969807356886	
157.0454	211.36	0.9864869862415857	0.5477410553357368	C3H10NO4P,C7H7O4
187.0576	197.55	0.9864869862415857	-0.8007781523047498	
187.0713	318.46	0.9864869862415857	0.5225637931335309	C8H9NO4,C9H5N5
187.0713	354.96	0.9864869862415857	0.5259296569100134	C7H10N2O4
187.1077	290.59	0.9864869862415857	0.5301042610997677	C8H14N2O3
158.0401	211.36	0.9864869862415857	0.7347714310728092	
158.0924	364.58	0.9902722789455802	0.3299690071694064	C6H11N3O2
188.0706	166.16	0.9864869862415857	0.4048806493270586	C11H9NO2,C6H10ClN5
189.0738	166.29	0.9927964130279564	0.30391494535052327	C11H9NO2,C6H10ClN5
189.0869	300.86	0.9864869862415857	0.6226913121703717	C7H12N2O4
189.0869	324.79	0.9902722789455802	0.35913110318482744	
159.0764	292.43	0.9864869862415857	0.624835193513602	
226.1648	28.07	0.9864869862415857	1.5686263442659827	C10H17NO2
117.1137	146.07	0.9864869862415857	1.1997511368705966	
117.1137	166.16	0.9864869862415857	-0.4069399688196783	
226.1801	34.37	0.9927964130279564	0.2888066781123497	
226.1801	46.84	0.9945927122472406	0.11936329026073562	
159.0916	166.29	0.9864869862415857	0.44413710718275523	C10H10N2
189.1345	197.68	0.9945927122472406	-0.03462905861157422	C7H16N4O2
226.9876	221.77	0.9945927122472406	-0.0594285054875359	
226.9876	228.47	0.9945927122472406	0.2250310604548656	
226.9978	33.32	0.9864869862415857	2.4997949978829133	
118.0613	260.53	0.9864869862415857	0.936807483471475	C3H7N3O2
189.179	410.93	0.9945927122472406	0.12139492241055634	C9H21N3O
227.0247	146.6	0.9864869862415857	1.575887327960586	
227.0247	156.97	0.9864869862415857	0.823191529971005	
190.0821	315.04	0.9945927122472406	-0.13063070720424014	C6H11N3O4
190.0821	339.92	0.9864869862415857	0.593389015288621	C6H11N3O4
160.0344	227.42	0.9945927122472406	-0.18909679351996783	
119.0493	28.07	0.9864869862415857	2.001011938829773	
160.0756	27.93	0.9945927122472406	0.22919783971621324	
227.1683	28.07	0.9864869862415857	1.8386434046903621	C10H17NO2
190.1379	197.68	0.9864869862415857	0.4015962913476694	C7H16N4O2
227.1753	29.51	0.9864869862415857	-2.8789958432347733	
119.0897	213.99	0.9945927122472406	0.1766677571152088	C5H11NO2
227.96	146.6	0.9864869862415857	0.880154292662126	
227.96	157.1	0.9864869862415857	1.3500981587600174	
227.9777	256.57	0.9902722789455802	0.346812541637742	
190.9926	274.35	0.9945927122472406	0.041828388995045575	
160.9013	207.29	0.9864869862415857	-1.418092655813223	CK2O3
160.9013	212.81	0.9864869862415857	-1.4005585510823835	CK2O3
191.0402	277.93	0.9902722789455802	-0.3277329304958106	
191.0662	377.61	0.9864869862415857	0.5422635684965013	C6H10N2O5
161.0377	227.55	0.9945927122472406	-0.2078972028407814	
191.1025	296.0	0.9864869862415857	0.9121128612727254	C7H14N2O4
161.092	293.87	0.9864869862415857	0.8368801953535522	C6H12N2O3
161.1284	213.33	0.9864869862415857	1.39925695536829	C7H16N2O2
161.1284	381.41	0.9945927122472406	-0.05110895422756711	C7H16N2O2
120.1021	198.47	0.9864869862415857	-0.7724748702932315	C5H13NO2
120.9663	208.47	0.9864869862415857	-1.1344908820068238	H3O4P,C2H3KO2
120.9663	210.58	0.9864869862415857	0.5202143325562063	H2NaO4P
120.9873	221.51	0.9864869862415857	-0.47138287119710554	
121.0163	209.13	0.9864869862415857	-1.37829719118868	
161.9354	212.15	0.9864869862415857	0.6786322640318547	
192.106	295.87	0.9864869862415857	0.6985430551373449	C7H14N2O4
161.9927	207.82	0.9864869862415857	-1.0478685316448282	
161.9927	210.97	0.9927964130279564	0.30086070701174017	H2NaO4P
161.9927	321.64	0.9902722789455802	-0.32865376718944306	H2NaO4P
121.0649	26.49	0.9864869862415857	2.4175613363128057	C8H8O
162.05	214.51	0.9945927122472406	-0.022079495262653896	
162.05	221.77	0.9945927122472406	0.22968142403552239	
162.05	227.94	0.9945927122472406	-0.05695048091186371	
121.0794	272.65	0.9864869862415857	1.0251349911704037	
162.076	196.89	0.9864869862415857	-0.7907499798684212	C6H11NO4
162.076	205.59	0.9864869862415857	-0.6776518422705516	C6H11NO4
162.076	331.12	0.9864869862415857	1.3969624671432046	C6H11NO4
229.1546	206.11	0.9945927122472406	0.10922024019513867	C11H20N2O3
229.1546	320.59	0.9864869862415857	-0.494364397089722	C11H20N2O3
121.9697	210.84	0.9945927122472406	-0.06247017358665474	H2NaO4P
162.0953	293.74	0.9864869862415857	0.92384724696868	C6H12N2O3
122.0714	201.52	0.9864869862415857	-1.235870861791932	C4H4N2
193.082	321.51	0.9864869862415857	0.4395630935371386	C6H12N2O5
162.1124	293.87	0.9940298673994286	0.2513155000901738	
229.9564	146.73	0.9864869862415857	0.7855772389873765	
229.9564	157.1	0.9864869862415857	0.6544252109617181	
122.9246	209.39	0.9864869862415857	-0.7275091773139192	
122.9645	208.08	0.9864869862415857	-1.1762700967300117	
122.9645	210.31	0.9864869862415857	1.1001528102327778	
122.9645	211.1	0.9864869862415857	0.5698401430328723	
162.8994	207.16	0.9864869862415857	-1.7986886981245165	
162.8994	212.81	0.9864869862415857	-1.6815711203448944	
162.9977	242.58	0.9864869862415857	-1.0884842693229606	
230.1134	322.29	0.9864869862415857	0.47168822337416566	C9H15N3O4
123.0554	32.92	0.9864869862415857	0.7951334606012095	
163.0712	315.04	0.9864869862415857	0.4519678616867914	C5H10N2O4
230.1862	198.6	0.9864869862415857	-0.8666059955347593	C11H23N3O2
123.0747	201.65	0.9864869862415857	-1.628306926999216	C4H4N2
123.0806	27.41	0.9864869862415857	1.5269190586574286	C8H10O
123.1291	2.1	0.9864869862415857	-0.6289753652059311	
231.0546	221.11	0.9945927122472406	-0.2204241586417027	
124.0475	211.76	0.9864869862415857	1.5734282576784369	C7H6O2
231.0974	361.03	0.9864869862415857	1.098646954064546	C9H14N2O5
231.1202	28.07	0.9864869862415857	0.5267877026668019	C9H20O5
231.1702	28.07	0.9864869862415857	0.6385128359355167	C12H21NO3
124.9227	209.39	0.9864869862415857	-0.622007872019326	
124.9998	319.51	0.9927964130279564	0.258648929340252	C3H5ClO3,C2H5O4P
232.1291	281.76	0.9864869862415857	0.7257908678033101	C9H17N3O4
164.0741	27.54	0.9864869862415857	0.648223323654742	C6H13NO2S,C6H13NO2S
164.0741	315.17	0.9927964130279564	0.28112918711222984	C5H10N2O4
232.8106	208.21	0.9864869862415857	-1.0336553207411696	
232.8106	211.36	0.9945927122472406	0.010109199456212926	
126.055	356.3	0.9864869862415857	0.6632458645006867	C6H7NO2
194.8549	207.29	0.9864869862415857	-1.2162929241071552	
194.8549	212.55	0.9864869862415857	0.5529615406235844	
233.0631	197.28	0.9864869862415857	-0.805806588308687	C13H12O2S
233.087	206.24	0.9864869862415857	0.5406717742768331	
233.087	228.2	0.9864869862415857	0.7464926270506336	
233.087	231.12	0.9864869862415857	0.666995502267448	
195.0028	299.29	0.9945927122472406	0.10184393814317588	C3H9O6P
126.0914	254.97	0.9864869862415857	0.8592124763603188	
233.1494	33.84	0.9864869862415857	1.13483377122298	C10H20N2O4
235.9203	209.26	0.9864869862415857	-0.9311111315708169	
233.8108	207.82	0.9864869862415857	-1.3726609389093578	
233.8108	212.55	0.9864869862415857	-2.062384813851347	
268.1266	274.62	0.9864869862415857	0.5247732251961599	C10H19N3O4
268.1374	159.6	0.9864869862415857	0.6932525051535777	C13H18N2O4
268.1629	362.34	0.9864869862415857	0.5865471475037347	
268.1753	25.96	0.9945927122472406	0.07591965388995234	C12H19NO3
236.0223	214.51	0.9864869862415857	1.0137953944315472	
268.9971	224.4	0.9864869862415857	1.9245935518591384	
234.0269	214.51	0.9864869862415857	0.702117658504444	
269.0395	265.39	0.9945927122472406	0.20092826890155932	
234.1083	316.22	0.9864869862415857	0.5148848984268777	C8H15N3O5
234.1083	325.45	0.9864869862415857	0.516009164546398	C8H15N3O5
195.855	207.16	0.9864869862415857	-1.5750862243128283	
195.855	212.68	0.9864869862415857	0.4130280810567693	
269.113	236.11	0.9864869862415857	0.6765256769772836	C12H16N2O5
236.915	209.26	0.9864869862415857	-0.7574562459765694	
234.1447	399.8	0.9927964130279564	0.2850361254092321	C9H19N3O4
196.0092	274.49	0.9864869862415857	1.081522598674315	
196.0969	28.07	0.9864869862415857	0.6848573284453775	C10H13NO3
234.1963	199.12	0.9864869862415857	-0.9260402951088691	
269.9571	242.32	0.9864869862415857	-0.5969092512976553	
270.0014	224.4	0.9864869862415857	1.8252833173708556	
270.0205	32.79	0.9864869862415857	0.7864710605166904	
237.1233	27.93	0.9864869862415857	0.5959067308836542	C10H13NO3
237.1233	156.58	0.9864869862415857	1.2470410924964284	C12H16N2O3
237.1334	26.1	0.9945927122472406	-0.1757314017300812	
234.8088	207.69	0.9864869862415857	-0.6921789309615852	
234.8088	212.15	0.9945927122472406	-0.1679619845882321	
234.917	209.39	0.9864869862415857	-0.6962959733808874	
270.1058	308.35	0.9945927122472406	0.03325173836797692	C9H17N3O5
237.1483	1.84	0.9864869862415857	1.0586759100230256	
196.853	207.29	0.9864869862415857	-1.007932345970694	
196.853	212.81	0.9864869862415857	0.6725448432920772	
237.9184	209.53	0.9864869862415857	-0.9142050557200395	
196.9612	209.26	0.9864869862415857	-0.8489771890656305	
235.0923	359.46	0.9864869862415857	0.6721950582606765	C8H14N2O6
235.0923	371.7	0.9864869862415857	0.48306024347043414	C8H14N2O6
270.9771	221.38	0.9864869862415857	-0.571447898693418	
270.9771	229.52	0.9945927122472406	-0.010060273942328645	
197.1009	364.58	0.9945927122472406	-0.12020947392195007	
271.0023	224.4	0.9864869862415857	2.3993917393938164	
238.045	299.42	0.9945927122472406	0.08589123406341104	
238.1267	27.8	0.9864869862415857	0.5013251226961187	C10H13NO3
238.1267	143.97	0.9864869862415857	0.7110782154784873	C12H16N2O3
238.1267	156.32	0.9864869862415857	1.4528309208870516	C12H16N2O3
238.9131	209.26	0.9864869862415857	-0.7240648201757899	
238.9194	209.39	0.9864869862415857	-1.088596495244972	
300.1209	251.43	0.9945927122472406	0.0674795256486585	C10H22NO7P
197.2012	1.97	0.9864869862415857	0.7300191988667736	C10H21N
239.0483	299.29	0.9864869862415857	0.4143995690878444	
198.0526	299.42	0.9945927122472406	0.21237448664630806	C5H12NO5P,C9H9O5
272.149	26.23	0.9864869862415857	1.3377298234989645	C14H20O5
239.1023	220.19	0.9864869862415857	0.7306061471377485	C11H14N2O4
239.1023	227.81	0.9864869862415857	-0.5305082244406266	
239.1278	25.96	0.9864869862415857	-2.4805558133380887	
272.1855	30.03	0.9864869862415857	0.6359695119295092	
300.2895	29.25	0.9945927122472406	0.014348083973191776	C18H37NO2
300.2895	35.02	0.9945927122472406	-0.07503056146018534	C18H37NO2
300.946	208.21	0.9864869862415857	-1.2055782217888065	
300.946	210.58	0.9902722789455802	0.3364892113151281	
273.1018	1.44	0.9945927122472406	0.026363515396895243	
198.5452	318.33	0.9864869862415857	-0.9349569096934975	
198.9436	367.23	0.9945927122472406	-0.01782947335623795	
273.6531	401.14	0.9864869862415857	2.182179322670552	
240.0953	308.22	0.9864869862415857	-0.6981870252201761	
240.0953	318.06	0.9945927122472406	0.0564229753787618	C8H15N3O4
240.1091	252.74	0.9927964130279564	0.28873039464468714	
240.1318	400.32	0.9864869862415857	0.5002405246668328	C9H19N3O3
302.1107	198.6	0.9945927122472406	0.023425082630726082	C13H17N3O4
302.1107	201.38	0.9945927122472406	0.09684370561568048	C13H17N3O4
274.1647	25.96	0.9864869862415857	2.7714018034260106	
240.1803	26.88	0.9864869862415857	0.9048562388263457	
274.1871	339.53	0.9864869862415857	0.9415206154844046	C11H23N5O3
274.1871	379.97	0.9864869862415857	0.5460870782339454	C11H23N5O3
274.9094	207.16	0.9864869862415857	-1.5238508933423351	
274.9094	212.41	0.9864869862415857	-1.0514260377129996	
274.9362	209.66	0.9945927122472406	-0.24597352552306917	
302.2071	28.07	0.9864869862415857	0.9380115398606226	
302.2183	332.96	0.9864869862415857	1.3950802088492176	
275.0534	214.38	0.9864869862415857	0.5600127976564712	
302.9042	209.53	0.9864869862415857	-0.7870954225132675	
241.1015	252.74	0.9927964130279564	0.3015465546158991	
241.1095	252.61	0.9927964130279564	0.3183728305020578	
275.1347	329.25	0.9864869862415857	0.6483453039763641	C10H18N4O5
200.0328	277.41	0.9945927122472406	-0.18776048373746024	
303.0045	242.32	0.9864869862415857	-0.6061111847745225	
275.1906	339.53	0.9864869862415857	0.7925267946737673	C11H23N5O3
275.1906	379.58	0.9902722789455802	0.35836469966863266	C11H23N5O3
241.1837	26.88	0.9864869862415857	0.8712781339063143	
303.1448	203.75	0.9864869862415857	2.6145153799607654	C13H15N3O3
303.166	249.45	0.9864869862415857	0.4458673853980431	C12H22N4O5
303.1773	398.22	0.9864869862415857	0.5182637853836023	C11H22N6O4
275.9885	221.9	0.9864869862415857	0.4846810045955625	
275.9885	227.81	0.9864869862415857	-1.2331858333899182	
200.1029	307.95	0.9864869862415857	0.6856097755407441	C6H10N2O3
303.9181	27.54	0.9864869862415857	1.1071235365820506	
276.1188	355.22	0.9864869862415857	0.5056581519674261	C8H14N2O6
242.0374	227.28	0.9945927122472406	-0.04394303177308044	
242.1047	252.61	0.9864869862415857	0.4578632132047709	
276.1553	425.31	0.9887674777076811	0.3724818999529836	C11H21N3O5
304.1613	288.88	0.9864869862415857	0.7254877077461052	C11H21N5O5
304.1613	422.15	0.9864869862415857	0.3971628219885438	C11H21N5O5
242.1848	34.11	0.9864869862415857	-0.5832442327218479	
276.8577	207.03	0.9864869862415857	-1.6807335873576592	
276.8577	213.2	0.9864869862415857	-2.3517677311939233	
304.1752	27.67	0.9864869862415857	0.4848588949372453	
242.2841	50.39	0.9864869862415857	0.4051951721694985	
277.0488	214.51	0.9864869862415857	0.6218536722458511	
242.9383	242.45	0.9864869862415857	0.47992188648606	
242.9383	247.09	0.9864869862415857	0.9533616401473777	
304.2996	28.07	0.9864869862415857	0.5029201443905239	
304.2996	33.84	0.9864869862415857	1.5761483335365873	
201.061	227.55	0.9864869862415857	-0.44282221573683944	
242.9617	206.64	0.9864869862415857	-1.6267800110702393	
242.9617	214.38	0.9864869862415857	-2.1230335525539465	
243.0159	212.41	0.9864869862415857	1.075457320048938	
201.0869	307.82	0.9864869862415857	0.6728218859868652	C8H12N2O4
201.0869	344.12	0.9864869862415857	0.6882174725983485	C8H12N2O4
277.2006	25.83	0.9864869862415857	-1.1026704146056567	
243.095	218.09	0.9864869862415857	1.1333019739014372	C8H16N2O5
243.095	280.84	0.9945927122472406	-0.2095166567636282	C8H16N2O5
305.3029	28.07	0.9864869862415857	0.5280678682494782	
305.3029	33.84	0.9864869862415857	0.7055080164639973	
202.0862	27.8	0.9945927122472406	0.1765888654560675	C12H11NO2,C7H12ClN5
306.0806	175.88	0.9945927122472406	-0.1975601754804298	C17H17Cl2N
278.1167	243.63	0.9864869862415857	0.8648194190213307	C10H19N3O4S,C18H15NO2
306.0943	375.37	0.9945927122472406	0.16182398698067574	C10H15N3O8
306.1592	304.41	0.9864869862415857	1.0371246602886053	
306.1592	316.88	0.9864869862415857	0.6809176381978383	C11H23N5O3S,C11H23N5O3S,C19H19N3O
278.153	330.99	0.9864869862415857	1.3342120175215257	
244.0529	214.91	0.9945927122472406	-0.030215468284859773	
244.0529	221.9	0.9945927122472406	0.16119988007450298	
244.0529	227.94	0.9864869862415857	-0.4850962943683727	
244.0927	163.67	0.9945927122472406	0.06399324720275143	C9H13N3O5
202.9692	207.42	0.9864869862415857	-1.0817017635804707	
202.9692	211.63	0.9945927122472406	-0.11681737147943541	
202.9692	221.77	0.9864869862415857	0.8370057865501912	
202.9692	227.94	0.9864869862415857	-0.8059048609197115	
307.0843	176.14	0.9927964130279564	-0.2639883565020092	C17H17Cl2N
244.1291	315.31	0.9864869862415857	0.5599340154909259	C10H17N3O4
244.1401	254.71	0.9864869862415857	0.5514050187458049	
307.1245	354.04	0.9864869862415857	0.5677542552384355	C12H19N3O4
244.1655	408.27	0.9864869862415857	0.5268859921653068	C11H21N3O3
244.9538	222.82	0.9864869862415857	0.4789235349499473	
245.0009	146.86	0.9864869862415857	1.0479005463619415	
245.0009	156.71	0.9864869862415857	0.5225718507143079	
245.0009	242.71	0.9945927122472406	-0.08777520496505632	
245.0009	246.56	0.9876746915841303	-0.389499325385148	
245.0139	212.41	0.9864869862415857	0.8794389970618072	
245.0203	277.28	0.9864869862415857	0.5523071988480227	
308.1964	24.91	0.9864869862415857	1.4555001051188219	
203.0526	198.07	0.9864869862415857	-0.41371381971620536	
203.0526	216.91	0.9864869862415857	0.9702211008971542	
203.1026	307.69	0.9864869862415857	0.543504485998605	C8H14N2O4
245.0959	163.67	0.9945927122472406	0.15349839208373708	C9H13N3O5
245.113	357.49	0.9864869862415857	0.8377615019428806	C8H13NO5,C9H17NS2
245.1357	201.91	0.9864869862415857	-0.897389720565633	
279.8322	213.07	0.9864869862415857	-0.78376469139463	
245.1858	27.8	0.9864869862415857	1.31210901969006	
309.0448	221.11	0.9864869862415857	-0.7846161200586559	
280.0918	318.33	0.9945927122472406	0.11970704129872069	C8H20NO6P,C10H15N3O5
280.1137	341.36	0.9864869862415857	0.6859341391946414	
331.2085	332.57	0.9864869862415857	0.561703349987118	
331.2085	384.43	0.9864869862415857	0.4130081744040893	
280.1289	193.61	0.9945927122472406	0.2010626924462713	C13H17N3O4
280.1289	198.6	0.9945927122472406	-0.03730349153963023	C13H17N3O4
280.1289	201.25	0.9945927122472406	0.16049502946627647	C13H17N3O4
331.2336	198.07	0.9864869862415857	0.443829682061396	
331.2336	300.73	0.9864869862415857	1.4364285804050645	
331.2336	327.68	0.9864869862415857	1.1098565406743381	
331.2336	337.95	0.9864869862415857	1.4616450039098372	
331.2336	346.65	0.9864869862415857	1.1348061400356688	
310.0247	227.15	0.9945927122472406	-0.1907119238849298	
246.1447	275.01	0.9864869862415857	1.0327496386197939	C10H19N3O4
310.1395	247.35	0.9864869862415857	0.49199191175788914	C14H19N3O5
332.1213	247.35	0.9864869862415857	0.4015004843786272	C14H19N3O5
280.9639	321.64	0.9945927122472406	0.09361075935837483	
280.9716	212.02	0.9864869862415857	0.5515268408954738	
332.1925	275.57	0.9864869862415857	0.8424499954338456	
332.3308	28.07	0.9945927122472406	-0.047512198773541764	
332.3308	33.58	0.9864869862415857	-1.1016616730248794	
246.1811	362.34	0.9864869862415857	0.7124630766530826	
246.1811	411.58	0.9945927122472406	0.02134562129245702	C11H23N3O3
310.8506	207.42	0.9864869862415857	-3.718485643856839	C8H4Cl6
310.8506	212.15	0.9945927122472406	-0.19826145918815477	C8H4Cl6
332.8937	209.39	0.9864869862415857	-0.6246472285109465	
281.0952	318.46	0.9945927122472406	-0.053005691456456346	C8H20NO6P,C10H15N3O5
281.113	285.18	0.9945927122472406	0.2387169474440499	C13H16N2O5
246.9512	221.9	0.9864869862415857	3.248590324457269	
281.1493	161.96	0.9864869862415857	0.7659714047965201	C14H20N2O4
281.1493	175.49	0.9864869862415857	0.8143203450042592	C14H20N2O4
247.0222	256.7	0.9945927122472406	0.13457293343663343	
247.0579	265.26	0.9945927122472406	0.24200913192829585	C6H15O8P
247.1287	299.94	0.9864869862415857	0.7480813200610039	C10H18N2O5
247.1287	308.87	0.9940298673994286	0.2538358196614516	C10H18N2O5
247.1287	330.73	0.9864869862415857	0.9094420991312377	C10H18N2O5
247.1481	274.88	0.9864869862415857	0.7625703688986031	C10H19N3O4
333.1765	258.54	0.9945927122472406	0.2178016079173515	
333.1765	283.47	0.9902722789455802	0.36558569936139573	
247.1593	384.96	0.9864869862415857	0.7931360995187364	C9H19N5O3
333.1916	283.86	0.9864869862415857	0.659139516267951	C17H24N4O3,C16H28O7
247.1844	361.95	0.9864869862415857	0.5357831284856812	
247.1844	411.84	0.9864869862415857	0.4838169011295032	C11H23N3O3
333.3343	28.07	0.9945927122472406	-0.08395796198369695	
333.3343	33.71	0.9945927122472406	0.079040593615103	
333.8971	209.39	0.9864869862415857	-0.5499259943728259	
248.034	33.05	0.9945927122472406	-0.07300969879198753	
248.0587	24.52	0.9879685699279573	0.3802186009970763	
312.2375	27.41	0.9864869862415857	-1.9913876195586144	C15H32O6,C16H28N4O2
312.9018	209.66	0.9864869862415857	-0.42067895169752584	
248.0971	35.29	0.9864869862415857	2.0819571781120234	
313.009	299.55	0.9945927122472406	0.15543893418641444	
248.124	308.22	0.9864869862415857	0.6056238904170616	C9H17N3O5
282.1188	204.93	0.9864869862415857	-1.1918449370320254	C11H15N5O4,C10H19NO8
313.0767	235.72	0.9864869862415857	0.523749435765203	C14H17ClN2O2S
282.1422	239.53	0.9864869862415857	0.6655642309928702	C11H21N3O4
282.1786	329.65	0.9864869862415857	1.708333010906914	C12H25N3O3
282.1786	336.51	0.9864869862415857	2.1349845339919646	C12H25N3O3
282.2789	29.38	0.9927964130279564	0.2839057391077134	C18H35NO
282.2789	34.89	0.9945927122472406	0.14047765698482179	C18H35NO
334.7723	213.33	0.9864869862415857	0.6907328029700172	
334.8732	208.61	0.9864869862415857	-1.0900912672420973	
334.8916	209.39	0.9864869862415857	-0.5796797911031779	
334.9238	366.97	0.9927964130279564	0.25791698536457763	
283.0696	248.66	0.9864869862415857	0.41960170034273137	C13H9F3N2O2
249.0609	166.29	0.9927964130279564	0.2879593990858583	
283.1174	28.07	0.9864869862415857	0.8442701646931404	C14H18O6
249.082	261.45	0.9879685699279573	0.3816903603884947	
314.8134	207.16	0.9864869862415857	-1.3828759699345146	
314.8134	212.81	0.9864869862415857	-1.8018264408489866	
283.1287	203.75	0.9864869862415857	-0.40916449343353095	C13H18N2O5
283.1287	206.64	0.9864869862415857	0.5073428517939926	C13H18N2O5
249.0958	216.91	0.9864869862415857	0.9810256463456971	
249.0958	362.08	0.9945927122472406	-0.18437422943587492	C9H14N4O3
249.108	339.53	0.9864869862415857	0.7671426622753375	C9H16N2O6
249.108	345.6	0.9864869862415857	0.6754794700412557	C9H16N2O6
249.108	359.32	0.9864869862415857	0.5727377448684219	C9H16N2O6
249.1194	304.67	0.9864869862415857	0.8385782108447751	
249.1271	164.72	0.9864869862415857	0.9619464062301579	
249.1271	307.95	0.9864869862415857	0.6527798541275437	C9H17N3O5
335.0734	352.59	0.9864869862415857	0.700599738151999	C9H19O11P
335.0945	246.69	0.9864869862415857	0.5056200700979568	C17H16ClFN2O2
335.1557	318.72	0.9945927122472406	0.14708049957071212	
315.0795	341.23	0.9864869862415857	0.9276553372552869	C10H16N2O8
335.8949	209.39	0.9864869862415857	-0.5073418428541103	
335.9213	366.71	0.9864869862415857	0.5039065183800795	
250.0991	197.81	0.9864869862415857	-0.5309266136734158	
250.0991	216.91	0.9864869862415857	1.0559574007558588	
250.884	207.95	0.9864869862415857	-0.49172760381495195	
250.884	212.02	0.9864869862415857	0.4179354282298849	
336.0869	319.38	0.9876746915841303	0.38938555775218775	C11H17N3O7S,C19H13NO5
316.1264	195.97	0.9864869862415857	-0.4611446633559649	C9H14N4O6,C12H13F3N2O2,C11H16NO7
316.1628	277.15	0.9927964130279564	0.27885377541258094	C15H23N3O3
284.0987	174.96	0.9945927122472406	0.06682153398067002	C10H13N5O5
336.2016	27.54	0.9864869862415857	0.7473414085334406	
284.132	203.75	0.9945927122472406	-0.18672482617386052	C13H18N2O5
284.132	206.64	0.9864869862415857	0.6511051357833522	C13H18N2O5
336.8894	209.26	0.9864869862415857	-0.7101754565118614	
316.9199	209.39	0.9864869862415857	-0.8709829234944515	
251.0427	243.37	0.9945927122472406	0.011779452115475906	
251.0613	300.99	0.9864869862415857	-0.4063263839083952	
336.9191	367.1	0.9945927122472406	0.11571108491814906	
284.2065	27.41	0.9864869862415857	0.8171504386580956	
336.9745	212.55	0.9864869862415857	1.0371163694374974	
336.9854	224.13	0.9864869862415857	3.371045791017807	
251.1388	27.67	0.9864869862415857	0.7465868873676377	C11H20O6
284.9717	207.03	0.9864869862415857	-1.1976736549588267	
284.9717	221.9	0.9902722789455802	0.3607496851425118	
284.9717	227.81	0.9864869862415857	-0.6276659907921773	
317.1105	285.04	0.9945927122472406	0.07520911421707134	C14H18N2O5
284.9927	221.64	0.9864869862415857	-0.7832988365335991	
284.9927	229.25	0.9864869862415857	-0.8826364446432017	
337.8932	209.39	0.9927964130279564	0.31222282270834134	
285.1023	174.96	0.9945927122472406	0.06742903164126965	C10H13N5O5
337.9664	221.64	0.9864869862415857	-1.3720039310738592	
317.9233	209.53	0.9864869862415857	-1.0842729730546161	
337.9889	224.13	0.9864869862415857	1.554902135457329	
285.2099	27.41	0.9864869862415857	0.8856184556312713	
318.1058	257.49	0.9864869862415857	0.44148563591437284	C13H17N3O5
318.1058	265.79	0.9902722789455802	0.3311504867169944	C13H17N3O5
338.1083	195.71	0.9902722789455802	-0.3260451722208344	
338.1819	297.45	0.9864869862415857	0.8120314178052419	C15H23N5O4
252.1886	27.41	0.9864869862415857	-1.07757734805233	
286.1759	244.95	0.9864869862415857	0.9274789616889265	
318.7983	214.38	0.9945927122472406	0.04769028625860595	
318.8781	209.13	0.9864869862415857	-0.9899082445641572	
318.9177	209.53	0.9864869862415857	-0.8888780243957392	
286.2114	27.41	0.9864869862415857	0.6151259242556153	
338.9691	212.28	0.9945927122472406	-0.18369594163835265	
338.9691	427.14	0.9864869862415857	1.0860827547241048	
338.9691	435.06	0.9864869862415857	2.281032726722222	
338.9691	439.16	0.9864869862415857	1.4883715309246162	
338.9691	443.66	0.9864869862415857	0.5522808519202802	
253.1181	182.31	0.9864869862415857	0.5619058554495407	C12H16N2O4
253.1181	201.52	0.9945927122472406	-0.18804701540528115	C12H16N2O4
319.1609	269.86	0.9945927122472406	0.2274057859236546	C12H22N4O6
319.1609	304.14	0.9864869862415857	0.7870410703121051	
319.1635	208.61	0.9864869862415857	-1.134156891892999	
339.0965	374.59	0.9864869862415857	1.3166572094855533	
319.8817	209.13	0.9864869862415857	-0.9163767413439484	
339.1856	297.19	0.9864869862415857	0.8162913778152718	C15H23N5O4
339.2077	24.91	0.9864869862415857	-0.5842295575695182	
340.0244	318.98	0.9945927122472406	0.1360625408848324	
340.0807	402.72	0.9864869862415857	0.4680465384219459	
288.2027	304.54	0.9864869862415857	1.0349713793839845	C12H25N5O3
340.1495	217.7	0.9864869862415857	0.5602968992890869	
340.1878	296.92	0.9864869862415857	0.7423962032911811	C15H23N5O4
288.2894	28.07	0.9945927122472406	-0.09431196055911134	
253.2385	199.12	0.9864869862415857	-0.7270684296461275	
320.2065	26.62	0.9864869862415857	1.0473727422411943	C13H26O6,C14H22N4O2
320.876	209.13	0.9864869862415857	-0.6927542764486773	
340.9925	211.89	0.9945927122472406	0.10040288005180187	
289.1616	404.43	0.9864869862415857	0.4522370149860065	C10H20N6O4
321.0377	166.03	0.9864869862415857	0.5882788985047362	
289.2063	304.54	0.9864869862415857	1.0444883574783157	C12H25N5O3
254.1109	282.16	0.9864869862415857	0.5796635244710584	C9H17N3O4
254.1214	182.18	0.9864869862415857	0.6418705239599446	C12H16N2O4
254.1214	201.52	0.9945927122472406	-0.11452263159648923	C12H16N2O4
254.1598	175.62	0.9864869862415857	0.4204296801437339	
254.1961	26.62	0.9864869862415857	1.1341604280368776	
254.1961	28.07	0.9864869862415857	-1.6472945846964597	
290.0812	320.72	0.9945927122472406	0.06301447790587755	
254.9825	224.4	0.9864869862415857	3.1347649458681723	
290.1457	424.39	0.9927964130279564	0.2736143391700534	C10H19N5O5
290.1595	27.28	0.9864869862415857	1.1779064261895817	C11H20O6
322.0698	374.59	0.9864869862415857	1.1586638323111573	
290.1708	34.89	0.9864869862415857	0.7298366087391163	
290.1708	48.29	0.9864869862415857	1.4749686958590387	
290.1708	238.21	0.9864869862415857	0.42171095578870016	
290.1708	254.58	0.9864869862415857	0.772420454459223	
290.1708	273.83	0.9864869862415857	1.173207077539081	
322.0769	380.1	0.9864869862415857	0.4757019190601085	C11H15NO10,C17H17Cl2NO
290.8834	209.13	0.9864869862415857	-1.1548567370183396	
290.8834	210.44	0.9927964130279564	0.2815040610662021	
291.0214	265.39	0.9945927122472406	0.09962495050033429	
322.874	209.26	0.9945927122472406	-0.15010745974994844	
291.0754	221.11	0.9945927122472406	-0.22684602733342743	C11H14N2O5
255.9861	224.66	0.9864869862415857	0.7909366927549576	
256.0087	214.78	0.9864869862415857	0.6076602705601533	
291.9623	209.39	0.9864869862415857	-0.9935796159730423	
256.0902	300.47	0.9945927122472406	0.040801774467072706	C8H15N3O5
256.0902	316.22	0.9945927122472406	0.20291983872088176	C8H15N3O5
256.0902	326.36	0.9864869862415857	0.4078899009131644	C8H15N3O5
256.0946	319.77	0.9864869862415857	0.49204734571170927	C9H17NO5
256.1324	253.0	0.9864869862415857	0.5298569811594244	C16H17NO2
292.1287	192.42	0.9864869862415857	0.6370908578371228	C14H17N3O4
324.0587	366.18	0.9945927122472406	0.24002924827572908	C9H14N3O8P
324.0927	198.73	0.9945927122472406	-0.07578825250351397	
324.0927	201.12	0.9927964130279564	-0.31643222403085464	C11H17NO10
292.9594	222.03	0.9864869862415857	0.6396615987158214	
292.9594	227.94	0.9864869862415857	-0.8964201871988042	
324.8971	242.19	0.9879685699279573	-0.38504307898332113	
344.1689	245.51	0.9902722789455802	0.3264106901794585	C15H23N5O3
325.0144	278.46	0.9945927122472406	0.03158962750307664	
325.0187	212.68	0.9945927122472406	0.10667491672400706	
293.0977	340.97	0.9864869862415857	0.4646175655592477	C10H16N2O8
325.043	227.02	0.9945927122472406	-0.07385480849706166	
325.043	310.84	0.9945927122472406	0.17536156554109977	C9H13N2O9P
325.1479	249.71	0.9927964130279564	0.2933050691392559	C12H22N4O5
257.9931	210.44	0.9945927122472406	-0.1804755699226988	
326.0561	222.03	0.9945927122472406	0.029330324206431706	
326.0561	227.42	0.9945927122472406	-0.11916393181802104	
326.1344	250.77	0.9864869862415857	0.5744858132776954	
294.1005	341.1	0.9864869862415857	0.4890547664458927	C10H16N2O8
345.144	166.95	0.9864869862415857	0.44873085970968574	C18H20N2O5
294.1445	196.36	0.9945927122472406	-0.2128012995230207	C12H16N2O4
294.1809	277.15	0.9864869862415857	0.4026487926611426	C15H23N3O3
345.2241	312.94	0.9864869862415857	0.6222302243813588	
345.2492	324.79	0.9864869862415857	0.6864611249434105	
258.1094	319.38	0.9927964130279564	0.2577364095658109	C8H20NO6P,C10H15N3O5
327.0923	206.24	0.9864869862415857	0.7537122699389484	C11H18O11
258.1446	308.87	0.9864869862415857	0.5373134509844403	
295.0677	366.97	0.9945927122472406	0.21347402208993652	C10H14O10
295.0775	364.05	0.9945927122472406	-0.21572351969291076	
346.0406	365.92	0.9945927122472406	0.1967242832688528	C9H14N3O8P
295.1286	285.18	0.9864869862415857	0.44301996489949486	C14H18N2O5
295.148	196.36	0.9864869862415857	-0.43541191779236993	C12H16N2O4
295.1844	277.15	0.9879685699279573	0.3832575593010446	C15H23N3O3
328.1532	253.92	0.9945927122472406	-0.06445597461495566	C19H21NO4,C12H26NO7P
328.2326	27.8	0.9902722789455802	0.34047018204314256	
258.279	28.59	0.9864869862415857	0.7284474876207127	
346.9397	27.41	0.9864869862415857	0.4143400615132988	
258.9356	207.16	0.9864869862415857	-1.4026364418032502	
258.9356	213.2	0.9864869862415857	-3.1140861059463756	
296.0655	318.46	0.9945927122472406	-0.01144284983093173	C8H20NO6P,C10H15N3O5
258.9891	210.44	0.9864869862415857	-1.488584605230425	
329.0054	367.36	0.9864869862415857	0.5051808534887827	
329.0152	364.58	0.9945927122472406	-0.0756761863930416	
296.1238	257.62	0.9864869862415857	0.4996081709467518	C13H17N3O5
296.132	285.04	0.9864869862415857	0.40617546979444913	C14H18N2O5
347.1922	242.71	0.9864869862415857	0.3981601419819519	
259.1131	319.38	0.9927964130279564	0.2620340350803692	C8H20NO6P,C10H15N3O5
348.0438	250.9	0.9864869862415857	0.5835876940493182	
348.1162	250.38	0.9864869862415857	0.5788109347469471	
296.9257	28.98	0.9945927122472406	-0.24496336327506854	
296.9278	207.16	0.9864869862415857	-0.8112818394135708	
296.9278	211.76	0.9864869862415857	0.9165649386661588	
348.2015	25.96	0.9864869862415857	1.2781176804611314	
348.2015	27.8	0.9864869862415857	1.7229391925995527	C14H26O7
348.8064	207.82	0.9864869862415857	-1.233659078763664	C8H4Cl6
348.8064	211.63	0.9864869862415857	1.075384569208253	C8H4Cl6
348.8945	221.77	0.9864869862415857	0.7055391318479527	
348.8945	228.6	0.9902722789455802	0.3571701092590645	
259.9924	210.31	0.9864869862415857	-2.200287831300588	
330.0127	364.31	0.9945927122472406	-0.031113240415278944	C9H7ClF7NO2
297.0819	182.18	0.9864869862415857	0.5492095701891687	C9H14N4O6,C12H13F3N2O2,C11H16NO7
297.0819	200.99	0.9864869862415857	-0.6513400963903622	C9H14N4O6,C12H13F3N2O2,C11H16NO7
297.1078	317.54	0.9945927122472406	0.13583661361882746	
297.1267	257.62	0.9864869862415857	0.5927556172174733	C13H17N3O5
297.1588	252.48	0.9945927122472406	0.05960895148990582	C16H17NO2
260.0269	299.42	0.9864869862415857	-0.5307343216593667	
260.1138	319.38	0.9927964130279564	0.3142814866207133	
260.1491	26.36	0.9864869862415857	0.49407890732878046	C10H18O5
350.0639	182.31	0.9864869862415857	0.6022435440788372	
260.1603	239.53	0.9864869862415857	0.823440619811517	C11H21N3O4
260.1967	329.78	0.9864869862415857	0.7890591148704729	C12H25N3O3
361.9706	27.41	0.9864869862415857	0.5267200098721893	
298.1862	26.49	0.9864869862415857	2.365838320220262	
260.9877	210.58	0.9864869862415857	-0.8008899177229674	
298.8396	206.9	0.9864869862415857	-1.5760964045661114	
298.8396	213.73	0.9864869862415857	-1.1210537849799393	
298.9236	207.16	0.9864869862415857	-1.1167410172504606	
298.9236	212.68	0.9902722789455802	0.33943219607938213	
362.2029	417.66	0.9864869862415857	0.6169697493595349	C24H25NO2
298.9436	210.97	0.9864869862415857	-1.0038300885868379	
261.119	335.59	0.9864869862415857	0.730329972524488	C7H13N3O5
261.1443	305.2	0.9864869862415857	0.9788088126923175	C11H20N2O5
261.1443	311.24	0.9902722789455802	0.35939217075257757	C11H20N2O5
350.9872	367.49	0.9864869862415857	0.7429121893799624	
351.0009	224.66	0.9864869862415857	1.784384747957822	
299.0435	248.0	0.9945927122472406	0.1618231404764441	
362.9561	221.77	0.9864869862415857	0.4619559297195335	
362.9561	228.07	0.9945927122472406	0.12407948260781021	
261.2	329.78	0.9864869862415857	0.720436008413853	C12H25N3O3
261.2	336.77	0.9864869862415857	0.6313135762747872	C12H25N3O3
351.2023	317.67	0.9927964130279564	0.2998135498730808	C16H30O8
351.2219	203.35	0.9864869862415857	0.8289928350005977	
351.2219	217.3	0.9864869862415857	-1.0336110739310627	
299.2579	29.38	0.9864869862415857	1.54970459706637	
352.0043	224.66	0.9864869862415857	1.8717892632971422	
363.9124	349.67	0.9864869862415857	0.5559589156604016	
363.9547	221.77	0.9864869862415857	-0.8369255261409381	
363.9547	228.73	0.9945927122472406	-0.19847699119830153	
397.007	182.31	0.9864869862415857	0.7168810872941911	
352.1863	171.55	0.9864869862415857	0.5179142141567536	
352.1971	282.02	0.9864869862415857	0.5356449632094358	
363.9661	27.41	0.9864869862415857	0.5425317530205367	
364.0066	185.2	0.9876746915841303	-0.3875647340824703	
397.1712	270.68	0.9902722789455802	0.35092426992065673	C16H28O11,C21H24N4O2S
397.1796	161.83	0.9864869862415857	0.41362252191854987	
397.2077	332.57	0.9902722789455802	0.34827051264311415	C17H32O10
262.9812	221.51	0.9864869862415857	-2.2164135105467313	
262.9812	229.25	0.9945927122472406	0.2448457589521486	
364.9494	27.41	0.9864869862415857	1.4997307084295999	C8H16N2O4Se2
364.9494	46.84	0.9864869862415857	0.6990383252899481	C8H16N2O4Se2
364.9494	49.86	0.9864869862415857	1.059474145661994	
364.9522	221.64	0.9864869862415857	-0.4932885839675584	
364.9522	228.33	0.9864869862415857	0.5332136800130658	
263.0872	396.38	0.9864869862415857	0.41824601725332544	C9H14N2O7
353.0055	224.53	0.9864869862415857	1.6116134652861136	
364.9675	27.41	0.9864869862415857	0.3974017919729195	
353.1452	273.17	0.9945927122472406	0.22929059331115198	
365.9201	208.08	0.9864869862415857	-1.2040760569408513	
263.8582	214.51	0.9864869862415857	0.4922544507319217	
353.92	321.9	0.9945927122472406	0.1075700050588997	
365.9636	27.28	0.9864869862415857	1.150058386301661	
398.9076	212.28	0.9864869862415857	0.41106576275590523	
366.2132	278.2	0.9864869862415857	0.45679971459772994	
264.0817	185.47	0.9945927122472406	-0.11486956117417481	
366.9964	178.11	0.9945927122472406	0.08914569169830806	
399.2457	36.86	0.9945927122472406	-0.10706631776485832	
264.9977	212.81	0.9864869862415857	1.0076081448124152	
368.0471	249.06	0.9864869862415857	0.4587050196527028	
368.0471	255.23	0.9864869862415857	-0.9631803549089145	
265.0349	208.87	0.9945927122472406	0.17711055331199835	
355.011	341.23	0.9864869862415857	0.5631833230811776	
355.0186	398.48	0.9864869862415857	-0.8228152204838776	
400.0505	318.46	0.9945927122472406	0.019771164624051474	
265.1115	201.65	0.9864869862415857	-1.6444030116167474	
355.0915	343.73	0.9864869862415857	1.4607631101335075	
265.1545	117.19	0.9927964130279564	-0.2931809657293584	C14H20N2O3
355.1585	258.67	0.9927964130279564	0.30664056064000306	
355.1585	283.6	0.9902722789455802	0.34238429941159326	
400.8811	209.66	0.9864869862415857	-1.1307430287533073	
356.0147	341.23	0.9864869862415857	0.4816535746805015	
356.0495	325.58	0.9927964130279564	-0.2695720090141758	
356.0755	388.5	0.9864869862415857	1.031010384078237	
265.9989	195.71	0.9864869862415857	-0.4119100635776631	
356.8549	208.34	0.9864869862415857	-0.9598141457457573	
401.1588	28.07	0.9864869862415857	1.5219708117056632	C22H24O7
401.1588	307.69	0.9945927122472406	0.1724826429096448	C17H26N4O3S2,C15H26O12
401.1588	311.89	0.9945927122472406	-0.1574123248705079	C22H24O7
401.1588	317.8	0.9864869862415857	1.665668592294088	C22H24O7
266.0745	164.19	0.9945927122472406	-0.1034748506885201	C9H13N3O5
370.1604	241.14	0.9865483370903776	0.3956023079909591	C16H23N3O7
356.9664	210.18	0.9864869862415857	-1.9423268691071982	
266.1587	27.41	0.9864869862415857	0.6860742314664265	
357.0078	341.23	0.9927964130279564	0.2834999363582032	
370.8427	207.82	0.9864869862415857	-1.7744891891471268	
370.8427	211.49	0.9864869862415857	-0.650179661686021	
357.0553	352.59	0.9945927122472406	0.07389486102207604	C9H19O11P
371.1009	24.52	0.9927964130279564	0.27873382326820245	
371.1865	297.05	0.9864869862415857	0.9141551519056528	C22H26O5,C20H23FN4O2
371.1865	303.36	0.9864869862415857	1.227690095050465	C22H26O5,C20H23FN4O2
267.0713	177.72	0.9864869862415857	0.4177413725764404	C9H16N4S2,C9H8N8O
267.1078	273.7	0.9864869862415857	0.5729368622616925	C11H14N4O4,C10H18O8
267.1224	26.23	0.9864869862415857	-1.7440899665902354	C15H14N4O,C14H18O5
357.9684	210.84	0.9864869862415857	-1.3939014910493872	
267.1337	159.6	0.9864869862415857	0.6246303613704297	C13H18N2O4
372.101	24.52	0.9864869862415857	0.4974971403256293	
267.18	27.41	0.9864869862415857	1.070399481157791	
372.1898	303.36	0.9945927122472406	0.019195589514278796	C22H26O5,C20H23FN4O2
372.8288	209.66	0.9864869862415857	-1.2849281096510288	
358.0449	325.71	0.9864869862415857	-0.4463644355774262	
358.9637	210.84	0.9864869862415857	-2.2669852204621415	
373.2554	302.96	0.9864869862415857	0.6047215684589433	
404.2062	26.23	0.9864869862415857	-1.915783972071253	C23H25N5O2
358.9887	246.04	0.9864869862415857	0.6525966210185042	
359.0066	341.23	0.9864869862415857	0.5398837195214733	
404.8686	221.38	0.9864869862415857	-2.0249301014075956	
404.8686	229.12	0.9864869862415857	-1.1234596647635104	
359.2285	198.07	0.9864869862415857	0.5527202007179631	
405.009	370.51	0.9945927122472406	0.0549038422643212	C9H14N2O12P2
405.009	420.28	0.9864869862415857	-0.7207731850436168	C9H14N2O12P2
374.0502	318.33	0.9864869862415857	-1.082088010995808	
359.9519	299.29	0.9945927122472406	0.042005650151055306	
405.2092	292.3	0.9864869862415857	0.43982160050976143	C23H29FO5,C23H32O4S
374.2435	26.36	0.9864869862415857	0.9281659318090502	
374.9625	222.03	0.9864869862415857	1.1055046399160837	
374.9782	215.04	0.9864869862415857	1.5991283667423062	
406.0126	370.12	0.9945927122472406	0.010604925621651093	C9H14N2O12P2
406.0433	226.89	0.9927964130279564	-0.2658285330114513	
375.1272	273.17	0.9864869862415857	1.263465860973923	
406.1315	258.4	0.9864869862415857	0.5624216620485394	C14H25NO11,C15H29NO6S2
432.8659	211.89	0.9864869862415857	3.0148115172319256	
432.8659	474.08	0.9864869862415857	0.8687597592738576	
432.8659	475.95	0.9864869862415857	1.3436989027454256	
432.8659	479.37	0.9864869862415857	1.082530729301627	
432.8659	482.95	0.9864869862415857	0.9257996387901501	
432.8659	487.58	0.9864869862415857	0.9548491761424724	
432.8659	489.94	0.9864869862415857	1.1469300936562716	
432.8659	493.66	0.9864869862415857	1.2356834532299512	
432.8659	496.58	0.9864869862415857	0.7087228572819105	
432.8659	501.74	0.9864869862415857	1.6647064665832256	
432.8659	502.66	0.9864869862415857	0.900885931253369	
432.8681	209.13	0.9945927122472406	-0.050835442338211655	
433.0039	224.66	0.9864869862415857	1.8132918199484631	
375.2346	309.13	0.9864869862415857	0.5761443236088509	
406.9607	27.67	0.9864869862415857	0.539240639769562	
407.0135	370.51	0.9945927122472406	0.1332380323300071	
407.0135	420.28	0.9864869862415857	-0.6772161540671356	
376.1304	273.17	0.9864869862415857	0.6014959843441223	
376.1419	303.23	0.9864869862415857	0.5465617750920007	C20H25NO2S2,C20H25NO2S2
361.0128	249.97	0.9864869862415857	0.6548552227861267	
361.0784	374.72	0.9864869862415857	0.9611900432846077	
407.2285	218.36	0.9864869862415857	0.7790747817178486	C19H34O9
361.1825	301.78	0.9864869862415857	1.734849735428356	
361.1978	256.43	0.9864869862415857	0.5431091961267622	C17H24N6O3
433.8866	321.64	0.9945927122472406	0.10708146276195664	
361.2354	24.91	0.9864869862415857	1.864620605689775	
376.9929	341.36	0.9864869862415857	0.5151659339844255	
433.9307	280.17	0.9864869862415857	0.5172510547017322	
433.9307	283.07	0.9945927122472406	0.17475618461753412	
434.0074	224.53	0.9864869862415857	1.738125040438449	
434.132	162.09	0.9864869862415857	0.5281517607820772	
408.8274	207.82	0.9864869862415857	-1.068053153005895	
408.8274	211.49	0.9945927122472406	0.06421547357534578	
408.89	366.97	0.9927964130279564	0.25768368417532006	
434.8669	209.26	0.9864869862415857	-0.7718426281717176	
409.2189	278.2	0.9902722789455802	0.35721252827637834	
409.889	367.36	0.9864869862415857	0.5227778148833446	
435.0087	224.53	0.9864869862415857	2.0887524207064394	
378.0574	388.37	0.9864869862415857	0.7534873343999672	
378.0686	318.98	0.9945927122472406	0.16321082671367138	
410.0082	27.54	0.9864869862415857	0.9841356171580274	
378.1655	161.83	0.9879685699279573	0.3771118143735555	C18H23N3O6
410.8786	209.66	0.9864869862415857	-0.9902949269566533	
436.2299	274.49	0.9887674777076811	0.3731698722977136	
378.9773	2.1	0.9879685699279573	-0.3791387424178168	
436.9995	182.45	0.9864869862415857	0.5245188715145703	
379.2484	37.52	0.9945927122472406	-0.1595783473495983	C22H34O5
412.0062	319.11	0.9864869862415857	-1.1436323461270421	
437.2608	345.6	0.9864869862415857	1.2087804958419335	C48H76NO11P
437.7622	345.04	0.9864869862415857	0.9506410474677448	C48H76NO11P
476.8268	321.38	0.9865483370903776	0.3933966910975407	
413.0019	235.98	0.9864869862415857	1.0720068729051697	
380.0169	318.06	0.9945927122472406	-0.16536880155168954	
380.032	320.3	0.9945927122472406	0.11586814770624725	
380.1118	311.1	0.9945927122472406	0.16440791272009986	C13H21N3O8S,C13H21N3O8S
438.9696	210.97	0.9864869862415857	-0.5687533658716454	
380.2273	26.88	0.9864869862415857	0.7555186718293949	
439.2275	233.09	0.9945927122472406	0.06040091011869543	C17H32N6O6
477.2042	252.48	0.9945927122472406	0.18524059049661182	
439.8827	229.91	0.9864869862415857	0.8095716393014287	
477.3043	35.42	0.9864869862415857	0.8434944360600175	C27H41NO6
478.2071	252.48	0.9945927122472406	0.17069401907519582	
440.1399	161.83	0.9945927122472406	0.18164719474739602	
479.0163	211.36	0.9864869862415857	1.2431991896226036	
479.1985	252.48	0.9902722789455802	0.34247185318129997	C26H32ClFO5
479.2607	203.75	0.9864869862415857	1.6378851721482859	
479.2607	205.98	0.9864869862415857	0.7403447299566488	C27H36F2O5
381.2782	24.91	0.9864869862415857	0.6458394754248045	C22H32N6
441.1516	28.07	0.9864869862415857	1.0891644021813867	C22H26O8
414.8546	365.92	0.9945927122472406	0.16678477009440693	
414.8546	368.41	0.9864869862415857	0.44952087453889344	C12H8Cl6O
441.2338	162.22	0.9902722789455802	0.33686076941502396	
480.308	133.21	0.9864869862415857	0.819983892128752	C23H46NO7P
480.3444	129.53	0.9864869862415857	1.1218355674486902	C24H50NO6P
480.7768	357.75	0.9864869862415857	0.8640177545809294	
414.8809	211.89	0.9864869862415857	0.46748206662224867	
382.0593	182.58	0.9864869862415857	0.4682391289822148	
414.8967	209.26	0.9864869862415857	-1.009575938754023	
481.2783	357.75	0.9864869862415857	0.8555398582512472	
414.929	463.11	0.9864869862415857	0.8380730667170363	
481.7794	357.88	0.9864869862415857	0.919923479001579	
382.9335	213.07	0.9864869862415857	0.4167733494135403	
443.1882	295.19	0.9864869862415857	0.45660743175119667	C23H31Cl2NO3
482.3599	138.19	0.9864869862415857	0.9343938352877296	C24H52NO6P
482.8468	221.38	0.9864869862415857	-1.7257616064822785	
482.8468	229.25	0.9945927122472406	0.24477108591179947	
444.0312	378.26	0.9945927122472406	0.2221821886873383	C10H15N5O11P2,C10H15N5O11P2
483.3271	137.01	0.9864869862415857	1.1362700181214571	C23H48NO7P,C25H43N3O6
415.9004	209.26	0.9864869862415857	-1.3526000445634305	
444.96	222.03	0.9864869862415857	1.7363517214654243	
444.96	228.07	0.9864869862415857	0.4615465499334704	
445.1194	24.52	0.9945927122472406	0.09178671419295736	
484.7391	208.34	0.9864869862415857	-2.7403917967666054	
484.7391	210.71	0.9945927122472406	0.10403662217963666	
445.2324	26.23	0.9864869862415857	-1.6842652868595975	C23H25N5O2
383.9757	27.41	0.9864869862415857	0.6050902752191596	
384.1145	303.75	0.9945927122472406	-0.07710108555368488	C14H17N5O8
416.2252	29.77	0.9864869862415857	0.8406888529945818	
416.2252	34.24	0.9864869862415857	1.3908915169088503	
486.3456	132.68	0.9865483370903776	0.3929144020022666	
384.8914	367.1	0.9864869862415857	0.5302196109808835	
416.855	209.13	0.9864869862415857	-0.7166662510193551	
486.9756	224.26	0.9864869862415857	3.7863196269617494	
416.86	321.64	0.9945927122472406	0.08365154554511779	
446.7834	207.82	0.9864869862415857	-1.548844976681667	
446.7834	211.23	0.9864869862415857	0.40513760532336346	
416.8946	209.13	0.9864869862415857	-1.2586915210378697	
385.1284	277.67	0.9864869862415857	0.7357460079361571	C17H19FN4O4
447.0672	365.92	0.9945927122472406	0.1562997400013651	C11H20N4O11P2
487.3519	132.68	0.9864869862415857	0.4090791170161338	
488.0462	226.89	0.9927964130279564	-0.27872973057471334	
417.2452	233.22	0.9945927122472406	0.12547359866165322	C17H32N6O6
386.0257	305.2	0.9864869862415857	-1.6547922678444276	
488.3553	132.68	0.9864869862415857	0.4832119353081643	
448.7813	207.82	0.9864869862415857	-2.608100783761627	
448.7813	210.97	0.9864869862415857	0.565868426633995	
386.7624	208.21	0.9864869862415857	-1.0318682700079609	
386.7624	211.36	0.9864869862415857	0.6518774885116371	
386.8166	209.39	0.9945927122472406	-0.0660687448436487	
386.8166	210.44	0.9864869862415857	0.39776931821051914	
488.9638	324.66	0.9864869862415857	0.9536857803719714	
418.158	161.96	0.9927964130279564	0.28049051484417564	
489.1141	391.0	0.9945927122472406	-0.07251335456503544	C14H26N4O11P2
418.2487	233.22	0.9962583073440576	0.005891875747016791	C17H32N6O6
489.3138	37.65	0.9945927122472406	-0.2015110793220495	
418.8531	209.39	0.9945927122472406	-0.17060356936132803	
418.9884	224.66	0.9864869862415857	3.9094845775014138	
387.0844	168.13	0.9902722789455802	0.361854183666029	
387.1798	26.23	0.9864869862415857	-1.7581790657887624	C19H26N2O5
419.1615	162.09	0.9945927122472406	0.14217204831400454	
419.1696	28.07	0.9864869862415857	0.5525048312911157	C22H26O8
450.0668	370.51	0.9864869862415857	-0.8282507558281041	
450.0668	373.14	0.9902722789455802	-0.35411829260780336	
491.2914	23.21	0.9864869862415857	-0.848744861402617	
419.9915	224.0	0.9864869862415857	1.7803790915773787	
388.2183	261.32	0.9864869862415857	0.5355693510392403	
420.2012	27.93	0.9864869862415857	0.8445237100536165	
420.818	230.04	0.9864869862415857	1.0553549581539452	
420.8968	321.9	0.9864869862415857	0.4584333786075737	
420.988	2.75	0.9945927122472406	0.060043923768025774	
452.8369	211.49	0.9864869862415857	1.1657261379273576	
452.9879	341.23	0.9927964130279564	0.3065230689519417	
494.3238	136.36	0.9864869862415857	0.6026078308585303	C24H48NO7P,C24H48NO7P
389.9511	27.28	0.9864869862415857	0.4716438283931997	
422.9872	248.0	0.9864869862415857	0.40691273564058417	C19H12Cl2O5S
389.9642	27.41	0.9864869862415857	0.47287211418048025	
422.9955	211.89	0.9864869862415857	0.7829372013655684	
423.0392	370.51	0.9864869862415857	0.41288249418572376	
454.0265	325.71	0.9864869862415857	-0.43251287511779063	
390.1979	309.92	0.9927964130279564	0.31375795185865774	C22H21FN2O
496.3393	135.96	0.9864869862415857	0.8536958744334059	C24H50NO7P,C24H50NO7P
454.2915	26.1	0.9864869862415857	-0.4775863135867089	
454.2915	135.31	0.9927964130279564	0.27408799460093086	
454.9434	210.31	0.9864869862415857	-1.647843520866043	
454.9846	340.97	0.9864869862415857	0.545812499056431	
391.0478	221.24	0.9864869862415857	-1.772842911368811	
424.2167	384.96	0.9864869862415857	0.5154507138420178	
455.9126	279.9	0.9945927122472406	0.24918042874478366	
497.3427	135.96	0.9864869862415857	0.9232891828469628	C24H50NO7P,C24H50NO7P
455.9457	210.05	0.9945927122472406	-0.209409887775374	
456.9419	210.31	0.9864869862415857	-1.2793300947106152	
456.9419	267.76	0.9902722789455802	-0.3341639355580928	
456.9651	221.9	0.9945927122472406	-0.04243292593456299	
456.9651	227.81	0.9864869862415857	-1.3903015687390439	
498.858	208.87	0.9864869862415857	-0.6943174319329731	
426.1688	134.52	0.9864869862415857	0.5605579428104175	C22H24ClN5O2
499.8496	230.04	0.9864869862415857	0.7609984415419738	
426.7837	207.82	0.9864869862415857	-0.5449223985915324	
426.7837	211.76	0.9864869862415857	-0.43126852757579676	
499.9909	319.38	0.9902722789455802	0.35585910299588497	
391.9931	32.66	3.930489206725753e-09	366.1001686087314	
392.1424	241.14	0.9864869862415857	0.4130994890891374	C16H23N3O7
500.9913	224.66	0.9864869862415857	1.3621770953948293	
501.9946	224.66	0.9945927122472406	-0.14142471242512558	
502.292	131.24	0.9864869862415857	-0.4123805270371811	C23H46NO7P
393.0373	305.2	0.9864869862415857	-1.5146639908149466	
393.1456	241.27	0.9945927122472406	0.2179120379984014	C16H23N3O7
502.9858	370.25	0.9864869862415857	-0.5917407103185526	
503.3186	310.45	0.9864869862415857	-0.7115783869047896	
394.1525	216.91	0.9864869862415857	1.0493448469729425	
460.865	221.24	0.9864869862415857	0.40331579375925786	
460.865	229.52	0.9864869862415857	0.8800416638186488	
394.9047	207.82	0.9864869862415857	-0.7149744146588283	
394.9047	211.49	0.9945927122472406	-0.027407458828956798	
461.2093	232.83	0.9945927122472406	0.07897931515028601	
506.2426	186.38	0.9864869862415857	0.5331321019824744	
506.8042	207.82	0.9864869862415857	-1.952890957025606	
506.8042	211.1	0.9864869862415857	0.7960025970775456	
395.1558	197.81	0.9864869862415857	-0.5001134044901613	
395.1558	216.91	0.9864869862415857	0.974914500199078	
430.302	302.17	0.9864869862415857	0.7696080018658007	
430.8095	207.56	0.9864869862415857	-1.8772702233924465	
430.8095	212.15	0.9945927122472406	-0.03257326971262274	
430.8707	209.13	0.9864869862415857	-0.7245926779005426	
463.0422	211.89	0.9864869862415857	1.3483008113984996	
431.1186	299.55	0.9864869862415857	0.4744005844181218	C20H19FN4O4S
396.1761	161.83	0.9887674777076811	0.37185224717072496	
508.7867	463.63	0.9864869862415857	-0.7045224930200071	
431.8738	209.39	0.9864869862415857	-0.6535106831958178	
464.2611	305.72	0.9902722789455802	0.33785672600108524	
431.9747	27.41	0.9864869862415857	0.6818239662096601	C14H9Cl3N2O3S
464.8906	221.51	0.9864869862415857	-0.8291367207708498	
464.8906	228.73	0.9864869862415857	-1.3636977467877391	
520.3379	135.17	0.9879685699279573	0.3765149561984765	C26H50NO7P,C26H50NO7P
509.3338	132.68	0.9945927122472406	0.22118696173842436	
520.8318	221.24	0.9864869862415857	0.6535759224657518	
520.8318	229.65	0.9864869862415857	0.7444188099373025	
509.8835	30.56	0.9864869862415857	-0.867103698422942	
509.9829	319.77	0.9864869862415857	-1.348963506247007	
520.8859	221.24	0.9945927122472406	0.010007954291213745	
520.8859	229.38	0.9864869862415857	0.7492413853308512	
466.0131	378.0	0.9902722789455802	0.33188278823523837	C10H15N5O11P2,C10H15N5O11P2
466.1372	252.08	0.9945927122472406	0.23013651270201524	
521.8317	221.24	0.9864869862415857	0.5259542615634969	
521.8317	229.91	0.9864869862415857	1.1005465519717932	
521.8317	234.01	0.9864869862415857	-1.4170711699336738	
510.3553	135.17	0.9864869862415857	0.8029479738401705	C25H52NO7P
510.9812	318.98	0.9864869862415857	0.5281684286461518	
511.1196	296.92	0.9927964130279564	-0.28898253521133466	
522.355	134.39	0.9864869862415857	0.6473350396997926	C26H52NO7P
522.8294	221.11	0.9864869862415857	0.619971116138697	
522.8294	229.52	0.9864869862415857	0.4867948754170335	
511.9784	319.51	0.9864869862415857	-1.2822732621303117	
523.3583	134.26	0.9864869862415857	0.7118758376914062	C26H52NO7P
512.8737	209.53	0.9864869862415857	-0.6539740383769722	
524.371	133.86	0.9864869862415857	0.9172881325615986	C26H54NO7P
514.2138	279.12	0.9864869862415857	0.4473745138755959	C21H31N5O10,C20H35NO14,C29H33ClFNO4
575.4905	208.74	0.9864869862415857	-1.0992022239916128	
575.4905	210.84	0.9864869862415857	0.7063378829751151	
514.8321	209.13	0.9864869862415857	-0.4524524899826004	
515.007	224.53	0.9864869862415857	1.5676464541861068	
515.2124	318.85	0.9945927122472406	-0.08145606849711322	
470.8311	207.42	0.9864869862415857	0.9127720384826283	
470.8311	212.02	0.9864869862415857	0.824439377437178	
515.3546	308.87	0.9864869862415857	0.7142087008026204	
525.3742	133.99	0.9864869862415857	0.8830311939002661	C26H54NO7P
516.0103	224.53	0.9864869862415857	1.5517193832118559	
516.8302	209.13	0.9864869862415857	-0.8979309304049155	
576.9747	28.72	0.9864869862415857	0.6278980588772582	
576.9857	349.15	0.9864869862415857	0.4934705357461126	
577.35	337.43	0.9864869862415857	0.7857902063870367	C29H53O9P
517.0116	224.26	0.9864869862415857	2.284911476308837	
526.3135	164.06	0.9864869862415857	4.44671308968264	C24H48NO9P
526.3135	166.03	0.9945927122472406	-0.10528139734076405	
647.458	24.13	0.9864869862415857	-0.6999775326011846	
518.2714	198.6	0.9945927122472406	-0.08376630963162031	
648.3793	31.22	0.9945927122472406	-0.15622691622495458	
648.4615	24.13	0.9864869862415857	-0.9286071287249202	
528.3927	134.26	0.9864869862415857	0.6966516668851103	
528.7863	207.95	0.9864869862415857	-1.4075440996497897	
528.7863	211.36	0.9945927122472406	0.15487710180793476	
528.8476	209.13	0.9864869862415857	-0.8695911131124098	
580.7983	221.11	0.9864869862415857	0.840387741491243	
580.7983	229.91	0.9864869862415857	1.8041824946476852	
580.8526	221.11	0.9864869862415857	0.47363596469562974	
580.8526	229.52	0.9902722789455802	0.3335155338380566	
581.041	420.58	0.9864869862415857	-0.7452225751635961	C15H22N2O18P2,C15H22N2O18P2
650.9817	223.87	0.9864869862415857	-0.7196748273434129	
650.9817	224.66	0.9864869862415857	0.7028793461878667	
651.3059	134.26	0.9864869862415857	0.47477080213469824	
652.052	226.63	0.9902722789455802	-0.35539045517218965	
652.308	133.99	0.9864869862415857	0.46836162203425286	
529.851	209.26	0.9864869862415857	-2.2583530435195893	
652.4107	36.6	0.9945927122472406	0.0763716605334076	
582.7159	208.61	0.9945927122472406	0.19298842681795253	
582.7703	208.74	0.9864869862415857	-2.2281429606053975	
653.3246	243.9	0.9864869862415857	0.4109082038424102	
653.4141	36.6	0.9945927122472406	-0.0789947541569911	
582.9943	224.66	0.9864869862415857	2.776053933960309	
654.3296	244.03	0.9864869862415857	0.5100796567475299	
654.7696	321.38	0.9927964130279564	0.29263126588247845	
530.8457	209.13	0.9864869862415857	-0.7958511051213382	
655.413	299.68	0.9864869862415857	0.47067328443155015	
531.4049	134.26	0.9864869862415857	0.7313328850867894	
583.9978	224.92	0.9945927122472406	0.20732118567706614	
753.6124	29.38	0.9864869862415857	-1.6188087058316296	
753.6124	36.21	0.9864869862415857	-0.5528265092539245	
584.0883	370.78	0.9945927122472406	0.06901405729702703	
754.0079	224.0	0.9864869862415857	0.8569493238594188	
658.7754	229.65	0.9864869862415857	1.1511824193775766	
754.5094	224.26	0.9864869862415857	1.9611890714764784	
584.9782	222.69	0.002787778086921207	18.63681416394427	
584.9782	226.63	0.002185867099205217	22.314484498095958	
585.0916	370.38	0.9945927122472406	0.01989262580509647	
532.4074	134.26	0.9864869862415857	0.5918304815073125	
664.0078	355.65	0.9864869862415857	0.6997866472876608	
664.1157	347.44	0.9864869862415857	0.4543428598488497	C21H27N7O14P2,C21H27N7O14P2
532.8439	209.13	0.9945927122472406	-0.18107251012834907	
586.0931	370.65	0.9945927122472406	0.04931462193339752	
664.9972	224.13	0.9864869862415857	3.7924560030708157	
665.0072	355.65	0.9945927122472406	0.021128830509700026	
665.0382	370.12	0.9945927122472406	-0.20311680167592788	
665.1186	347.44	0.9864869862415857	0.48104707309867517	C21H27N7O14P2,C21H27N7O14P2
666.0014	224.53	0.9864869862415857	0.9741934180353164	
666.1208	347.44	0.9902722789455802	0.3372513271736427	C21H27N7O14P2,C21H27N7O14P2
666.1313	319.11	0.9945927122472406	-0.09945631093285094	C21H29N7O14P2
761.0157	224.53	0.9864869862415857	1.5512769110001219	
666.9847	222.82	0.9879685699279573	0.3767084441300279	
666.9847	226.23	0.9945927122472406	-0.13155606979072848	
667.1343	319.24	0.9945927122472406	-0.20508020633369412	C21H29N7O14P2
667.4871	222.82	0.9945927122472406	-0.04838237599681015	
667.4871	226.5	0.9927964130279564	0.2678275477270677	
761.5164	224.13	0.9864869862415857	0.9963046776396709	
762.0191	224.53	0.9864869862415857	2.1767529993648425	
762.9834	355.78	0.9902722789455802	0.32602401699426203	
536.1211	253.0	0.9864869862415857	0.6361804593734971	
536.1211	254.32	0.9927964130279564	-0.2628551239815253	
536.8862	3.15	0.9864869862415857	-0.4298645903258664	
672.005	224.0	0.9945927122472406	-0.1738871263958096	
589.0436	370.51	0.9945927122472406	-0.010465077676703394	C15H24N2O17P2
674.3814	134.26	0.002185867099205217	20.749021441384244	
538.0829	379.44	0.9864869862415857	0.4068910312425448	
538.9683	222.16	0.9864869862415857	1.10534837444022	
538.9683	227.42	0.9864869862415857	-1.046587070794425	
676.7518	321.64	0.9945927122472406	0.22878419391450314	
590.0469	370.51	0.9945927122472406	0.1143633133663397	C15H24N2O17P2
590.089	378.26	0.9927964130279564	0.3172578096764792	C16H25N5O15P2
679.0128	224.66	0.9864869862415857	1.6735858939731898	
679.5142	224.26	0.9864869862415857	2.395406097961295	
680.0161	224.66	0.9864869862415857	2.133311315915128	
591.0483	370.78	0.9864869862415857	-0.9303113796048318	C15H24N2O17P2
680.4794	24.13	0.9945927122472406	-0.1168164986926563	
775.8898	340.45	0.9864869862415857	-0.4343651148221745	
682.4858	24.13	0.9945927122472406	-0.050089431540582104	
780.458	36.86	0.9945927122472406	0.19179854979668284	
685.4346	24.26	0.9927964130279564	-0.28632367690941307	
686.0975	347.18	0.9927964130279564	0.26631416038777994	C21H27N7O14P2,C21H27N7O14P2
542.8678	221.38	0.9945927122472406	-0.10711358907139809	
542.8678	228.99	0.9945927122472406	0.09515917534195033	
543.0483	349.41	0.9879685699279573	0.3808358579916779	
543.15	249.71	0.9940298673994286	0.2530860068560049	C27H25FN4O4S
543.15	254.84	0.9864869862415857	-0.681271059878466	C27H25FN4O4S
543.15	256.43	0.9864869862415857	-0.7391048145539354	C27H25FN4O4S
543.9811	222.82	0.9864869862415857	1.9127761342060075	
543.9811	226.63	0.9864869862415857	1.4067597211035263	
688.113	318.33	0.9945927122472406	-0.04733296420194322	C21H29N7O14P2
544.1529	249.71	0.9927964130279564	0.2638737143033874	C27H25FN4O4S
544.1529	254.58	0.9864869862415857	-1.1795033955665846	C27H25FN4O4S
786.1636	312.94	0.9927964130279564	0.31355445436563084	C27H33N9O15P2,C27H33N9O15P2
786.3255	309.66	0.9864869862415857	0.47126132392049125	
544.3457	316.88	0.06665384914464687	9.27720589823221	
544.7603	208.34	0.9864869862415857	-1.6857036716978198	
544.7603	210.84	0.9864869862415857	0.7290674873568673	
788.0015	223.87	0.9945927122472406	-0.24003669738659322	
692.4056	31.22	0.9945927122472406	-0.03638238072203999	C38H53N5O7
692.4056	36.21	0.9945927122472406	-0.07702637575013808	C38H53N5O7
597.0099	224.26	0.9864869862415857	0.7185773603019852	
795.0095	224.53	0.9864869862415857	-0.5730096113469535	
597.5116	223.87	0.9927964130279564	0.30684615145024957	
597.5116	225.31	0.9864869862415857	0.987423411226944	
546.8936	221.64	0.9940298673994286	0.2522016664644164	
546.8936	228.47	0.9945927122472406	-0.11368249702069044	
598.0133	224.66	0.9864869862415857	1.7099836541571503	
598.0676	420.58	0.9864869862415857	-0.42531319989666655	
598.8087	221.11	0.9864869862415857	0.8574601438317597	
598.8087	229.78	0.9864869862415857	1.3216453395641425	
700.7856	230.04	0.9864869862415857	0.894242460667281	
598.9798	3.54	0.9864869862415857	-1.8408267780010934	
598.9798	28.98	0.9864869862415857	-1.2951040739642452	
599.0149	224.53	0.9864869862415857	0.8155663629661056	
802.0173	224.53	0.9864869862415857	0.42037407973844715	
599.0709	420.58	0.9864869862415857	-0.6804670848813852	
802.5189	224.53	0.9864869862415857	0.39994187076265264	
803.0198	224.13	0.9864869862415857	1.368207912742103	
809.0106	370.78	0.9945927122472406	-0.2292013971702017	
706.065	355.65	0.9927964130279564	-0.30591571811862583	
550.3744	133.86	0.9864869862415857	0.5105564278347259	
601.9769	28.98	0.9864869862415857	0.6519837851909545	
602.8346	221.24	0.9864869862415857	0.4945231841752439	
602.8346	229.12	0.9864869862415857	0.49215972426847054	
603.0239	420.02	0.9864869862415857	-1.0758681520933264	C15H22N2O18P2,C15H22N2O18P2
603.5218	208.74	0.9864869862415857	-1.0363169511543282	
603.5218	210.97	0.9864869862415857	1.1175737205968632	
707.9869	223.08	0.9864869862415857	1.5471195163476759	
707.9869	225.97	0.9864869862415857	-0.6012010131127573	
551.3808	134.26	0.9864869862415857	0.4401066538267789	
604.0279	420.45	0.9864869862415857	-0.5838661926635905	C15H22N2O18P2,C15H22N2O18P2
604.3531	31.22	0.9945927122472406	0.20425383629794056	
604.3531	35.42	0.9927964130279564	0.30168378973622695	
818.0119	347.18	0.9902722789455802	-0.34557532142416864	
708.8273	209.53	0.9940298673994286	-0.2540626596993882	
819.0724	148.83	0.9864869862415857	0.924408780406029	
819.0724	152.51	0.9902722789455802	0.3386200537367634	
819.0724	154.87	0.9876746915841303	0.3878856254973489	
552.2255	358.93	0.9864869862415857	0.400358145993048	C30H33NO9
606.0611	148.96	0.9864869862415857	0.6511637942687772	
606.0611	152.51	0.9864869862415857	-0.4682034139745492	
606.0611	155.79	0.9902722789455802	-0.36247436793360105	
552.3842	134.26	0.9864869862415857	0.5222429896790027	
824.484	37.39	0.9864869862415857	0.5501606433363463	
552.9204	209.92	0.9864869862415857	-0.7026936836530008	
608.0883	356.04	0.9927964130279564	0.2613212779744329	C17H27N3O17P2
608.3846	36.21	0.9945927122472406	-0.03984986298714683	
829.0031	223.87	0.9864869862415857	3.575289049020969	
713.0065	224.66	0.9864869862415857	1.0126157579715782	
830.006	224.26	0.4127751069004006	5.815899342078815	
713.508	224.26	0.9902722789455802	0.329155052643302	
713.508	225.31	0.9927964130279564	-0.27771871025322875	
714.4677	24.39	0.9864869862415857	0.8366220477224762	
715.3026	252.87	0.9945927122472406	0.15768104179331344	C30H50O19
609.0915	356.04	0.9927964130279564	0.27817153535768313	C17H27N3O17P2
716.0244	146.99	0.9864869862415857	0.5488118400304476	
716.0244	156.71	0.9864869862415857	-0.7773057960299498	
836.011	224.4	0.9902722789455802	0.35618262701948655	
836.5123	224.4	0.9864869862415857	-0.5713050740075319	
610.093	355.78	0.9864869862415857	0.41756489991142154	C17H27N3O17P2
555.1059	253.53	0.9864869862415857	-1.1591501934160757	
555.1059	255.91	0.9864869862415857	-1.05799083670194	
610.2937	343.73	0.9864869862415857	0.45043228167238547	C36H39N3O6
610.8858	324.26	0.9864869862415857	1.0201430267404032	
841.4041	268.94	0.9864869862415857	1.0994861523695312	
718.0219	146.34	0.9864869862415857	0.5602955033015509	
718.0219	156.84	0.9864869862415857	-0.5532985686026456	
843.0187	224.26	0.9864869862415857	0.754011991441306	
843.5202	224.92	0.9902722789455802	-0.33520839549070464	
844.022	224.13	0.9864869862415857	1.1242287230681625	
556.7929	321.64	0.9927964130279564	0.261106181914203	
718.7419	229.91	0.9864869862415857	1.1567778811711686	
611.3134	134.12	0.9864869862415857	0.5347708478951821	C37H42N2O6
611.8531	209.0	0.9864869862415857	-0.6332143399104219	
720.5158	224.92	0.9864869862415857	1.3444384950465198	
612.0288	370.78	0.9864869862415857	-0.8280087209564044	
612.1193	370.65	0.9864869862415857	-0.7700676773625779	
720.958	370.51	0.9864869862415857	0.49714695230103634	
612.3159	133.99	0.9864869862415857	0.5753502080055422	C37H42N2O6
612.8491	209.13	0.9864869862415857	-0.862769784182158	
613.1586	446.85	0.9945927122472406	-0.07863160201239472	C20H32N6O12S2
614.1615	446.85	0.9962583073440576	-0.0063919211915765065	C20H32N6O12S2
721.9571	370.78	0.9945927122472406	-0.08384320972204277	
615.1545	366.18	0.9945927122472406	0.17002650862104762	C20H31N4O16P,C20H31N4O16P
615.1545	446.85	0.9945927122472406	0.046299561740511606	C20H31N4O16P,C20H31N4O16P
722.9545	370.91	0.9864869862415857	0.463080676215249	
616.1573	366.18	0.9945927122472406	0.025158716963377868	C20H31N4O16P,C20H31N4O16P
616.1573	446.85	0.9864869862415857	-0.6956418455305299	C20H31N4O16P,C20H31N4O16P
871.993	223.21	0.9864869862415857	0.8267518477400455	
871.993	225.71	0.9864869862415857	1.005180866241408	
724.2076	303.36	0.9864869862415857	0.9979474987557718	
724.8012	209.13	0.9927964130279564	-0.27859604149200895	
617.3609	214.12	0.9902722789455802	-0.34794860629355967	
877.0122	224.0	0.9864869862415857	1.1385091114388117	
877.5136	224.53	0.9864869862415857	0.869459986504358	
618.364	214.25	0.9945927122472406	-0.07119604267244016	
560.9495	28.98	0.9864869862415857	0.8032079873247336	
884.02	224.13	0.9864869862415857	-0.4687822973735712	
884.5217	224.53	0.9864869862415857	1.3652706536722732	
620.971	222.29	0.9864869862415857	2.1100309515864306	
620.971	227.42	0.9945927122472406	0.08016095278101994	
621.0932	250.11	0.9864869862415857	0.48539506870651167	
621.0932	250.51	0.9864869862415857	1.6402877804845544	
622.9812	370.65	0.9864869862415857	0.49319891915561104	
918.0136	224.26	0.9864869862415857	1.3335824981736728	
734.0549	226.76	0.9945927122472406	0.13194303485243525	
918.5152	224.66	0.9864869862415857	1.4392253418025793	
623.9808	370.51	0.9864869862415857	0.690540869588572	
734.5681	29.51	0.9864869862415857	-1.4224377616848798	C40H80NO8P,C40H80NO8P
925.0217	224.53	0.9864869862415857	1.563163128986938	
925.5231	224.53	0.9864869862415857	-1.7020662312115726	
926.0248	224.53	0.9864869862415857	1.0966896307618639	
564.3585	35.94	0.9945927122472406	0.1487575155053503	
736.4317	36.21	0.9945927122472406	0.021063657992358008	
624.8704	221.24	0.9945927122472406	-0.17433230080941664	
624.8704	228.86	0.9864869862415857	-1.4898358770640105	
624.976	370.51	0.9864869862415857	0.5815126843182279	
625.0054	420.02	0.9864869862415857	-1.0026352297380363	
625.1147	355.78	0.9902722789455802	0.3287601927030319	
625.9843	223.08	0.9864869862415857	1.2045502942683832	
625.9843	226.23	0.9864869862415857	0.6908350277743887	
626.0986	420.28	0.9864869862415857	-1.8346137198578407	
959.0146	224.53	0.9864869862415857	1.4260880051159193	
626.8244	209.13	0.9864869862415857	-0.7122448080116853	
966.023	224.4	0.9864869862415857	0.7789977148774337	
966.5237	224.4	0.9945927122472406	-0.09912009832487025	
739.1002	147.12	0.9864869862415857	1.1952185813811662	
627.8277	209.13	0.9945927122472406	-0.14735196833646258	
628.2984	363.79	0.9864869862415857	0.431140887254654	
628.8232	209.13	0.9864869862415857	-0.8159581100774694	
628.8962	324.66	0.9864869862415857	0.9493248386910298	
567.3544	134.12	0.9864869862415857	0.4919556865709687	
741.0974	146.99	0.9864869862415857	1.0096483592444392	
741.0974	156.45	0.9945927122472406	0.15087270939023148	
741.1731	369.99	0.9998554049422866	-0.00019045378103050735	
630.07	355.78	0.9945927122472406	0.19917482181263912	C17H27N3O17P2
742.9391	370.78	0.9864869862415857	0.5482214882054198	
743.0944	146.99	0.9864869862415857	1.1076723671892206	
743.0944	156.84	0.9864869862415857	0.5471409612853386	
631.0733	355.65	0.9864869862415857	0.5544129257564463	C17H27N3O17P2
631.3765	146.47	0.7554936523062978	4.909541073997299	
745.4194	257.88	0.9864869862415857	0.5548792435433776	
568.8605	328.99	0.9864869862415857	1.2060899387991872	
632.3031	185.33	0.9945927122472406	0.010938116201094967	C29H41N7O9
746.4224	257.88	0.9864869862415857	0.6352322261682999	
568.9236	324.4	0.9864869862415857	0.5629696071462182	
747.0001	224.13	0.1667816836238456	7.343615892313022	
748.0035	224.53	0.9864869862415857	1.0977206303951499	
635.8553	207.95	0.9864869862415857	-1.2781803193247596	
635.8553	211.1	0.9864869862415857	-0.8865514313648444	
570.0491	226.76	0.9945927122472406	-0.06316827610377852	
636.9607	420.45	0.9945927122472406	-0.12000614013777051	
748.9883	223.21	0.9864869862415857	0.8604602410017212	C76H140N2O26,C85H142O17P2,C85H142O17P2
748.9883	226.1	0.9864869862415857	0.5985945656246899	
749.4897	222.82	0.9864869862415857	0.41357817944568115	C76H140N2O26,C85H142O17P2,C85H142O17P2
637.9594	420.71	0.9945927122472406	-0.19922284835601953	
