m/z	rtime	p-value	t-score	custom_id
114.0894	198.9	0.8500079558283469	1.4758632504797955	
114.0894	214.17	0.7838514361662943	3.5528235217885515	
114.0894	279.61	0.8490997710068866	2.385208308555894	
114.0894	295.29	0.8490997710068866	2.4649691373530422	
114.1028	0.79	0.8500079558283469	1.6889476497523106	
183.0614	1.84	0.8500079558283469	1.317977110542578	
183.0781	23.19	0.9986426357730191	0.0646065145438802	C11H12O
237.1272	113.22	0.9986426357730191	0.06333406489748025	
115.0949	24.64	0.9137903966885841	-0.6686623188688501	
116.0622	38.62	0.9279331186228208	-0.6359794772969152	
116.0708	23.19	0.9120284895807355	0.6796563382309108	C5H6O2
237.9547	2.24	0.8490997710068866	-3.0915581186459558	
237.9779	2.89	0.8490997710068866	-2.429063232407214	
293.1725	28.2	0.8970170975593389	-0.7341157880472267	
238.1201	26.76	0.9986426357730191	0.3690507940543159	
117.0741	23.19	0.958858481896215	0.5404326658690998	
238.2276	0.79	0.9374245873674126	0.5991231161692188	
184.8889	20.04	0.9986426357730191	0.18059433150671628	
294.1555	27.81	0.9986426357730191	0.18388798123422928	C12H21NO6
294.1918	24.77	0.8500079558283469	1.3074955512603081	C13H25NO5,C13H24O6
294.2789	215.88	0.8675747976661385	1.0202326838208298	C19H32O
294.2789	220.63	0.8500079558283469	1.4523582330073352	C19H32O
294.9386	21.09	0.9986426357730191	-0.395469369682563	
119.0492	27.15	0.9986426357730191	0.3682050628003551	C8H6O
119.0492	30.87	0.9986426357730191	-0.41526064869630613	C8H6O
295.1515	25.29	0.9986426357730191	-0.3613762708886628	C12H23NO2S2
239.1754	0.66	0.8886159978513828	0.7674352897964758	
239.1754	2.24	0.8490997710068866	2.644083512726154	
239.1754	21.75	0.8500079558283469	1.3144189642961979	
295.2125	0.79	0.8500079558283469	1.3580073038277551	
185.1648	0.79	0.8500079558283469	1.7470353620523846	
296.2073	24.64	0.9955916179859569	0.4423910350020713	
240.1804	24.51	0.9686574284612436	-0.5174854565478934	
120.0809	24.51	0.9997977249493648	-0.00026270070784283306	
297.1322	24.38	0.8500079558283469	-1.4325416213322468	C13H22O6,C15H18O5,C15H20O6
240.2683	78.69	0.9986426357730191	-0.3213380761309317	
186.1681	0.79	0.8500079558283469	1.866817462837395	
240.9668	21.09	0.9986426357730191	-0.24855777214441183	
121.0649	30.74	0.8857936993933512	-0.8649676833046255	C8H8O
121.0649	65.25	0.9986426357730191	-0.381590142969094	C8H8O
298.0829	26.5	0.8500079558283469	-1.607715170109607	C17H14O5
298.0829	68.03	0.984109839264711	0.46253102911088906	C17H14O5
298.1861	24.64	0.9986426357730191	0.4107518622023402	
121.0843	24.77	0.9986426357730191	0.3934065525830141	
186.9858	5.94	0.8536911470898717	1.2745418635542793	
186.9858	7.12	0.8490997710068866	2.758224703169254	
186.9858	9.23	0.8500079558283469	1.6451583504604528	
186.9858	12.27	0.8500079558283469	2.1188317625233686	
186.9858	13.19	0.8490997710068866	2.6641324044133023	
186.9858	14.63	0.8500079558283469	1.7932075617023977	
241.1042	24.51	0.9561703465098029	0.5626134819669438	C10H18O5
241.1545	0.79	0.8536911470898717	1.265103745510278	C12H17NO3
298.2737	36.91	0.9986426357730191	-0.2633198649442787	C18H32O2,C18H33NO,C18H35NO2
298.2737	48.78	0.9986426357730191	-0.2935500339890093	C18H32O2,C18H33NO,C18H35NO2
241.1838	24.51	0.9294428529742589	-0.6311328624407541	
241.1909	0.66	0.8857936993933512	0.8587119369920416	
298.31	92.25	0.9986426357730191	-0.2249264155596906	C19H36O
298.31	216.93	0.8675747976661385	0.9880364000641579	C19H36O
122.0686	30.61	0.8500079558283469	-1.4053352428275665	C8H8O
122.0686	65.25	0.9986426357730191	-0.2809574580988747	C8H8O
299.0886	24.11	0.8675747976661385	-1.1956780663673785	C15H16O5
299.1483	36.52	0.8675747976661385	-1.11308993792343	C15H20O5
299.2771	36.91	0.9986426357730191	-0.18594815365079118	C18H35NO2
299.2771	48.78	0.9986426357730191	-0.3360546874866236	C18H35NO2
242.1861	0.79	0.8500079558283469	1.417404277400253	
242.1861	24.51	0.8675747976661385	0.9405230143836351	
123.0441	22.93	0.9986426357730191	-0.2524654661145572	
123.0554	23.19	0.9986426357730191	0.33010916536933527	
188.0705	24.51	0.9803574431512942	-0.47981712904376334	
300.2274	0.66	0.8675747976661385	1.0141199327191204	
242.9253	22.8	0.9570323833602334	-0.5608492915923254	
300.9046	20.17	0.8490997710068866	-2.421183934677651	
124.0245	1.05	0.9986426357730191	-0.18591764143027323	
301.0945	26.63	0.8675747976661385	-1.1820568906490312	
124.0587	23.19	0.9986426357730191	0.3225349712170359	
189.0522	22.93	0.8500079558283469	-1.3722008281014275	
189.0732	22.14	0.8857936993933512	-0.8261174294108502	C6H14O5
301.9	22.14	0.9986426357730191	-0.17545235661459305	
243.1702	0.66	0.8640094429808204	1.2287494413567284	
243.1702	2.24	0.8500079558283469	1.513884387876815	
243.1826	21.09	0.8490997710068866	2.329521027334077	
189.1022	0.66	0.8500079558283469	1.5529060061084055	
189.112	108.19	0.8500079558283469	1.551648030129845	C9H14O3,C9H16O4
189.123	22.01	0.9120284895807355	0.6777818516767395	C8H13NO3
243.6844	20.7	0.8500079558283469	1.9976921509343202	
243.9415	22.14	0.8675747976661385	-0.9812257586936369	
125.0597	24.9	0.8675747976661385	0.9433155504386457	C7H8O2
303.1197	26.1	0.9986426357730191	0.13454549373422514	C15H20O5
303.2314	126.14	0.9572568379751938	-0.5444984656561381	C20H30O2,C20H28O
303.2314	136.28	0.9986426357730191	0.02965720750632618	C20H30O2,C20H28O
244.0342	22.27	0.8634847515349047	-1.2411380475679785	
304.1234	26.1	0.9986426357730191	0.21558308632726797	
304.1759	27.68	0.9986426357730191	-0.2721242698151893	C14H22O6
190.1224	108.85	0.8886159978513828	0.7694058665333676	
244.2137	610.37	0.9986426357730191	-0.06793169973737645	
244.2632	36.39	0.9986426357730191	-0.32090779938229175	C15H30O
244.2632	41.14	0.9986426357730191	-0.3316594027601554	C15H30O
244.2632	44.29	0.9120284895807355	-0.6804895971082817	C15H30O
305.0992	24.64	0.8886159978513828	0.7658030923489253	C14H18O6
305.1355	26.37	0.9986426357730191	0.09874839826298903	C15H22O5
245.0993	22.27	0.9986426357730191	-0.03305905714762864	
306.1917	24.9	0.8500079558283469	1.3032764483911243	C14H24O6
306.2279	25.97	0.8886159978513828	0.7833426731031478	C15H29NO4
246.1012	22.41	0.9986426357730191	-0.06254852336397591	
308.1429	69.34	0.9986426357730191	0.1472753934415256	
308.1965	0.66	0.8886159978513828	0.7540070045319474	C16H27O2F3
308.1965	36.91	0.8500079558283469	-1.3469177711066724	C16H27O2F3
129.0546	30.87	0.9986426357730191	-0.28918043637019736	C6H8O3,C6H6O2
309.2279	2.1	0.11412472476819621	6.65597741405356	
309.2279	31.4	0.8675747976661385	1.1737185186560055	
309.2279	33.1	0.8886159978513828	0.7683541774950183	
193.1012	41.14	0.9986426357730191	0.13044817814649873	
129.1386	0.79	0.8500079558283469	1.835518248878508	
310.9124	22.93	0.8971185172707852	-0.7286662539819492	
193.1699	0.79	0.8500079558283469	1.8626461327405328	
130.0499	23.85	0.8763108884575804	0.9133259430118528	
311.1462	25.03	0.9572568379751938	0.5447355045546174	C14H24O6
311.1462	26.76	0.8490997710068866	-2.8837247133562394	C14H24O6
311.2	36.26	0.9986426357730191	-0.3530883478529875	C21H26O2
248.237	36.52	0.8536911470898717	-1.2627455054855792	
248.237	41.14	0.8500079558283469	-1.564340055875623	
249.1118	30.61	0.9986426357730191	-0.05637441140746765	C14H14O3
311.2771	214.7	0.8500079558283469	2.027728167396253	C19H35NO2
131.0491	26.37	0.8500079558283469	1.989205329157978	
131.0491	47.2	0.8799069109308213	-0.8920876450525174	
311.9292	22.14	0.9986426357730191	0.23442145806599915	
312.1656	0.79	0.8500079558283469	1.3444252251258437	C12H22O8
312.2032	0.66	0.8490997710068866	2.660114202835161	
312.2032	36.26	0.9986426357730191	-0.3382758858049897	C21H26O2
312.2528	66.06	0.974744855770004	0.4938484467939872	C18H30O3,C18H31NO2,C18H33NO3
312.3257	218.24	0.9986426357730191	0.2993085889222189	C20H38O
132.0031	21.88	0.9986426357730191	0.08150911754362444	
313.1044	24.24	0.8675747976661385	-0.9399433511394907	C16H18O5
313.162	24.64	0.9986426357730191	-0.2692726069466639	C14H26O6
195.1326	0.79	0.8500079558283469	1.4848671437030208	C24H34O4
195.1856	0.92	0.8536911470898717	1.267059717326877	
132.0888	38.36	0.9986426357730191	-0.26507332421459834	C5H12N2O2
313.329	217.98	0.9986426357730191	0.388269478490694	
132.1019	24.11	0.9986426357730191	0.15696470942072357	C6H10O2,C6H13NO2
314.1607	27.15	0.9294428529742589	0.6263499810231894	C15H20O6
196.0968	21.88	0.8675747976661385	-1.0002071330543716	C10H10O3
251.1259	24.9	0.8675747976661385	0.9775755853503301	C12H20O4
133.0981	41.53	0.8500079558283469	1.5033530678927294	
133.0981	103.19	0.8640094429808204	1.2140620798652566	
314.305	79.87	0.9986426357730191	-0.14030845217257792	C19H36O2,C19H39NO2
314.3323	218.24	0.9986426357730191	0.2803763391487864	
133.1052	23.85	0.9986426357730191	-0.08523491939501807	C6H13NO2
315.1739	79.21	0.8675747976661385	1.0128454755737475	
315.1813	0.66	0.8675747976661385	1.1455718680992701	C16H24O5
252.1706	0.79	0.8500079558283469	1.362567810602037	
316.2116	21.75	0.8675747976661385	-1.0644202466867996	C16H27NO4,C16H26O5
252.204	0.79	0.8490997710068866	2.475862389447295	
316.2485	28.2	0.9986426357730191	0.31205140018999455	C17H30O4,C17H33NO4
316.2842	36.52	0.8675747976661385	-1.0683090615962	C18H34O3,C18H35NO2,C18H37NO3
317.1145	26.5	0.8886159978513828	-0.7534780463309826	
317.2149	21.75	0.8640094429808204	-1.2249652433257372	C14H26O5
318.1917	25.29	0.9572568379751938	0.5572971419727697	
318.1917	29.65	0.8857936993933512	-0.8593461805553372	
318.2172	21.88	0.8675747976661385	-0.9688711913147395	C14H26O5
318.228	26.37	0.8675747976661385	1.0309158550352666	C16H28O5,C16H29NO4
198.0977	24.64	0.9986426357730191	0.3095843419634148	C6H12O6
319.1764	0.79	0.8500079558283469	1.6088402580699015	C18H25NO4
319.2126	0.66	0.8500079558283469	1.4653157693544183	C16H28O5,C16H30O6
136.1201	38.36	0.9276809026007528	-0.6444607140681741	C10H14
254.1604	24.64	0.9986426357730191	-0.20607344935743363	
320.0654	26.37	0.9986426357730191	-0.09456912874763142	
320.2073	25.84	0.9509906907807751	0.5788553221634619	C15H27NO5,C15H26O6
137.0457	22.54	0.9986426357730191	-0.21548869756377786	
254.2476	29.91	0.8763108884575804	0.9123813546207538	C16H28O,C16H31NO,C16H29N
254.2476	36.52	0.9986426357730191	-0.4212036621698621	C16H28O,C16H31NO,C16H29N
254.2476	44.03	0.9986426357730191	-0.17601894131519108	C16H28O,C16H31NO,C16H29N
254.8997	20.17	0.8500079558283469	-1.929167686336764	
137.0709	22.41	0.9986426357730191	-0.15155218259933734	
255.1233	0.66	0.8500079558283469	1.7003234314535187	C13H18O5
138.0489	22.54	0.9986426357730191	-0.10085837129419777	
322.0772	2.1	0.8500079558283469	1.5194319083126195	
322.1865	0.79	0.8675747976661385	0.9618117663700242	
322.1865	27.55	0.9374245873674126	-0.5984543112608183	
322.2228	25.84	0.8881635575484346	0.8153818609946055	C15H28O6
199.1917	3.02	0.9980447993221737	0.4288415295311988	
322.8872	20.17	0.8857936993933512	0.836493039461785	
323.1097	24.38	0.8883970793420403	0.7895992292420461	
200.0358	23.46	0.8857936993933512	0.8439497443378836	
200.1182	0.66	0.8500079558283469	1.6300989407797326	C22H34O4
200.1452	23.98	0.8763108884575804	0.9095901581049696	
257.0571	26.5	0.8886159978513828	-0.7730646220757259	
257.0793	1.32	0.8500079558283469	-2.088997805326692	
324.2381	0.79	0.8500079558283469	1.7817971946672608	
257.0992	30.04	0.9986426357730191	-0.19355691465784836	C10H18O6
139.0947	0.66	0.8500079558283469	2.0954570918150797	
257.1391	25.16	0.8799069109308213	0.8924096707088013	C13H20O5
325.1618	25.16	0.9986426357730191	-0.09795544354492236	C15H26O6
201.0762	0.53	0.7838514361662943	3.638734439251401	
326.1609	0.66	0.8500079558283469	1.4069696277268557	
326.1609	2.1	0.7838514361662943	3.536160781961945	
326.1967	0.79	0.8500079558283469	1.588947550770388	
140.003	701.95	0.8500079558283469	-1.8622255907272667	
140.003	704.57	0.974744855770004	0.49283168121989135	
140.003	717.14	0.8799069109308213	-0.8916207301393927	
258.0605	26.5	0.9986426357730191	-0.2719786233382991	
140.0679	21.22	0.9986426357730191	-0.2971201975323395	C5H11NO2
140.0679	22.8	0.999254134775076	-0.0088398155549846	C5H11NO2
140.0679	189.41	0.9986426357730191	0.4122131062207139	C5H11NO2
140.0679	194.66	0.9986426357730191	-0.04154511214228301	C5H11NO2
326.3415	224.31	0.9159582858469936	0.661200655149174	C21H40O
140.1069	0.79	0.8500079558283469	1.3807098794270045	C8H10O
327.1376	41.01	0.8500079558283469	-2.209545544656349	
327.1411	24.64	0.8675747976661385	1.0621589885239233	
327.1411	27.15	0.8500079558283469	-1.6693920231517478	
327.3366	213.12	0.9561703465098029	0.5628190655100916	
327.3449	224.31	0.8675747976661385	1.0768675063686288	
259.0746	1.45	0.8490997710068866	-3.010373587083123	
328.2124	0.79	0.8500079558283469	1.6260845340672487	C17H26O5,C17H27NO4
328.3401	213.39	0.9986426357730191	0.409337545454176	
203.0073	22.27	0.8675747976661385	-1.0597943127610505	
203.0194	688.86	0.9986426357730191	-0.36650616621853543	C7H6O7
203.0194	690.17	0.9986426357730191	-0.2832614222846258	C7H6O7
203.0194	693.88	0.9986426357730191	0.15014851975461052	C7H6O7
203.0194	696.92	0.9986426357730191	0.26980601218098316	C7H6O7
203.0194	699.94	0.9986426357730191	0.13835031658515778	C7H6O7
203.0194	705.78	0.9986426357730191	-0.21416415222824595	C7H6O7
203.0194	706.57	0.9986426357730191	0.04200840922370038	C7H6O7
203.0194	708.02	0.8500079558283469	-1.3079327736075363	C7H6O7
203.0194	709.46	0.9986426357730191	-0.08317332819224155	C7H6O7
203.0194	712.25	0.9986426357730191	-0.1455956783420506	C7H6O7
203.0194	716.48	0.9986426357730191	-0.09164325557360282	C7H6O7
203.0194	718.32	0.8886159978513828	0.7674076358011782	C7H6O7
141.0696	26.37	0.9986426357730191	0.04264751178107248	
141.1103	0.92	0.8500079558283469	1.5624667786202224	
203.1388	21.88	0.9686139524016036	-0.5198825964487036	C9H15NO3
329.1533	47.07	0.8857936993933512	-0.8528736155772619	
330.1563	47.07	0.8675747976661385	-0.9844128252870298	
330.2279	21.75	0.9986426357730191	-0.2594892476640277	C17H28O5,C17H29NO4,C17H31NO5
330.3362	80.79	0.9986426357730191	-0.12481728475767295	C20H40O2,C20H43NO2
330.9025	22.8	0.9534697969565854	0.5722935798236807	
261.0733	22.93	0.8886159978513828	-0.7732540796407092	C12H14O5
261.1095	0.53	0.8500079558283469	1.7755866788894783	
261.1095	28.73	0.974744855770004	0.4980372681944967	
261.1306	22.41	0.9986426357730191	-0.40555707954459425	
331.1666	58.66	0.8717373455610052	0.9321934975216937	C17H26O4
331.3396	80.79	0.9986426357730191	-0.12512339284745047	C20H43NO2
204.9979	22.27	0.9986426357730191	-0.384795615359968	
205.0279	2.76	0.520955457241283	-4.364220064066171	
332.2434	28.2	0.8799069109308213	0.8937426489703075	C17H30O5,C17H31NO4
205.0971	0.66	0.8675747976661385	1.0680787884968441	
205.0971	24.64	0.9534697969565854	-0.5682375724077869	
334.1861	26.76	0.9411081371579595	-0.5911523783756056	
334.2229	26.76	0.8675747976661385	0.9392398831779157	C16H28O6
262.2021	25.84	0.9986426357730191	-0.13698040228810476	C13H24O4
334.3374	78.69	0.9986426357730191	-0.23304384902814104	
335.1894	26.5	0.9572568379751938	0.5474545522586838	
263.0909	30.61	0.9294596079722547	0.6231007552561028	C14H12O4
263.1096	21.88	0.8500079558283469	1.6764396932595644	
206.8938	22.27	0.8640094429808204	1.214433504546158	
336.2019	24.9	0.8675747976661385	1.0588509047050734	
336.2019	27.55	0.8886159978513828	-0.7533601401352401	
145.0687	702.87	0.9359191431433292	0.6064269122928027	
145.0687	704.84	0.9294428529742589	0.628949686003192	
145.0687	707.1	0.9986426357730191	-0.04821986367606866	
145.0687	708.67	0.8675747976661385	1.035646887226683	
145.0687	711.07	0.9986426357730191	0.1779420848142465	
145.0687	714.09	0.9961404856744508	0.438070938506016	
207.1169	66.19	0.9995727694393662	-0.00466302613976835	
207.1169	91.6	0.8886159978513828	0.7547770300345409	
337.1043	24.51	0.8675747976661385	-1.1389098022755322	C18H18O5
337.1771	0.66	0.8500079558283469	1.8275307571552435	C20H26O3
207.1492	0.79	0.8675747976661385	1.1877627794470735	
265.1066	27.15	0.8882488002307073	0.7992008818905741	C14H14O4
265.1066	30.74	0.8936082936020903	0.7427175482125786	C14H14O4
146.0599	24.38	0.8886159978513828	-0.7597779998641208	C9H4O
338.1718	0.79	0.8500079558283469	2.2072261970024614	C18H26O6
338.2177	0.79	0.8500079558283469	1.5420702747078068	C15H28O7
339.1411	26.63	0.8857936993933512	-0.820983507447403	
339.2071	70.79	0.8500079558283469	-1.863490186981627	
146.1651	2.89	0.8675747976661385	1.1968585240957252	
265.9621	20.04	0.9986426357730191	0.2791482498943915	
340.2302	51.54	0.9986426357730191	-0.11218987473761403	
266.1021	684.5	0.8857936993933512	0.8265789532998609	C13H12O5,C13H13NO4
266.1021	686.89	0.9120284895807355	0.6781192350279138	C13H12O5,C13H13NO4
266.1021	689.39	0.9616816712136512	0.5330668355062224	C13H12O5,C13H13NO4
266.1021	691.65	0.8675747976661385	0.9510092993940213	C13H12O5,C13H13NO4
266.1021	695.32	0.8675747976661385	1.1460784405070792	C13H12O5,C13H13NO4
266.1021	698.89	0.8675747976661385	1.1067791804779015	C13H12O5,C13H13NO4
266.1021	700.21	0.8936082936020903	0.7419300413736998	C13H12O5,C13H13NO4
266.1021	703.0	0.8936082936020903	0.7416494512665192	C13H12O5,C13H13NO4
266.1021	704.18	0.9986426357730191	0.36939785674872544	C13H12O5,C13H13NO4
266.1021	706.05	0.9986426357730191	0.2719825469888259	C13H12O5,C13H13NO4
208.8909	22.27	0.8500079558283469	1.3499859681773556	
147.0439	23.19	0.9986426357730191	0.3379932395121288	C9H4O
340.3572	232.35	0.8882488002307073	0.7929255727823818	C22H45NO
147.065	30.74	0.9986426357730191	-0.26667921219549434	C6H10O4,C6H8O3
209.0725	21.88	0.9986426357730191	0.39826852616810887	
340.9306	20.44	0.8763108884575804	-0.9063154068950069	
209.0961	47.07	0.8882488002307073	-0.7911808207492808	
341.1566	24.64	0.8675747976661385	0.9534865353250606	
341.1566	27.42	0.8500079558283469	-1.3628487840544417	
341.3606	232.75	0.9572568379751938	0.5528656483422808	C22H45NO
342.1919	0.66	0.8500079558283469	1.5060824684522023	
267.1203	24.64	0.8623247998013416	1.2448638270052819	C10H19NO2S2,C12H20O5
267.1223	30.87	0.8675747976661385	-1.1513468390730979	C14H18O5
342.2278	26.5	0.8500079558283469	1.5600679527490637	C18H28O5,C18H29NO4
342.2278	28.86	0.8980677516975588	0.7217342789631853	C18H28O5,C18H29NO4
267.1586	26.5	0.9986426357730191	-0.28359851912889134	C15H22O4,C15H20O3
342.8684	22.14	0.8500079558283469	1.367654811244456	
267.1814	24.51	0.8521789388853895	1.2872473357737217	C12H24O5
342.9288	20.44	0.9986426357730191	-0.404310329846436	
210.05	24.51	0.9986426357730191	-0.048243054040640984	
343.1322	41.27	0.8838363395022154	-0.8749938678032623	C21H20O3
210.0991	47.07	0.9256999595378249	-0.6496074445941968	
343.1689	53.51	0.9986426357730191	0.12789458777183765	
343.1724	24.64	0.9986426357730191	0.07777910057575055	C15H28O7
343.1724	27.68	0.8521789388853895	-1.295279027875155	C15H28O7
343.3589	221.15	0.8838363395022154	0.8753371240538141	
268.1186	0.66	0.8500079558283469	1.7501813275657447	
268.1257	30.74	0.9986426357730191	-0.3133686222354495	C14H18O5
268.1761	24.77	0.9986426357730191	-0.32363062339402987	
210.1699	24.77	0.8857936993933512	0.8250095454706327	
268.2116	0.66	0.8500079558283469	1.3035461362703737	
268.2116	24.64	0.9986426357730191	0.2135580193829208	
344.0585	1.84	0.8500079558283469	1.430932284927113	
344.1358	41.01	0.8857936993933512	-0.8675309011803567	
344.1717	0.66	0.8536911470898717	1.2654176582415266	
344.1717	53.24	0.8675747976661385	-1.0653198821355399	
268.2712	214.57	0.8675747976661385	1.0863760504618323	C18H34O
268.2712	229.43	0.9986426357730191	0.33600509433178466	C18H34O
268.2712	234.72	0.8675747976661385	0.9797657063242476	C18H34O
268.2712	241.06	0.8838539744061596	0.8738779063873501	C18H34O
268.2712	249.46	0.9986426357730191	0.3672236784085171	C18H34O
210.1964	0.79	0.8500079558283469	1.4112953994630135	
268.2996	120.07	0.9986426357730191	-0.12796093905666991	
344.2072	29.12	0.8857936993933512	0.8584925530585364	
210.9057	23.59	0.8500079558283469	2.1976475471591734	
344.2434	26.5	0.8675747976661385	1.0008090453579894	C18H30O5,C18H31NO4
210.9775	21.09	0.8500079558283469	-1.8084063919902578	C5H11O2SAs
344.8654	22.14	0.8500079558283469	1.559738474201141	
269.136	24.51	0.8675747976661385	-1.1517084186087987	C12H22O5
345.1305	24.24	0.8675747976661385	-1.0829031838636292	
269.1745	0.66	0.9534697969565854	0.5741798076330532	C15H24O4,C15H22O3
269.1971	0.66	0.8500079558283469	1.9967804566109002	
269.1971	2.1	0.07695588825415559	8.58593466110798	
150.0548	23.85	0.9986426357730191	-0.2035075982359141	C8H4O2
346.1868	0.66	0.8500079558283469	1.3144046167791088	C16H24O7
346.2161	92.12	0.9008354844264186	0.7179754053423147	
346.2161	95.97	0.9986426357730191	0.3817024879961456	
346.2228	26.76	0.8675747976661385	1.0957151846193172	C17H31NO6,C17H28O6
346.2228	29.52	0.9986426357730191	0.404679768139778	C17H31NO6,C17H28O6
270.1345	0.79	0.8500079558283469	1.6758678481022202	
211.1804	0.79	0.8675747976661385	1.124663440796897	C12H19NO
270.1706	0.66	0.8500079558283469	1.716613733079915	C14H23NO4
346.952	21.09	0.8490997710068866	-2.5472244368339414	
270.2061	10.01	0.8675747976661385	1.1675097901249785	C15H24O3
270.2061	707.62	0.8675747976661385	1.090230454986971	C15H24O3
348.0704	1.58	0.8500079558283469	1.5281866177628913	C18H21O2Br,C18H21BrO2
348.2021	25.71	0.9986426357730191	0.35609991254895784	C16H26O7
348.2383	26.1	0.8500079558283469	1.3654463460006088	C17H31NO5,C17H30O6
349.8916	20.04	0.8857936993933512	-0.8372438254824003	
350.1774	145.79	0.9986426357730191	0.05470613591895494	
350.1774	189.54	0.8490997710068866	-3.0303378945400703	
350.1818	26.76	0.8490997710068866	3.1799844031408964	
350.2173	27.42	0.9572568379751938	0.5504916667836242	C16H28O7
350.2534	27.15	0.8500079558283469	1.3043103603348185	C17H32O6
271.1547	64.99	0.9986426357730191	-0.4071208515912937	
351.1352	47.07	0.8500079558283469	-1.6189171669285751	
351.1774	28.2	0.8675747976661385	1.0607121340404408	C17H28O6
213.1232	1.97	0.8490997710068866	2.4253702204179337	
213.1961	0.79	0.8500079558283469	1.5082980950449068	
352.8972	21.88	0.8980677516975588	0.725411852305491	
353.1565	24.64	0.9986426357730191	0.3262757801754471	C16H26O7
353.3199	152.38	0.8675747976661385	0.9942430047791364	
353.352	218.24	0.9986426357730191	-0.024920050222750113	C22H41NO
272.2581	36.52	0.8857936993933512	-0.8276443077678427	C16H30O2,C16H33NO2,C16H34NO2,C16H31NO
354.3727	243.42	0.8675747976661385	0.980639679897951	C23H44O
273.9451	20.3	0.8675747976661385	-1.0959944006176465	
355.1725	24.77	0.9120284895807355	0.6761290359227443	C16H28O7
214.2527	36.39	0.91188776023949	0.6911711773061425	C14H28
274.0836	26.5	0.8675747976661385	-1.1485166329269862	C15H14O5
274.1656	24.77	0.9986426357730191	0.12579068643639635	C13H20O5
356.1428	116.79	0.9986426357730191	0.2628735876767941	
356.3519	140.77	0.9986426357730191	-0.01489732550028753	C22H42O2,C22H43NO,C22H45NO2
274.2737	34.15	0.8971185172707852	-0.727420373778309	C16H32O2,C16H33NO,C16H35NO2
274.8811	22.27	0.8640094429808204	1.222986910318808	
274.9415	20.44	0.8823737437767021	-0.882950361745699	
356.9084	23.33	0.9986426357730191	-0.05028742053657699	
275.0874	26.63	0.8500079558283469	1.9570307693852396	
357.1306	24.11	0.8675747976661385	-1.162197618207146	
357.1306	27.15	0.8500079558283469	-1.5083227929744005	
357.3553	140.77	0.9986426357730191	-0.02247359539569175	C22H45NO2
215.1444	21.75	0.9803574431512942	0.4700811675322067	
275.8913	20.04	0.9986426357730191	-0.19540706071275823	
358.2226	0.66	0.8500079558283469	1.6983962246723314	C18H28O6
275.9553	280.27	0.8500079558283469	-1.7204067827362708	
359.1667	25.16	0.8886159978513828	0.7567289157408642	
359.1667	27.28	0.9955916179859569	0.4430863792380457	
359.1667	151.07	0.9986426357730191	0.30336911021237567	
156.072	24.11	0.9986426357730191	0.13237388563675465	
276.2175	27.94	0.8500079558283469	1.6562441546587063	C14H26O4,C14H27NO3
276.8781	22.01	0.8500079558283469	1.4062165341929367	
277.1289	27.42	0.8835910020025134	-0.8785239224203079	C12H18O6
360.1585	41.27	0.9986426357730191	0.2765871551925999	C20H24O6
360.202	27.15	0.8882488002307073	0.8032626954854462	
360.2383	0.79	0.8675747976661385	1.023990608350561	C18H30O6,C19H41OAs
360.2383	26.76	0.8886159978513828	0.7581939119927429	C18H30O6,C19H41OAs
360.2383	29.65	0.9986426357730191	-0.3817724774112081	C18H30O6,C19H41OAs
360.261	263.06	0.9986426357730191	-0.3932142436929695	C23H34O3
360.362	119.94	0.9986426357730191	-0.02565885311557098	C25H42
361.1923	210.89	0.8490997710068866	-2.360057008743069	
361.1974	26.76	0.9980447993221737	0.429178940475239	C19H30O5
361.2343	0.79	0.8675747976661385	1.0248813898303695	C20H34O4
361.2343	32.05	0.9986426357730191	0.05998077491035382	C20H34O4
277.9333	2.63	0.7838514361662943	-3.5786311259756625	
361.3653	119.94	0.9986426357730191	-0.07859495667528128	
361.8556	22.27	0.8500079558283469	1.330106729058254	
361.9489	234.85	0.8490997710068866	-3.340050425572731	
361.9489	239.97	0.8675747976661385	-1.083672118111331	
361.9489	680.69	0.8500079558283469	-2.0281400849222373	
361.9489	692.96	0.8490997710068866	-2.288996760346981	
362.217	26.76	0.8675747976661385	0.9752471808022245	
362.217	31.79	0.8675747976661385	1.1192470896973667	
362.217	32.18	0.8970170975593389	0.7331923602877554	
362.3685	119.55	0.9986426357730191	-0.2612189532772567	
157.1334	0.79	0.8500079558283469	1.6685091767972373	
362.9259	21.09	0.9986426357730191	-0.30121771515195983	
157.1698	0.79	0.8500079558283469	1.4909432140870162	
157.1698	22.67	0.9854832081903533	0.45936153246247474	
363.0163	22.93	0.91188776023949	0.6944050643880554	
363.1715	243.29	0.8500079558283469	1.5168548145377612	
278.8929	23.59	0.8675747976661385	1.0741989739533926	
363.2209	26.76	0.8536911470898717	1.2657241482302493	
278.9311	2.89	0.7838514361662943	-3.7311323432950267	
278.9648	20.83	0.8500079558283469	-2.1116698692558593	
279.0394	26.5	0.91188776023949	-0.7014019065359676	
363.9293	21.09	0.8675747976661385	1.0824139153214059	
279.1222	36.39	0.8500079558283469	-2.1083294775723322	C15H16O4,C15H18O5
363.991	143.26	0.8490997710068866	2.580290316470739	
158.1368	0.79	0.8500079558283469	1.4930774898830348	
364.3123	241.32	0.9153929559213375	0.6652066040333423	
158.1651	0.92	0.8675747976661385	1.1974831231342664	
158.1651	2.37	0.8500079558283469	1.3098725026458626	
365.0155	21.75	0.9986426357730191	-0.12176388975833626	
158.9639	21.75	0.9986426357730191	-0.29832115774129747	
158.9924	22.27	0.9686963286972261	-0.5160995935089039	
159.0276	22.14	0.9986426357730191	-0.18973581994228153	
366.2483	25.71	0.8588928502906531	1.2541109316026702	C17H32O7
366.2483	27.68	0.9986426357730191	0.10704670287348542	C17H32O7
366.3231	227.46	0.8675747976661385	1.0998794371936782	
366.3231	230.65	0.9986426357730191	0.36690309062620097	
366.3231	259.08	0.9131700207951582	0.6715639792646202	
280.1762	24.9	0.8675747976661385	1.0255933455064044	C12H22O6,C12H23NO5
367.2822	112.31	0.9572568379751938	0.5437006590348593	C20H40O4
280.2632	36.91	0.9986426357730191	-0.3639379199051386	C18H30O,C18H33NO
280.2632	48.78	0.9986426357730191	-0.338863944693105	C18H30O,C18H33NO
280.8899	23.33	0.8500079558283469	1.4167590835481916	
281.1013	30.87	0.9986426357730191	-0.04940514263122631	
281.1379	34.94	0.9986426357730191	-0.3861419811896147	C15H20O5,C15H18O4
368.3883	266.63	0.8500079558283469	-1.9095125531866521	C24H46O
368.4246	189.93	0.9986426357730191	0.2541398109277224	C25H50
159.1491	1.32	0.8500079558283469	1.6140764003830808	
216.0875	0.66	0.8500079558283469	1.5716060263084628	
369.169	30.87	0.8857936993933512	-0.8231920820501908	C15H29O8P,C20H26O5,C22H24O5
369.1882	28.73	0.8500079558283469	-1.5959546702803113	C17H30O7
160.0756	24.51	0.9294428529742589	0.6278097184782945	C10H6O
160.0836	26.5	0.8675747976661385	1.1305375805710032	
216.9226	22.14	0.8799069109308213	0.8898523248873818	
369.8873	22.14	0.9986426357730191	0.2551030194057915	
281.2665	36.91	0.9986426357730191	-0.2044220772297201	C18H33NO
281.2665	48.78	0.9980447993221737	-0.4275353917645376	C18H33NO
217.1044	22.41	0.9986426357730191	-0.023079551420743832	
370.3311	225.62	0.8640094429808204	1.225357318304449	C22H40O3,C22H43NO3,C22H41NO2
282.1413	21.49	0.9986426357730191	-0.3504807762565178	
217.1274	24.51	0.9970043671632309	-0.435104526443566	
282.1809	0.66	0.8500079558283469	1.971476273110145	C14H23N3O3
282.1809	2.1	0.4973705949489976	4.489693043168148	C14H23N3O3
283.1173	26.76	0.9986426357730191	0.3233756927073671	C14H18O6
283.1173	29.25	0.9970043671632309	-0.43497170836292126	C14H18O6
283.1537	26.5	0.934614407656425	0.6124755679370811	C15H22O5,C15H20O4
371.3304	151.72	0.8675747976661385	1.0786818563760587	C26H42O
283.1755	0.79	0.8500079558283469	1.8168005067887742	
371.8838	20.04	0.8500079558283469	-1.3444133771049132	
371.8838	22.14	0.9803574431512942	0.4747972894769975	
372.214	26.23	0.8675747976661385	1.1645827804848254	C15H31O7P
372.2382	0.79	0.8500079558283469	1.6068465069556248	C19H30O6
372.2382	2.1	0.28833871071991063	5.493850141408426	C19H30O6
372.3339	151.99	0.8923137666618705	0.7468589871127828	C26H42O
284.1207	26.76	0.997399730978379	0.4321811757956454	C14H18O6
284.1207	29.25	0.8500079558283469	-1.7587524975598405	C14H18O6
218.9196	22.14	0.8857936993933512	0.8380517091376888	
372.8808	20.17	0.9986426357730191	-0.3561190554459508	
372.8808	23.33	0.8675747976661385	-1.1633585330326273	
218.9817	22.8	0.9986426357730191	-0.2743522559689049	
284.1862	28.73	0.8675747976661385	1.0698578977184021	C15H22O4
284.2064	24.51	0.9986426357730191	-0.15524820544196805	
162.1276	0.79	0.8490997710068866	2.4174414554962933	
162.1356	611.02	0.9986426357730191	0.11942382479874293	
219.1127	21.75	0.91188776023949	0.7004811999679827	
219.1127	24.51	0.9986426357730191	0.04098346009547213	
374.2111	47.33	0.9803574431512942	0.4731434537760194	
374.2173	0.66	0.8500079558283469	1.4752066973054943	C18H28O7
374.2538	0.79	0.8536911470898717	1.2806285272155553	C19H32O6,C19H35NO6,C20H43OAs
374.2538	28.2	0.8675747976661385	0.9606611869299675	C19H32O6,C19H35NO6,C20H43OAs
284.2945	77.64	0.9986426357730191	-0.1397795127357447	C18H34O,C18H37NO
374.8816	20.04	0.9986426357730191	-0.30489897704556096	
284.9099	22.01	0.8799069109308213	0.8945111906728198	
285.1309	24.77	0.8980677516975588	0.7215911819366623	C12H22O6
375.214	0.79	0.8500079558283469	1.3168842982256426	C20H32O5
375.214	47.2	0.9392525217772651	0.5957566834802872	C20H32O5
375.3214	88.71	0.7838514361662943	-3.6904441292642978	C20H39NO4,C20H40N2O3
285.1704	0.66	0.8675747976661385	1.1712712122294746	C15H22O4
285.1908	0.79	0.07695588825415559	7.917093484386443	
376.2242	58.92	0.8500079558283469	1.5042115503159215	C22H32O5,C16H36NO5P
376.2327	26.1	0.8857936993933512	0.8592065622459112	
285.2099	24.51	0.8886159978513828	-0.759046167613781	
285.2979	77.24	0.9997977249493648	-0.0031835701083089553	C18H37NO
376.9414	21.09	0.9986426357730191	-0.1433541013749739	
377.2007	193.61	0.999254134775076	-0.012390175378654562	
378.2085	193.87	0.9986426357730191	-0.04245814889486585	
286.2287	134.97	0.9986426357730191	-0.3786220913000528	C20H30O
286.9068	22.14	0.8536911470898717	1.2794221527567602	
165.0546	23.19	0.9986426357730191	-0.024253743142818345	C9H8O3
221.096	41.14	0.9986426357730191	-0.09030455465607978	
379.2163	33.24	0.9374245873674126	0.6012170240221805	
287.1496	0.66	0.8500079558283469	1.694416911619562	C14H20O5,C14H22O6
379.2816	161.6	0.8640094429808204	1.2142527267399492	C21H40O4
379.2816	168.19	0.8500079558283469	1.3641025023566047	C21H40O4
165.0909	318.38	0.9986426357730191	-0.40621232114716627	C10H12O2,C10H10O
379.9164	21.88	0.8886159978513828	-0.7784349575559176	
287.3136	84.73	0.9986426357730191	0.027402126944095925	C18H39NO
380.2083	193.87	0.9294428529742589	0.6255776812625298	C20H26O6
380.2189	0.66	0.8500079558283469	1.5234287973076688	C21H32O6
380.3307	239.58	0.8675747976661385	0.9584341531972823	C22H44NOF
222.0986	41.14	0.9986426357730191	-0.06838043850742306	
222.0986	93.83	0.9120284895807355	-0.6838851102090858	
381.2135	194.01	0.8675747976661385	0.9534961514350543	
381.3147	243.82	0.999254134775076	-0.005903984745068691	C25H42O,C27H40O
381.3343	239.84	0.8675747976661385	1.0644115106574719	
166.0515	1.84	0.9986426357730191	-0.14133154869143028	
166.0861	24.51	0.9986426357730191	0.09290245972167933	C7H8O2
288.2893	34.42	0.9986426357730191	0.3323666841933881	C17H34O2,C17H37NO2
288.2893	36.26	0.9986426357730191	-0.017476191866004746	C17H34O2,C17H37NO2
288.2893	42.45	0.9986426357730191	-0.16333226402348558	C17H34O2,C17H37NO2
288.9217	23.46	0.9986426357730191	-0.026808652614700272	
382.3182	243.95	0.9986426357730191	-0.03151197098061973	C27H40O
289.1852	0.66	0.8490997710068866	2.6165716321865786	
289.2926	36.39	0.9986426357730191	0.3804211231533407	C17H37NO2
289.2926	42.32	0.9986426357730191	-0.07604281161021535	C17H37NO2
223.0749	1.32	0.8500079558283469	1.902970287689252	C15H10O2
383.125	41.01	0.8500079558283469	-1.3687568408322999	
383.1479	27.02	0.8500079558283469	1.4908114951466	C20H24O6,C22H22O6,C22H20O5
383.2787	64.99	0.9277983193505716	-0.6387181697207679	C22H38O5,C22H36O4
290.1969	25.16	0.8675747976661385	0.9430890218327368	C14H25NO4
383.3304	254.1	0.9986426357730191	0.20565060706241906	C25H44O,C27H42O
384.2588	24.64	0.8536911470898717	1.2617264074797954	
384.3104	65.67	0.9986426357730191	0.13690268430161054	C22H41NO4
384.3338	254.1	0.9986426357730191	0.21752902512701394	C27H42O
291.1814	0.66	0.8500079558283469	1.4200909416031358	C14H26O6
384.7715	22.54	0.9986426357730191	0.4162302063433028	
291.1925	31.92	0.8490997710068866	-2.5108113546032005	C16H28O3
291.871	22.41	0.9294428529742589	0.6241389906194725	
385.1635	30.17	0.8500079558283469	-2.0433898048032697	C20H26O6,C22H22O5,C22H24O6
385.1828	25.43	0.9986426357730191	0.07749609419531682	
385.1828	28.2	0.8500079558283469	-1.4647812175564694	
385.1828	159.36	0.9986426357730191	-0.12905210027307792	
167.0894	24.51	0.9986426357730191	0.1489471743133098	C7H8O2
385.2731	276.99	0.9986426357730191	-0.03852391111936046	C23H38O3,C25H34O2
385.3366	253.83	0.9986426357730191	0.29734244173755703	C27H42O
385.3421	197.85	0.8857936993933512	0.8705228767223314	C22H41NO3
385.3421	203.36	0.9803574431512942	0.4698545929706761	C22H41NO3
386.2535	0.66	0.8675747976661385	1.05873316304758	C20H32O6
386.2535	28.86	0.9997977249493648	-0.0006561809037794627	C20H32O6
386.2763	276.99	0.9986426357730191	-0.024626059637095583	
292.1763	25.03	0.984109839264711	0.46402575292669407	C13H22O6
387.1986	25.16	0.8675747976661385	0.9992094738583591	C17H32O8
387.2127	61.97	0.9986426357730191	0.1219860501381804	C16H33O7P,C21H32O5
387.2526	58.0	0.907209487428753	0.7079934238814346	C24H34O4,C24H32O3
224.1581	24.51	0.8971185172707852	0.7284808544471757	
168.0654	23.85	0.8857936993933512	0.8401247789126577	
388.1829	30.87	0.8500079558283469	-1.3361349677357528	C22H26O6
388.1902	41.66	0.9986426357730191	0.053965627351330384	
388.2266	53.38	0.9986426357730191	0.2965252452966751	C20H31ClO4
388.2266	66.45	0.9986426357730191	0.2777348920929796	C20H31ClO4
388.2327	0.66	0.8500079558283469	1.3586843467898317	C19H31NO6,C19H30O7
388.2327	26.76	0.8882488002307073	0.7948285188693134	C19H31NO6,C19H30O7
404.2061	30.74	0.8500079558283469	-1.384675824200861	C23H37OAs,C17H35NO6S,C22H26O6
404.2202	36.26	0.8675747976661385	-1.0150626159788194	C23H32O6
404.2639	28.2	0.8675747976661385	0.997964993541803	C20H34O7
388.3935	171.37	0.9986426357730191	-0.20659216843710562	C27H46
389.1855	30.74	0.9778268136028336	-0.48605181602852626	C22H26O6
389.1937	0.66	0.8675747976661385	1.1414083026370188	C20H30O6
389.1937	41.27	0.9980447993221737	0.4260877513089963	C20H30O6
389.2298	0.66	0.9351224372146448	0.6100963848134296	C21H34O5
389.2298	54.16	0.8500079558283469	1.4833292629923858	C21H34O5
389.2681	76.46	0.8700399385823723	0.9358479175907091	C24H36O4,C24H34O3
406.0421	21.75	0.9120284895807355	-0.6767862870033313	
406.2009	41.01	0.9986426357730191	-0.06313102335065102	C25H24O4
406.2122	30.87	0.9986426357730191	-0.21356433878481298	C26H30O4
406.2433	36.65	0.9986426357730191	-0.266344719014006	C19H32O8
407.2044	41.01	0.8500079558283469	-1.414098037260681	C20H32O7,C22H30O7
407.2044	41.79	0.9852396516142592	-0.4605124025323479	C20H32O7,C22H30O7
407.2378	28.07	0.8763108884575804	0.9160720992174504	
390.1883	30.87	0.9572568379751938	-0.553151514319392	C18H30O9
225.1127	0.66	0.8500079558283469	1.3075892747658284	C12H16O4
390.2128	27.02	0.8923137666618705	0.747041769590334	C16H30N4O7
390.2718	76.72	0.8886159978513828	0.7762092048816271	C24H36O4
169.0057	25.43	0.9986426357730191	0.14035871582678705	
390.285	28.6	0.8823737437767021	0.8841449531291345	C20H36O6,C20H39NO6
408.2229	26.37	0.9986426357730191	-0.05105847044686522	C18H30O9
408.2494	0.79	0.8500079558283469	1.8327526541681927	C23H36O6
408.2494	56.29	0.8490997710068866	-2.442171168855606	C23H36O6
408.2589	28.2	0.8857936993933512	0.830991482039913	C19H34O8
408.2924	110.03	0.921815785263359	-0.6542687971644899	
225.1598	0.66	0.8675747976661385	0.9718023241026361	
391.2837	201.52	0.9986426357730191	-0.02522985703016544	C22H40O4,C24H36O3,C24H38O4
408.9185	20.57	0.8675747976661385	-0.9924329999458635	
409.1614	30.87	0.8500079558283469	-1.9750844707954052	C22H26O6
409.2623	28.2	0.8675747976661385	1.080150250020129	
409.2803	36.91	0.8500079558283469	-2.1081660268832225	C20H38O7,C23H39NO5
409.2958	110.03	0.8883970793420403	-0.78898667881495	C24H40O5,C24H38O4
392.2537	0.79	0.8500079558283469	1.3247623597452456	
392.2537	36.91	0.8500079558283469	-2.1281856340621195	
392.2639	26.76	0.8500079558283469	1.3637706566370902	C19H35NO6
392.2639	29.12	0.8886159978513828	0.768282748569811	C19H35NO6
392.2639	33.5	0.8500079558283469	1.4032097398041203	C19H35NO6
392.2871	201.52	0.9986426357730191	0.023264421124679146	C20H43OAs
410.1647	30.87	0.8675747976661385	-1.1110790141615874	C22H26O6
410.2111	161.99	0.974744855770004	0.4931517895286315	
410.2294	0.79	0.8500079558283469	2.244508213688069	C22H34O7,C23H33NO4
410.2382	26.89	0.9986426357730191	0.3404335875420605	
410.2746	25.29	0.8500079558283469	1.6688609284225557	
410.3149	159.63	0.9986426357730191	-0.3735582234535081	C23H42N2O4
410.8558	22.01	0.8675747976661385	1.1873504616105897	
393.2574	37.04	0.8500079558283469	-1.649200174981614	
226.1549	0.79	0.8500079558283469	1.5262169698137102	
170.0811	23.85	0.9986426357730191	-0.2294066561153473	C8H8O3
394.2161	162.38	0.9986426357730191	0.23702047766266032	C22H34O4S
412.8528	22.14	0.8634847515349047	1.2381026627528238	
394.2433	25.84	0.9961404856744508	0.4386122063022558	C18H32O8
394.3464	257.9	0.9986426357730191	-0.01717468295134659	
170.0924	23.59	0.9294428529742589	0.624587434490279	
226.1913	0.79	0.8500079558283469	1.7596369154684202	
413.1779	26.1	0.9986426357730191	-0.11330193863336979	C18H30O9
413.1949	36.52	0.8500079558283469	-1.9131669883035545	C22H30O6
395.0262	22.01	0.8675747976661385	-1.1015394854829854	
413.3408	159.63	0.9986426357730191	-0.15375597341892597	C26H46O2,C28H44O2,C28H42O
395.3994	249.46	0.8500079558283469	1.3942491591849246	
226.9513	21.62	0.9986426357730191	-0.30080601938409796	C6H4Cl2O5
396.2232	26.63	0.8675747976661385	1.0459062082711903	
396.2316	193.74	0.9986426357730191	0.14332848498717957	
414.2246	0.79	0.8500079558283469	1.7804965979094682	C21H34O8
396.2939	32.18	0.8675747976661385	-1.0331120532443812	
227.0419	22.93	0.9986426357730191	0.41826206751841477	
396.4194	286.21	0.8675747976661385	1.1117843180658948	
170.1731	0.79	0.9057513259367965	0.7103587263819421	
397.183	25.29	0.9986426357730191	-0.2988462670665229	
397.183	28.07	0.9715599962424748	-0.5096309763328962	
414.8676	23.19	0.9986426357730191	0.21635187159512276	
397.2351	193.87	0.9986426357730191	0.39874013123223	C18H37O7P,C23H34O4
414.9393	20.83	0.7838514361662943	-3.6261455002073726	
397.3095	112.83	0.9986426357730191	-0.03964292399508452	C25H42O2,C27H38O,C27H40O2
397.3095	117.97	0.9986426357730191	-0.3802720933026683	C25H42O2,C27H38O,C27H40O2
397.3095	158.71	0.9986426357730191	-0.11292046813068699	C25H42O2,C27H38O,C27H40O2
227.1753	0.79	0.8675747976661385	1.1299753027612331	
227.1753	24.51	0.7838514361662943	-3.859848036795288	
415.1743	24.77	0.965408180042905	-0.5257581903141801	C21H28O7,C23H24O6,C23H26O7
415.2436	0.66	0.8500079558283469	1.675907971574966	C18H37O7P
415.2436	62.1	0.8658515149573528	1.2048009149055476	C18H37O7P
415.2793	233.01	0.8675747976661385	0.9487666606692258	
415.2837	83.02	0.8675747976661385	1.0562901916785403	C19H41O6P,C24H40O4,C26H38O4
415.3201	103.72	0.8675747976661385	1.0661719549292796	C25H44O3,C27H42O3,C27H40O2
227.9547	21.75	0.9961404856744508	-0.4379743915448044	C6H4Cl2O5
398.2403	32.18	0.8653574904211345	-1.2082518089565624	
171.1167	34.68	0.8675747976661385	1.0585832103869919	
416.1982	116.66	0.9986426357730191	-0.18192369304412917	
416.3235	136.02	0.974744855770004	0.4984256411513935	C27H42O3
398.8899	22.27	0.9986426357730191	0.14954127107314327	
399.1434	1.45	0.8500079558283469	1.9262999206501825	C20H24O7,C22H20O6,C22H22O7
399.1434	28.86	0.974744855770004	0.4953457363288334	C20H24O7,C22H20O6,C22H22O7
399.2499	0.79	0.8521789388853895	1.2875571472512448	C23H36O4,C18H37O6P
399.2499	62.1	0.8882488002307073	0.8018166999422213	C23H36O4,C18H37O6P
417.1583	283.47	0.9986426357730191	-0.06125990548297879	
399.3253	192.96	0.9986426357730191	-0.05929466743007422	C25H44O2,C27H42O2,C27H40O
417.2092	24.64	0.8675747976661385	0.9567037775730084	
417.255	210.76	0.8490997710068866	-2.3664509853935645	
417.3359	151.99	0.8675747976661385	1.1942697583815525	C27H42O2,C27H44O3
228.2685	58.39	0.9986426357730191	0.31051852818003456	C15H30
172.067	24.51	0.9986426357730191	0.122747173956358	
417.8789	20.17	0.8882488002307073	-0.8115909463038947	
418.1618	283.47	0.9986426357730191	0.1267075180856687	
418.2162	150.93	0.9986426357730191	-0.09114407845522676	
418.2217	31.0	0.8500079558283469	1.4988571972179934	C24H39OAs,C18H37NO6S
228.9556	21.62	0.9986426357730191	-0.20056964051018797	
418.2433	26.89	0.8675747976661385	1.138173489583749	C21H43O3As,C20H32O8
418.2433	28.86	0.9986426357730191	0.24889318933856183	C21H43O3As,C20H32O8
418.2583	166.48	0.8886159978513828	-0.7800565952459843	C22H37NO5,C24H32O5
418.2583	210.76	0.8490997710068866	-2.3122597668571063	C22H37NO5,C24H32O5
418.3392	152.12	0.8675747976661385	1.060845927681744	C27H44O3
400.3053	65.12	0.9986426357730191	-0.2549768910361277	C22H38O5,C22H39NO4
419.1696	24.77	0.9294428529742589	-0.6278350026210504	C22H24O7
419.1696	27.15	0.9986426357730191	0.13927655024633107	C22H24O7
400.3287	193.09	0.9986426357730191	-0.03789184527216883	C27H42O2
419.1749	189.54	0.9986426357730191	0.30107421327949613	
419.2342	194.01	0.9986426357730191	-0.3370259053956443	
419.2342	243.42	0.8500079558283469	1.5319867918437824	
400.9212	698.89	0.8490997710068866	2.490251418815711	
419.3151	148.02	0.9986426357730191	0.18110154423270353	C24H44O4,C26H42O4,C24H41N3O3,C26H40O3
419.3514	178.35	0.9986426357730191	-0.3242437360683206	C25H48O3,C27H44O2,C27H46O3
420.1729	27.15	0.91188776023949	0.6939605442386172	
420.201	31.0	0.8857936993933512	-0.8204285555311256	C22H29NO7,C22H26O7
420.2318	177.04	0.9986426357730191	0.015620326123143643	
420.2318	186.65	0.9986426357730191	0.2563513624714079	C24H39OAs
401.159	27.15	0.9986426357730191	0.15532667326150895	C20H26O7,C22H22O6,C22H24O7
420.2954	31.92	0.8500079558283469	-1.7429311771698168	C21H39NO6
401.2642	0.79	0.8960218743032486	0.7363798789093904	
401.2642	224.18	0.9986426357730191	0.21582737234659558	
401.3087	64.85	0.9986426357730191	-0.3685965568492769	C22H35D4NO5
229.191	0.79	0.8675747976661385	1.0445002219387292	
401.341	192.96	0.8490997710068866	-2.290453299066185	C25H46O2,C23H33D5O4,C27H44O2,C27H42O
420.8849	21.88	0.8980677516975588	0.7226462659796599	
402.1623	27.15	0.9986426357730191	0.2979957061794257	C22H24O7
402.2482	27.28	0.8857936993933512	0.8269764690437957	C20H32O7
402.3445	193.09	0.9986426357730191	0.0972972472258042	C27H44O2
402.3445	200.87	0.9986426357730191	-0.3705768497548485	C27H44O2
172.9562	281.1	0.9986426357730191	-0.264019873257392	
421.2623	28.6	0.8675747976661385	0.9598079758008049	
421.3671	229.03	0.9986426357730191	-0.10706711514191408	C27H46O2,C25H50O3,C27H48O3
173.0783	22.41	0.9986426357730191	-0.1955481628412801	
403.1743	24.77	0.8640094429808204	-1.2278633831011085	C22H24O6,C22H26O7
403.1743	30.87	0.9986426357730191	0.18154476471479056	C22H24O6,C22H26O7
403.1934	24.51	0.9294428529742589	-0.6249532290423302	
422.2421	0.66	0.8490997710068866	2.3854292565855606	C20H39O7P
422.2746	26.63	0.8500079558283469	1.8807105788755263	
422.8815	21.75	0.8675747976661385	1.060667514318895	
423.1409	26.63	0.9986426357730191	0.03652737094494242	C22H24O7
423.1409	33.1	0.9572568379751938	0.5510361287711352	C22H24O7
173.096	36.26	0.9803574431512942	-0.47750822546443916	
173.096	243.82	0.9986426357730191	-0.07871508145904325	
173.1073	0.66	0.8500079558283469	1.3101967460840982	
424.29	28.34	0.8500079558283469	1.962487215030919	
424.8961	20.17	0.8619529246163454	-1.2499103323360206	
424.8961	23.19	0.9986426357730191	-0.26541526317297787	
425.135	30.61	0.8500079558283469	-1.8306467728815152	C25H22O5
232.112	44.55	0.9986426357730191	0.049512142199587654	
426.2694	25.29	0.8500079558283469	1.7010171410420234	
426.2694	138.38	0.999254134775076	-0.005896924781362174	C20H41O7P
426.2694	139.56	0.9986426357730191	-0.04913747439286083	
232.1189	0.66	0.8500079558283469	1.8667202926527362	C10H14O5,C10H15NO4
466.2644	27.68	0.8675747976661385	0.9431961632776071	
466.3007	27.68	0.8500079558283469	1.36428125098583	
232.1447	0.79	0.8500079558283469	1.6034800985083688	C15H20O2
174.0817	22.41	0.9592750435374096	0.538882617858465	
466.8774	22.14	0.9561703465098029	0.5636721985875826	
467.2686	27.94	0.9695603340714848	0.51433894720859	
427.2509	284.12	0.8500079558283469	-1.4392384771014115	
232.8965	22.67	0.9986426357730191	0.17548791007132336	
232.9173	20.04	0.8500079558283469	-1.8821428350462415	
232.9173	23.85	0.8675747976661385	0.9663538927180706	
468.3342	174.91	0.9986426357730191	0.3496173194916214	C29H44N2O3,C26H43NO5
427.8456	22.14	0.8500079558283469	1.3209456767549412	
428.0364	1.71	0.8500079558283469	1.5258312657020827	
469.2921	126.01	0.9986426357730191	-0.1819973721375609	C22H45O8P,C22H43O7P,C27H42O5,C27H39O3F3
469.3286	159.36	0.9986426357730191	-0.16723486440411398	C23H47O6P,C28H46O4
428.253	283.6	0.8500079558283469	-1.307527703706968	
428.2572	145.79	0.9986426357730191	-0.15383158564716587	C22H38NO5P
469.3649	269.52	0.9986426357730191	0.2910738122023137	C29H50O3
428.3366	64.85	0.9986426357730191	0.4066094946701355	
470.1854	196.14	0.9803574431512942	-0.471235410568321	
470.1854	203.23	0.9986426357730191	-0.13855689142641028	
233.0783	22.93	0.9986426357730191	-0.10217116747436067	
233.1286	0.79	0.8886159978513828	0.7567557142716254	
233.1508	0.66	0.8500079558283469	2.178360953986587	C13H22O2
175.0014	22.93	0.9572568379751938	-0.5525202400830453	
429.8428	22.01	0.8500079558283469	1.834804992792663	
430.2564	184.39	0.9986426357730191	0.2950739487136032	C23H37NO5,C18H38NO7P
430.2739	189.54	0.8500079558283469	-1.951251059907915	
472.9009	20.7	0.9374245873674126	0.6000207398174578	
473.3176	210.76	0.8500079558283469	-2.2276758783643884	
430.9138	21.09	0.9986426357730191	-0.29224678926564285	
233.2011	24.38	0.8838363395022154	-0.8762564976637859	
431.1781	200.74	0.9986426357730191	-0.41689989441408204	
431.217	30.61	0.8500079558283469	-1.5223599276368929	C22H37BrO2,C19H37O7P
474.321	210.89	0.8490997710068866	-2.432163783754248	C21H46NO7P,C28H41NO4,C28H40O5
431.3515	159.89	0.9986426357730191	-0.20240523074786892	C26H48O3,C28H44O2,C28H46O3
431.3836	294.9	0.9986426357730191	-0.2981413704055183	C24H47NO4
175.119	1.58	0.9986426357730191	0.14382875268622575	
175.119	24.11	0.9374245873674126	-0.5985609980931171	
475.1572	193.87	0.9410612998445509	0.5929577480609253	
431.9163	21.09	0.9986426357730191	-0.19121055115579919	
233.9128	22.27	0.9986426357730191	-0.2201932928577777	
475.3241	210.76	0.8500079558283469	-1.8113801269003023	C26H42F2O4
475.3776	278.17	0.8675747976661385	1.0269695609107665	C28H52O4,C30H48O3,C30H50O4
432.1814	200.74	0.9986426357730191	0.1452025360931982	
432.2373	30.74	0.91188776023949	0.6951762072944688	C22H35NO6,C24H30O6
476.2439	30.61	0.9760595447637626	0.48894868630111243	C29H30O5
476.2439	229.82	0.8500079558283469	-2.226241197610845	C29H30O5
432.3549	159.23	0.9986426357730191	-0.17215527913147682	
476.2848	29.52	0.9410612998445509	0.5921376560290963	
432.3871	294.9	0.9986426357730191	-0.2757763217757364	
476.3281	305.9	0.2883420576216839	-5.0620772499068485	C25H49O6P,C32H44O3
476.3941	185.18	0.8675747976661385	-1.1242811989932078	C26H50O6
476.906	20.57	0.8882488002307073	-0.7997190760661499	
433.2157	75.8	0.9986426357730191	0.16621358314421142	
433.2406	30.87	0.9276809026007528	0.6420442833625998	
477.2159	283.86	0.9986426357730191	0.291376397972281	C28H31NO6
176.0657	23.85	0.9986426357730191	0.18414519394195913	
433.3307	149.99	0.9986426357730191	0.016081830865017795	C27H44O4,C27H42O3
433.3307	207.98	0.9986426357730191	0.16978207744021004	C27H44O4,C27H42O3
478.1985	168.45	0.91188776023949	-0.6953948432309369	
478.2188	203.23	0.8500079558283469	-1.4776300273782226	C19H38NO9P,C25H34O9,C26H33NO6
434.2191	75.93	0.8490997710068866	3.103282777408943	C23H31NO7,C23H28O7,C20H35NO7S
434.2382	27.68	0.8500079558283469	1.410313363043746	
434.2431	30.61	0.8882488002307073	0.8131620620356236	C21H39O7P
478.2738	75.93	0.9986426357730191	0.39124682567119007	C27H42O5S
478.3007	28.2	0.8799069109308213	0.8952827520643354	
478.3051	0.66	0.8835910020025134	0.8790766700364971	
434.3347	149.72	0.8886159978513828	0.754479452832604	C27H44O4
434.3347	208.11	0.8675747976661385	0.9814538817060304	C27H44O4
434.3625	151.99	0.8675747976661385	1.0314923645704377	C27H44O3,C27H45NO2
478.8426	22.01	0.8521789388853895	1.2892783855045955	
234.1964	0.66	0.11412472476819621	6.830369759138011	
435.2447	30.74	0.8500079558283469	1.3884018793159416	
435.2619	193.87	0.8857936993933512	0.8504494328660354	
436.1963	26.89	0.9986426357730191	0.08746006586908422	C23H37O3As,C22H27NO7
436.2899	27.55	0.8675747976661385	1.1322701135131168	C21H39NO7
480.2797	27.55	0.9120284895807355	0.6860123158412234	
480.2797	32.32	0.8857936993933512	0.8572312312218912	
176.1068	0.66	0.8500079558283469	1.959404981733805	
436.3417	202.31	0.9986426357730191	-0.23880878666456476	C24H47NO4,C26H42O4,C26H43NO3
437.2581	193.74	0.9986426357730191	-0.0673183032186069	
437.345	202.31	0.9986426357730191	-0.10491215660243088	
437.8745	22.01	0.9986426357730191	0.26103969550234046	
235.1325	26.23	0.8675747976661385	-1.1000407162952281	C14H16O2,C14H18O3
438.2613	0.66	0.8500079558283469	2.0568655284378834	C20H40NO7P,C20H37O7P,C24H38O7
438.2613	193.87	0.9986426357730191	-0.05649245385492041	C20H40NO7P,C20H37O7P,C24H38O7
439.1359	28.86	0.9986426357730191	0.4144592750836072	C22H24O8
177.0134	23.98	0.8675747976661385	1.0854037209848137	
482.2877	102.8	0.9986426357730191	0.3648558954524945	C22H44NO8P,C22H42NO7P,C29H36O5
482.2956	27.42	0.8763108884575804	0.9208780193677367	
439.3181	152.9	0.9986426357730191	0.1548962787390419	C22H47O6P,C27H44O3
439.8716	20.04	0.8500079558283469	-1.653517242728143	
439.8716	22.01	0.9313058393572794	0.6184875709681277	
482.9267	21.09	0.8490997710068866	-3.061220372349372	
440.2766	0.66	0.8500079558283469	1.684966159055054	C20H42NO7P,C20H39O7P,C20H40NO6P
440.2766	73.81	0.8500079558283469	1.7111758253017164	C20H42NO7P,C20H39O7P,C20H40NO6P
440.3213	153.17	0.9986426357730191	0.27915982188266436	C27H44O3
483.2991	27.28	0.8634847515349047	1.2378443671562707	C26H45NO5S
441.1516	27.15	0.9986426357730191	0.35626264559709014	
441.2076	29.52	0.8490997710068866	-2.3429004472708637	
441.2371	0.66	0.8500079558283469	1.366678640735081	C21H39O6P
483.8778	210.08	0.8675747976661385	-0.9547827899789514	
484.2748	26.76	0.91188776023949	0.6936021793544993	C21H38O11
441.3336	206.93	0.9986426357730191	-0.10531523651513583	C27H46O3
442.1547	27.15	0.9986426357730191	0.38009944832370063	
442.1547	153.82	0.8857936993933512	-0.8326102302018885	
442.1547	161.07	0.8882488002307073	-0.7966067145029521	
485.2793	218.24	0.8886159978513828	-0.7644721499878271	
442.2573	52.19	0.9986426357730191	-0.35989596309917876	C19H38NO7P,C19H37O8P,C26H32O5
442.2573	56.82	0.9986426357730191	0.37880233801477137	C19H38NO7P,C19H37O8P,C26H32O5
442.2573	59.58	0.9572568379751938	0.5485789263792993	C19H38NO7P,C19H37O8P,C26H32O5
442.2573	160.94	0.8490997710068866	-3.3660523499258757	C19H38NO7P,C19H37O8P,C26H32O5
485.3587	21.09	0.8500079558283469	2.1029283735312623	C29H50O4
177.1637	38.62	0.9986426357730191	-0.36091245291785345	C13H20
442.8692	20.17	0.9986426357730191	0.03109748160469097	
486.3617	21.09	0.8500079558283469	2.2381170417970937	
486.3617	238.26	0.8500079558283469	1.41275740874909	C29H50O4
443.1568	27.28	0.9276809026007528	-0.6400446211391358	C20H24O10
487.3156	213.39	0.9986426357730191	0.21679509887971696	
487.3331	220.63	0.8500079558283469	-1.9907846850580537	
487.3388	159.36	0.9986426357730191	-0.0755144025043598	C28H48O5,C25H43NO7
488.2498	24.64	0.974744855770004	0.49328070889366415	
488.2878	0.79	0.8490997710068866	2.539349182469224	C28H39N3O3
236.1502	24.9	0.8717373455610052	0.931861156735512	C10H18O5,C10H19NO4
488.3366	220.63	0.8500079558283469	-2.0926040905983485	C22H48NO7P,C22H47O8P,C29H42O5,C27H41F3O3,C27H41O3F3
488.3422	159.36	0.9986426357730191	-0.02084583500518173	
488.4819	312.21	0.9980447993221737	-0.4281994986819248	
488.8718	21.75	0.9120284895807355	0.6766415849115734	
444.3316	64.46	0.9313058393572794	-0.6195147059985615	C25H53OAs
444.3829	193.22	0.9986426357730191	-0.18294016200555738	C29H46O2
444.9287	21.09	0.9986426357730191	-0.09572102407647684	
489.3124	175.86	0.9986426357730191	-0.12125066385078284	C23H48NO6P
489.3124	214.17	0.8763108884575804	-0.9141116588674982	
489.345	159.23	0.9986426357730191	0.24797594679921692	C23H51N2O5P
236.2119	0.79	0.8500079558283469	1.6666284998184204	
445.3349	64.85	0.9955916179859569	-0.44243271051161076	
445.3865	192.96	0.9986426357730191	0.02574466404009207	
490.3156	175.31	0.997399730978379	-0.4325079290080347	C25H46O9
490.3156	194.4	0.8675747976661385	1.1821812470776891	C25H46O9
490.3156	214.17	0.8763108884575804	-0.9105824635013438	C25H46O9
490.3443	210.89	0.8500079558283469	-2.0224283519573767	
490.4612	275.03	0.9986426357730191	-0.1554342515309289	C32H56O2
446.2168	26.89	0.8490997710068866	2.6775386578677014	C24H31NO7,C24H28O7
446.2168	33.24	0.7838514361662943	3.505284267489947	C24H31NO7,C24H28O7
447.3828	269.52	0.9986426357730191	-0.17059179990761952	C29H48O2,C29H50O3
491.3347	27.15	0.9997977249493648	0.0008446780550806261	C27H48O6,C29H46O6,C29H44O5
491.3477	125.34	0.9137651916101813	-0.6696489447873326	C31H48O3
491.3477	210.63	0.8490997710068866	-2.325898106613804	C31H48O3
491.3737	184.39	0.9986426357730191	-0.12462158461877189	C30H50O5,C30H48O4
491.4647	275.03	0.9986426357730191	-0.24430632679014913	
179.0701	239.71	0.8500079558283469	-1.3200709729631115	C10H10O3,C10H8O2
447.9039	21.88	0.8763108884575804	-0.9208172801491584	
179.0815	0.79	0.8500079558283469	1.7184769736153775	
448.2124	195.62	0.9986426357730191	0.3412073589913906	
448.2124	203.23	0.9534697969565854	-0.5706003358079375	
448.2325	29.78	0.8490997710068866	2.3291405159395975	C24H33NO7,C24H30O7
448.2325	30.87	0.8536911470898717	1.2706404419259485	C24H33NO7,C24H30O7
492.2802	27.68	0.8675747976661385	1.178800035640984	C27H41NO5S
492.2802	29.25	0.8675747976661385	1.0628958954863956	C27H41NO5S
492.2802	43.11	0.8536911470898717	1.2723797159868517	C27H41NO5S
492.2802	44.29	0.9032796230655111	0.7136868856862284	C27H41NO5S
492.2902	91.33	0.8980677516975588	0.7225679846005497	
527.2899	151.59	0.9601039970746451	-0.5355190737498411	
527.2899	152.25	0.9803574431512942	-0.4707858684450958	
527.2899	210.63	0.8500079558283469	1.6046049563334306	
448.3862	269.52	0.9986426357730191	-0.17513327887109822	C29H50O3
492.3678	125.34	0.97808607322196	-0.48488169287215893	C29H49NO5,C29H47NO4,C29H46O5
492.4249	222.07	0.8675747976661385	1.0101161115939448	
492.4249	269.52	0.9986426357730191	0.20775376012516786	
449.245	211.02	0.8500079558283469	1.8371418980335192	
527.4495	263.85	0.984109839264711	-0.46279446945683717	
449.3891	270.17	0.9986426357730191	-0.16521065440686875	C29H50O3
450.0182	1.97	0.8675747976661385	1.1057434546905331	
450.2735	189.41	0.8490997710068866	-2.553552806752978	C22H43O7P
493.2815	229.82	0.8500079558283469	1.7071451666984965	C24H42O7S,C30H39NO5
528.1434	36.78	0.8490997710068866	-3.278560366271322	C30H24O9
528.2718	57.74	0.9686139524016036	0.5198812212532161	C30H40O8
493.3713	125.34	0.9131700207951582	-0.6711808453238067	C26H50O7
493.3883	294.9	0.9986426357730191	0.14170148854767864	C30H52O5,C30H50O4
528.3029	26.76	0.9986426357730191	0.1754899902630743	
528.3082	71.18	0.9997977249493648	-0.0006928309423872137	C25H48NO7P,C27H46NO7P
528.366	159.36	0.9986426357730191	-0.28111343548666784	C25H52NO7P,C32H46O5
494.2958	27.94	0.950489321526568	0.5812205016964891	C27H40O5S
451.2571	0.79	0.8500079558283469	1.7824743415390276	
494.3917	294.63	0.8675747976661385	1.0546754399533775	C30H52O5
529.2753	57.87	0.9361093413060093	0.6044276438636	C28H42O8,C23H43O10P
529.3115	70.92	0.9986426357730191	-0.048496346992782664	C24H47O9P,C29H46O7
451.3543	31.92	0.9986426357730191	-0.2477920330164386	C23H47NO4S,C29H48O2,C26H43NO4
530.2868	76.46	0.8675747976661385	1.0010698046007396	C25H40N2O7S,C28H36N2O7,C30H42O8,C31H41NO5
530.3216	95.27	0.9986426357730191	0.22342355524997284	C25H50NO7P,C27H48NO7P,C31H46O7
495.2995	28.07	0.8500079558283469	1.406412484517974	
495.2995	210.76	0.8886159978513828	-0.766424542785905	
495.2995	246.31	0.8675747976661385	-0.974185741351096	
495.8333	22.14	0.8882488002307073	0.7934979359180743	
453.1666	36.39	0.8500079558283469	-1.5965816268169202	C24H30O6
531.2908	76.72	0.8675747976661385	1.0815852676689726	C28H44O8
496.3112	27.02	0.8675747976661385	0.9863307009807765	C27H42O5S
454.1703	36.39	0.8500079558283469	-1.9276970022016802	C21H24O10
532.2066	193.35	0.9986426357730191	-0.13152465508964364	
532.2937	76.33	0.8500079558283469	1.5666481667919463	C26H43NO7S
454.2644	27.15	0.9986426357730191	-0.22111508371901106	
454.2924	95.14	0.9986426357730191	-0.27971305751482817	C25H42O7,C21H44NO7P,C21H41O7P
498.415	264.11	0.9986426357730191	-0.0662209124868129	C29H53NO4
180.1381	21.75	0.8500079558283469	-1.5342992482811035	C11H14O
532.384	63.15	0.8675747976661385	-1.130020172955828	
532.3914	221.02	0.8490997710068866	-2.587553025770517	
498.9005	21.09	0.9986426357730191	-0.25818300268798755	
499.1913	153.69	0.9986426357730191	-0.1906169931636887	
499.1913	161.2	0.9986426357730191	-0.15136279290382829	
500.2766	37.17	0.9986426357730191	-0.37956387148178455	C23H44NO7P,C25H42NO7P,C25H39O7P,C29H40O7
500.2766	50.75	0.9986426357730191	-0.39395982479433544	C23H44NO7P,C25H42NO7P,C25H39O7P,C29H40O7
533.3761	210.76	0.8490997710068866	-2.741164269716722	C37H50O
533.3873	63.54	0.9986426357730191	0.10843422450594828	
456.289	193.74	0.9986426357730191	-0.021928339567154075	C28H40O5
456.3004	189.15	0.8500079558283469	-1.5716580817815515	C27H40N2O4
456.3164	27.02	0.9986426357730191	-0.2952912436637229	
533.4728	308.53	0.9986426357730191	0.056289939972723496	C32H63NO3
457.1256	26.89	0.8960218743032486	-0.7369818258305484	C25H22O7
457.2483	187.31	0.9986426357730191	0.06525586854338311	C23H39NO6S,C20H42O7P2
457.2857	188.75	0.8490997710068866	-2.3002040937567507	C26H43O3P
457.2922	193.87	0.9986426357730191	-0.09738711004371271	C21H43O7P,C26H42O5
534.3703	194.66	0.8500079558283469	-1.6026346519807462	
534.3703	214.3	0.8500079558283469	-1.787083194886014	
534.3703	235.24	0.9294428529742589	-0.6240652474681776	
458.2896	188.75	0.8490997710068866	-2.7330580869519343	C20H42NO7P,C27H39NO5,C27H36O5
502.2921	65.8	0.9986426357730191	-0.22314390781785537	C23H46NO7P,C25H44NO7P
502.3443	188.36	0.9986426357730191	0.017458352154058807	C34H46O3
502.3733	83.68	0.8500079558283469	-2.201282087404182	C27H48O7
459.2195	25.43	0.8675747976661385	1.1453563842005483	
459.2195	27.42	0.8675747976661385	-0.9456122444825912	
503.1219	26.89	0.9120284895807355	0.6784588616318673	
459.2365	0.66	0.8500079558283469	1.4948159118907405	C26H34O7,C26H32O6
459.2365	197.32	0.8536911470898717	-1.2627559018893204	C26H34O7,C26H32O6
459.2652	177.83	0.9120284895807355	0.6830702420306044	
459.2652	198.51	0.8675747976661385	1.1198807476528738	
503.3269	224.04	0.8500079558283469	-2.1661150930911375	
503.3703	263.58	0.9986426357730191	0.4130679737967397	
536.1099	36.39	0.8490997710068866	-3.047479378285253	
536.3573	112.17	0.8500079558283469	1.5384613722195952	C26H53N2O7P,C30H46O7
536.3573	235.11	0.9986426357730191	0.3555895676827265	C26H53N2O7P,C30H46O7
536.3573	242.77	0.8490997710068866	2.2924525932474746	C26H53N2O7P,C30H46O7
460.305	305.9	0.2883420576216839	-5.258088905726812	C25H43NO5,C24H44O8,C20H44NO7P,C27H38O5
504.3599	212.99	0.974744855770004	0.49347149806609203	
461.2353	24.9	0.8675747976661385	0.9449484745462952	
461.3625	211.55	0.8500079558283469	-1.3685130319123204	C29H46O3,C29H48O4
461.3625	221.29	0.9986426357730191	-0.3415315692239152	C29H46O3,C29H48O4
461.3735	151.72	0.8911066307214826	0.7499983667311307	C28H46N2O2,C31H50O
462.3056	28.07	0.8500079558283469	1.8457670359172949	C23H40O8
505.3082	210.89	0.8500079558283469	1.3539195614986195	C28H42N2O3S
462.3936	152.38	0.9986426357730191	0.3661941430508665	C29H48O3
182.0297	25.29	0.8490997710068866	-2.778857360217161	
505.389	209.16	0.8500079558283469	-1.3503203564217328	C31H52O5,C31H50O4
182.0574	532.99	0.9277983193505716	0.6370633822534928	
505.862	22.14	0.9986426357730191	-0.41457555517142775	
537.2787	119.94	0.8882488002307073	-0.7916185646753512	
182.0811	23.19	0.9534697969565854	-0.5685234324900811	C9H8O3
463.2771	34.94	0.8500079558283469	1.835759044014172	
463.3779	238.39	0.9986426357730191	-0.1720862345379728	C27H52O4,C29H48O3,C29H50O4
463.3972	152.38	0.9986426357730191	0.06717908727513472	
182.1037	0.79	0.8500079558283469	1.5070789162322658	
182.1037	22.27	0.9534697969565854	0.5752840874770753	
506.311	210.76	0.8500079558283469	1.5364710271167992	C28H40O7
464.2277	27.15	0.8500079558283469	1.6430519934613221	C24H33NO8,C24H31NO7,C24H30O8
506.4924	328.78	0.9572568379751938	-0.55546345001662	C33H60O2
538.3858	201.26	0.9119089789346398	-0.687878281590487	C27H56NO7P,C27H54NO6P
507.3172	217.46	0.8500079558283469	1.419501593314735	C25H44O9
464.3815	238.39	0.9986426357730191	-0.1837474051627625	C29H50O4
507.4959	329.04	0.894364065482564	-0.739938549874221	
465.2309	27.15	0.8500079558283469	1.4780034331152512	C21H36O11
465.2309	161.07	0.8675747976661385	-1.09834418923912	C21H36O11
508.3028	112.04	0.8675747976661385	1.1860580166733494	C28H44O8
508.4718	275.16	0.9986426357730191	-0.2676140469333314	C32H61NO3
540.1698	196.27	0.9986426357730191	0.3700917120441911	C24H26O13
540.2588	155.82	0.8500079558283469	1.3450726588231143	C27H40O11,C30H34O8
509.3063	112.31	0.8500079558283469	1.3613270191584306	C27H41NO5S
540.4257	176.12	0.9986426357730191	0.29098452234382194	
540.4257	257.77	0.9986426357730191	0.22989226251847927	
541.5286	346.5	0.9276809026007528	-0.645677029620093	C33H65NO3
510.415	160.68	0.9986426357730191	-0.3440378846159139	C30H52O5
585.4297	164.88	0.8500079558283469	-1.9223816460094043	C40H54O2,C40H56O3
585.4297	209.29	0.8675747976661385	-1.11677955162238	C40H54O2,C40H56O3
585.4297	231.7	0.8490997710068866	-2.7143351106720246	C40H54O2,C40H56O3
510.8556	20.3	0.8675747976661385	-1.1305191065899347	
586.207	76.59	0.8500079558283469	1.567406733932701	
512.2041	154.09	0.8823737437767021	-0.8831621249496314	C28H32O9
512.3064	26.76	0.8675747976661385	1.1214428826450227	C23H42O11
512.3064	91.99	0.9276809026007528	0.6403062218012632	C23H42O11
586.4376	292.53	0.91188776023949	-0.6922434259009238	C40H58O3
512.4941	308.92	0.9986426357730191	-0.030304101923141175	C32H63NO3
587.441	292.93	0.8763108884575804	-0.9066324991763678	
544.8933	20.7	0.9986426357730191	-0.2110342384019202	
546.1859	168.72	0.8971185172707852	0.730605832961136	
588.2137	188.23	0.8500079558283469	1.7512750268612227	
588.2137	198.77	0.8675747976661385	1.075396633313644	
588.2137	216.8	0.8500079558283469	1.4950979381354166	
588.2137	221.94	0.9620140460701553	0.5306589242072475	
588.2866	194.14	0.8490997710068866	2.6225656010921954	
588.444	292.53	0.8882488002307073	-0.7975317920373138	
588.4773	255.01	0.8500079558283469	-2.148081167321031	C37H64O5,C40H58O2
653.3361	214.17	0.9986426357730191	-0.16407621737718922	
546.399	82.5	0.8500079558283469	-1.8572833128101165	C29H53NO7
546.399	176.12	0.8763108884575804	-0.9110408760650799	C29H53NO7
546.4067	210.89	0.8500079558283469	-1.7275341901035013	C40H48,C37H54O3
515.134	36.52	0.8675747976661385	-0.992642552508843	
515.328	198.51	0.9356433641143533	-0.6081988847176741	
515.8908	21.88	0.8763108884575804	-0.9079700536272453	
590.1927	152.77	0.8500079558283469	1.54843358178645	
590.1927	188.75	0.8500079558283469	1.5238293978473998	
590.1927	222.34	0.8857936993933512	0.8245732264169046	
590.1927	233.93	0.8619529246163454	1.2483399292579016	
590.4253	81.32	0.8490997710068866	-2.572499100276452	C27H52N6O7
547.4026	82.5	0.8500079558283469	-1.4674530862536153	
547.4026	82.89	0.8500079558283469	-1.696353089524228	
547.4026	176.25	0.8500079558283469	-1.8610057898674983	
547.4104	210.89	0.8500079558283469	-2.1675446056632213	
517.3429	200.6	0.8717373455610052	0.930707649817092	
517.3429	234.85	0.9986426357730191	0.1462248521515724	
517.3557	210.76	0.8675747976661385	-1.1858367920794142	
591.4286	81.18	0.8500079558283469	-1.7951609297369941	
656.2753	222.07	0.8835910020025134	0.8806657316486355	
656.2753	227.2	0.8886159978513828	0.7830051004830351	
656.2974	194.53	0.9803574431512942	0.4739456068416093	
656.2974	197.85	0.9986426357730191	0.17738983930840663	
656.2974	200.08	0.9986426357730191	0.0721717996220833	
656.2974	205.61	0.9986426357730191	-0.05996686088096167	
656.2974	209.29	0.9986426357730191	-0.2441846331836149	
656.2974	212.73	0.9986426357730191	0.21773561318889872	
518.3107	37.04	0.8675747976661385	0.9558184705750952	C22H46NO9P,C29H40O7
657.2789	222.21	0.8928352289274144	0.745368056692023	
657.2789	226.93	0.9986426357730191	0.26130816740196555	
518.3686	176.25	0.9572568379751938	-0.5491938281953677	C27H48O8
518.3756	210.89	0.7838514361662943	-3.629262416564285	
518.4563	317.6	0.9986426357730191	-0.26449848632518824	C31H61NO3,C33H56O3
519.1384	287.26	0.9986426357730191	-0.1795250338663766	C24H21O12
593.4415	205.88	0.8500079558283469	-1.5586741942819298	C31H64NO7P,C35H58O6
519.3593	305.64	0.2883420576216839	-5.112123843647491	
519.379	210.89	0.8490997710068866	-3.2133147705445113	C33H52O3
519.4598	317.73	0.9294428529742589	-0.6277768493347323	
593.9433	205.88	0.8882488002307073	-0.7977883730867363	
549.4151	207.58	0.8500079558283469	-1.4681963967983918	C33H56O6
549.4151	248.41	0.9276809026007528	0.6452722065529634	C33H56O6
549.4536	294.37	0.8500079558283469	1.3311200339367066	C34H60O5
594.4726	248.28	0.8857936993933512	0.8317763061315442	C35H60O6
594.4726	248.81	0.9986426357730191	0.24188928868838616	C35H60O6
594.4726	289.36	0.8857936993933512	0.8342099919486797	C35H60O6
594.5096	295.03	0.9986426357730191	0.2460645982257275	C36H64O5,C34H69NO5
520.3547	111.65	0.9752788697630959	0.4912858815591309	C34H48O4
520.3819	210.76	0.8490997710068866	-2.4891582460362542	
520.4355	277.38	0.91188776023949	0.6983719681682404	C32H54O4
550.2544	58.0	0.9120284895807355	0.6784955809858875	
550.2903	71.05	0.9986426357730191	0.13560952660319534	C27H46NO7P,C26H47O10P
550.3655	210.89	0.8675747976661385	1.1386876875929386	C28H55O8P
660.2985	231.3	0.8675747976661385	1.1496190313888013	
596.3864	239.18	0.9955916179859569	0.4412503234393006	C40H52O4
521.3582	111.39	0.9986426357730191	0.22915920198477835	C32H50O4
521.3712	208.76	0.8857936993933512	0.825906367428748	C30H51NO6
660.5344	237.47	0.8490997710068866	-2.514054261502816	
660.5344	263.32	0.8500079558283469	-2.036615937522964	
596.5093	221.55	0.8886159978513828	-0.7737171057239884	
550.9143	21.09	0.8490997710068866	-2.3673152837139204	
597.3896	238.92	0.9359191431433292	0.605553601716196	C28H54NO9P
661.2733	205.61	0.8490997710068866	2.3195898992138613	
522.3267	29.65	0.8500079558283469	1.659682763832152	
598.3675	186.13	0.8882488002307073	0.7988853812404259	
598.3675	190.2	0.8500079558283469	1.3021126356626618	
551.2576	58.0	0.8500079558283469	1.6868592580346884	
551.2937	71.18	0.8675747976661385	1.0815173667288214	C27H46NO7P
551.3683	210.89	0.8500079558283469	1.2989848362281027	C28H55O8P
662.2502	192.3	0.8500079558283469	1.6115838563038858	
599.2263	102.14	0.8500079558283469	1.3188130913967597	C29H39O11Cl
599.2263	103.85	0.9313058393572794	0.6186683975586045	C29H39O11Cl
599.4278	289.49	0.8490997710068866	2.9285668264960067	C35H60O6
600.2672	83.02	0.8675747976661385	1.0219246917805878	
552.269	76.46	0.8675747976661385	1.0034357833846161	
552.3073	95.27	0.974744855770004	0.49272380323308734	C27H48NO7P
552.3073	206.53	0.9572568379751938	-0.5446589101951879	C27H48NO7P
523.2994	186.26	0.9986426357730191	0.2590905204243144	C27H39NO8
601.2698	83.55	0.8500079558283469	1.3621732277880851	
664.2653	189.67	0.8886159978513828	0.778586042619187	
664.2653	198.9	0.8500079558283469	1.4537067892602804	
664.4349	161.07	0.9703092444656282	0.5126897960316622	C34H63N3O6S
602.2303	181.51	0.8658515149573528	1.2060429765865839	
602.2303	198.77	0.8500079558283469	1.3476421193322767	
602.2303	217.06	0.8500079558283469	1.4955103678242725	
602.2303	221.81	0.8500079558283469	1.4041239704601671	
553.2726	76.59	0.8640094429808204	1.2109198388689713	
524.2736	65.8	0.9276809026007528	0.6435223861766095	C25H44NO7P,C24H45O10P,C27H38O3F6
524.303	186.13	0.8675747976661385	1.0402420334819107	C28H42O6S,C31H38O6
524.5028	329.17	0.9534697969565854	-0.5680171238062254	C33H65NO3
666.4492	247.89	0.8882488002307073	0.7944200901910754	C34H67O10P,C34H65N3O6S
554.2425	116.27	0.9572568379751938	0.5432050907447294	
525.5064	329.04	0.8857936993933512	-0.8416838264785858	C33H65NO3
554.3164	31.13	0.8763108884575804	0.9098620884642292	
554.3414	193.74	0.9986426357730191	-0.13975981213938182	
604.2086	188.23	0.8500079558283469	2.2005396423895345	
554.4412	217.33	0.8675747976661385	-1.00647009065499	
604.3693	283.99	0.8500079558283469	-1.6567268190605957	
604.4721	196.14	0.8500079558283469	-1.6755909346501077	C40H58O3
526.4463	263.71	0.9131700207951582	-0.671706538989993	C31H56O5
605.2118	188.23	0.8490997710068866	2.6276838975006305	C35H34O8
668.4444	237.61	0.9986426357730191	-0.28752914038992056	C37H65O8P,C44H60O5
668.4444	249.2	0.8857936993933512	0.8431269859218088	C37H65O8P,C44H60O5
605.3146	283.47	0.9986426357730191	-0.051757527109797724	
605.4753	196.4	0.8640094429808204	-1.2114213626984551	C37H62O5
555.4444	204.15	0.9986426357730191	-0.26388228939443825	
555.4444	217.06	0.8675747976661385	-1.0857163212183407	
555.5266	309.97	0.9986426357730191	-0.2226987412177058	
669.2408	203.49	0.8500079558283469	1.4456709013566045	C31H38O15
669.2408	211.02	0.8490997710068866	2.5513586460572126	C31H38O15
669.3759	207.45	0.999254134775076	-0.009367994746509133	C33H59O10P
606.188	108.71	0.9149646516501475	0.6665777252113121	
606.3179	283.47	0.9988901864160693	0.013757877155352868	C29H51O11P
606.3695	116.27	0.9986426357730191	-0.0317521916883557	
670.254	188.49	0.8500079558283469	1.3350677312143566	
670.254	199.16	0.9813019027655698	0.46801748807185334	
670.254	234.85	0.8500079558283469	1.4115590391436452	
556.3026	83.02	0.8675747976661385	0.9792651528637335	C30H38N2O7,C25H49O11P,C32H44O8
556.3323	27.68	0.8675747976661385	1.1843337373222318	
556.3323	28.07	0.9986426357730191	0.22673192078826201	
607.3209	283.47	0.9986426357730191	-0.025691618181327473	C27H53O11P,C32H44F6O4
670.3781	207.45	0.9986426357730191	0.19874359254760038	C34H52O12,C38H52O7S
556.8575	21.75	0.9118980826940474	0.68886272002752	
671.2568	173.08	0.8500079558283469	1.7668759672304328	
671.2568	196.4	0.8500079558283469	1.6365096500097367	
557.3062	83.02	0.8640094429808204	1.2209958916349697	C25H49O11P,C30H46O8
714.2795	217.46	0.8500079558283469	1.333331970769757	C34H46ClN3O10
672.2708	206.14	0.9276809026007528	0.640537676005868	
558.3067	82.76	0.8500079558283469	1.3478570705137427	
558.318	109.9	0.9686139524016036	0.5201726602004012	C30H40N2O7,C26H50NO8P,C28H48NO8P,C25H51O11P,C32H46O8
558.378	108.19	0.8500079558283469	1.745495083691101	C30H54O9,C26H54NO8P,C26H53O9P
672.4194	209.16	0.8675747976661385	-1.0103767479943624	C31H58O14,C33H64NO9P
715.2828	217.46	0.8500079558283469	1.4363924053582986	C34H46ClN3O10
715.3695	265.03	0.9356433641143533	0.6077065206494329	C32H57O14P
715.3695	279.61	0.8675747976661385	1.021852670682125	C32H57O14P
672.5759	67.9	0.9986426357730191	-0.0760978801617739	
673.2739	206.01	0.8857936993933512	0.8465989906720497	
673.3025	288.57	0.8857936993933512	0.820451048999018	
673.4228	209.03	0.9986426357730191	0.04322302017285432	
558.8565	22.01	0.91188776023949	0.6908227866056916	
610.1544	230.22	0.8490997710068866	2.358650426633356	C27H30O16
716.3084	205.61	0.8886159978513828	0.7638208488886893	
716.3084	210.89	0.8799069109308213	0.8964786226739029	
716.4251	189.15	0.8857936993933512	-0.8556330692419687	
559.3815	107.66	0.8490997710068866	2.3130697582919897	C30H54O9
559.3815	108.58	0.8500079558283469	1.4186093357539509	C30H54O9
716.4633	195.06	0.9032796230655111	-0.7138789998274356	C38H69O10P
716.4633	276.86	0.9986426357730191	-0.1325629154447997	C38H69O10P
674.3426	304.96	0.9572568379751938	0.5463718013381217	
610.5034	298.77	0.9109991900827727	-0.7034236068939993	
717.3292	206.01	0.9986426357730191	0.2937869709954429	
717.3292	210.89	0.9986426357730191	-0.02952571220963278	
717.3292	214.57	0.8500079558283469	1.3004298534742926	
717.4671	194.92	0.9620140460701553	-0.5299667689485503	C36H71O10P,C37H67NO12,C38H69O10P
718.3317	206.01	0.8500079558283469	1.946226379115034	
718.3317	210.76	0.8500079558283469	1.8338182621674899	
612.2225	83.28	0.8500079558283469	1.6741561248209156	
612.5057	282.28	0.9986426357730191	-0.051414371453587626	
677.2626	203.23	0.9986426357730191	0.020599030203853248	
719.3445	214.57	0.8500079558283469	1.3589505302169076	
719.3445	218.9	0.8882488002307073	0.8010938711666188	
719.3445	222.07	0.9986426357730191	0.2070398499581347	
719.3445	225.49	0.9986426357730191	-0.20743719292359566	
719.3445	229.43	0.9986426357730191	0.15993300591245077	
562.402	234.98	0.9986426357730191	-0.19800189054736383	C40H48O,C37H54O4
678.2773	194.66	0.8500079558283469	1.306864378540121	C33H40O14
678.2773	197.06	0.8500079558283469	1.5541836535870384	C33H40O14
678.2773	202.57	0.8500079558283469	1.5161841031510965	C33H40O14
678.2773	256.46	0.8500079558283469	1.6798955043347696	C33H40O14
678.4614	24.77	0.8675747976661385	-1.0573690982361679	C39H67O7P
563.2267	283.2	0.9986426357730191	-0.2947731773179144	
720.3477	214.57	0.8500079558283469	1.3587727775112481	
720.3477	222.07	0.9986426357730191	0.23820014234360976	
720.3477	225.88	0.9986426357730191	-0.22926447183567006	
720.3477	229.43	0.9986426357730191	0.3010939109568281	
720.4951	284.25	0.9986426357730191	-0.11003423213947228	C39H72NO7P,C38H73O10P
615.2633	193.22	0.9118980826940474	-0.6892135616642399	
563.4662	319.3	0.9509906907807751	-0.579487656357848	C33H64O5,C35H62O5,C35H60O4
615.4547	204.81	0.8500079558283469	-1.6756020112664303	
679.448	257.12	0.9986426357730191	0.29544179239992824	
679.448	286.21	0.8500079558283469	2.173609244389627	
721.3578	215.22	0.8675747976661385	1.0788559336137609	
564.2955	84.07	0.9986426357730191	0.27320083399595935	C30H44O10,C26H44NO9P
680.4501	256.98	0.9986426357730191	0.1337332325947969	C34H66NO10P,C34H63O10P
680.4501	286.34	0.8490997710068866	2.3914090216319472	C34H66NO10P,C34H63O10P
616.2449	217.59	0.8536911470898717	1.2728431023505051	
616.3175	218.64	0.8500079558283469	1.8938843433989074	
617.2482	217.46	0.8675747976661385	1.0192017448247976	
617.3211	218.64	0.8623247998013416	1.2464038239363464	
722.3629	215.22	0.8857936993933512	0.853406552534339	
618.224	188.49	0.8490997710068866	2.400275732029868	
618.4878	225.23	0.8500079558283469	-1.9425184632760555	C34H68NO6P,C41H60O3
682.399	184.13	0.8675747976661385	1.037266238994129	
723.3031	153.56	0.8675747976661385	1.117723077663015	
723.3031	188.75	0.8500079558283469	2.185659596333598	
723.3664	215.49	0.8882488002307073	0.8049521968478379	
723.3664	226.93	0.974744855770004	0.4992435007752671	
723.3664	231.3	0.8799069109308213	0.8896362927086089	
723.3664	236.69	0.9986426357730191	0.20115032412894276	
619.2277	188.49	0.8490997710068866	2.339276334851808	
620.4363	62.1	0.8675747976661385	-0.9597507516444593	
724.5067	256.72	0.8500079558283469	-1.550802363073158	C41H73O8P,C48H68O5
724.5067	286.73	0.8586162701006709	1.2559357973152228	C41H73O8P,C48H68O5
620.9353	1.58	0.8500079558283469	1.774138225975725	
566.8878	21.09	0.9986426357730191	-0.2535215610160833	
622.5036	290.83	0.8490997710068866	3.0018213857096128	
623.3252	283.47	0.9986426357730191	0.03827160082377849	
568.3565	186.0	0.9986426357730191	-0.022337627847728914	C38H48O4
623.3853	287.39	0.8500079558283469	1.6818470978156126	
568.4283	203.76	0.9986426357730191	-0.28852047791701496	C40H56O2
568.4283	231.3	0.8640094429808204	1.228080299786127	C40H56O2
568.4568	217.06	0.9986426357730191	0.2815268751081761	C33H58O6
568.4568	257.64	0.9986426357730191	-0.26314669406729757	C33H58O6
623.5026	276.07	0.999254134775076	-0.011167402907091494	C41H64O3,C41H66O4
569.3324	283.86	0.8675747976661385	-1.0326928052566886	C30H48O10
569.3604	186.0	0.9986426357730191	0.3046297202789957	C38H48O4
569.4348	196.27	0.8500079558283469	-1.5611893779379538	C40H56O2,C40H54O,C38H58O2
569.4348	225.23	0.8500079558283469	-1.8647658693878977	C40H56O2,C40H54O,C38H58O2
569.4348	237.47	0.8500079558283469	-1.8088221549356047	C40H56O2,C40H54O,C38H58O2
569.4348	262.8	0.8500079558283469	-2.209931900323904	C40H56O2,C40H54O,C38H58O2
569.4348	276.07	0.8675747976661385	-0.9665510641154571	C40H56O2,C40H54O,C38H58O2
569.4348	309.18	0.8500079558283469	-2.1208801529520187	C40H56O2,C40H54O,C38H58O2
624.3286	284.12	0.9986426357730191	0.24201312519451368	C29H53O12P
624.3889	287.26	0.8500079558283469	1.7157866435352358	C30H58NO10P,C30H56NO9P,C30H55O10P,C34H56O10
624.4171	288.18	0.999254134775076	-0.006060644297002567	C42H56O4
728.2585	193.48	0.8500079558283469	1.3549948320504508	
686.25	177.83	0.8640094429808204	1.228975335959395	C42H38O9
686.25	182.29	0.8886159978513828	0.765710160207904	C42H38O9
686.25	186.26	0.8675747976661385	0.9969998238772019	C42H38O9
686.25	189.67	0.8675747976661385	0.959732949725717	C42H38O9
686.25	197.85	0.8640094429808204	1.2149360245392062	C42H38O9
624.5058	275.81	0.9986426357730191	-0.0665933008678535	C41H66O4
570.153	154.48	0.8857936993933512	-0.8386020302492435	C32H26O10
570.153	158.44	0.8675747976661385	-1.076529336921121	C32H26O10
686.4625	226.01	0.9986426357730191	-0.21479804979361508	
686.4625	235.64	0.8490997710068866	-2.7785455972206483	
570.3185	66.85	0.9986426357730191	0.1862984712368975	
624.8464	21.75	0.8857936993933512	0.8287728177663863	
570.4381	196.27	0.8500079558283469	-1.6492390243937585	C40H56O2
570.4381	225.49	0.8500079558283469	-2.013132114331435	C40H56O2
570.4381	237.47	0.8500079558283469	-1.5580334553398223	C40H56O2
570.4381	262.8	0.8500079558283469	-2.1835946181261985	C40H56O2
570.4381	275.81	0.8675747976661385	-1.1691124895595353	C40H56O2
570.4665	200.6	0.8500079558283469	-1.5368837580284016	C40H56O
625.3918	287.52	0.8500079558283469	2.0699973286621924	C34H54O9,C34H56O10
570.968	200.21	0.9620140460701553	0.5317595405563502	
571.3219	66.85	0.9986426357730191	0.26146787239176406	C31H48O8
571.331	295.03	0.9986426357730191	-0.28603658446243213	C26H48O12
571.4281	206.4	0.8500079558283469	-1.3274686992019364	
571.4415	196.27	0.8500079558283469	-1.5371229920590388	C40H56O2
571.4415	225.36	0.8500079558283469	-2.049281121766073	C40H56O2
571.4415	237.47	0.8500079558283469	-1.9107484435633264	C40H56O2
571.4415	262.66	0.8500079558283469	-1.7838630796107442	C40H56O2
687.5749	368.83	0.9986426357730191	-0.11054193748067095	C40H78O8,C43H63D5O5
572.2381	57.47	0.8675747976661385	1.150984540552503	
627.3612	209.16	0.8737304263840118	0.9256332556936366	C28H52NO11P
628.3649	209.16	0.8500079558283469	-1.411179402110773	
688.5667	262.8	0.9986426357730191	-0.26712338763463106	
731.3086	177.43	0.9986426357730191	0.31201394598834076	
731.3086	182.29	0.9986426357730191	0.365317629885226	
731.3086	186.13	0.9986426357730191	0.22023334241440484	
731.3086	190.33	0.8675747976661385	0.9680957641857084	
573.4358	120.07	0.8500079558283469	1.6078224252686024	
731.4145	282.68	0.9986426357730191	-0.01766366259082843	
731.4244	230.65	0.974744855770004	0.49320195797901717	
732.4277	230.65	0.9159582858469936	0.6611774020913378	C38H63NO11,C37H64O14
630.2604	201.26	0.8500079558283469	1.7975518317872623	
574.1981	217.06	0.8500079558283469	1.9533942385640826	C36H30O7
574.1981	222.6	0.8500079558283469	1.5659853891119966	C36H30O7
574.251	76.59	0.8675747976661385	1.0303392661110105	C26H36O13
690.2932	195.88	0.8500079558283469	1.3562214570890547	
690.2932	204.15	0.8675747976661385	0.9514029401498757	
690.4477	271.09	0.9986426357730191	0.13189490242354085	C36H67O10P
733.3243	173.08	0.8500079558283469	1.5673410565036707	
733.3243	178.75	0.8675747976661385	0.9977034886059882	
733.3243	183.08	0.8500079558283469	1.4204230546244543	
733.3243	192.96	0.8675747976661385	0.9921198132412367	
733.3243	216.93	0.8500079558283469	1.8165011444713297	C34H46ClN3O10
690.4701	198.24	0.8857936993933512	0.8436086917590565	C36H66NO8P,C36H68NO9P
690.4701	201.92	0.8500079558283469	1.5156006076013966	C36H66NO8P,C36H68NO9P
690.4701	204.41	0.8500079558283469	1.495518221621671	C36H66NO8P,C36H68NO9P
733.3599	222.34	0.9986426357730191	-0.1191062237162031	
733.3599	225.23	0.9986426357730191	0.1731007662823151	
733.3599	229.82	0.9986426357730191	-0.03628998986655579	
733.3599	234.32	0.9803574431512942	0.4760622994531545	
631.2638	201.39	0.8500079558283469	1.7222240716098245	
631.2638	204.02	0.8500079558283469	2.2742298082688848	
631.2638	217.98	0.8675747976661385	1.079757534951985	
631.4828	195.88	0.8490997710068866	-2.710434367069189	C34H67N2O6P
631.4951	293.06	0.8500079558283469	-1.3985447068036216	C39H64O5
575.2544	76.72	0.8675747976661385	1.046468016546433	
691.3135	196.01	0.8763108884575804	0.9135252074197148	
632.2399	177.83	0.8500079558283469	1.7738248871150273	
632.2399	185.18	0.8500079558283469	1.4158935765593765	
632.2399	192.82	0.8500079558283469	1.6049337215863333	
632.2399	195.06	0.8500079558283469	1.651965620085651	
632.2399	213.52	0.9986426357730191	-0.22748224826768926	
632.2399	217.46	0.8675747976661385	1.0101029318489276	
734.326	173.34	0.8500079558283469	1.8006530848294877	
734.3623	214.57	0.8500079558283469	2.1516680102390042	
632.4005	284.52	0.8490997710068866	-2.7578682172901847	C32H54O11
632.4984	292.93	0.9323092660612184	0.6160918443381166	
734.5321	261.35	0.9986426357730191	-0.2412445525816946	C39H74NO8P,C39H76NO9P,C39H73O9P,C46H68O6
632.5048	196.14	0.8490997710068866	-2.379162245370451	C42H62O3
632.5048	237.47	0.8500079558283469	-1.7818775214959321	C42H62O3
692.2962	217.72	0.8500079558283469	1.336437489721567	C34H46ClN3O10
692.3182	196.01	0.8675747976661385	0.9397030972065691	
692.334	289.36	0.8675747976661385	-1.0073630493766077	C32H51NO12S
576.4105	62.88	0.8675747976661385	-1.001623135653343	C30H54O9
735.2666	197.32	0.8490997710068866	2.394233698389006	
735.2666	201.39	0.8490997710068866	2.338139017595224	
633.2792	289.1	0.959915765653294	0.5366279780326809	
576.5427	643.52	0.9760595447637626	0.48869020867481533	
693.3001	217.59	0.8675747976661385	1.1907779205340998	C34H46ClN3O10
693.3288	196.27	0.8675747976661385	1.0599732465973806	
634.3856	189.15	0.8640094429808204	-1.2129083797385247	
736.3363	218.24	0.8763108884575804	0.9104760185780618	C34H46ClN3O10
694.3322	196.01	0.8857936993933512	0.8410749150161086	
694.3322	220.63	0.8675747976661385	1.0887499287808833	
694.3322	222.86	0.9986426357730191	-0.2023521018112636	
694.3322	226.93	0.9131700207951582	0.671277227655435	
694.3322	231.3	0.8500079558283469	1.6904617660019137	
694.3322	236.82	0.8500079558283469	1.773200885127694	
694.3322	243.82	0.8675747976661385	0.9946699162158769	
578.2846	82.76	0.8675747976661385	0.9920583692534524	C27H47O11P
694.3982	207.45	0.8675747976661385	0.9737040334365407	C33H56O14,C33H57NO13
694.4431	188.1	0.9986426357730191	-0.055859246387058484	C36H66NO8P
578.4553	200.87	0.974744855770004	-0.492931039864802	C35H62O6
634.8752	21.09	0.9986426357730191	-0.1656660697901528	
737.3551	217.46	0.8857936993933512	0.8492397116105472	
695.3651	261.75	0.8736497072628314	0.9268470402721335	C33H56O12S
695.3651	271.22	0.9572568379751938	0.5429083827361124	C33H56O12S
695.4015	207.45	0.8882488002307073	0.8011660555918594	
578.9569	200.74	0.8886159978513828	-0.7687146786158805	
579.2883	82.63	0.8500079558283469	1.3070163537696418	C25H49O11P
579.4587	200.74	0.8886159978513828	-0.7578138045968745	
696.4046	207.45	0.8675747976661385	1.07954038653691	C44H56O7
738.3583	217.72	0.8857936993933512	0.8495664916622968	C34H59O15P
637.3045	137.07	0.9986426357730191	-0.17571807990873245	
637.4671	203.89	0.8857936993933512	-0.845582878974457	C35H66O8
637.4924	106.61	0.8675747976661385	-0.9707367911682285	C33H66NO7P
580.2999	110.29	0.8675747976661385	0.9585712378124904	C28H48NO8P,C27H49O11P
580.493	305.51	0.9986426357730191	0.1567769379118293	C35H65NO5,C35H62O5,C35H63NO4
638.4962	106.74	0.8675747976661385	-1.1326464236444906	C37H64O7
638.5582	383.01	0.9986426357730191	0.06508532246686347	C38H74N2O5
638.5582	384.85	0.9986426357730191	-0.23676565102351185	C38H74N2O5
740.4997	253.44	0.999254134775076	-0.009917931229512698	
740.4997	255.67	0.8970170975593389	-0.7324608606833116	
740.4997	262.4	0.9986426357730191	0.19491441708018736	
698.275	287.92	0.8675747976661385	0.9806793527467073	
698.3414	185.18	0.8675747976661385	-1.091338368960754	
698.3414	264.5	0.8675747976661385	1.100143840364898	
698.3414	272.14	0.8857936993933512	0.8238117381901484	
698.3414	279.61	0.8521789388853895	1.291849374132094	
581.6087	449.98	0.8675747976661385	1.076877572923801	
581.6087	452.09	0.9955916179859569	0.44138396072490677	
698.5559	286.21	0.8882488002307073	-0.8082009607090229	C40H75NO8
698.5559	288.7	0.9986426357730191	-0.08533064681375582	C40H75NO8
582.3363	119.81	0.8857936993933512	-0.8336541462278363	
582.4724	242.77	0.9986426357730191	0.2641293845584039	C34H60O6
642.4363	231.57	0.9986426357730191	0.3016897484205201	C31H62NO9P,C31H61O10P
583.4144	171.37	0.8490997710068866	-2.8346574737157684	C40H54O3,C40H52O2
583.4144	209.29	0.8490997710068866	-2.7615339055328376	C40H54O3,C40H52O2
583.4757	242.37	0.9986426357730191	-0.21937261434863203	
743.4006	264.9	0.9986426357730191	0.12176281618542793	C34H63O15P,C39H60O12
743.4006	271.88	0.9986426357730191	-0.07787985883643386	C34H63O15P,C39H60O12
743.4006	278.69	0.9986426357730191	-0.15307403094515257	C34H63O15P,C39H60O12
743.4821	283.99	0.9986426357730191	-0.11337632311946612	C38H73O10P,C40H71O10P
700.6073	299.96	0.9986426357730191	-0.1659759034078494	
583.878	21.75	0.8882488002307073	-0.8118114402594537	
644.2402	187.7	0.8500079558283469	1.609038614586738	
701.3538	194.66	0.9986426357730191	0.2913129517895216	C31H55O14P,C36H54O12
701.3538	197.06	0.9940049335568234	-0.44828645496079234	C31H55O14P,C36H54O12
701.3538	202.97	0.9986426357730191	-0.15828089499156392	C31H55O14P,C36H54O12
701.3538	209.03	0.9986426357730191	0.2979339105725369	C31H55O14P,C36H54O12
701.3538	212.99	0.9986426357730191	-0.1244381874565531	C31H55O14P,C36H54O12
701.3538	218.51	0.9986426357730191	-0.045234851261663364	C31H55O14P,C36H54O12
702.3184	236.69	0.8500079558283469	1.418120423216465	
702.3573	194.4	0.9986426357730191	0.3412532323766825	
702.3573	197.19	0.8882488002307073	-0.797972674162752	
702.3573	203.1	0.9986426357730191	-0.25417944456692165	
702.3573	204.94	0.9986426357730191	-0.2170537725410738	
702.3573	209.82	0.9986426357730191	0.22310370252475706	
702.3573	212.73	0.9986426357730191	0.1175659552475154	
702.3733	189.67	0.8500079558283469	-1.8944510181261205	
702.6231	299.83	0.9986426357730191	-0.026238705868784722	
646.5202	225.23	0.8369485306944217	-3.420754621078761	C36H72NO6P
702.8625	21.09	0.9534697969565854	-0.5708136440259255	
647.4219	261.75	0.9986426357730191	0.19239445978815367	
647.523	225.36	0.8490997710068866	-3.027632590085266	C40H68O5,C35H70N2O8
704.4855	202.05	0.8500079558283469	1.6869645163708895	C37H68NO8P,C37H70NO9P
648.4379	189.41	0.8857936993933512	-0.8527261595216838	
747.3758	214.83	0.8490997710068866	2.5452444904187015	
705.2929	196.93	0.8500079558283469	1.6818189146137588	
705.3287	205.07	0.8823737437767021	0.885163375168141	
748.379	214.83	0.8490997710068866	3.1270671778748182	
748.379	236.82	0.8675747976661385	1.064806670537155	
706.2749	182.95	0.8675747976661385	1.149456652884878	
706.2749	193.35	0.8717373455610052	0.9297277722136649	
706.2749	201.65	0.8500079558283469	1.57771917187915	
706.2962	173.47	0.8521789388853895	1.2916137164964767	C29H52O12S3
748.8546	20.7	0.974744855770004	0.5030351510155607	
750.5056	283.99	0.9986426357730191	-0.15073118567504648	C42H72NO8P,C40H74NO8P,C42H69O8P
751.3346	188.23	0.8500079558283469	1.419822761711182	
709.3238	217.72	0.8640094429808204	1.234996425679725	C34H46ClN3O10
751.5083	283.99	0.9986426357730191	-0.21088139704427886	C39H73O10P
859.5244	301.29	0.9277983193505716	0.6379476983365139	C45H76O12S
752.3376	188.23	0.8500079558283469	1.4328098867130923	C34H57O16P
711.2431	76.46	0.8634847515349047	1.2375920664139899	C35H35NO14
860.6664	212.6	0.8500079558283469	-1.6533595570961013	
712.2415	222.34	0.8490997710068866	2.975417123048974	C32H38O17
712.2415	225.62	0.9986426357730191	0.3457738719959803	C32H38O17
712.2415	229.3	0.8675747976661385	1.1140272665205255	C32H38O17
712.2415	234.85	0.9572568379751938	0.5455503786449339	C32H38O17
712.2415	241.19	0.8500079558283469	1.3342790608668986	C32H38O17
793.382	235.37	0.8675747976661385	1.0176588699997224	
712.4774	36.78	0.9888983551036077	-0.45510610244621685	C35H68NO10P
713.2454	214.83	0.8490997710068866	2.5060440165826017	
794.6862	478.22	0.9986426357730191	0.0918870144870605	
757.6093	200.21	0.8857936993933512	-0.8194530960249276	C43H83NO9
758.1117	200.74	0.8675747976661385	-1.1012833107443059	
759.4391	156.21	0.8675747976661385	-1.0968049461237557	
759.4391	160.02	0.8675747976661385	-0.9789919198104857	
797.0818	463.25	0.8500079558283469	2.1329791499519164	
797.0818	464.83	0.8490997710068866	2.6327008782624173	
797.0818	465.61	0.8490997710068866	3.0631629425307882	
797.0818	467.98	0.9986426357730191	0.05252776773845119	
865.496	276.07	0.9986426357730191	-0.27426558014884983	C48H75O10P
760.4634	316.68	0.8857936993933512	-0.8274365609340059	
867.5117	286.6	0.9986426357730191	-0.1686468523210324	C48H77O10P
762.4686	160.68	0.8536911470898717	1.2784991800715269	C40H70NO9P
762.4686	195.32	0.9803574431512942	-0.4731492318876862	C40H70NO9P
943.4653	297.59	0.9947676584343979	0.4466265119631648	
943.4653	299.17	0.8500079558283469	-1.6753939618109055	
945.4777	301.94	0.974744855770004	-0.5051259140486681	
945.4777	305.23	0.8500079558283469	-1.373147673643117	
769.5427	32.18	0.8675747976661385	-0.9593721060442474	C43H74O10,C50H72O6
806.4691	275.03	0.9534697969565854	-0.5686860934586115	C43H65NO12,C43H67NO13
772.4876	219.95	0.8798842423150327	-0.8996942570753957	C42H72NO8P,C37H72O11P2,C48H68O8
772.4876	285.04	0.9986426357730191	-0.3018027677993961	C42H72NO8P,C37H72O11P2,C48H68O8
773.4915	220.08	0.9986426357730191	0.08370307485733014	C42H72NO8P
953.1856	202.57	0.8886159978513828	0.7636998245752015	
809.4136	237.74	0.8675747976661385	0.976536726713432	
954.7519	565.87	0.8536911470898717	1.2812358950353908	C62H96O6
776.4824	230.65	0.8857936993933512	-0.8432139011272537	C39H66O14,C43H68NO8P
880.6342	298.25	0.9986426357730191	-0.37152090657311587	C46H87NO13
881.3762	155.4	0.8500079558283469	-1.3423640433142736	
881.3762	158.05	0.8500079558283469	-1.5272396268596955	
881.3762	159.89	0.8500079558283469	-1.5632548728413862	
812.5599	201.13	0.9715599962424748	0.5100801275298205	C46H80NO7P,C45H81O10P,C52H76O7
777.4857	230.52	0.9159582858469936	-0.6608246918978667	C38H75O12P
882.7954	616.67	0.91188776023949	0.6990370750473844	
814.5332	282.15	0.9986426357730191	0.2370759860179078	C45H78NO8P,C40H77NO12S
815.5379	290.96	0.9986426357730191	-0.21764405459040917	C47H76NO8P
783.4735	291.88	0.8675747976661385	-1.0937050833095043	C38H70O16,C38H68O15
889.5625	282.28	0.9986426357730191	-0.1809025274108609	C50H79O10P
784.4518	195.06	0.9592750435374096	-0.538174609926649	
817.7626	634.55	0.8886159978513828	0.7750883407965277	
785.4548	195.06	0.9986426357730191	-0.2040412514429575	
976.6466	227.33	0.8490997710068866	-2.70949119022279	C51H92NO13P
821.6617	308.66	0.8490997710068866	-2.588039923752081	C51H90O6,C53H88O6,C46H93O9P,C46H91O8P
1037.2796	254.75	0.9686574284612436	0.5170620041711236	
1039.2702	224.31	0.9986426357730191	0.34534034589679324	
1040.2905	224.31	0.9986426357730191	-0.15696252519653797	
1041.2939	224.31	0.9986426357730191	0.018641543497056476	
1042.6873	292.27	0.8675747976661385	1.0206794992073174	C52H97NO18
981.2167	216.41	0.8770560219747953	0.9033923286705531	
900.579	315.63	0.9986426357730191	0.09185521892549343	C46H87NO13
1054.3061	233.54	0.8500079558283469	1.4285678839960072	
1068.3214	243.42	0.9986426357730191	0.37299020651103465	
904.6924	211.15	0.8500079558283469	-1.7774247215231904	C51H101O8PS
995.2329	224.31	0.9986426357730191	0.3510843189218178	
995.6639	189.15	0.9922142374373576	-0.4509504891359775	
995.6776	103.72	0.9351224372146448	0.6106620967153894	
906.6607	314.84	0.8640094429808204	-1.2228044918201637	C52H90NO8P
996.2361	224.44	0.8886159978513828	0.7710436207019358	C41H49O27
1076.0291	347.55	0.9986426357730191	-0.4164559763843579	C68H131NO6
1082.3367	255.01	0.9980447993221737	-0.42696554806970893	C48H56O27
908.1779	287.52	0.999254134775076	0.007872246534088889	
908.1779	289.1	0.9986426357730191	0.10776216300421192	
1110.3677	270.83	0.9986426357730191	0.20291261420394688	
910.8262	640.23	0.8500079558283469	1.5258682297847774	
912.4443	294.9	0.9986426357730191	-0.12314890138828348	
1009.2486	233.27	0.8675747976661385	0.9827660685811183	
1012.2587	209.42	0.8675747976661385	1.0214198226418008	
1012.2587	224.04	0.8675747976661385	1.0877119622338736	
915.4516	295.29	0.9986426357730191	0.3389393493721262	C50H68O14
1151.7039	260.69	0.9986426357730191	-0.09681657871734124	
1155.7256	291.88	0.9986426357730191	0.2737668659106904	C57H104N2O21
1156.7283	291.35	0.9986426357730191	0.4116885371444425	C57H104N2O21
1023.2639	243.82	0.9986426357730191	0.3065237365038401	
1024.6651	275.67	0.9323092660612184	0.6156318723192685	
1167.7888	246.44	0.8500079558283469	-1.5701822325451924	
1168.7379	308.0	0.9572568379751938	0.5568495738540965	
1169.7134	291.22	0.8881635575484346	0.8151516487348341	
1026.2744	216.54	0.9986426357730191	0.29061570907362005	
1176.704	291.75	0.9986426357730191	0.41945969315787446	C57H104N2O21
1182.7795	244.74	0.9986426357730191	0.09671294220295741	
1183.7834	244.47	0.9686574284612436	-0.5171029357473462	
1029.0017	611.02	0.974744855770004	0.4994960783764037	
1194.8162	283.07	0.9986426357730191	0.028885845900545465	
1196.8222	283.07	0.9986426357730191	-0.16919199230709336	
1197.8253	283.07	0.9986426357730191	-0.0765474342231762	
1198.6859	291.61	0.9986426357730191	0.3048795294946039	
1198.7756	291.35	0.9986426357730191	-0.2521608531503392	C59H108N2O21
1198.8282	283.07	0.9803574431512942	0.47842611966054294	
1207.6342	291.22	0.9986426357730191	0.20714635130461295	C57H101O23P
1342.9249	332.32	0.8675747976661385	-0.9902765703067058	C68H129N2O20P
843.207	215.36	0.9156092766225609	0.6640385886320935	
843.5425	289.62	0.9983602042519918	0.42486848347949185	C52H72O8
843.5425	466.93	0.8500079558283469	1.4242356650455574	C52H72O8
843.5425	482.55	0.8857936993933512	0.8562415589522283	C52H72O8
843.5425	484.26	0.8886159978513828	0.7683919400534314	C52H72O8
843.5425	485.18	0.8675747976661385	0.9460045411682877	C52H72O8
843.5425	486.23	0.9986426357730191	-0.3224926108969526	C52H72O8
843.5425	487.54	0.9986426357730191	0.01920953732882845	C52H72O8
843.5425	489.25	0.9986426357730191	-0.16478896088441528	C52H72O8
843.5425	493.06	0.8500079558283469	1.4624113349821701	C52H72O8
843.5425	494.77	0.8971185172707852	0.7275512164978448	C52H72O8
843.5425	497.12	0.9986426357730191	-0.2006875071387717	C52H72O8
843.5425	498.17	0.8675747976661385	0.9849622307320484	C52H72O8
847.3324	287.92	0.9986426357730191	-0.11932342071646591	
848.5311	200.87	0.9970043671632309	-0.4343916161847742	C43H75O13P
1286.6696	207.45	0.9986426357730191	0.06427568405583195	
1287.6731	207.45	0.9986426357730191	0.16517354503651763	C57H105O28P
1288.6761	207.45	0.9986426357730191	0.09311077558250382	
851.3963	36.52	0.9803574431512942	-0.4805128379426214	
852.3999	36.52	0.9803574431512942	-0.4800705846762524	
856.5479	219.82	0.8490997710068866	-2.331418665432976	
1475.1604	383.93	0.8500079558283469	1.4395896999902198	
1579.9736	497.64	0.8675747976661385	0.9682793842596942	
1579.9736	499.22	0.8500079558283469	1.3619259275879623	
1579.9736	500.4	0.8769049899234465	0.9046512810014777	
1579.9736	503.93	0.8675747976661385	1.1088267604750968	
1634.5176	598.94	0.8882488002307073	0.7996867718679016	
1642.5654	598.55	0.9986426357730191	0.4213063101934599	
