m/z	rtime	p-value	t-score	custom_id
132.9453	151.74	0.5185802110367945	0.9309233781631657	
132.9453	206.55	0.12612151656851622	-2.541100040168971	
208.9731	28.68	0.23591420335717264	1.836335176231695	
174.9979	28.02	0.19321692162547488	2.0973823704369443	
175.0353	319.99	0.05606708061741255	3.78514235051095	
175.0433	299.5	0.795955070300662	-0.384184787681466	
209.082	35.24	0.9051454904650867	0.19565233808713062	
209.0968	31.96	0.5622858033008499	0.8403814218842479	C8H15NO4S
209.1543	29.99	0.38792809059176864	-1.2535570615234486	
209.1543	34.06	0.2966652495117417	-1.5574316324524984	
209.8334	1.7	0.13387945043808047	2.48085632279314	
175.839	142.49	0.31062811683565356	1.5033085272892173	
175.839	151.87	0.337380586937253	1.413412757359227	
209.9286	28.94	0.5139904313815253	0.9421875379243564	
210.0072	221.91	0.337380586937253	1.413346649601091	
210.1577	30.52	0.15033465179846997	-2.3703700005481196	C9H7NO4
210.1577	33.93	0.21967754454036606	-1.9489561879244415	
210.8419	141.57	0.07991735117556541	3.1926865087921925	
210.8419	152.53	0.05937979906639621	3.6627869830288353	
134.9425	152.0	0.8917795732886656	-0.2198437176000738	
134.9425	206.68	0.23983478508716924	-1.807398618197502	
176.0557	212.98	0.3390800743580078	-1.4016488087148071	
176.075	297.79	0.02929094256019611	-5.147636718643685	
176.075	313.81	0.03772597929586078	-4.638854437579408	
210.9912	301.21	0.4472296266073875	-1.101189283790227	H2MoO4
210.9912	372.04	0.6195050293946502	-0.7132191637747692	
176.8359	142.36	0.3817134981785256	1.2704119468353385	
176.8359	151.87	0.23752862942911618	1.822592832396207	
135.9015	141.04	0.287605104799495	1.5888738402463523	
135.9015	153.18	0.25360518687639727	1.7446105146063473	
211.0007	218.49	0.7603955564951119	0.45103500373212735	
80.9641	181.11	0.8513028480160183	-0.2828144828727306	
82.9531	34.59	0.4503227884461567	1.0877261657910933	
211.8849	153.31	0.8265370658620923	-0.32638746289144904	
177.9123	141.57	0.14441205460566683	2.4075074960888605	
177.9123	152.79	0.43748025218787945	1.1257948798610158	
212.0536	184.66	0.1308974511755468	-2.50347811550928	
212.0576	211.67	0.08754694346374095	-3.0564148683713563	
83.0492	247.18	0.05606708061741255	3.7919990817509	
212.8389	141.44	0.049437601349338244	4.003467448469368	
212.8389	152.53	0.06919663503931438	3.4093716882189358	
84.0444	194.96	0.11458536923823202	2.650980334555874	
84.0444	212.06	0.9136549417847928	-0.17455173194387102	
84.9501	34.72	0.46285213824026916	1.0520938939118138	
87.0441	194.57	0.27952892185617517	1.6269201155847604	
138.8592	149.61	0.09705425449882263	-2.8490332354652557	
138.9059	1.44	0.1490010951483514	2.382632122505716	
179.0554	282.3	0.6545784797856949	-0.6459055270754078	
179.8401	141.7	0.859959808248994	-0.2707609323465145	
179.8401	152.53	0.9111261831133797	0.1799969871977382	
139.0002	241.27	0.7857087003220734	-0.4045564176105974	
179.8819	367.18	0.0355349280543164	4.756015400383912	
213.8832	41.28	0.24336293345918866	1.7926610764271402	
213.8832	41.94	0.8188980006065447	-0.345026129734351	
213.8832	43.52	0.7809084051982105	0.41178053958427113	
214.0482	298.85	0.07649590483143882	3.2556670929246474	
140.0108	298.71	0.12935824861888912	2.5142343850604636	C8H8O4
180.8821	367.18	0.05937979906639621	3.649489203977618	
215.0514	298.98	0.05587101224293902	3.8441958445625866	
215.1034	288.87	0.060372996927456325	-3.6101078491139718	
93.0335	33.8	0.04431011353781773	-4.31288198354284	
215.1397	172.81	0.049437601349338244	-3.999506905147247	C6H11FO6
181.071	194.57	0.0799501734463415	-3.189135872385073	
215.8604	142.36	0.6191416042383505	0.7198301227221507	
215.8604	152.13	0.05606708061741255	3.7976197558275384	C5H4O4
181.8368	141.83	0.05768133046421973	3.728103372935583	
181.8368	152.13	0.09463851934189052	2.9024274159318852	
181.9853	277.97	0.5694967668559341	0.8240950562083195	
216.0513	298.98	0.13560691996152865	2.4674423562478176	
142.9432	206.94	0.3714175487051482	-1.2995827411298486	
216.0986	307.64	0.02929094256019611	-5.197230266407218	C7H6O5,C8H10S2
182.0454	33.93	0.9449767765942254	-0.11969738849919838	
182.0745	194.57	0.0738271921849722	-3.3132837872235794	
96.921	141.96	0.3161022966128471	1.4833366104399361	
96.921	152.26	0.05606708061741255	3.79708256252475	
143.0054	207.07	0.9858549219446837	-0.022300366460983694	
216.9185	366.92	0.049051280588769085	4.08810794880484	
96.9679	366.13	0.0889907181708085	3.005798205767679	
96.9679	369.02	0.6142657347873457	0.733026336690899	
183.0041	26.05	0.9560815153938386	0.09259447636395512	
183.0112	27.5	0.22846351069335608	1.892148888736491	
217.0126	194.3	0.17739816173544545	2.189790424453718	
217.0171	30.52	0.27083843318851314	1.6688909648111554	
217.0171	58.02	0.4926552751261801	-0.9879153202550616	
217.0481	194.57	0.04595932219467947	-4.235970619459425	
97.0648	27.37	0.9449767765942254	-0.11843015517835585	
143.9776	206.68	0.5771351732403097	-0.8053764871425124	
143.9904	219.41	0.20238201391139937	2.0394476915373283	
143.9904	226.37	0.06484208863207343	3.489372268763331	
217.0826	218.36	0.2983516474912035	-1.5496402378772882	
217.0826	361.67	0.00624749169417933	-10.862104962632099	
97.9762	206.68	0.496126482012743	-0.9772178115277254	
217.1383	401.22	0.09248301755871702	-2.941107359130032	
217.8497	141.04	0.36320505766577804	1.3252550484994168	
217.8497	151.08	0.3199859610077038	1.468466272515484	
217.8497	153.18	0.23295051661293886	1.8506768253295318	
217.8577	142.23	0.9560815153938386	0.09211130639414375	
217.8577	152.0	0.07952020455676695	3.2017863088881278	
144.8687	142.23	0.16944871598194947	2.238902305334704	
144.8687	152.26	0.0734418909276918	3.321023993601107	
144.9036	353.4	0.02929094256019611	5.211385844631702	
218.0221	208.38	0.09587520723267898	-2.880582742620955	
98.948	23.29	0.3722366823164432	1.2968193418160412	
218.0515	194.57	0.11787181454806406	-2.6227381947439374	
218.0667	287.03	0.8838525659831136	0.23390040692416458	
218.0779	334.2	0.03054125552303366	-5.058858666133979	
218.086	361.8	0.02329047723475136	-6.278463933951504	
144.9724	206.68	0.6237031305771964	-0.7062845672340448	
218.103	182.16	0.9835954209806919	-0.032525434961313035	
144.9784	206.41	0.3532593271107432	-1.357158504016153	
145.0246	194.83	0.3736411579068718	1.291775521818714	
145.0246	214.56	0.34886027709137996	1.3729944317144183	
218.9882	1.83	0.1725152100390186	2.2170353703319643	
145.9759	206.81	0.8280341888564995	-0.3233855058908411	
146.0167	273.77	0.15462539409101492	2.345978422935343	
146.053	247.44	0.9136549417847928	0.1723386973154872	
146.058	277.31	0.425946494159392	-1.150730428857478	
219.0192	208.38	0.16477344420892673	2.270018943221521	
146.0813	182.16	0.7777324523338229	0.4186660795752212	
219.0451	194.83	0.044182621256505406	-4.339408215341493	
219.07	287.03	0.2797774044248586	-1.62362989502427	C29H37NO5,C22H34FN7O4
146.8658	142.23	0.17150872003384268	2.2283419334174694	
146.8658	152.26	0.049437601349338244	4.058831584573421	
219.1063	182.16	0.496126482012743	0.9768072634782534	
101.0709	301.08	0.034068041867040745	-4.881669001443334	
185.0561	235.99	0.08435132045833338	-3.0973166619900385	
185.0561	354.32	0.1534207961432387	-2.3535930875659035	
219.8451	152.92	0.18766515079663465	2.136091767894188	
185.0925	290.18	0.026503577023752445	-5.585756563618758	
147.0652	277.44	0.3317496129284634	-1.4336593969870668	C6H6N2O4
147.0666	198.9	0.7482971864823745	-0.4752108294487411	
104.006	195.48	0.6037142724259301	0.7510988293304912	
148.8628	141.96	0.2242674224858039	1.9173910308297457	C11H22O3
148.8628	152.26	0.17739816173544545	2.1914580721189263	C11H22O3
149.0268	273.77	0.08770211002629653	3.041727974569993	
187.0217	227.82	0.05768133046421973	-3.7266489059899093	
187.0718	232.44	0.1938973160099546	2.0915307294064265	
187.0718	308.96	0.9775925618556366	-0.04398312461094809	C5H9NO3S
220.1465	26.18	0.5794583297504314	0.7939955497462625	
150.0301	273.77	0.08770211002629653	3.040527939419983	
150.0412	142.23	0.03427182102254366	-4.8453219646717685	
187.884	141.7	0.5190844306189484	0.9290925086324742	
187.884	152.53	0.1109829027164565	2.6895952225366972	
150.8858	141.57	0.11458536923823202	2.650326624442138	
150.8858	152.53	0.08770211002629653	3.041109693013845	
150.987	49.56	0.8917795732886656	-0.21866529576357463	
151.0253	119.42	0.09794593873260148	-2.833658062916272	
188.0457	175.96	0.0637845882615331	-3.539182975409875	
151.8732	151.48	0.63449111266391	0.6822296297554433	
220.845	141.31	0.7373486470816657	0.49762948735060264	
220.845	143.67	0.02299291997822204	6.61816665995145	CaO2
220.845	150.95	0.08104811890923735	3.1593119704990613	
220.845	153.18	0.425946494159392	1.152535730964686	CaO2
152.0287	119.55	0.20771531826999148	-2.007974568571677	
188.0559	300.81	0.9758329142012349	0.048705918650051715	
188.067	315.39	0.04520808635054484	-4.262900904062049	
188.067	339.84	0.00624749169417933	-10.947269960476058	
152.0547	214.03	0.07732380365802835	3.2359367682358644	
152.8828	141.57	0.2315249520707753	1.8692381666508515	
152.8828	152.53	0.06530051957949926	3.4796721707850997	
108.9009	142.09	0.2983516474912035	1.5517005004460416	
152.995	194.43	0.31637107965538885	-1.4803519757408454	
152.995	212.45	0.02329047723475136	-6.292618414088633	
152.995	264.28	0.04358585774008873	-4.42960039017608	
221.0039	241.14	0.425946494159392	1.1501480201160177	
188.981	193.65	0.05606708061741255	3.7846864548098895	
221.1544	24.87	0.2670515084697453	1.6931193520176377	
221.8421	152.92	0.09614052974277074	2.870984597147492	
189.0334	163.98	0.12250761839488966	-2.5771088072161086	
189.0591	300.68	0.09088474192496543	2.9684225337033285	
222.044	192.07	0.268160657558127	1.686398197986128	
110.044	214.69	0.27083843318851314	1.6672284144467666	
110.8979	141.96	0.7777324523338229	0.4203538809258799	
110.8979	152.26	0.3161022966128471	1.4841140485386983	C8H6O4
189.8812	141.7	0.5771351732403097	0.8029487547849936	
189.8812	152.26	0.48858567811737885	0.9987299389591059	
222.0962	173.47	0.00753894192309152	-9.31390077962514	
110.9747	38.0	0.38792809059176864	1.2545369213197992	
222.7975	141.04	0.26593897184724646	1.7016224626267331	
222.7975	152.92	0.0734418909276918	3.3270859054458657	
154.8799	141.57	0.09744486429473888	2.843447600686981	
154.8799	152.53	0.05606708061741255	3.8139755386784446	
222.842	152.92	0.4810566502665696	1.014239935281254	
111.027	380.18	0.425946494159392	-1.1530370143448523	
223.0281	141.57	0.1069027437437441	2.7289543216814405	
111.0553	164.11	0.05958553070389442	-3.629725119426013	
154.9648	259.03	0.20217277422046148	2.0434045296818604	
190.0908	295.3	0.05768133046421973	-3.7270662124177236	
223.1337	25.13	0.21606576615546524	1.9670668013821355	
223.8391	140.91	0.8772913734722948	0.24555937314552317	
223.8391	143.67	0.06161180985351749	3.580426103076887	
223.8391	148.95	0.1677723273527363	2.253284280233431	
223.8391	150.82	0.15761281553979833	2.318919315374734	
223.8391	152.92	0.0734418909276918	3.3374895070026294	
112.9362	349.46	0.5516201715763175	0.8624206678997944	
223.9786	1.44	0.09463851934189052	2.8980940653507683	
224.0229	222.17	0.28933854528718445	1.5820703537301557	
224.137	25.26	0.2315249520707753	1.8613486123265313	
155.0453	163.85	0.09463851934189052	-2.903805500171252	
191.0556	377.56	0.6267511039244906	-0.7009806415547746	
155.0817	230.87	0.2315249520707753	-1.8650791747397972	
155.0817	260.6	0.23857931455514259	-1.8180176398737935	
225.0237	221.91	0.24336293345918866	1.7935278831474488	
156.0294	299.76	0.9449767765942254	-0.11895248680669968	
225.0991	363.64	0.006651570675272252	-10.01594045412994	
114.9888	28.68	0.22017991688377875	1.9412089141470865	
115.0503	309.09	0.9774339855486243	0.045413841485702204	
157.0247	217.44	0.19053795837266746	2.117507528831415	
115.0866	293.46	0.30538980734545046	-1.524125421425368	
157.8619	151.35	0.4503227884461567	1.0862538482468869	
157.9304	194.57	0.18695214503984828	2.143144349687926	
226.9364	206.81	0.5321623148853761	-0.9004671171721291	
116.0028	142.23	0.08100111766368187	3.1700727218372013	
116.0028	152.0	0.049051280588769085	4.099894790633862	
116.006	301.08	0.3074472032239943	-1.516804992544392	
157.9932	206.68	0.5694967668559341	-0.8234821429548905	
192.9548	207.73	0.22948629289954228	1.8871599792512117	
227.0647	276.39	0.425946494159392	-1.1496593188028763	
193.0647	275.21	0.00624749169417933	-10.869217674811342	
193.0864	25.92	0.409906162908596	1.1985487492248472	
193.8151	141.96	0.3532593271107432	1.357321563250162	
193.8151	152.0	0.16868797458332688	2.247529757582291	
117.074	212.06	0.1069027437437441	-2.7321200145982245	
228.9963	379.4	0.49535193709898073	0.9814541951290189	
228.9963	396.37	0.6191416042383505	-0.7153779010196313	
158.988	206.68	0.6037142724259301	-0.7520781679672848	
118.0	142.23	0.23595137768810878	1.8315851181395686	
118.0	152.0	0.10852027154415297	2.7119168580678044	
229.0828	361.14	0.9083383471509365	-0.1858349353109163	C9H10O4
194.9362	367.18	0.5396314600824664	-0.8848635386845223	
159.0766	293.59	0.04030591403537487	-4.519665155712596	
119.0226	241.4	0.9041026027129374	-0.19812122020591977	
230.1144	277.7	0.20604633201671818	-2.018531072905659	
230.1144	281.25	0.8018835633271287	0.37415217707258186	
194.9881	222.17	0.11737646183150754	2.628025494953503	C9H6N2O2
230.9314	1.96	0.038178310681319494	4.6140865490658145	
231.0282	194.3	0.4393965855764384	1.1202649025908566	
231.062	308.96	0.18679073928470386	-2.145484305871376	
159.9914	206.68	0.43997878139536084	-1.1181681791716047	
231.0984	334.2	0.02929094256019611	-5.246195856382762	
231.8103	39.97	0.7373486470816657	-0.4968654278447279	
160.0243	316.44	0.7166945210819389	-0.5323326648991675	
160.0607	170.45	0.8228397851687804	-0.3321836063415512	
160.0607	193.65	0.9488354985610107	0.10988250826749081	
195.9915	334.59	0.06807551005772491	3.4378697679168186	
160.0799	293.59	0.037130905575411134	-4.694147305129098	
196.0612	380.18	0.5135482648346519	-0.9440452009902331	
196.8107	152.0	0.20771531826999148	2.008939199386853	
196.8764	152.92	0.4604108971146418	1.0620431952311975	
196.8848	367.45	0.049437601349338244	4.008358062487516	
196.8864	141.7	0.4927484392468255	-0.9867188154304534	
196.8864	152.53	0.8395040220145915	-0.3022047633306712	
160.9921	207.07	0.5392578269332712	-0.8885526521417143	
161.0449	242.59	0.19937982201724203	2.056677618092964	
161.0449	245.61	0.08801791478307636	3.029168532012948	
121.0317	245.87	0.05768133046421973	3.715981899604906	
161.8749	39.84	0.7615900773310097	0.44842459018605585	
122.0213	219.68	0.044182621256505406	4.388270308262771	
122.0213	225.72	0.3973619852690006	1.228769975419694	
162.0592	315.0	0.02365539859091815	-5.989206983868447	
233.0969	316.31	0.22124054048897265	-1.936226037126875	
233.8081	39.84	0.49591519581086396	0.9794989475804149	
233.8535	141.44	0.6466643418068125	0.6588507908959628	
233.8535	143.14	0.373414294292989	1.29333774195665	
233.8535	152.66	0.6752747597968805	0.6031558759114233	
197.1541	27.89	0.22317491323674996	1.9284337582605828	
197.7569	152.13	0.5771351732403097	-0.8035094825433886	
234.0811	372.17	0.06439506311023498	-3.502962266293371	
124.0063	217.97	0.337380586937253	-1.4119517561664514	
234.8505	152.66	0.36573588256530565	1.315593698840348	
163.8959	141.44	0.9563888107239473	0.08808339429433885	
163.8959	152.79	0.5771351732403097	0.8019629105170986	
163.928	2.62	0.10852027154415297	2.708681718799412	C8H15N3O4
198.0742	211.8	0.08100111766368187	-3.166104683433896	
198.0742	219.81	0.04520808635054484	-4.258275916847665	
198.8079	151.87	0.1901901797672177	2.1218529024432318	C10H17NO4,C11H13N5
198.8735	141.04	0.355418207392279	1.3449631520628866	C9H18N2O4
198.8735	152.66	0.7644680131711808	-0.4426455083722604	C9H18N2O4
235.0196	195.22	0.1261278205572478	2.534978098720812	
235.1086	137.86	0.02549519172892976	-5.733785510521603	
235.1086	142.09	0.6284762232781439	0.6954679471397074	
235.1086	151.87	0.08435132045833338	-3.10003577596865	
235.1086	182.16	0.4013174041995549	-1.2190542737589418	
164.8384	141.83	0.3115290480276408	1.497591890553088	
164.8384	152.53	0.08124157677383796	3.154308013266826	
235.8505	141.18	0.6749502347832702	-0.6046987333865379	
235.8505	143.8	0.5762429051344381	-0.8104616556283503	
235.8505	152.92	0.7708122065752319	-0.43119362948347484	
235.926	2.62	0.05606708061741255	3.8178486185473433	
165.0185	260.34	0.1610506794343021	2.288481197799808	
165.0185	261.79	0.6807138779927027	-0.5927631866832063	
126.904	29.99	0.6407308714948052	0.6691187666820176	
199.0067	31.96	0.7166945210819389	0.5326600890545049	
199.0219	241.27	0.337380586937253	1.414698719283534	
236.0233	371.65	0.05937979906639621	-3.6501609816896434	
236.0604	192.6	0.0355349280543164	4.779072973564382	
236.0604	195.88	0.044182621256505406	4.352153818789418	
127.0754	194.57	0.20244393238244668	2.0376273213301848	
236.8477	152.66	0.6191416042383505	-0.7200477582220011	
199.072	214.56	0.049437601349338244	-4.031832374134082	
199.8495	41.28	0.9563888107239473	0.0888254648972792	
128.9585	206.68	0.8196725480750091	-0.3390720489183954	
236.9987	28.02	0.18160648150622088	2.1710520554241413	
128.9981	141.83	0.08770211002629653	3.0435714692281755	
166.0502	47.72	0.0734418909276918	-3.324475097201453	
237.0878	203.92	0.23196554253615673	-1.8561539442519115	
237.0878	217.84	0.09705425449882263	-2.85426190158846	
129.0377	324.98	0.355418207392279	1.3451833871894843	
166.8351	142.09	0.33529763216485364	1.4246325302746536	
166.8351	152.26	0.03767288536284721	4.657614500962026	
237.9303	2.75	0.06398397882686774	3.524312541680471	
237.9521	209.96	0.809973280540606	0.36109613593859125	
129.1023	244.56	0.04520808635054484	-4.259490339806003	
129.1023	259.82	0.3284875712087078	-1.4444561834338647	
201.0876	307.38	0.02299291997822204	-6.693131741617747	
130.9952	142.09	0.287605104799495	1.5886358203606743	
201.124	194.43	0.1966368596566958	-2.0731827476561953	
167.8333	142.36	0.12250761839488966	2.5787568405741994	
167.8333	152.26	0.044182621256505406	4.339230248353056	
131.0533	184.39	0.21423974922063815	-1.9762859053998139	
202.0352	330.91	0.07732380365802835	-3.235253860831231	
239.0771	282.43	0.5835122870740087	-0.7853750448876067	
168.0295	362.19	0.6726149852608423	-0.6099357723553823	
132.0373	194.57	0.2957026850495292	1.5634712095417933	
202.0717	291.36	0.9136549417847928	-0.1721497951226174	
202.1273	194.3	0.19321692162547488	-2.0995205005051485	C7H14N2O4
168.8313	152.26	0.04809253722469999	4.180565840320505	C12H16N4O2,C11H20O6
263.0973	199.16	0.0879778559041194	3.035219363413646	
203.0015	30.65	0.15024456002514303	-2.3734470965305507	
263.8895	153.18	0.0889907181708085	3.007651690264208	
240.952	206.68	0.5264882582335152	-0.9144341205252517	
203.0821	161.49	0.35308674859176253	-1.3598557759716654	
241.0111	319.59	0.04377087541401957	-4.407335356076632	
241.0496	277.44	0.2902120695971013	-1.5783723968217958	
203.7985	152.26	0.4604108971146418	1.0573042486800086	
169.8332	153.31	0.5135482648346519	-0.944403766457073	
241.1082	27.23	0.2763070395137337	1.63773237577439	
170.0426	254.93	0.09119398994695788	-2.9631150331645273	
204.0509	287.82	0.5771351732403097	-0.8025487537454149	
264.9503	141.18	0.4173473880952619	1.1793486402243525	
241.1444	28.02	0.23752862942911618	1.8232000019873162	
204.0854	161.62	0.5396314600824664	-0.8864198398439008	
204.1066	260.47	0.24519717548912148	-1.7831453711743936	
264.9975	3.67	0.09705425449882263	2.8550029717524343	C10H16N2O7
170.8284	141.96	0.4503227884461567	1.0872840808221755	
170.8284	143.67	0.20952592028190614	1.998573014482336	
170.8284	152.0	0.09395130159331902	2.9216840821473977	C9H14N4O6,C12H13F3N2O2,C11H16NO7
170.8357	148.69	0.8838525659831136	0.2345779506247198	
170.8833	40.5	0.5794583297504314	0.7937705250828084	
170.8833	43.39	0.890610177010281	-0.22312883458374266	
265.0251	207.73	0.08770211002629653	3.0432589350681716	
265.0831	261.13	0.07649590483143882	-3.2538562930405197	
265.0943	273.11	0.08435132045833338	-3.1012430558485846	
265.1195	155.15	0.02329047723475136	-6.291278413119978	
265.148	25.53	0.2299245428221495	1.8831485560523007	
265.9197	367.05	0.0355349280543164	4.7674729713570025	
205.0648	241.93	0.02365539859091815	-5.990201427987662	
171.0114	34.32	0.13762158961641197	2.450686922294505	
242.0783	319.07	0.0889907181708085	3.0038209280524106	
242.1145	315.39	0.02929094256019611	-5.3412745115410445	
242.1509	408.08	0.15761281553979833	-2.317741349586252	
266.1515	25.53	0.23591420335717264	1.838580555257634	
242.1761	34.59	0.15761281553979833	2.3208744222363933	
266.804	141.57	0.3532593271107432	1.3548406659295793	
266.804	152.66	0.37106044837812274	1.3014143937923666	
242.9502	206.68	0.5421551442627953	-0.8799805355111787	
205.8392	141.7	0.07227339283615003	3.366587473444132	
205.8392	152.26	0.30955395842035516	1.508208489030311	
266.9951	213.77	0.4152394372364451	1.1864861766868555	
206.0573	357.47	0.049051280588769085	-4.115819802360762	
206.0858	301.08	0.034068041867040745	-4.883576936139287	
171.9647	194.57	0.160979623417147	2.290618808955497	
171.9647	214.03	0.2456122620591085	1.7805643568504017	
206.9352	158.47	0.09020756123778716	2.9844377889173725	
172.0145	34.32	0.3817134981785256	1.272985933348281	
172.0145	227.56	0.13387945043808047	2.48244661850817	
267.0988	234.02	0.9578296773933799	0.07870238509592097	
172.0354	270.35	0.00624749169417933	-10.549470370178875	
243.0986	357.34	0.12087178512314588	-2.5934280065154582	C8H17N5O3
172.0608	380.18	0.5148542462728208	-0.9388584210441537	
243.1794	34.59	0.2260604045464932	1.9098421507365657	
172.0689	194.83	0.21996947667507738	1.9464685041965601	
172.0689	215.47	0.9563888107239473	-0.08603622394668048	
268.1022	234.02	0.02365539859091815	-5.96441248589683	
244.0316	192.33	0.04358585774008873	-4.428629062813613	
268.8011	141.44	0.15761281553979833	2.3160698167803924	
268.8011	152.79	0.049437601349338244	4.044400123764148	
172.8416	142.36	0.2746474112145051	1.6471703357248602	
172.8416	151.87	0.19557614935090992	2.080362858520507	
244.1133	219.55	0.3476583267087803	1.377066365788963	
207.8363	141.7	0.05573528156204307	3.855682421934985	
207.8363	152.26	0.7107966693125679	0.5464232395017925	
244.1414	385.17	0.0355349280543164	-4.746997142518646	
244.1665	362.85	0.0390864068583576	-4.567028014696155	C12H21NO6,C13H17N5O2
172.9671	148.69	0.11488416216850526	-2.6462188285520867	
208.8447	141.57	0.08435132045833338	3.1047524850861237	
208.8447	152.66	0.22017991688377875	1.9418330887312005	
269.1397	25.66	0.24963873328002598	1.7607104252497505	
269.1397	29.2	0.9578296773933799	0.08100509806437983	
269.1397	34.46	0.2966652495117417	-1.5576737800265188	
245.0431	264.28	0.02365539859091815	-6.095674450618225	
245.0778	290.44	0.0889907181708085	-3.0106724749888993	C12H21N3O6
245.0778	306.33	0.8352863928563294	-0.3108737936072554	
173.056	233.63	0.6375538137351375	0.676623731117677	C12H22N4O5
245.1142	308.3	0.02365539859091815	-5.961177564660254	
245.1142	313.68	0.02929094256019611	-5.189913304540864	
173.8419	142.62	0.5516201715763175	0.861132960725956	C17H34O4
173.8419	151.87	0.19803764847519156	2.063175856182788	
291.9508	44.96	0.6919095599680147	-0.575665621284564	
292.0109	222.17	0.5897262442739666	0.7753218163885638	
292.0871	341.45	0.22948629289954228	-1.885989201005485	
292.1305	193.38	0.07414547083727412	-3.3063135279449534	
292.1669	276.13	0.12378930208248014	-2.5652199482643048	C6H9O9P
270.7981	141.83	0.567858057251513	0.8290147574319642	
270.7981	152.79	0.09422772830497422	2.9142379383388035	
246.0464	264.28	0.02929094256019611	-5.142373627126912	
246.0618	352.48	0.07559328591545891	-3.2746605498128907	
246.1007	214.42	0.20329454515606238	2.0314115441402967	C8H13NO7
246.1095	307.64	0.030432926559120735	-5.07536901510039	
174.0957	244.56	0.048456324200906765	-4.159652843411277	
174.1069	364.95	0.030573755386535038	-5.045061580225151	
246.8478	141.44	0.9858549219446837	-0.024176420903013456	
174.8388	142.62	0.23591420335717264	1.8367760168041027	
174.8388	151.87	0.2315249520707753	1.8649372023693742	
319.0945	250.73	0.05573528156204307	-3.858443579009909	
319.0945	253.35	0.06398397882686774	-3.528226024235131	
271.0574	362.33	0.1693127746931232	-2.241266216496611	
292.9831	28.02	0.28683983747208514	1.5930430956861834	
271.0816	364.95	0.054212121929712774	-3.8977787075093633	C9H10O4S
271.0959	194.96	0.09794593873260148	2.8312414820712277	
271.0959	214.69	0.3532593271107432	1.3539226607494617	
271.0959	218.23	0.626976752743776	-0.6985982824097781	
319.8272	153.45	0.26877808459756336	1.6834263931950184	
247.0473	264.28	0.09557165766107092	-2.88552271199321	
293.0119	221.91	0.4152394372364451	1.1865073986549455	
247.0935	359.57	0.00624749169417933	-10.337420822556192	
293.045	305.8	0.9188592639128695	0.16350289144854085	
293.045	391.61	0.028348382779963748	-5.457392634552804	
247.1015	214.42	0.18910499985490836	2.128038665410887	
293.0541	366.53	0.049051280588769085	-4.101347682249001	
293.0541	367.84	0.026503577023752445	-5.59314631636849	
247.1128	307.91	0.03363145303213451	-4.924769302218591	
293.0634	364.69	0.05772440989743345	-3.705962275031437	
293.1144	284.53	0.05937979906639621	-3.6490978171027253	
247.1493	388.72	0.049051280588769085	-4.08982323115114	
247.1493	389.9	0.05273661060938638	-3.927376179056084	C11H15N3O3
320.0271	276.79	0.3653278511666947	-1.3175433606523057	
320.1727	243.9	0.47245286812688875	-1.0316951440095417	
247.9828	2.62	0.05937979906639621	3.641381035690057	
294.1179	284.53	0.05606708061741255	-3.8037091124298668	
320.9974	211.4	0.05768133046421973	3.7204786308514195	
321.0234	276.92	0.45571193581486297	-1.072720287362613	
321.0493	277.84	0.5321623148853761	0.9005111636455174	
272.9141	367.45	0.6759278252826113	-0.6002602089764433	
294.9345	314.34	0.20469001180599922	2.0248838316885007	C11H12N2O4
294.9345	317.23	0.08310472743162094	3.1333448201904095	C8H16N2O4S
321.824	140.65	0.6301717297605208	0.6920662903913101	
321.824	153.45	0.5150477996423451	0.9375122601848819	C10H14N2O6
273.0383	325.63	0.10049336309627975	-2.789391117059405	C12H15NO4
295.0936	317.36	0.02929094256019611	-5.219434852683478	
322.0091	192.33	0.023302317444332282	-6.243623594007468	
295.1128	256.93	0.02929094256019611	-5.140805806781786	
249.055	311.84	0.2810644640413377	-1.6177883114533629	
295.1375	27.89	0.7553738422120929	0.4628617695897121	
273.1207	329.7	0.06439506311023498	-3.5103403500682235	
273.1347	28.42	0.9535209547423794	-0.10098142952419306	
249.0913	197.06	0.5656375895080127	-0.8333349011452931	
249.0913	201.42	0.10852027154415297	-2.714081529663081	
295.2279	28.15	0.6591766654773099	0.6385836715239762	
273.8703	1.3	0.08104811890923735	3.161115151809355	
295.8274	154.1	0.9488354985610107	0.11027417460218061	
249.9418	3.93	0.08100111766368187	3.166058647916457	
274.1199	162.41	0.07489723689453154	-3.291246811127477	
250.0455	192.46	0.1689187022494765	2.2447459190689085	
296.0517	298.98	0.06398397882686774	3.5287299544050494	
296.097	317.36	0.03427182102254366	-4.843858400837928	
323.9005	154.1	0.5785210157812195	0.7978154976769183	
297.7343	1.3	0.08683587963752629	3.068666779139855	
275.0887	392.66	0.4503227884461567	-1.0864391340548216	
324.9136	206.68	0.728077980707109	-0.512129250001909	
251.9824	2.75	0.05524167869033649	3.875912516526651	
324.9912	366.92	0.08799896723944456	-3.032178642506245	
324.9912	367.58	0.05772242509056739	-3.7106710506856992	
298.2469	27.89	0.26893560082319606	1.680671908761061	
325.0339	364.3	0.751841932959901	0.4695596561411965	
325.0906	192.33	0.05937979906639621	-3.6453951997539336	
252.107	178.59	0.06439506311023498	-3.503611620864394	
276.092	387.14	0.4720374388608486	-1.033439598738741	
276.092	392.66	0.3648005477075948	-1.3208556659065849	
299.0706	161.49	0.5308182891475266	-0.9046172146457068	
299.1137	36.43	0.22379754293460713	-1.9242798987979703	
276.9917	222.17	0.23196554253615673	1.8551526560700529	
299.8662	152.79	0.6152787860255017	0.7305594857267455	C12H25N5O3
277.0867	214.42	0.17623474749520557	2.198046151234391	
277.0867	295.43	0.07559328591545891	-3.2735120284186845	
277.0867	316.05	0.06774960117738138	-3.4456473854507452	
326.9888	324.06	0.22379754293460713	1.9204015813027289	
326.9888	326.95	0.15827040944691076	2.30664650615856	C6H12FO8P
277.758	1.44	0.7882442039175457	0.39915172792794396	
253.0865	287.03	0.686235452924411	-0.58430160670972	C9H14N2O7
253.0865	305.54	0.28683983747208514	-1.5951538421634324	C9H14N2O7
299.9606	2.75	0.07464851618826565	3.297391510705021	
300.0012	420.78	0.7107966693125679	0.5464612873326518	
253.1446	29.73	0.5491818584951569	-0.8672626331030387	
253.1446	34.06	0.33123339645847966	-1.437143000631301	
253.8268	152.79	0.7269497534663124	0.51467306426174	
300.1066	182.69	0.3476583267087803	1.377637015322631	
300.503	420.78	0.795955070300662	0.38388490081681065	
300.8194	154.23	0.19321692162547488	2.098455195202192	
278.0436	208.38	0.037178130392813695	-4.682729657070663	C9H13NO8
278.055	159.39	0.0883382143903042	-3.023514726998838	
253.9551	2.75	0.1126187463398644	2.669815424497749	
278.1147	190.46	0.0355349280543164	-4.764664709829412	
278.1147	196.14	0.02299291997822204	-6.630940970569823	
278.1147	198.77	0.044182621256505406	-4.332759531214633	
254.0799	182.29	0.712133768889348	-0.5404443878119746	
328.0229	192.46	0.4912048582336001	0.9923656701420928	
254.148	29.86	0.2260604045464932	-1.9047168090807016	C10H13NO6
254.148	33.93	0.21928323032229985	-1.9519670213006246	
254.8265	152.79	0.5794583297504314	0.7923246898147562	
301.0034	420.78	0.24893965188533157	1.7640819427894288	
328.4841	146.33	0.2810644640413377	1.61838807336845	
301.0224	209.57	0.4503227884461567	1.087797242346902	
301.1307	201.16	0.12087178512314588	-2.593392779108825	
254.9037	367.05	0.7809084051982105	-0.4125184206476048	
301.1519	293.46	0.02189117030889198	-6.832674402098448	
254.9678	206.81	0.45365386545695796	-1.0773208966182448	
301.8632	152.92	0.9083383471509365	0.1882872332013933	
279.0987	284.4	0.044182621256505406	-4.363828082074264	
329.0225	192.07	0.8340889996480636	0.31349768632881947	
279.1352	157.42	0.02329047723475136	-6.325216494090087	
279.1352	171.5	0.24984320737008964	-1.7587763409239061	
254.991	341.05	0.044182621256505406	4.363378919965826	C19H14O2,C13H20Cl2N2
279.2331	27.1	0.3954687914043515	1.2334899569816746	
255.0883	121.52	0.11188287419964466	-2.6769207482769244	
279.8665	153.45	0.3183078199138408	1.4735101474511394	
330.0192	192.07	0.355418207392279	1.3448134306720667	
330.123	194.57	0.011727407873086354	-8.443553060133562	
302.1003	160.04	0.12612151656851622	-2.543067551551327	C11H18N2O5S,C19H14O3
302.1003	316.83	0.1649819548430038	-2.2672930680331382	
302.1003	318.94	0.9698445633524178	0.060088049115414786	
302.1188	195.09	0.1941705639162648	2.0872184401703926	
302.1471	422.09	0.1874411657753225	-2.1395422803288175	
302.1553	212.06	0.2637281641017159	-1.7089907714450652	
302.1691	25.0	0.2260604045464932	1.9036194331282812	C8H10O8S
330.9191	141.31	0.9840024180896493	0.029531646188058345	
330.9191	146.46	0.3532593271107432	1.353848283132161	
330.9191	147.11	0.17620897373177352	2.199899299803615	
330.9191	150.27	0.4604108971146418	1.0579746282292481	
330.9191	152.66	0.3954687914043515	1.2353843772536728	
302.5336	356.15	0.3232769157296702	1.4585860462840372	
302.8268	370.07	0.9563888107239473	-0.08584609274059372	
330.956	210.75	0.6726172483056313	0.6088931571449914	
255.9712	206.81	0.31062811683565356	-1.50328236688169	
331.109	195.35	0.337380586937253	1.4119378469148876	
331.109	214.42	0.6601277752829501	0.6352089024786451	
331.1261	258.24	0.04431011353781773	-4.31990232689029	
331.1261	369.55	0.006201284049381032	-14.815814370747205	
331.1261	383.47	0.04365673709228233	-4.418391931972959	
256.1303	308.82	0.028664521203870343	-5.409544072168926	
256.8219	152.79	0.9858549219446837	0.022185630524285866	
281.1145	201.03	0.02929094256019611	-5.2711242858984635	C14H20N4O3S
281.1145	204.05	0.09397094574770097	-2.9189236219174437	C15H15N7O2
281.8636	153.45	0.23952563996441614	1.8136816318430462	
303.0963	173.47	0.017154226608478203	-7.675584470879065	
303.1312	317.1	0.02365539859091815	-6.036202481250219	
332.1253	282.04	0.19397924148145948	-2.0895763216144654	
303.1627	25.0	0.1901901797672177	2.120514608659687	
282.0845	171.63	0.05822905243185623	-3.6939689727030816	
256.9659	206.81	0.35249844742350955	-1.3622313794377015	
303.9136	1.57	0.10049336309627975	2.7979421246444454	
332.9529	204.84	0.10028985528431306	2.807992227699403	
332.9529	209.96	0.06439506311023498	3.5093488316167623	
282.9578	30.25	0.8196725480750091	-0.3403993703834953	
304.0163	184.53	0.0503593629170925	-3.973320594180423	
333.0428	293.86	0.05606708061741255	-3.7956535635743247	
333.0594	352.48	0.7603955564951119	0.45145382685778773	
304.0787	375.59	0.9594087010724665	0.07473981169820194	
304.0869	358.52	0.7269497534663124	-0.5156141699479319	
283.0205	1.96	0.20827734486587993	2.0044536478606627	
304.1152	346.04	0.09463851934189052	-2.9006661049219944	
304.1305	166.11	0.01871971363054538	-7.154693053905585	
333.1069	174.25	0.10852027154415297	-2.7107245107904103	
333.1069	178.59	0.0734418909276918	-3.341338222597771	
257.078	312.9	0.9533737234794302	-0.10291848445654202	
333.124	194.96	0.056222484818400066	-3.7765406714322407	
333.7997	151.21	0.30014113849170426	1.5440556954339384	
333.7997	153.58	0.2306561639859235	1.8764810679227573	
283.088	171.63	0.07747970880979306	-3.23034207148095	
283.1106	23.16	0.28224661061459627	1.6102403813989694	
283.1106	27.89	0.11923651695965107	2.609885595338954	
283.119	34.46	0.02329047723475136	-6.434126962132361	
283.1641	176.09	0.12286744093854773	-2.572848236871675	
283.1641	184.53	0.5139904313815253	-0.941261339085632	
257.86	367.18	0.05606708061741255	3.8298615697880187	
283.1917	27.89	0.27952892185617517	1.6267874642777411	
257.9136	2.75	0.049051280588769085	4.130975031880911	
334.0629	352.48	0.8386206744243265	0.3044329004305544	
283.8606	153.45	0.3014633421565293	1.537211519313719	C22H16O3,C16H22Cl2N2O
283.9134	2.62	0.10049336309627975	2.7895574273557378	
334.7983	153.84	0.47593101908925317	-1.0248381298491243	
284.0413	380.32	0.4300379196110237	-1.141210888864442	
258.0384	338.27	0.07952020455676695	-3.1999496938454914	
284.1618	243.9	0.24511226914400985	-1.784757184133446	C10H14O10
258.0985	194.17	0.03767288536284721	4.6500242557522755	
258.146	237.83	0.1261278205572478	-2.536184851832145	
258.1573	389.24	0.026767122263498137	-5.53759400846807	
258.8189	152.79	0.6752747597968805	0.6021815811410998	
285.0858	161.49	0.8188980006065447	-0.3437787605966076	
306.0264	222.17	0.712133768889348	0.5414225858059623	
306.0402	266.54	0.890610177010281	0.22374329809738572	C10H13N5O5
335.0223	315.0	0.01871971363054538	-7.239734827043121	
335.0639	352.61	0.9535209547423794	-0.0983568482289011	
335.0906	36.16	0.04809253722469999	-4.18727398475892	
335.1311	194.96	0.09744486429473888	-2.841131335206941	
335.1363	234.81	0.04431011353781773	-4.300462454002235	
306.7037	149.08	0.9449767765942254	0.12234919029496728	
335.7966	140.49	0.626976752743776	0.6990372524113704	
335.7966	143.67	0.17190482025003137	2.2231290078155714	
335.7966	145.51	0.15887511014075956	2.302037561028733	
335.7966	151.21	0.3390800743580078	1.4013225984172772	
335.7966	153.58	0.3862690862779375	1.2600946311494887	
259.0688	225.32	0.1109852801915399	-2.687367351397317	
259.1048	335.77	0.030419006917767853	-5.088935823989407	
259.13	305.15	0.049437601349338244	-4.015329263109232	
259.13	311.32	0.025374541085997956	-5.82244147535757	
306.9392	321.56	0.12386272545707155	-2.562713024765949	
259.1494	237.96	0.21928323032229985	-1.9517851308175644	
259.8395	367.32	0.02329047723475136	6.447077232889946	
336.1232	194.96	0.049437601349338244	-4.04804169176083	
336.1365	194.96	0.07952020455676695	-3.199874634235437	
307.0243	278.76	0.8009725079973905	0.37640121337529353	
307.0275	222.43	0.9871697900138915	0.017998915059653085	
336.7961	153.84	0.8191301953517441	-0.3423860946283334	C12H12Cl2N2O4
286.0683	375.59	0.9098804372454748	-0.1827300627875781	
336.8759	321.69	0.2760981388796568	-1.639544298302566	
260.1041	183.48	0.0734418909276918	-3.329027014158293	
308.0561	339.45	0.6545784797856949	0.6465966791537805	
260.8159	152.79	0.6655793154514686	0.6225947173252383	
260.8395	367.32	0.05768133046421973	3.7349965476147093	
308.1254	245.21	0.028377713984463735	-5.438077033134175	
309.0399	290.31	0.9821338876517	0.03565057493507206	
309.1095	314.34	0.02329047723475136	-6.523763490175537	
337.0825	374.14	0.5600441745144961	0.8447535879842949	
337.0875	36.16	0.4810750992414186	1.0131616335727895	
309.1289	245.21	0.21090009540390237	-1.9904799147569918	
337.1429	25.0	0.23983478508716924	1.8073205606760556	
261.0923	194.96	0.06027934109621206	3.6157147986798868	C45H86NO9P
261.0923	214.42	0.049437601349338244	4.0188461604612655	
337.7937	140.49	0.496126482012743	0.9760301533808055	
337.7937	143.67	0.23595137768810878	1.831703449234673	
337.7937	151.21	0.39183111300062357	1.2437825932845017	
337.7937	153.58	0.3093788761223957	1.5098185739052175	
287.1477	404.51	0.08435132045833338	-3.1065786147461965	
261.8132	152.79	0.6191416042383505	0.7159076739152891	
310.0911	217.84	0.2260604045464932	-1.904728826723634	
261.8909	151.48	0.18431279841920659	2.1586018375415352	
261.9552	152.92	0.7269497534663124	0.5158020446361754	
338.0666	402.93	0.808854802921006	0.364195953152452	
261.9986	3.8	0.09020756123778716	2.982892606005447	
288.1316	424.72	0.2670515084697453	-1.6928011590202077	
262.057	360.88	0.2696544995041187	-1.6758689636834974	C11H15N5O5
338.7952	367.71	0.18766515079663465	2.135269777567188	
262.0763	396.23	0.21090009540390237	-1.9891750273851176	
338.9292	206.68	0.7269497534663124	-0.5146627009599863	
262.813	152.92	0.568561839589954	0.8269372374739904	
338.9687	205.5	0.7383648357168293	-0.49235543891507344	
338.9687	208.65	0.08977276281990051	2.994279802958622	
338.9886	320.38	0.09614052974277074	-2.8722286236097956	
339.0793	212.59	0.10455551039540731	-2.754800295588981	
288.9691	300.68	0.42486382390383937	1.1602261271451677	
339.1375	25.0	0.22017991688377875	1.9432814098719742	
339.1375	215.34	0.05606708061741255	-3.7839018625314513	C11H14ClN3O4S3
289.0101	420.91	0.8188980006065447	0.34471013340290785	
289.0445	321.43	0.15761281553979833	-2.322151458409171	
289.0679	362.19	0.10049336309627975	-2.789673884865176	
289.0874	195.48	0.8477118510955127	0.2895879507282795	
289.0874	214.69	0.10028985528431306	-2.80493565742131	
289.1156	404.64	0.06340470421325822	-3.548267898456938	
348.8952	321.3	0.15619863319202537	-2.336689109375601	
289.5118	421.04	0.2709677679760839	1.6633341806778166	
339.9327	206.81	0.9863373810153312	-0.020321247447184068	
348.9914	1.96	0.8925948735920783	-0.21604223501412664	
290.0714	362.19	0.09088474192496543	-2.971054052240324	
290.0884	267.33	0.24129641921735703	-1.801559738701761	
340.9271	206.68	0.4503227884461567	-1.091290963778874	
312.9083	144.46	0.747607778584335	0.47823692658032635	
312.9083	150.4	0.7472594068595516	0.479755086362615	
290.9848	241.27	0.659389532483942	0.6372543401281322	
291.0488	282.83	0.09705425449882263	-2.85259273749063	
291.0836	341.32	0.24893965188533157	-1.7663373942426117	
313.1132	276.92	0.43126389201689264	-1.1379405379492997	C27H29FN2O
313.8382	140.49	0.5794583297504314	0.7925196810672106	
313.8382	150.95	0.15626910827837454	2.3344778424121264	
313.8382	153.45	0.3369550715710733	1.4198216539489732	C28H19P
378.0978	288.87	0.05835867325290274	-3.687477186101657	
313.9764	3.93	0.09463851934189052	2.8989800014989404	
351.1319	272.45	0.9346045778453883	-0.1398100504538843	
378.994	276.52	0.48981665118419543	-0.9956736947717026	
379.0484	300.81	0.049437601349338244	-4.009037593968974	
352.8539	2.62	0.02365539859091815	6.102383682236683	
379.1459	194.57	0.09248301755871702	2.947542919364803	
379.1459	214.56	0.09614052974277074	2.875457189752076	
343.0912	348.01	0.00624749169417933	-11.914413161978763	
343.1299	162.41	0.049051280588769085	-4.092268111385978	
352.945	206.68	0.3954687914043515	-1.2337876262549292	
352.997	341.19	0.026503577023752445	5.567397828165346	
315.1313	240.19	0.02929094256019611	-5.172037358517259	
315.1368	27.1	0.20771531826999148	2.0091743672902624	
353.0492	36.95	0.3986315409371312	-1.2252537955928695	
380.885	3.27	0.06919663503931438	3.409339722425296	
380.9215	2.75	0.025374541085997956	5.761414030205967	
353.8488	367.45	0.02929094256019611	5.317834061916713	
353.9484	206.68	0.6655793154514686	-0.6226727478870542	
354.0005	341.32	0.19741159413972675	2.0681513964483846	
354.0357	214.42	0.3041894936897813	1.52821224886899	
354.0525	36.95	0.4604108971146418	-1.0599435227978289	
354.0614	388.32	0.5639179658437443	0.8369206355233678	
354.0726	319.46	0.4055327541059799	-1.2082122663349069	
344.9304	218.89	0.35136923939264525	1.365755533181437	
344.9304	227.95	0.20329454515606238	2.032330906938262	
344.979	219.81	0.1261278205572478	2.5355613228326512	
344.979	225.59	0.034068041867040745	4.876373580792979	
382.1006	303.44	0.09248301755871702	-2.9457510373514793	
315.9694	421.04	0.7859332716997239	0.40318808358003894	
354.9429	206.68	0.5541558169448384	-0.8545902597700344	
354.9938	341.19	0.025374541085997956	5.771379189579584	
316.1165	319.2	0.25360518687639727	1.7426249448576345	
316.14	27.1	0.33130731398174634	1.4358106909654123	
316.1626	430.69	0.049437601349338244	-4.0693324345764985	
382.9953	310.27	0.15795630775053718	2.309927779336275	C14H22N4O9,C15H18N8O5
355.0446	36.69	0.5516201715763175	-0.8594363593921401	
355.065	388.72	0.5763746196717482	0.809231098600236	
355.0761	319.2	0.3379788789473548	-1.4071725122877303	
316.833	153.45	0.30290969040725746	1.5325030924983778	
383.1042	303.44	0.10049336309627975	-2.791888676651572	
383.1495	275.21	0.01871971363054538	-7.14673639243292	C18H30O6
383.8844	29.34	0.30077315926561893	1.541305909262781	
355.9961	341.19	0.05768133046421973	3.7188348480339117	
316.9699	420.78	0.8165126470792687	0.3511956258352533	
316.9963	208.52	0.11369276321421654	2.660521717803594	
347.0401	317.36	0.12121332587923003	2.5891915996663886	
347.0697	364.43	0.026503577023752445	-5.6535764954844225	
347.0751	235.73	0.1938973160099546	-2.092226122584211	
347.0751	236.38	0.08050786570841137	-3.1804253286026793	
347.1209	280.86	0.04832636290260953	-4.1691021332907585	
317.0991	349.2	0.049437601349338244	-4.0079937616281835	
347.1716	24.87	0.3115290480276408	1.4999342839493768	
317.1186	194.96	0.23123207603158022	1.8732294633540658	
317.1186	319.2	0.6650368582326596	0.6264485148428806	
317.1608	27.37	0.3685636250308808	1.3075939500001905	
357.0619	165.43	0.4509594999041448	-1.0840927300601322	
357.0619	169.92	0.355186454027863	-1.3486652824819119	
317.4688	420.78	0.9083383471509365	0.1866480597562787	
317.8303	153.45	0.2586559456760142	1.7243730191428048	
348.0607	302.78	0.08435132045833338	3.1181445037568265	
348.1742	24.87	0.269010701377142	1.6788981186375616	
411.2253	25.13	0.27083843318851314	1.6662442608284225	
386.0337	345.26	0.305525575424491	1.5225983039166824	
318.0611	171.5	0.09705425449882263	-2.8579481825087303	
318.83	153.45	0.2670515084697453	1.6937207271004444	
412.9995	315.0	0.031475524153649265	-5.0032553099240005	
387.2083	194.43	0.35652541875202065	-1.3413716825155668	
318.98	273.77	0.46327310234500674	1.0503298279889133	
358.9463	228.08	0.09363494000290817	2.926886238331615	
413.116	214.42	0.17199695165016446	2.220978191979528	
413.1237	357.34	0.01871971363054538	-7.398026753496006	
358.9948	222.17	0.5238097431406936	0.9196352021871839	
388.0141	298.85	0.09794593873260148	2.830029225060468	
388.0296	222.17	0.7365612435976392	-0.5000163015547548	C16H28O11
413.9049	204.31	0.8196725480750091	0.3384049788720907	
359.8773	153.58	0.36668525325726864	1.3125381203180635	C17H13ClN2O2
389.0149	298.85	0.4794121740350954	1.0180084346343128	
389.0309	222.3	0.5204712488910115	-0.925882277663448	
360.1602	121.12	0.10049336309627975	-2.7910707064446143	
415.1068	25.13	0.33780315411994144	1.4087072160492684	
389.5164	355.24	0.24465215817831426	1.7874784748314727	
389.5164	356.29	0.34280239381060035	1.392080034812495	C10H15N5O10P2,C10H15N5O10P2
390.2401	24.87	0.2315249520707753	1.8605316460354093	
361.0438	209.57	0.48724197318978	1.0019746543137005	
361.0742	231.26	0.3251035038706587	-1.4532630198205576	
390.8941	204.44	0.17163778422804798	2.2260247183745023	
390.8941	210.22	0.22379754293460713	1.9207337570694172	
390.9063	2.75	0.06079810588570739	3.5957151719470097	
450.8608	204.31	0.24760284048933848	1.7725198125295079	
450.8608	210.62	0.21578814478362607	1.969540743242765	
362.1899	25.0	0.22379754293460713	1.921073967386385	
391.0849	231.26	0.4604108971146418	-1.061038160513729	
450.9221	206.68	0.7378799045897164	-0.49511156272932116	
391.2436	24.87	0.5762429051344381	0.8121567183578124	
363.054	295.69	0.02929094256019611	-5.244895816037346	
363.1834	25.0	0.24760284048933848	1.772021487166524	
392.0689	182.29	0.337380586937253	1.4154339836106498	
451.9254	206.68	0.6328665574066273	-0.6862419733500343	
452.0495	319.59	0.2519224889197622	-1.751444884581292	
364.0878	171.63	0.07649590483143882	-3.2557028814555498	
452.9201	206.68	0.7708122065752319	-0.4313887820763278	
394.162	157.68	0.02929094256019611	-5.300716956669951	
418.9741	204.84	0.06250366798024122	3.5642955012881354	
418.9741	209.96	0.08435132045833338	3.1027843900590026	
418.9949	1.83	0.2315249520707753	1.8698190726544643	
366.1505	214.95	0.02365539859091815	-6.180769253824674	
419.9132	228.61	0.27067049799244386	1.671847829446333	
395.0582	173.47	0.017154226608478203	-7.636336044838045	
366.8968	43.78	0.6070144735606093	-0.7443298823593429	
419.9861	163.85	0.15024456002514303	-2.3727144451733393	
419.9861	165.43	0.26893560082319606	-1.6803986838829201	
420.1114	386.75	0.04030591403537487	-4.52439724393879	
455.0136	222.17	0.9729504034641274	-0.0548680203272436	
455.0466	260.21	0.29577357909899255	-1.562072215094721	
421.2273	24.48	0.9817001925639977	-0.03744272989274432	
456.0171	221.91	0.8428210087224396	0.29689164421890396	
456.1641	349.85	0.1411352331151629	-2.428240483491005	C19H39O6P
422.2566	25.13	0.11862609776387725	2.615842160911466	
457.0185	222.3	0.618578930416319	-0.7227999624026589	
422.8908	206.55	0.4503227884461567	1.0892758753947176	
368.8576	204.44	0.9069127311738125	-0.19227176693788028	
368.8576	210.49	0.33780315411994144	1.4087086131474662	C14H16N2O6S3
457.226	24.74	0.44786677398922325	1.0990138568508145	
457.226	26.97	0.7017187509589801	0.5605215996358761	
368.912	204.71	0.2983516474912035	1.550197677807657	
368.912	209.96	0.34886027709137996	1.3722248127529013	
369.0386	367.18	0.44327081528208423	-1.1091747912307686	
459.2266	26.97	0.498756716758502	0.9707432106325081	
459.2615	25.0	0.23952563996441614	1.8123889332973135	
424.155	130.08	0.026503577023752445	-5.595345469078828	
398.0045	276.65	0.5396314600824664	-0.8858617276397397	
369.9621	245.34	0.6315673325327696	-0.689085960504655	
425.0359	302.92	0.10667141583561984	2.7373908754035434	
425.0692	178.72	0.07171754440045738	-3.3765565021191852	
399.0463	349.2	0.03898943768402498	-4.578727234136197	
426.9333	219.02	0.936132811020753	0.13550933840649826	
426.9333	227.29	0.41578858859857987	1.1843870539789854	
399.1443	307.51	0.038178310681319494	-4.6081829794838525	
399.1443	312.24	0.00624749169417933	-10.457511391629998	
399.1443	317.88	0.01871971363054538	-7.090781279110848	
427.015	313.68	0.07339027181065876	-3.3504988476946784	
373.0104	222.17	0.809973280540606	0.36058813102049747	
373.1925	214.95	0.15761281553979833	-2.319540761511605	
402.0082	310.79	0.2260604045464932	1.9048390981223042	
428.8787	204.44	0.4162296496030188	1.1824889495146624	
428.8787	210.09	0.5516201715763175	0.8597572778972143	
428.9306	205.1	0.7379765123783806	0.49392297990519896	
428.9306	209.7	0.049437601349338244	4.024438601063066	
374.0139	221.91	0.901629316199661	0.20238471982200276	C26H29N5O3S
429.1944	27.37	0.19643950441115168	2.075541848870632	
465.1418	292.54	0.9188592639128695	0.163236826521973	
465.1418	296.61	0.9578296773933799	-0.07983191645435386	
402.9952	421.31	0.5762429051344381	0.8110485391706291	C33H48O6
430.0516	194.43	0.24893965188533157	-1.764335578129436	
430.0516	214.56	0.049051280588769085	-4.124042058691717	
465.9911	298.98	0.07732380365802835	3.241817820859474	
466.8345	204.58	0.6179052818660459	0.7247851581592474	
466.8345	209.43	0.9468650548499865	0.11477565076561762	
466.8889	204.84	0.7482971864823745	0.47620159443156884	
466.8889	209.57	0.2315249520707753	1.865105660005643	
375.015	222.17	0.7898815962767525	-0.3959768108503771	
375.1523	364.95	0.01871971363054538	-7.2491205208127765	
467.7866	2.75	0.08635843942263095	3.0759377061953623	
431.195	27.5	0.4055327541059799	1.2084113036743651	
404.9514	219.02	0.6404329490861564	0.6705643113338784	
404.9514	227.95	0.421026539638383	1.1715302035408608	
432.0673	194.57	0.2315249520707753	-1.8593701318700446	C23H30O12
376.2515	24.87	0.20238201391139937	2.0401507113594	
376.8347	321.69	0.255395095719904	-1.736207284547452	
469.029	222.17	0.5291528159117684	-0.9092692651388382	
469.7813	2.62	0.011727407873086354	8.377346661594295	
406.0224	302.92	0.13692117823509686	2.4564020859811926	
376.9855	28.02	0.5771351732403097	0.8008764129218382	
470.0326	222.17	0.5120151326389394	-0.9485540212254825	C26H44O9
377.0177	208.25	0.05768133046421973	3.7414665336920097	
406.8679	204.84	0.28683983747208514	1.5941053464736608	
406.8679	209.7	0.6648847582981467	0.6276952380616119	
377.0455	161.36	0.9083383471509365	-0.18813939394102344	
377.0691	260.34	0.2670515084697453	-1.6920180711850854	
434.0773	194.57	0.12598838521614858	2.5459696336158406	
434.0773	214.42	0.2812186611043372	1.6148936982291306	
471.034	221.91	0.3817134981785256	-1.2701569016182899	
434.9482	205.76	0.3652640589907765	1.3187885746532235	
434.9482	207.07	0.191689362337603	2.1097906106928974	
435.0684	194.57	0.15761281553979833	2.3151945650518213	
435.0684	214.42	0.23595137768810878	1.8329407573499688	
408.8627	320.91	0.6436274284646158	-0.6640770346515377	
490.2814	23.29	0.5771351732403097	0.8009550527945507	
436.2724	25.0	0.06889380662779926	3.42057662355843	
409.2362	29.2	0.3817134981785256	1.2704074479432081	
436.8699	228.61	0.23959540542513058	1.8107970393254846	
474.0313	319.59	0.5447480130309414	-0.8750046006280011	
436.9063	206.68	0.7777324523338229	0.4196951913139252	
437.072	194.83	0.11951540072993173	2.6060225403775017	
437.072	214.56	0.21719601451847892	1.9617600155870558	
437.1874	195.22	0.06066066106212226	-3.60185981905027	
437.1874	198.51	0.025374541085997956	-5.777281616248954	
474.9819	276.65	0.38792809059176864	-1.2557076494226842	
475.1902	251.25	0.007318844161064716	-9.50761498484233	
437.9097	206.68	0.42546129338854527	1.1580643858570465	
544.8021	4.06	0.09020756123778716	2.9823225450802875	
438.9043	206.81	0.27083843318851314	1.6668582314187528	
496.9861	264.28	0.06889380662779926	-3.4204770752604863	
440.1325	314.47	0.026503577023752445	-5.635172609520709	
440.8949	227.69	0.23591420335717264	1.835906682576567	
440.9084	29.34	0.2812186611043372	1.6155905154114563	
440.9492	219.02	0.4530385611178876	1.079438868459139	
440.9492	227.29	0.09248301755871702	2.9390299170150485	
440.9979	221.91	0.42120273616560794	1.1695108965422285	
441.064	234.28	0.024232330345367023	-5.908361081827138	
548.8994	206.81	0.9853999103229424	-0.026482578353657207	
549.9026	206.81	0.8505215428528926	-0.2849191887878735	
550.0266	320.12	0.1395002130787733	-2.4387554518952617	
500.916	227.82	0.2759671208321082	1.6424202235721133	
500.9707	219.02	0.09506879599950407	2.8920853034261844	
500.9707	227.29	0.28224661061459627	1.6097510339543597	C20H21N7O7,C22H24F3NO7,C20H21N7O7
501.7535	2.62	0.02329047723475136	6.396987392758213	
443.0912	164.24	0.10028985528431306	-2.805171709508199	
443.2476	24.35	0.4604108971146418	1.0585166325108515	
550.8976	206.68	0.9535209547423794	-0.09792605722808119	
551.0325	222.17	0.448713074898421	-1.0964769788300521	
480.9725	319.46	0.9449767765942254	-0.11836453469440014	
552.036	221.91	0.6172569251903197	-0.7267355745659594	
444.2496	24.35	0.7644680131711808	0.442574199072389	
553.0376	222.17	0.4230351497617631	-1.164624814325937	
504.8449	204.84	0.2709677679760839	1.6644345513832577	
504.8449	208.52	0.8171146836945768	0.3493345381133936	
445.0532	365.74	0.7583813961476511	-0.456345178549178	
505.7298	2.62	0.044182621256505406	4.347198848139685	
484.3059	25.79	0.6191416042383505	0.7147631218992604	
485.3382	127.85	0.7777324523338229	-0.41800731873178093	
446.8349	204.31	0.9353000169478634	0.13774709429692586	
446.8349	209.96	0.9346045778453883	-0.14057295934616046	
486.3416	127.98	0.3383735810705443	1.4051598090414121	
446.9393	241.67	0.4926552751261801	-0.9881269173941719	
447.1346	30.65	0.31668546871442005	1.4784443186422698	
509.8328	4.06	0.0889907181708085	3.013927764460045	
627.912	4.32	0.09248301755871702	2.9394765008526305	
628.057	356.02	0.3574458479295737	1.3383276287965877	
510.8818	204.31	0.2280901123895159	1.8948021049978399	C45H81O13P,C45H81O13P
510.8818	210.49	0.2760981388796568	1.6407000973137569	
489.2779	23.16	0.23001168111536205	1.8814136687905714	
629.0602	356.29	0.9890741465526101	0.014274040652535607	
511.8284	3.93	0.0734418909276918	3.3228843044178134	
630.9023	206.15	0.9578296773933799	-0.07797774569121906	
630.9023	207.33	0.05937979906639621	3.663698543879529	
563.3616	129.69	0.23752862942911618	1.8242333788460516	
797.0427	222.17	0.5993261966133114	-0.7594384449894602	
798.0458	222.17	0.3446405458560002	-1.3869666484319036	
632.8609	206.81	0.6070144735606093	0.7453008848314361	
633.0359	222.17	0.3454849301138122	-1.384007157936174	
513.3692	129.69	0.2315249520707753	1.862193761527101	
634.0392	222.17	0.7525472687932052	-0.4675800102716326	
564.8662	204.97	0.20022476857203067	2.0520083260220283	
564.8662	208.91	0.425946494159392	1.1544769673130864	
565.048	370.73	0.25360518687639727	1.7437546017028538	
634.8591	206.55	0.6191416042383505	-0.7182106610820636	C27H51O12P
635.0409	222.04	0.464481141038704	-1.047230274791025	
635.0409	222.7	0.13398566330175077	-2.4782897469887017	
566.0515	370.73	0.28683983747208514	1.595698611515429	
567.053	370.73	0.3012273644586231	1.538992408138111	
568.2055	298.85	0.6994606481901253	0.5645668079694741	
644.9892	247.97	0.27199745811529497	-1.655510097509452	
644.9892	254.14	0.1069027437437441	-2.7293674217165123	
569.009	254.01	0.09705425449882263	-2.849482770767327	
646.8768	206.68	0.9840024180896493	-0.02960960889840773	
835.5351	128.51	0.6191416042383505	-0.715093527853399	
647.8797	207.2	0.6674687861189393	-0.6179511646550367	
518.872	228.08	0.1846488132495029	2.1555586465440655	
518.9093	205.89	0.9535209547423794	0.10027199909595713	
518.9093	208.38	0.1314658579371192	2.4982745764416694	
648.8754	206.68	0.8289110375496546	-0.32117035920170034	
571.8497	2.62	0.007206102331947042	9.695005775501452	
572.1473	404.11	0.3159537319640318	1.486048896456153	
572.1473	409.66	0.9560815153938386	0.09105210342574165	
521.0225	303.18	0.10455551039540731	2.7550007090178865	
861.5511	127.06	0.11180788681588985	-2.679620527582296	
862.5546	126.93	0.1359026653068727	-2.463867465045393	
865.0297	222.43	0.7583813961476511	0.4557726365747357	
574.3939	129.56	0.8797725859139908	0.24130521908930536	
522.8979	219.15	0.9136549417847928	0.17331314093497363	
522.8979	227.29	0.05573528156204307	3.8517163463069997	
522.9524	219.15	0.2304286277316365	1.8786486957052653	
522.9524	227.03	0.05958553070389442	3.6308315166513263	
523.0011	221.91	0.63449111266391	0.6819145155386864	
879.0461	222.17	0.795955070300662	-0.38699599533794005	
524.2995	162.67	0.3228100923841072	-1.4608227447989932	
662.1029	347.49	0.04431011353781773	-4.299066383223817	
888.5695	124.8	0.19070567502151095	-2.1151899484543946	
664.1184	319.59	0.6652070327559585	-0.6251778173311107	
578.8388	228.21	0.268160657558127	1.686541084899211	
578.8931	227.95	0.19741159413972675	2.0670857482091467	
579.0276	420.91	0.8370021203039009	0.307592137593675	
580.031	420.91	0.864842051948701	0.2634814593349344	
582.9191	219.02	0.6674687861189393	0.6180914540779386	
582.9191	227.29	0.14117537108594258	2.426093912350625	
526.8559	204.84	0.31637107965538885	1.4813589289095102	
526.8559	209.7	0.2575885466106187	1.7286918095235282	
526.9071	205.23	0.28933854528718445	1.5817971166348288	
526.9071	208.91	0.02365539859091815	6.098119678991608	
527.789	3.27	0.09088474192496543	2.9732508879240975	
585.4319	24.35	0.934012020902598	0.14292584320122423	
585.8654	2.62	0.02929094256019611	5.15684785944388	
586.4001	129.56	0.9578296773933799	-0.07981108732447881	
587.0304	370.73	0.12495407391589274	2.5541393613529624	
588.0336	370.99	0.19321692162547488	2.0981705493625165	
588.0757	378.35	0.2797774044248586	-1.623812146722398	
687.0078	222.17	0.712133768889348	0.5424717596540979	
588.41	129.69	0.27199745811529497	1.657191278531901	
589.4126	129.69	0.2669362290155835	1.6975905648061975	
701.0237	222.17	0.9733009213592367	-0.053195190359743655	
534.8836	206.55	0.8950515561167183	0.21180360293560982	
702.027	222.17	0.4393965855764384	-1.1207407763393484	
535.0375	362.06	0.4429552699427945	-1.1107954305879175	
597.3051	157.68	0.07511818973206326	-3.285426478862315	
597.3051	165.16	0.7659556880233505	-0.4395866672357874	
599.3209	161.09	0.15780123870064414	-2.3124810741902255	
599.3209	165.16	0.795955070300662	-0.3847481710105692	
601.009	420.65	0.8917795732886656	0.21821565626254225	
536.8817	206.55	0.30921752447422707	-1.5113980635542654	
537.0169	222.17	0.8687579158528457	-0.25742148331049125	
715.0395	222.17	0.4055327541059799	-1.2078248768737831	
716.0429	221.91	0.2260604045464932	-1.9027253720020008	
717.0445	221.78	0.3889032512433789	-1.2505602985293922	
604.9558	219.28	0.425946494159392	1.1534779858996103	
604.9558	227.03	0.3115290480276408	1.4982629253016095	
605.0045	221.91	0.8218853913485147	-0.33449485152346153	
538.0202	222.3	0.5291874200744489	-0.9081749506250161	
606.075	355.89	0.27199745811529497	1.6570342559266908	
539.0217	222.43	0.3782025137491691	-1.2815354808274408	
607.0782	355.76	0.2102329187370848	1.9945784239871895	
608.08	355.89	0.42120273616560794	1.1690424740786531	
540.0543	347.36	0.049051280588769085	-4.116767168650597	
611.1452	446.51	0.27199745811529497	1.655479861156949	
541.8049	4.32	0.08754694346374095	3.0576547305018167	
740.5478	28.28	0.6389170920119239	0.6736988148323831	
613.1408	365.48	0.02929094256019611	-5.34294512635849	
744.8542	206.68	0.44235636015601104	-1.1129148947163567	
543.8006	4.06	0.08435132045833338	3.113226660806657	
746.8524	206.41	0.5974819422089733	-0.7631162137177916	
613.8963	3.27	0.0734418909276918	3.3295941414468824	
614.144	365.74	0.03427182102254366	-4.8363238708685525	
619.0202	222.17	0.712133768889348	-0.5413059468069886	
620.0236	222.17	0.455833594266975	-1.0714567999793196	
620.9679	370.47	0.049437601349338244	3.9952867497282485	
761.3694	129.69	0.06447500052973384	3.4979785043622056	
783.0272	221.91	0.7583813961476511	-0.45743925967555	
