m/z	rtime	p-value	t-score	custom_id
159.9914	206.68	0.03832520862490802	3.5984241598674043	
122.0213	219.81	0.35724482048024725	-1.1815010573692941	
122.0213	226.24	0.21806170986304083	-1.6478515470305297	
191.0556	377.3	0.0010501986825320693	14.878062530363596	
160.0607	170.45	0.0014289949864234096	12.628853494248645	
160.0607	193.78	0.0014998884029357588	12.351616627252104	
160.0799	293.59	0.00039986390553210034	-29.9469654432113	
73.0195	214.95	0.297393306100266	-1.3517852615809371	
160.9921	207.2	0.12082185954085353	2.2412084890453996	
161.0449	242.72	0.002334358472071191	10.067459480527281	C6H10O5
161.0449	245.47	0.0037112843659109973	8.525628684859674	C6H10O5
124.0063	218.23	0.0021402666211893934	10.53088178869672	
161.8749	39.71	0.9603684166467255	0.06211363039670897	
162.0592	315.0	0.32260548597621913	-1.279700186237528	C7H5NO3
126.904	29.86	0.8954945596710382	0.1623367109436619	
80.9641	180.98	0.3643423719151481	1.1636634634258407	
193.0647	275.21	0.0009487225069324223	15.88276405132832	
82.9531	34.59	0.6485644144101353	0.5819074448421517	
127.0754	194.83	0.008351818525496189	-6.284730625620565	
127.8692	1.7	0.7358986712463342	0.4305820216213861	
163.8959	141.31	0.8122484790384583	-0.30631822349046295	
163.8959	152.92	0.993836576833276	0.012308148447911539	H2MoO4
164.8384	141.96	0.11438724981236643	-2.2958449614676737	
164.8384	152.4	0.12461969470323382	-2.207063346836403	
84.0444	194.57	0.025173991050344624	-4.194870994425693	
128.9585	206.68	0.29717992966152146	1.3534384533808015	C3H2N2S2
128.9981	141.7	0.4097094724204602	-1.0514314890558785	
84.9501	34.59	0.6291847289468566	0.6208293282998105	
129.0377	324.84	2.2265035210963955e-07	402.29446734190685	C6H10OS
194.9362	367.45	0.646053483572499	0.5867444852315805	
87.0441	194.57	0.8458875042875025	-0.2504763769235516	
129.1023	244.69	0.002481804712774866	-9.864961251504248	
129.1023	260.47	0.006954165684883048	-6.786680751206462	
129.9934	141.7	0.13169394401567106	-2.147757186096741	
194.9881	222.43	0.002334358472071191	-10.092142677502192	
130.05	299.9	1.3093593032082466e-05	110.36972103480181	
165.891	139.96	0.0917945269272046	2.5337500778231714	
165.891	154.63	0.14842303375017418	2.022696426003331	
89.012	112.03	0.6302898500482171	0.6180687001615143	
130.9952	141.96	0.1250589988483591	-2.202223333120642	
166.0502	47.59	0.0033921012229299013	8.77054026429364	C8H9NO3
131.0533	184.13	0.024672241108795182	4.2246377972461335	
131.0605	194.7	0.6898218638948411	0.5093745529466078	
166.8351	141.96	0.007816472328682184	-6.43978373969553	
166.8351	152.4	0.004675769078517439	-7.869237699599168	
167.0317	247.44	0.006197552996512078	-7.054227483668024	
132.0373	194.57	0.5154764162037472	-0.8253541044439955	
196.0612	380.45	0.031095238350008037	3.8688606395615173	C9H11NO4
196.8107	152.26	0.06429439678557919	-2.949290290182702	
196.8764	152.79	0.000832779530828801	-16.893567537300026	
196.8848	367.45	0.2692247702588168	1.4454193129192832	
196.8864	141.7	0.6652516544384219	-0.5519626156873246	
196.8864	152.4	0.45564031162815183	-0.9470821135935243	
132.9453	151.74	0.6130919185970884	-0.6497547997393124	
132.9453	207.07	0.10203648321120418	-2.4188550735900978	
167.8333	142.23	0.0057233673925342066	-7.251895342158901	
167.8333	152.13	0.07031206271208097	-2.834820487893782	
167.8882	154.37	0.06740547444553345	2.882478040753468	
197.1541	28.02	0.22817187107881115	1.600482574025116	
197.7569	152.13	0.16359178327727894	1.925993985428531	
168.8313	152.13	0.0017440298352912808	-11.568642421302108	
169.0064	142.88	0.0669005811927922	2.8937844805005732	C8H7ClO2
169.0064	151.48	0.001338096916604042	13.02615770493515	
134.9425	206.94	0.030847973522607822	-3.8824493376781666	
198.0742	211.93	0.28276060318071083	1.400767186655604	C7H15NO4
198.0742	219.81	0.044145471552169864	3.4101685866633202	
96.921	142.09	0.010118689833737858	-5.815743363029905	
96.921	152.4	0.006197552996512078	-7.054599327331783	
198.8079	151.87	0.058158877702582705	-3.0655193564457472	
198.8735	152.92	0.0028441801769311767	-9.389374030341148	
170.0063	195.48	0.1747177447408575	-1.858670444316627	
135.9015	141.18	0.06431147535712203	-2.947344689595437	
135.9015	153.18	0.16878830243568954	-1.890811983530831	
170.0426	254.8	0.12646570055468537	2.1888885312412603	
170.8284	141.96	0.04576964319594624	-3.360186261980921	
170.8284	152.26	0.16782434715514968	-1.8980639830536157	
199.0219	241.27	0.00032196950565424083	34.30843570352621	
97.9762	206.94	0.07031206271208097	2.832265554898003	
199.072	214.56	0.5009350962101965	0.852074002662409	C6H9NO4
171.0114	34.32	0.045608200626015366	-3.3657937093565873	
98.948	23.03	0.05757685081808292	-3.0791287901350826	
171.9647	194.7	0.355474497303939	-1.1878134071168083	
172.0145	34.19	0.06889967546176312	-2.856869303287044	
138.8592	149.74	0.001829073404060668	-11.189557210343182	
101.0709	277.18	0.010118689833737858	5.8171311925935845	
101.0709	301.08	0.0004521414814552132	-26.113989324520492	
172.0354	270.35	0.0418838730097955	3.482517554774231	C6H6N2O4
201.0876	307.51	0.21806170986304083	1.647681047435894	C8H14N2O4
172.0608	380.32	0.00917005912350962	6.0591167764425835	C7H11NO4
102.0267	274.03	0.013590501453097445	5.235027453638931	
172.0689	194.83	0.01896243645693794	-4.6452527801021475	
201.124	194.57	0.0021935061842323577	-10.366994173188584	C9H18N2O3
139.0002	241.4	0.04379622419839184	3.4280084298362876	
139.0061	31.83	0.03481476132577258	-3.7192625556209173	
104.006	195.48	0.7563108553562801	0.3965290663181624	
172.8416	142.62	0.014311395620954022	-5.131419906108589	
172.8416	152.0	0.0033418614789550473	-8.813343929842176	
202.0352	330.78	0.10955906751796828	2.3390127390864226	
172.9671	148.82	0.001991997840115219	-10.833386690759188	
202.0717	291.36	0.0006175124650893095	20.76727636333141	C6H10O5
140.0108	298.85	0.004753701421744713	7.821017197914553	
173.056	233.89	0.014361580487535431	5.115342926548084	
203.0015	30.52	0.0003211767472961524	35.79778809856013	C7H8O5S,C7H8O5S
173.8419	142.09	0.0093643110352449	-6.000003757624852	
173.8419	152.0	0.037374297057216045	-3.628661316385675	
203.0821	161.75	0.40655929357033227	-1.0591375662315556	C9H9NO2
203.7985	151.87	0.06628142970709373	-2.9123877393539144	
204.0509	287.82	0.007215436913348467	6.714679189763928	
141.8671	154.1	0.21541457493297497	1.66026382111091	
174.0957	244.42	0.0015866995727299436	-12.058395926956647	C7H14N2O3
204.0854	162.28	0.6348276497010431	-0.6079502494629139	C9H9NO2
174.1069	364.95	0.14649318234263553	-2.038282933746121	
204.1066	260.47	0.003295931220089094	-8.871367980149088	C9H12N2O3
174.8388	142.62	0.011665852040321384	-5.534601530451336	
174.8388	152.0	0.006518902934493389	-6.9348500183098025	
108.9009	142.09	0.09343626219168236	-2.514351624575061	CaO2
108.9009	152.26	0.06409649151474958	-2.955468771755569	CaO2
175.0353	319.85	0.0004927969831970252	23.87515380171314	
175.0433	299.76	0.00041110504508570637	27.95021845811375	
205.0648	242.06	0.00045576985802494435	-25.242207925102363	C7H14N2O3S
143.0054	206.94	0.1863806221557262	1.791763066551714	
175.839	142.49	0.015191236378130753	-5.009683903488446	
175.839	152.13	0.006518902934493389	-6.926702248694804	
205.8392	141.83	0.06409649151474958	2.9555579328816655	
205.8392	152.53	0.21817564106486614	1.6461452246425612	
143.0453	163.72	0.005176417088169866	7.567043668475359	
110.8979	142.09	0.14029724538801683	-2.083064935240015	
110.8979	152.13	0.12646570055468537	-2.189716488772833	
176.0193	332.88	0.06686192099103008	-2.8974555700823297	
206.0573	357.34	0.005432773908357041	-7.4001233977875795	
206.0858	300.95	0.00031973969215530674	-38.14271396729086	
111.027	380.45	0.001338096916604042	13.099044899682582	
143.9776	206.68	0.1310758471625453	2.1531807426607616	
176.0557	212.85	0.0014491340166689183	12.521055472247754	C8H6O4
143.9904	219.55	0.08593933169804256	-2.6044366937913135	
143.9904	226.37	0.004627452942076893	-7.897895377657572	
176.075	313.68	0.0018049354302633552	-11.32683906893052	
111.0553	163.98	0.014493526743727225	5.091704908539684	
144.0293	214.56	0.006518902934493389	6.930506823051928	
176.8359	142.49	0.0056840626566040655	-7.271115267751157	
176.8359	151.87	0.0011778144422128762	-13.97614783813387	
144.8687	142.09	0.033541112261409996	-3.7682206257009327	
144.8687	152.4	0.09494154310403573	-2.497795010562287	
144.9724	206.68	0.07651713360210269	2.7375836765961283	
207.8363	141.7	0.06699067080694139	2.8909010044933017	
207.8363	152.13	0.08297439206010174	2.643584034144466	
144.9784	206.68	0.13433317776962808	2.1276472521521668	
208.0152	29.47	0.8706710774859412	-0.2064998384029884	C5H4N4O3
145.0246	194.83	0.11451459555557414	-2.293552106075321	
208.8447	141.44	0.00409841320381999	-8.267552442759392	
208.8447	152.79	0.02533393557903884	-4.184676024431432	
146.0167	273.9	0.00966497287242648	5.919263107867667	
208.9731	28.68	0.03228613482231968	-3.818630360141253	C4H5NO7P
146.058	277.18	0.008879955627115698	6.137517297402435	
177.9123	152.66	0.72504725748436	0.4503088510570183	
146.0813	182.16	0.0015594764347303725	12.209820281790279	
146.8658	142.23	0.027711252326606647	-4.034104204707431	
146.8658	152.13	0.06031472941394182	-3.0250671319340805	
114.9888	28.68	0.1902409048865873	-1.7730553713401145	
209.0968	29.07	0.09696675292025635	-2.4728706162836054	
209.0968	31.96	0.0021402666211893934	-10.540975272595404	
209.1543	29.99	0.12665786988609457	-2.186287552945631	C13H22O2
209.1543	33.93	0.001405867442407824	-12.7229538854433	C13H22O2
209.8334	1.7	0.8499810073643299	0.241745864359209	
209.9286	29.2	0.8499810073643299	0.24138795531996965	
115.0503	308.96	0.0669005811927922	2.893857518874647	
210.0072	222.04	0.0015648881186696674	-12.13699387758418	
115.0866	293.46	0.0013567610057738627	-12.926477464113448	
147.0652	277.18	0.0017735176639851948	11.465647156275	
210.1577	29.47	0.8264381358593743	-0.2834274270195549	C13H22O2
210.1577	33.8	0.009648114813974693	-5.939244529324846	C13H22O2
210.8419	141.57	0.0030934317531298525	-9.049808746666551	
210.8419	152.66	0.001829073404060668	-11.210749532915969	
147.0666	199.16	0.010197222061856222	5.799617627379998	
116.0028	142.49	0.10603205952215315	2.37289984135235	
116.0028	151.87	0.1250589988483591	2.2014053214323184	
210.9122	49.16	0.05494265703539021	-3.135794865301283	
116.006	301.08	0.15199739397527678	1.9994662853681386	
148.8628	142.09	0.1667314645629549	-1.9048765009600455	
148.8628	152.0	0.7811826297090003	0.35778173593752643	
210.9912	301.21	0.2301114661474396	1.5922200136464881	
149.0268	273.9	0.01110224395771521	-5.636112725812163	
179.0554	282.43	0.0007235406887469172	18.978293350596775	C9H6N2O2
211.0007	218.36	0.04057252149026986	3.523320669909468	C7H4N2O6
179.8401	141.96	0.18345352896267983	1.8087222403408882	
179.8401	152.4	0.050711712646345226	3.2349694262818023	
211.8849	153.31	0.02693231230459353	-4.0820356320577185	
150.0301	273.9	0.007651747730856454	-6.505690331547468	
150.0413	142.36	0.02255158645512471	4.36712469493108	C5H5N5O,C5H13NS2
117.074	212.06	0.057450692292685346	3.083032621448741	C6H14S
150.8858	141.7	0.010943674486852165	-5.662171339219255	
150.8858	152.79	0.004355397039866977	-8.098587750511303	
212.0536	184.66	0.07067430111191106	2.825691996161172	C7H13NO5
212.0576	211.93	0.4487799254801754	0.9628612693902198	
212.8389	141.57	0.00825079914589415	-6.318979205051794	
212.8389	152.79	0.009034449510614896	-6.087927036594066	
151.8732	151.21	0.036848851957988336	-3.648597191873408	
152.0287	120.6	0.013590501453097445	-5.2368355033512755	
118.0	142.36	0.1212071209820782	2.2370728090610923	
118.0	152.0	0.09343626219168236	2.515255570661206	
180.8821	367.45	0.9814835150306404	0.03142682266577008	
152.0547	214.29	0.11438724981236643	-2.2966122830062163	
152.8828	141.7	0.00966497287242648	-5.91264784956645	
152.8828	152.66	0.0030811970382510438	-9.073526758831772	
152.995	194.57	0.9963075655270208	0.006978623209618048	
152.995	212.45	0.7873475468373253	-0.34706092134987293	
152.995	264.15	0.8906263849368646	0.17254937601138506	
181.071	194.57	0.6094302859071808	0.6606654576495509	C6H14O6
181.8368	1.83	0.1537912608955575	1.9856725082208015	
181.8368	141.7	0.11393455707413366	2.302020359294745	
181.8368	152.0	0.007651747730856454	6.505340015918795	
181.9853	277.84	0.09494154310403573	-2.4966498880222545	
214.0482	298.98	0.0008297572067800848	17.161130339368928	C5H14NO6P
154.8799	141.7	0.007651747730856454	-6.516738084269091	
154.8799	152.79	0.0052982460376503416	-7.48853542557966	
182.0745	194.57	0.6435752729013595	0.591539893596476	C6H14O6
219.07	287.03	0.0008383902530085328	16.641259330017395	C8H13NO6
219.1063	182.16	0.0011962559179824444	13.7165796574034	C9H17NO5
155.0316	222.17	0.00839253377373499	-6.264230146905724	
155.0316	223.35	0.02646982253698253	-4.111947056854926	
219.8451	153.18	0.007694664681867869	-6.4860072157307025	
215.0514	298.85	0.0010083673251397654	15.138097337918502	C5H14NO6P
215.067	244.03	0.10311324827726014	-2.406500429408102	
183.0112	27.63	0.6738371469749949	0.5358717181914174	
215.1034	289.0	0.02558529755503552	4.170122677000836	C7H13NO4
155.0453	163.85	0.00783504454194109	6.428401476813843	
215.1397	172.68	0.007451152039131022	-6.651812299736454	C10H20N2O3
155.0817	231.26	0.005482219735200716	-7.371495885295352	
155.0817	259.95	0.0022592967362284745	-10.210972838699051	
215.8604	142.09	0.01277129152336071	-5.364478798189484	
215.8765	153.45	0.0025895650276295725	-9.671891886563355	
183.8889	154.1	0.14707557336473026	-2.032782566683419	
184.0276	255.45	0.44634304275746767	0.9686653004412921	
216.0513	298.98	0.001747588099913719	11.525360067667224	
216.0986	307.51	0.0004521414814552132	-25.988283813391106	C8H15N3O4
156.9538	206.55	0.48977321463067974	0.8742684531229055	
157.0247	217.58	0.0004703752263493292	24.47662186419605	
157.026	206.41	0.04054344188510578	3.526016150519817	
216.9185	367.05	0.003528955061163975	-8.663617621088644	C4H7Cl3O
157.8619	151.35	0.0076255082827164766	-6.5933092100246915	
157.9304	194.57	0.0791418471468435	-2.696191216074647	
157.9932	206.94	0.04880526426922378	3.2825406837997333	
217.0171	30.12	0.022592131666358872	-4.362361769070239	
217.0171	57.1	0.14497503096919745	-2.049317565795431	
217.0481	194.57	0.005254179449949194	-7.513402685405493	C6H14O6
185.0561	235.99	0.0029630484742137583	9.203511869613088	
185.0561	354.32	0.00444635769538046	7.995729524939362	C7H10N2O4
217.0826	218.36	0.0016547287645990786	11.842627526598289	C7H10O5
217.0826	361.67	0.0025158139075005946	-9.755017008938092	C8H6O4
185.0925	290.18	0.6106679607860478	-0.6567369185331463	C8H14N2O3
158.0086	257.45	0.022612819372776663	4.356275500924621	
217.8577	142.09	0.30475573477325213	-1.3300348148021055	
217.8577	152.13	0.07651713360210269	-2.7376519934912156	
185.886	154.1	0.6119524723391156	-0.6527332891770473	
218.0221	208.25	0.18570614782441736	1.7959935000722285	
218.0304	370.2	0.022546024252868176	-4.369914684806091	
220.8526	152.92	0.03458091372714348	-3.729002865862828	
218.0515	194.83	0.005191785023222435	-7.548139877531678	C6H14O6
218.0667	287.03	0.000666174747312823	20.077108497371345	C8H13NO6
218.0779	334.07	0.0014289949864234096	-12.62789869825503	C7H13N3O5
218.086	361.93	0.0017432752354958087	-11.633259442352418	C8H6O4
218.103	182.16	0.00098188631540657	15.601857147788618	C9H17NO5
218.1224	230.87	0.005062483932989686	-7.624850664897017	C9H18N2O4
221.0039	241.01	0.029847729513931245	3.927793502275691	
219.0192	208.25	0.002334358472071191	-10.056066134211552	C9H6N2O2
219.0451	194.57	0.004393847751967258	-8.04860824262232	C8H7N3O2
221.8421	153.18	0.009648114813974693	-5.941372469927728	
158.988	206.68	0.06558511079625023	2.9245195349865747	
158.9932	206.94	0.0952626976538384	2.4907713517345185	
222.044	191.68	0.09740008106751814	-2.4672771939228886	
243.1794	34.46	0.44634304275746767	0.9695585359453621	C11H22O3
187.0217	227.69	0.027411485926233752	-4.056122506627907	
222.0962	173.6	0.000832779530828801	-16.768145907657075	C9H11NO3
222.7975	141.31	0.025804409277718987	-4.157269447272086	
222.7975	152.92	0.42399008921866793	1.0207073306193841	
222.842	152.92	0.02119859255214711	-4.459298190594131	
222.8498	152.92	0.05406413313806859	-3.157601292793827	
244.0316	192.2	0.04849910554631038	-3.2909985009475147	
244.0316	196.14	0.01556777407621097	-4.968174808153323	
159.0766	293.46	0.00032196950565424083	-34.9867793499646	
187.0718	232.71	0.0003468152778808042	33.05495067612215	C8H11NO4
187.0718	308.82	0.005432773908357041	7.39536058397103	
244.1133	219.68	0.5572511795215496	-0.7514304633124433	
223.0281	141.57	0.04512289937063942	-3.3809605643751586	
244.1414	385.3	0.00098188631540657	-15.494041991308041	C9H19N5O3
244.1665	363.11	0.0012353627316861577	-13.479328181986462	
187.884	141.96	0.030233070271012814	-3.910456720660596	
187.884	152.53	0.24285773959808535	-1.543286258053456	
223.1337	25.13	0.3173964666249152	-1.2945512960684888	C13H20O3
223.8391	141.18	0.04398933692578261	-3.4204960703502345	
223.8391	151.21	0.9510983472128504	-0.07703926707546917	
223.8391	152.92	0.005324272232059666	-7.459898970577171	
188.0457	176.09	0.008879955627115698	-6.128306715594233	
188.0559	301.08	0.0009487225069324223	15.844452507326453	
188.067	315.26	0.0022592967362284745	10.255337759406716	
188.067	339.71	0.1555771889176981	-1.9732431165884436	C6H11N3O4
224.0229	222.17	0.0012347216374083536	-13.52893424905892	
245.0431	264.41	0.0011962559179824444	13.848250729257687	
245.0778	290.31	0.7310947186193916	0.4384370255660163	C10H13NO6
245.0778	306.46	0.009751242128139699	5.8922742891415485	
188.1116	230.31	0.01411319692488451	-5.164320774390516	C8H16N2O3
224.137	25.13	0.39299702300920514	-1.092531210970942	C13H20O3
245.1142	308.3	0.04159589739135241	-3.4919979084156547	C10H18N2O5
245.1142	313.81	0.1681815411353892	-1.8950757346787932	C10H18N2O5
188.9511	36.29	0.47097324212405994	-0.9152168901254939	
225.0237	222.04	0.0018049354302633552	-11.31949888326614	
246.0464	264.41	0.0014738690541254125	12.426831049431154	
246.0618	352.61	0.002153464150386457	10.48008213760067	C10H14FNO3S
246.1095	307.64	0.0005348079792038499	-22.532903230191717	C9H17N3O5
270.7981	141.44	0.0022592967362284745	-10.239271955335001	
270.7981	152.66	0.0007707806368539279	-18.03997910255939	
225.0991	363.64	0.005254179449949194	-7.511488193748219	C9H14N4O3
189.0334	163.98	0.016462893963029093	4.873733415657532	
189.0401	184.53	0.0004273619972755398	27.119945998764287	
189.0591	300.81	2.0062460832690742e-05	92.31205281993309	
247.0473	264.41	0.001394153841319826	12.771628177121192	C10H8N4O4
189.8687	1.7	0.8458875042875025	-0.2513623548072308	
189.8812	141.7	0.00098188631540657	-15.388548093974292	
189.8812	152.53	0.021185129218358485	-4.462659463722719	
271.0574	362.33	0.005015425621256433	7.667310008474467	C10H12N2O7
247.0935	359.83	0.0037657954385877756	-8.485045359409135	C9H16N2O6
271.0816	364.69	0.12230850187662035	-2.227662134803598	
247.1128	160.7	0.008879955627115698	-6.135103382472181	
247.1128	307.51	0.0006009823672044614	-21.593837570768255	C9H17N3O5
226.9364	206.68	0.09512452994813848	2.4934873893619685	
227.0647	276.65	0.025973084777217326	4.14462618344876	C13H12N2S
248.0361	325.11	0.5948093190718653	-0.6846647740842937	
190.0908	295.17	0.0006324832632880215	-20.439326288781015	C7H14N2O4
296.0517	299.11	0.015767491871012743	4.9425367731263865	
296.097	317.36	0.18075623715441738	1.823715259076318	C13H16N2O6,C12H25I
272.9141	367.32	0.12456956852514739	-2.2086777346837807	
249.055	311.84	0.08952830705344018	2.5600769851043577	
249.0913	196.67	0.007797247973271973	-6.448746357841129	
249.0913	201.29	0.0026861767313618315	-9.549806219964246	
273.0383	325.63	0.8407685472811341	0.2621271287269583	C7H15O9P
273.0925	195.48	0.013399242197375814	5.268816445933433	C19H14O2,C13H20Cl2N2
273.0925	214.82	0.7438902176495499	-0.41830555183876933	C19H14O2,C13H20Cl2N2
297.7343	1.3	0.3735087657702296	1.141370045636444	
273.1207	329.31	0.0007336846893135376	-18.834302839052697	C10H18N4O5
273.1347	28.28	0.8006364917333229	-0.3266996967297707	
297.8228	153.97	0.02025546724354293	-4.5365966843584316	
250.0455	192.33	0.007651747730856454	-6.524110847241654	
273.8703	1.3	0.6094302859071808	0.6597303066090944	
250.1449	24.35	0.9035108874679452	0.15042663164928155	C12H18O3
298.2469	27.89	0.08422531588933996	-2.627336746572885	C18H34O3
298.8224	154.23	0.0076255082827164766	-6.573218926204039	
274.1199	162.28	0.018814740219365075	-4.660884335799987	
229.0828	361.14	0.0007170079849961981	19.11973213546251	C9H14N2O5
229.9205	1.44	0.7299516414306227	0.44164920463868534	
230.0466	192.2	0.3299193730682751	-1.258584622992739	
230.0466	195.62	0.43539457950896265	-0.9934671370652471	
230.1144	277.7	0.0033418614789550473	-8.816888749264576	C7H14N2O4
230.1144	280.99	0.0019568343972028385	-10.911098582555478	C10H16N2O4
299.0706	162.28	0.17771466592354165	-1.842857148494703	
299.1137	36.29	0.009751242128139699	-5.8904805376138745	C14H20O7
299.8198	153.97	0.016826902339338867	-4.832150365190994	
299.8662	152.92	0.0076255082827164766	-6.574727066050411	
275.0887	392.66	0.0008830224125510946	16.266668519108745	C10H16N2O7
252.107	178.72	0.0006175124650893095	-20.959858721425242	C12H16N2O4
231.0505	191.94	0.862466260633955	-0.21997500054433092	
299.9606	2.75	0.6119524723391156	-0.65259210889962	
231.062	308.96	0.00098188631540657	15.426537867554995	C8H12N2O6
300.0012	420.78	0.014475813888103886	5.096506657856084	
300.1066	182.16	0.0007707806368539279	18.10426785787079	
231.0984	334.2	0.009197268261634948	-6.045944742296427	C9H16N2O5
300.503	420.65	0.01277129152336071	5.363201217312331	
300.8194	154.1	0.01424201513261334	-5.141548653711176	
231.1348	194.17	0.002223872195334909	-10.31280266965747	
231.1348	196.67	0.0015648881186696674	-12.157273476958368	C10H20N2O4
231.8103	39.84	0.8438499975128293	-0.2568128662917824	
231.9177	1.3	0.9685610765213974	0.049916154683388496	
276.092	387.27	0.0006175124650893095	21.00726762094338	C10H16N2O7
276.092	392.66	0.0015648881186696674	12.152383435837738	C10H16N2O7
276.1024	242.59	0.0019184846615680111	-11.024075595288082	C10H19N3O4S,C18H15NO2
301.0034	421.04	0.007789721533403844	6.455125425494001	
232.1382	194.04	0.005320648696628321	-7.4675295379294795	
232.1382	196.67	0.0076255082827164766	-6.565088306482986	C10H20N2O4
232.8535	141.31	0.008546341479856494	-6.216378347015464	
232.8535	143.28	0.0183847255795793	-4.697632748874901	
232.8535	152.92	0.0007707806368539279	-18.106488056929404	
301.0224	209.57	0.012062641310172043	-5.469622004446098	
253.0865	287.29	0.00098188631540657	15.582672558755078	
253.0865	305.02	0.20118052247020407	1.7240798264655606	
276.9917	222.43	0.001394153841319826	-12.788952648363281	
301.1307	201.16	0.2086698793435694	-1.6895650465153884	C17H20N2OS
253.1446	33.93	0.0012454462922464064	-13.399925635460121	C14H22O4
301.1519	293.2	0.00031973969215530674	-36.70445077144089	C12H22N4O5
253.7841	1.44	0.5779785763528035	0.7135136761835226	
253.8268	141.31	0.16267461564956284	-1.9320402687348546	
253.8268	143.28	0.011585419197906944	-5.5501489673834845	
253.8268	146.72	0.024846960630863286	-4.213482405682532	
253.8268	151.21	0.7712181208723384	0.37256499400005505	
253.8268	152.92	0.01364863857817226	-5.225563382304441	
277.0867	295.43	0.10473073231934958	-2.3881911748220053	C8H11NO7
277.0867	316.31	0.04531392193191459	-3.3745857619811157	C9H18O7
301.8168	153.97	0.01297210857385704	-5.329923498668698	
301.8632	152.92	0.013025716029174317	-5.320480029471919	
277.758	1.44	0.09740008106751814	-2.46601742449804	
254.0799	182.16	0.0018049354302633552	11.356863181007695	C9H17NO5
254.148	29.6	0.6652516544384219	-0.5506736994224386	C14H22O4
254.148	33.8	0.008879955627115698	-6.125038324453621	C14H22O4
254.8265	152.66	0.1374004485440711	-2.102741496965673	
302.1003	160.17	0.8628821560938362	-0.21810076953861843	C13H22NO3PS
302.1003	316.83	0.6390689183814101	0.600476080710564	C10H18O10
302.1003	318.94	0.006097390103011879	7.107305344659355	
302.1188	195.09	0.43250952236508455	1.0002965675441464	
302.1471	422.09	0.05661923115425705	3.1013595970053016	
278.0436	208.25	0.15376084614681035	1.9881933483113696	
278.055	159.52	0.004393847751967258	8.06885177781962	
278.1147	190.33	0.0016528770310918436	-11.881285033317774	C13H17N3O4
278.1147	195.88	0.001338096916604042	-12.994649054050099	
278.1147	198.64	0.0008297572067800848	-17.119472818274637	C13H17N3O4
302.1691	24.87	0.8264381358593743	0.28249629312639335	C15H26O6,C16H22N4O2
302.5336	356.15	0.004227946093866421	8.182825834900633	
233.0969	316.31	0.011861413702967973	-5.501219380527653	C8H15N3O5
254.9679	206.68	0.007651747730856454	6.541527664829324	
233.8081	40.1	0.9309547381332448	-0.10943068093922241	
254.991	341.19	0.10250303063632182	2.413308432154171	C6H9O9P
233.8535	141.31	0.014404883964451762	-5.106616918104277	
233.8535	143.01	0.019662636341850843	-4.58899099948137	
233.8535	152.79	0.000832779530828801	-16.744724630803592	
279.0987	284.53	0.004393847751967258	-8.045093899333661	C13H16N2O5
279.1352	157.68	0.001372437419099665	-12.866553275923387	C14H20N2O4
279.1352	171.76	0.012841149925669629	-5.348357304394695	C14H20N2O4
234.0811	372.04	0.2800301938315251	-1.411081264556086	C8H14N2O6
255.1602	28.15	0.2086698793435694	-1.6896502570924758	
303.0963	173.73	0.001747588099913719	-11.527141108404088	
303.0963	204.05	0.04780267257345394	-3.3099668167526044	
234.8505	141.31	0.007674260325456981	-6.495413619950366	
234.8505	142.88	0.022885124222637644	-4.333709859226764	
234.8505	152.92	0.0007106009437685422	-19.480637292672572	
303.1627	25.0	0.8473904984067433	0.24726311205796153	
279.8665	153.45	0.02025546724354293	-4.534080710848625	
303.9136	1.57	0.7695421046404273	0.37601569499394427	
235.1086	138.91	0.002065453169914168	-10.66535339383944	C12H16N2O3
235.1086	142.09	0.0020628761401345146	-10.682145271041456	C12H16N2O3
235.1086	152.13	0.0049804502518735515	-7.691320050057707	C12H16N2O3
235.1086	182.56	0.0035672411520760814	-8.622552625371167	C12H16N2O3
304.0163	184.53	0.2655586860911675	1.4580731892801853	
255.9712	206.94	0.010059940371092932	5.832703148865571	
235.8505	152.79	0.019112538778790385	-4.629364580886782	
304.0787	375.59	0.0011778144422128762	13.932913011463533	C12H14N2O5S
304.0869	358.65	0.011585419197906944	5.548748109669979	C13H14O8
304.1152	346.18	0.6499399487118481	-0.5787676980246461	
304.1305	166.11	0.0016547287645990786	-11.842174880247663	C15H19N3O4
256.1303	308.82	0.8584878193753198	0.22761298293315288	
256.8219	152.79	0.010717858510180844	-5.705873878816976	
236.0233	371.78	0.00783504454194109	6.426353302871954	C7H11NO6S
236.8477	152.79	0.0011962559179824444	-13.689856822695326	
305.0008	194.96	0.0201092604563695	-4.551425641180399	
281.1145	201.16	0.00031973969215530674	-40.359988826681246	C13H18N2O5
281.1145	204.05	0.0004388918447739813	-26.675168106928144	
305.0678	446.64	0.01590565747030884	4.927422426493628	
256.9659	206.68	0.007789721533403844	6.45787161763489	
281.8636	153.58	0.02054976867170789	-4.512584469976461	
236.9772	207.73	0.22421410264057234	1.6207565828882706	
282.0845	171.76	0.002334358472071191	10.068641060515517	C10H13N5O5
236.9987	28.15	0.9966925999486986	0.004409884601516513	C6H8Na2O7
282.1179	200.77	0.0015866995727299436	-12.04274360724623	C13H18N2O5
282.1179	203.92	0.0006887537112023716	-19.81552024259931	
257.078	312.76	0.00031973969215530674	36.722652413434716	C10H14N2O6
237.0878	203.92	0.004029519531461901	-8.32014235673372	C11H14N2O4
237.0878	217.97	0.011585419197906944	-5.554099937170883	C11H14N2O4
282.9578	30.25	0.005924782892102861	-7.179670899345071	
306.0264	222.43	0.0007779329531796599	-17.627890697685725	
257.9136	2.75	0.9603684166467255	-0.06333310074342137	
237.9303	2.62	0.9309547381332448	0.10893018030346159	
306.9392	321.43	0.12443599227120167	2.2108965175600095	
283.088	171.76	0.0022672983814746458	10.18989605113424	C10H13N5O5
283.1106	23.03	0.47548237778016955	-0.9026382381121338	C13H20N2O3S,C13H20N2O3S
283.1106	27.89	0.14649318234263553	-2.0377616680687582	
283.119	34.46	0.000832779530828801	-17.01486839164905	C14H20O6
258.0384	338.0	0.0017432752354958087	11.63639964216722	C6H14NO8P
283.1641	176.09	0.008546341479856494	-6.222024181389387	
283.1641	184.53	0.3537895748907411	1.19290388466064	
283.1917	28.02	0.07599999161295601	-2.7485971550994175	
258.0985	194.17	0.009201670549212128	-6.0410341347431045	C9H14O6
307.0275	222.43	0.00045576985802494435	-25.491005204911154	
258.146	238.35	0.0018272166193443106	-11.252881325752446	C11H21N3O4
258.8189	152.79	0.01465596999063146	-5.069689549922405	
283.8606	153.45	0.054550993080017554	-3.144902632236326	
283.9134	2.75	0.8804837542567474	-0.19098750305214407	
284.0413	380.45	0.024066794622660204	4.262870616250627	
308.0561	339.19	0.4512797251035669	0.9569565193645538	
284.1083	204.58	0.4716749270093184	-0.9128627423254733	
284.1083	209.96	0.8050540992589716	-0.318380591465087	
284.1083	214.56	0.06014866528269408	3.029499416764163	
284.1083	218.89	0.001975764802382585	-10.870123312918714	
308.1254	245.47	0.0009982577714869128	-15.249626592086825	C14H19N3O5,C15H15N7O
284.1618	244.03	0.003024437067962225	-9.134115668406114	
309.0399	290.31	0.22421410264057234	1.6215702492039203	
239.0671	23.03	0.28586947277364455	1.3884959861657091	C10H12N2O5
259.069	225.45	0.008366207144449243	-6.277342616926045	C11H14N2O4
239.0771	282.43	0.00098188631540657	15.502238623151793	C8H16O8
309.1095	314.34	0.00537516155821867	-7.428658729321881	C14H18N2O6
309.1289	245.34	0.002966053242916744	-9.1917010585258	C14H19N3O5,C15H15N7O
259.1048	335.38	0.006097390103011879	-7.101976775838743	C7H13N3O5
285.0858	161.75	0.7540714157961788	-0.40076766211955733	
259.13	305.15	0.00041110504508570637	-27.667515270354468	C11H20N2O5
259.13	310.93	1.3093593032082466e-05	-121.00896930211864	C11H20N2O5
259.1494	237.7	0.0025023294926970587	-9.799649478692226	C11H21N3O4
259.8395	367.45	0.8755466290526922	0.19878411392054735	
310.0911	218.23	0.007523552533006684	6.629409556901929	C12H12ClN7O
285.7078	1.83	0.38987765583442474	1.1024961663122368	
260.1041	183.08	0.0014491340166689183	-12.532436707353718	C13H15N3O3
240.952	206.94	0.00966497287242648	5.91966573503146	
260.8159	152.79	0.010426561438750892	-5.760535180923522	
260.8395	367.45	0.5443566266549635	0.7749465655946117	
286.0683	375.59	0.0035672411520760814	8.626323034500318	
241.0111	319.72	0.0028246946819200165	9.416114600378517	C6H11O8P
241.0496	277.31	0.014361580487535431	5.122603410078507	
286.1887	304.36	0.0018049354302633552	-11.347622161813302	C12H25N5O3
311.2229	28.15	0.08173046944762724	-2.6594801405378776	
241.1082	27.1	0.008351818525496189	-6.286060325600294	
261.0551	269.17	0.027131382475237532	-4.0708309258728645	
261.0923	194.96	0.000817181355801683	17.30142910331466	
261.0923	214.82	0.26072328728720134	-1.4746766584260522	C13H12N4S
241.1444	28.02	0.25203653476536875	1.5065348031794485	
261.8909	153.18	0.0076255082827164766	-6.568157764094929	
261.9552	141.7	0.0009107577391094894	-16.095685097516117	
261.9552	152.79	0.05316686931320645	-3.1767536935193372	
262.0057	256.01	0.03374429872459595	-3.7592159036831614	
262.057	360.88	0.0018272166193443106	11.25278237690191	C9H13NO8
262.0763	396.23	0.0025014306972527354	9.812238684954073	C9H14N2O7
312.908	144.98	0.00839253377373499	-6.26313403974633	
312.908	146.98	0.020597457560838316	-4.501840749202746	
312.908	150.82	0.004393847751967258	-8.042691174353074	
287.1477	404.64	0.0148756313003952	-5.042463284306077	
242.0783	319.07	0.002497884369018754	9.826669809497352	C9H13N3O5
242.1145	315.52	0.026047820621582257	4.1365050237282395	C9H18O7
313.1132	276.92	0.006554668277864287	6.905955924404982	
242.1509	408.21	0.01224320381732198	5.440229236149613	C11H21N3O3
262.9762	222.7	0.8954945596710382	0.16368855121889217	
313.8382	140.91	0.011148863155514194	-5.62596919742755	
313.8382	153.58	0.021495490259891652	-4.436241127201454	
242.1761	34.46	0.6715162685936916	0.5403621157624203	C11H22O3
242.1761	46.93	0.47244613736676505	0.9103806181647887	C13H25NO3
262.9946	1.83	0.8146240304210406	-0.30075465437607063	
288.1316	424.59	0.06390113044473641	2.9617299736364013	
242.8874	1.3	0.5923750569721288	0.6895696322279603	
263.0973	199.03	0.00531745214396329	7.475029097491067	
242.9502	207.07	0.009475501633507868	5.976661385920002	
263.8895	153.18	0.002173935524148829	-10.410454995819501	
288.888	279.94	0.15551603560042818	1.974754892379998	
288.9691	300.95	0.008472390733274854	-6.24267553586977	
243.0823	318.67	0.019112538778790385	4.630374399398836	C9H13N3O5
243.0986	357.34	0.014507790799195687	5.087255793300628	C8H13NO5
289.0101	420.91	0.002153464150386457	10.484444509532995	
289.0445	321.69	0.0064812138271127554	-6.9538826252585615	
289.0679	362.33	0.004393847751967258	8.063320823840924	C10H14N2O8
289.0874	195.22	0.15120514196082466	2.0052241626214413	C10H12N4O6,C10H12N4O6
264.9503	141.44	0.012841149925669629	-5.349930096998314	
264.9503	152.92	0.027868913140328272	-4.025054565589889	
289.1156	404.24	0.17802755506333676	1.840207725485955	
289.5118	421.04	0.00041110504508570637	28.74758649737959	
265.0251	208.12	0.035635703219162325	-3.690611487950414	
315.1313	240.32	0.18359307737455735	-1.806947907000447	
315.1368	27.1	0.007651747730856454	-6.522154389325388	C17H26O3
265.0831	261.26	0.08516680297043593	-2.614438352004678	C12H14N2O5
265.0943	273.11	0.007651747730856454	6.508778481991719	C11H14N4O4
265.1195	155.28	0.0005980005527818028	-21.74640391851478	C13H18N2O4
290.0714	362.33	0.007651747730856454	6.520598746730045	C10H14N2O8
290.0884	267.46	0.0007767725481053864	17.86253305608237	C12H13N5O4,C11H17NO8
323.9005	153.97	0.027494088099816273	-4.048038763158666	
315.9694	420.78	0.022612819372776663	4.356860178207266	
266.1515	25.53	0.8516679136786545	0.2379256071846074	
266.804	141.44	0.008079408149187943	-6.368665961683164	
266.804	152.92	0.0028819974529905455	-9.300864465853738	
316.1165	319.2	0.0028542786722609184	9.341682371448004	C12H19N3O7
316.14	27.1	0.04923327011742052	-3.271507929525993	C17H26O3
316.1626	430.27	0.6791920710806559	0.5258684007092999	
324.9136	206.68	0.0021632009108034566	10.443973078372617	
291.0488	282.69	0.0148756313003952	5.043723742974989	
291.0836	341.45	0.33097931097533334	-1.2548186516823656	C10H16N2O8
316.833	153.58	0.027494088099816273	-4.050196913787783	
325.0339	364.3	0.14707557336473026	2.0318940144779902	
325.0906	192.2	0.018428646391786756	-4.691687602562745	
267.0988	233.89	0.0006175124650893095	-20.924087181423076	C12H16N2O5
292.0109	222.04	0.001111856128888375	-14.443446230062264	C7H15Cl2N2O4P
316.9699	420.78	0.00031973969215530674	42.309210697533146	
292.0871	341.32	0.3262701300799352	-1.2690710265485439	C10H16N2O8
292.1305	193.52	0.00045576985802494435	-25.08033102570223	
292.1669	276.13	0.0011270708314704255	-14.35542173679226	C15H23N3O3
316.9963	208.65	0.06343576059100488	-2.9706997720913235	
317.0991	349.46	0.011861413702967973	5.498677297259789	
292.8653	153.58	0.017806152677316136	-4.746404339762535	
317.1186	194.7	0.4295694523297764	1.0072704492476776	
317.1186	319.2	0.02354323961880908	4.2953712381653055	C12H19N3O7
268.0771	137.99	0.013721030550062177	5.214627920856386	C9H16O9,C10H12N4O5
268.1022	234.15	0.0007755277046952693	-17.947610628327386	C12H16N2O5
317.1608	27.37	0.04309900461299703	-3.4473937112645157	C19H23ClN2
317.4688	420.78	0.07740462460967527	2.7234663070182243	
268.8011	141.57	0.016711936904692994	-4.844466133165261	
268.8011	152.66	0.005189559328499516	-7.5554707227659215	
326.9888	324.06	0.001338096916604042	-13.018567108810487	
326.9888	327.6	0.008152357951732631	-6.34407642288645	
317.953	40.5	0.3486623378177655	-1.2074247536494445	
317.953	44.57	0.45564031162815183	-0.9464448531546393	
269.0421	28.02	0.7109989677552234	-0.4746406469810795	
318.0611	171.89	0.00170743757062448	11.729981788280423	C10H13N5O5
292.9832	28.02	0.9263837197527016	0.1188355232222961	
269.1397	29.2	0.10955906751796828	-2.340234489513205	C15H18N4O
293.0119	222.04	0.0017440298352912808	-11.564441415523813	
293.045	306.07	0.21335336912528968	1.6695482197648335	
293.045	391.21	0.10638817199018417	2.3685145305814195	
293.0634	364.69	0.22609718019075226	-1.6103991906206985	C12H14N2O4
318.83	153.58	0.026633373780206422	-4.097904752182542	
293.1145	284.53	0.0007594613279515529	-18.403149329510086	C14H18N2O5
294.1097	256.53	0.00041110504508570637	-28.101816333357313	C13H17N3O5
294.1179	284.4	0.0030934317531298525	-9.045992716101892	C14H18N2O5
318.98	274.03	0.0005348079792038499	22.49925312574665	
294.8621	153.58	0.01608455239001427	-4.908920386887867	
295.0936	317.62	0.17946851320271043	1.8310000405386102	C13H16N2O6,C12H25I
295.1128	256.67	0.000710982508961143	-19.391246199261484	C13H17N3O5
319.8272	140.78	0.002372235159072913	-9.991888820191692	
319.8272	153.58	0.028002865151816502	-4.017081529971127	
295.2279	28.02	0.634010163522739	0.6113573672636795	C18H32O3
295.7366	1.04	0.6168590576944396	0.6428805835042758	
330.123	194.57	0.18321122671564538	1.8109810642589592	
295.8274	153.97	0.028107678345700174	-4.0042599496624485	
351.1318	272.32	0.014361580487535431	-5.119172842006592	
320.0271	276.92	0.07873764250209468	2.7025818453246453	
330.9191	141.44	0.014361580487535431	-5.114013920401246	
330.9191	150.53	0.005660850232372534	-7.29096423299588	
330.9191	152.79	0.0029486736154173063	-9.224593090912643	
320.1727	244.03	0.0019308929568021564	-10.984633274582981	
320.8275	153.45	0.07386255842094365	-2.777900218686742	
330.956	204.44	0.022730441948637988	-4.347213449775776	
330.956	210.62	0.029562189889939104	-3.941356528699107	
331.109	195.09	0.38990806647857545	1.1013914553924913	C18H13NO3
331.109	214.56	0.4755774153017862	0.9014249519458051	
331.1261	258.24	0.2531917112291167	-1.5016015389543025	C10H17N3O7
331.1261	369.55	0.4278754619416639	1.0117440400871223	C10H17N3O7
331.1261	383.6	0.05120951589044567	-3.221223090095571	
321.0168	163.98	0.02646982253698253	4.109955039960176	
321.0168	166.64	0.005668525299495351	7.282361154910059	
321.0234	276.92	0.00966497287242648	5.930058853579741	
352.945	206.68	0.02803904196913496	4.013343731590725	
352.997	341.45	0.08422531588933996	-2.6264481002620297	C10H12N4O6S
321.824	140.91	0.0076255082827164766	-6.595783147858153	
321.824	153.45	0.1432415239568949	-2.0611161268002274	
377.8918	255.59	0.4752689206238794	-0.9040730221447676	
321.9033	154.37	0.01411717506476655	-5.157409136027964	
353.0492	36.69	0.25203653476536875	-1.506788950641139	
378.0978	288.87	0.03200348740041813	3.8330274858254163	C16H21NO5S
322.0091	192.2	0.007651747730856454	-6.52038118116131	
322.0091	196.67	0.004775989541817795	-7.786717911691913	
353.9484	206.68	0.0064812138271127554	6.957898611912204	
332.1253	282.43	0.026047820621582257	-4.137757462936291	C16H19N3O5
354.0525	36.69	0.2871874040638284	-1.3834278570796616	
354.0614	388.32	0.039799768440323825	3.548497104169273	
354.0726	319.2	0.16540253371567476	1.9152758407011246	C12H19N3O7
378.994	276.65	0.0786980477031214	2.7045190338236833	
332.9529	204.71	0.7191244331132807	-0.4597787833405906	
332.9529	210.09	0.16553723022281266	-1.9134154846521816	
379.0484	301.21	0.0076255082827164766	-6.568387952696985	
354.9429	206.94	0.006554668277864287	6.905748759368216	
354.9938	341.45	0.0984316569657267	-2.4548719580651714	
379.1459	194.83	0.00031973969215530674	37.83641380538623	
379.1459	214.69	0.8458875042875025	-0.25226063686844213	
333.0428	293.46	0.0007594613279515529	-18.308899235951476	
333.0594	352.61	0.004775989541817795	7.7836997007631465	C9H19O11P
333.1069	174.39	0.07616021141697943	-2.7450718560202785	
333.1069	178.59	0.0007438807880110156	-18.69318358273834	
333.124	195.22	0.17382468244966534	1.8642348390725165	C22H16O3,C16H22Cl2N2O
355.0446	36.82	0.5640707365711513	-0.7381326675947053	
333.7997	153.71	0.0028819974529905455	-9.294978823919882	
355.065	388.32	0.049285951159906784	3.2677761641301437	
355.0761	319.07	0.032317812676188315	3.8154296244931714	C12H19N3O7
409.2362	29.2	0.9490328584575904	-0.08108534797466933	
409.2362	31.3	0.1031873151264747	-2.403929381342694	
355.8549	281.91	0.2544556206567302	1.4963259675128924	
380.885	3.01	0.6644735169278942	-0.5550790735152965	
334.0629	352.61	0.004775989541817795	7.786504188345354	C9H19O11P
355.9961	341.45	0.08952830705344018	-2.560796652079947	
334.7983	367.58	0.8021393672084589	-0.3234942281779579	
382.1006	303.44	0.0006921547830357421	19.69957591261066	C14H17N5O8
357.0619	165.43	0.884745120845413	0.18408881946889516	C18H14O8
357.0619	170.18	0.007651747730856454	6.5297023713790425	C18H14O8
382.9953	310.53	0.028082163710225105	4.009316383079199	
412.9995	314.86	0.016711936904692994	-4.844426897754803	
335.0223	315.0	0.05621235893817256	-3.110468780755465	C12H11ClN2O5S
383.1042	303.44	0.00041110504508570637	28.03504353390896	C14H17N5O8
335.0639	352.74	0.00966497287242648	5.913025853977208	
383.1495	275.21	0.10203648321120418	2.419239612628611	
335.0906	36.29	0.004753701421744713	-7.821366498666574	C14H20O7
335.1311	195.09	0.0440974030495746	3.413617642240384	C22H16O3,C16H22Cl2N2O
335.1363	234.94	0.001156283934225771	-14.14208318299524	C14H24O9
413.1237	357.2	0.39587544818078035	1.0852131287371893	C22H22O8
335.7966	153.71	0.0022592967362284745	-10.231836130120543	
357.8796	153.71	0.01556777407621097	-4.96627610991244	
383.8844	29.47	0.9318866817946846	0.10640771484087594	
413.9049	204.05	0.049285951159906784	-3.2668811796915165	
336.1232	194.83	0.28586947277364455	1.3883668031737768	
336.1365	195.09	0.05304399926159878	-3.1808729153545916	C16H20FN3O4,C19H19N3O3,C18H24ClNO3
336.8373	367.97	0.6775597740881075	-0.5293444255015672	
415.1068	24.87	0.6243481640375192	-0.6303486217605284	
358.9463	227.95	0.008932199445004911	-6.111014904912085	
358.9948	222.04	0.001111856128888375	-14.531222235451812	
337.0825	374.41	0.05769409949168058	3.075393695268003	
337.0875	36.03	0.003024437067962225	-9.126707790186874	
337.1429	25.0	0.22795277031155817	-1.6023776096343478	C15H26O6,C16H22N4O2
337.7937	140.91	0.019764938675149238	-4.576839730988309	
337.7937	143.54	0.01646825735603669	-4.870422151747045	
337.7937	153.58	0.0028819974529905455	-9.289089943560548	
386.0337	345.12	0.11541803695310644	2.2851395537402728	
359.8773	153.58	0.022835454109387282	-4.33890579407109	
360.1602	120.99	0.0020378497850273717	-10.742795208079462	
338.9292	206.68	0.008661580791720493	6.188007344424749	
361.0438	209.7	0.0004703752263493292	-24.328045692989093	
387.2083	194.57	0.006076905275143458	-7.125600728444107	C24H30O2S
361.0742	231.53	0.03212403476507004	-3.826566224727471	
338.9878	320.38	0.015553543243660832	4.9734494108587475	C6H14O12P2,C6H14O12P2
339.0793	212.59	0.0093643110352449	6.002749335091581	
388.0141	298.85	0.031065691502109086	-3.8720699743970997	
339.1375	25.0	0.08075742161793249	-2.6724113157723455	
339.1375	215.34	0.0025023294926970587	-9.787128883785863	
388.0296	222.04	0.0011962559179824444	-13.749550664890315	
362.1899	25.0	0.8954945596710382	0.16352657490394568	
339.9327	206.94	0.0017440298352912808	11.591289056085293	
363.054	295.43	0.0008434325059312766	-16.548412997768057	
389.0149	298.58	0.7112989261049183	0.47309672900369687	
389.0309	222.57	0.0006175124650893095	-20.872495118070205	
363.1834	25.0	0.9963075655270208	-0.0062899748528864865	C21H24N4O2
340.9271	206.68	0.00475924743747304	7.811644733306635	
389.5164	355.24	0.1659485592793496	1.9101096872660874	
389.5164	356.55	0.07386255842094365	-2.7790354936267385	
390.2401	24.87	0.2821647224678987	-1.4036043353640153	
390.8941	204.44	0.0053276927877560385	-7.452371345345473	
390.8941	210.22	0.13538344174591357	-2.118288663261726	C11H9Cl5O3,C10H9Cl4O4P
364.0878	171.5	0.009993606247446182	5.847144997818549	
418.8597	154.76	0.024397115946954945	4.241019284030175	
341.9663	28.42	0.9848750675236895	-0.025574039090083798	
342.1366	195.22	0.01045963979839993	-5.751763687200483	
418.9741	204.84	0.057056745992086724	-3.0917670147165373	C14H14Cl3O6P
418.9741	209.7	0.9343909926361369	0.1017970263331674	
391.0849	231.39	0.005015425621256433	-7.663666481712088	
391.2436	24.87	0.7873475468373253	-0.3475147166790536	
419.9132	228.48	0.04477022530154248	-3.3930871139847807	
420.1114	386.49	0.0025023294926970587	-9.779189896564933	
420.1114	389.24	0.00444635769538046	-8.001188969014263	
392.0689	182.42	0.0021935061842323577	10.36168742985137	
343.0912	348.01	0.0034055916161093327	8.75292928300613	
343.1299	162.67	0.0017843221367066285	-11.431653976602119	C18H20N2O5
421.2273	24.48	0.3878826842503624	1.1079434877792982	C20H38O7S
366.1505	214.95	0.6346861476491878	0.6092502593647586	
422.2566	25.0	0.7020520210411183	-0.489608114050324	
344.9304	218.89	0.0014491340166689183	-12.524334454593152	C8H11Cl3O7
344.9304	228.08	0.011435129946987447	-5.579532419061244	
422.8908	206.94	0.08915146908588466	2.566845417659154	
394.162	157.68	0.0022592967362284745	-10.21100596083473	C19H21N7O3
346.0667	207.46	0.02025546724354293	-4.5388260953823645	C19H19NOS
424.155	130.08	0.0005348079792038499	-22.507577712752997	C22H24ClN5O2
368.8576	204.58	0.01750313215180256	-4.7725449764601535	
368.8576	210.35	0.0061453173906870695	-7.081485148366874	
395.0582	173.6	0.001111856128888375	-14.456308875198193	
368.912	204.58	0.0076255082827164766	-6.575470426340323	
368.912	210.09	0.0023600320507010017	-10.016425306852549	C11H9Cl5O3,C10H9Cl4O4P
347.0401	317.1	0.33795346936521686	-1.2360556209420688	C10H13N4O8P,C9H17O12P
369.0386	367.18	0.08051920362135087	2.6766875351336945	
347.0697	364.56	0.00504454471382238	-7.6448017007575855	
347.0697	369.42	0.006097390103011879	-7.109985770738183	
347.0751	235.86	0.7628467887887124	-0.3863675786806059	C11H20O10,C12H16N4O6
347.1209	280.99	0.026077242046567462	-4.132833282213932	
425.0692	178.72	0.0018049354302633552	-11.319100010210228	C19H16F2O9
369.9621	245.74	0.06629592066486943	2.9106068014871127	
348.1743	25.0	0.2362323388457331	1.568875398859609	C16H28O8
348.8952	321.04	0.3532384004940149	1.1952724910571177	
426.9333	219.02	0.02651864429948474	-4.105438507478322	
426.9333	227.29	0.037374297057216045	-3.6305296044499427	
348.9914	1.96	0.5520744132668536	-0.7610374045630347	
427.015	313.81	0.0010453185460226402	-14.93021450529418	C17H12Cl3N5O2
398.0045	276.65	0.06429439678557919	2.9491936953315276	
442.1832	173.86	0.015713115961779083	-4.950296719710301	C23H29ClO6
428.8787	204.44	0.004430447885700657	-8.017842363543123	
428.8787	210.22	0.001166336818777561	-14.074511104502758	
428.9306	205.1	0.039051348343662126	-3.5735203863163045	
428.9306	209.83	0.8878926420793198	-0.17742566797153403	
429.0173	364.69	0.054202377300637636	-3.153253976208565	
373.0104	222.04	0.000817181355801683	-17.296049032803996	
429.1944	27.37	0.0021402666211893934	-10.528870615821019	C22H26O8
443.0912	164.38	0.1337600658523242	2.1326723794815012	
373.1925	215.08	0.0019454501981122324	-10.941623408674372	C24H26N2O2
443.2476	24.35	0.008150337198257173	-6.349060653234306	
430.0516	194.57	0.22590166879172488	-1.6122165794096772	
430.0516	214.56	0.02595539180179483	-4.147766528729611	
399.0463	349.2	0.001156283934225771	14.183941014188235	C18H12N2O9
399.1443	307.51	0.001111856128888375	14.436241935328278	C22H24O7
399.1443	312.11	0.007651747730856454	6.518184733721164	C22H24O7
399.1443	317.88	0.01304406705215804	5.315083833473323	C22H24O7
374.0139	222.17	0.0011778144422128762	-13.941326067705047	
374.1756	107.27	0.39267285507962096	-1.0942774058785678	
444.2496	24.35	0.012637772947265119	-5.385678850273331	
431.195	27.37	0.002595946641318245	-9.655332420893748	
401.0053	310.53	0.6652516544384219	-0.5506460648077816	
374.9199	212.06	0.40564094404916173	1.0621259983472142	
445.0532	365.87	0.00039986390553210034	30.355436264662853	C11H20N4O11P2
432.0673	194.57	0.09094512944610436	2.5438816808244065	
375.015	222.3	0.001338096916604042	-13.041697853338716	
375.1523	364.95	0.0018830242628707155	-11.091650066189638	C12H21N3O8
446.8349	204.31	0.01411319692488451	-5.16202613911394	
446.8349	210.09	0.002334358472071191	-10.057737635804525	
402.9952	420.91	0.08612153758716788	2.60101817584741	C9H14N2O12P2
376.2515	24.87	0.24894637904804187	-1.5201753637372788	
434.0772	194.57	0.5572939382573459	0.7502971872623649	
376.8347	321.69	0.0017440298352912808	-11.60257211244033	
376.9855	28.02	0.13050914023041602	-2.1582781263463904	
377.0177	208.52	0.0028542786722609184	-9.35496120301566	
377.0455	161.75	0.06530314905555602	-2.930407627304273	
377.0691	260.08	0.004274860864212752	-8.14596244671441	
435.0684	194.7	0.6907349753767336	0.5069514263816229	
404.9514	227.95	0.07031206271208097	-2.8330046709768113	
436.2724	24.87	0.2834520601368499	-1.3976497713993745	C19H39O6P
479.9849	310.27	0.8126071991112872	0.30465415528840684	
436.8699	228.61	0.0440974030495746	-3.4131830157400245	
436.9063	206.68	0.01211121074747645	5.460071397306247	
406.0013	319.72	0.0004618418442402857	24.804459810380624	
437.072	194.7	0.7902784012782207	0.3419111175816042	
437.1874	194.96	0.001338096916604042	-13.015181823450021	
437.1874	198.37	0.001111856128888375	-14.485339135334575	
406.8679	204.97	0.0028542786722609184	-9.341411793939878	
406.8679	209.3	0.0020628761401345146	-10.685424234052713	C11H9Cl5O3,C10H9Cl4O4P
437.9097	206.68	0.013484366876275574	5.256240721278344	
450.8608	204.44	0.010492652535071216	-5.743037744929956	
450.8608	210.62	0.1031873151264747	-2.4031904349996056	
450.9221	206.94	0.008879955627115698	6.124993654231949	
438.9043	206.68	0.1537912608955575	1.9867462132640537	
484.3059	25.66	0.01411319692488451	-5.160955842725828	C29H43NO5
485.0038	219.81	0.030243582760852396	3.90792894127818	
451.9254	206.55	0.008284819813840277	6.307433831875263	
452.0495	320.12	0.862466260633955	-0.21987447047898673	C19H17ClFN3O5S
440.1325	314.6	0.00039986390553210034	-30.256025717493532	C19H19N7O6,C19H27N3O5S2,C19H19N7O6
485.3382	128.25	0.016886135856055515	-4.824497499771264	
440.8949	227.95	0.004080782851238111	-8.284747602735107	
440.9084	29.2	0.2429406385916451	-1.541926735201982	
486.3416	128.11	0.020591762888876396	-4.506177978200152	
440.9492	219.02	0.0033418614789550473	-8.823257755320306	
440.9492	227.56	0.005621299572819052	-7.310564179533975	
440.9979	222.04	0.051346189528876075	-3.2166999434912977	
441.064	234.28	0.0007767725481053864	-17.693656020191312	
613.1408	365.61	0.03955325106458309	-3.5573364890656114	C20H31N4O16P,C20H31N4O16P
452.9201	206.94	0.01093992326876924	5.666375070409439	
534.8836	206.68	0.03899587981087708	3.5770404843811323	
535.0375	362.33	0.926656222793989	0.11719282073094425	C14H22N2O16P2
614.144	365.74	0.06810083800496802	-2.8699561059871246	C20H31N4O16P,C20H31N4O16P
536.8817	206.55	0.020591762888876396	4.504766432679202	
537.0169	222.17	0.0008383902530085328	-16.62046066180239	
619.0202	222.17	0.0011962559179824444	-13.792784493240527	
489.2779	23.03	0.640672229301857	-0.5969801260906926	
620.0236	222.17	0.000530185985999285	-23.27908530648634	
620.9679	370.73	0.00098188631540657	15.569649729846567	
490.2814	23.03	0.8107322257831348	-0.3095418024410659	
538.0202	222.43	0.0006324832632880215	-20.44924948392774	
539.0217	222.57	0.001111856128888375	-14.578454537787131	
628.057	356.15	0.0011023592107933767	14.662420561142655	
629.0602	355.89	0.00041110504508570637	28.644309615870785	
455.0136	222.17	0.001009604431159466	-15.097726106717275	
540.0543	347.49	0.04398933692578261	3.419524998860758	C15H21N5O13P2,C28H22Cl3NO4
455.0466	260.21	0.00445806372774972	-7.98297404058904	
630.9024	206.41	0.06066383613282799	-3.017574126691801	
630.9024	207.33	0.2086698793435694	-1.6905336865000211	
456.0171	222.04	0.0009947476761040582	-15.30033376821289	
456.1641	349.46	0.2373047775895462	1.563961223396652	C20H23N7O6,C20H23N7O6
632.8609	206.94	0.07133958512278737	2.8149657051516157	
633.0359	222.04	0.0011962559179824444	-13.732314766996536	
494.9081	211.8	0.6640082915524194	-0.5568603528230662	
634.0392	222.57	0.0007767725481053864	-17.791046277091212	
457.0185	222.43	0.0007767725481053864	-17.741157373600494	
457.2261	25.0	0.7466455451909731	-0.41220280054984515	
457.2261	26.97	0.009265537932536448	-6.02555220837535	C23H38O7S,C27H30N4O3
635.0409	222.17	0.00045576985802494435	-25.464134201873723	
496.9861	264.41	0.001202554051648383	13.645737887273206	
548.8994	206.94	0.03231948901447096	3.8133161263317157	
459.2266	26.97	0.002497884369018754	-9.829713117382633	
549.9026	206.68	0.021863913367194312	4.411814353366345	
550.0266	320.25	0.40302525370323417	-1.0687463978681824	
646.8768	206.94	0.042827716689929685	3.456169734956421	
647.8797	207.2	0.04150691439514982	3.496244269442464	
550.8976	207.07	0.04506992316361072	3.3840431126317796	
551.0325	222.57	0.0008830224125510946	-16.273836235045163	
648.8754	206.81	0.04720714702148523	3.3251601143657536	
460.0277	335.64	0.5779533866688747	0.7146241836402191	
552.036	222.57	0.0010083673251397654	-15.141520675982159	
500.916	227.95	0.008546341479856494	-6.214882083234732	
500.9707	219.28	0.0014530555974068705	-12.49215267501879	
500.9707	227.56	0.004227946093866421	-8.17723262637293	
501.7535	2.62	0.8878926420793198	-0.1786584126526133	
502.0109	302.92	0.2491905320572953	1.5182783447530073	
553.0376	222.3	0.0011962559179824444	-13.69286636220765	
554.3466	131.56	0.6243504787745678	-0.6292602813231125	C33H49NO6
504.845	204.97	0.05089443188000249	-3.2294481471052765	
504.845	208.38	0.028107678345700174	-4.003886014770826	
662.1029	347.49	0.018814740219365075	4.6584116693779904	C21H27N7O14P2,C21H27N7O14P2
664.1184	319.59	0.44239636437146	0.9785064621888693	C21H29N7O14P2
465.1418	292.54	0.10504814527275189	2.384091175601189	
465.1418	296.35	0.1623097346935047	1.935153870060494	
465.1418	303.05	0.7466455451909731	0.4129970944955159	
687.0078	222.04	0.005621299572819052	-7.313514265688121	
465.9911	298.98	0.005176417088169866	-7.570317871018526	
466.8345	204.58	0.010775728677493322	-5.693720283372624	
466.8345	209.7	0.013590501453097445	-5.235271564825238	
466.8889	204.84	0.0019308929568021564	-10.977026609004763	
466.8889	209.3	0.006949994898897003	-6.793067179510179	
510.8818	204.44	0.002153464150386457	-10.473704219760476	
510.8818	210.62	0.03614456663184334	-3.6724752239165954	
701.0238	222.17	0.0007489804023578896	-18.58695084314271	
702.027	222.04	0.0026437053621482937	-9.599562497506847	
563.3616	129.69	0.4922547438906392	-0.8687255312083089	
715.0395	222.3	0.0012353627316861577	-13.4769698268992	
716.0429	222.04	0.001829073404060668	-11.190106973403704	
717.0446	221.91	0.0031653456852034105	-8.983086206579397	
469.029	222.17	0.001156283934225771	-14.14712028143257	
513.3693	129.69	0.06639859812933285	-2.9075016241900307	
564.8662	205.36	0.004142963223489701	-8.236369218335145	
564.8662	209.04	0.0062881258521121424	-7.021389018560509	
565.048	370.73	0.0012454462922464064	13.410546839627095	C15H24N2O17P2
470.0326	222.17	0.00098188631540657	-15.435665670123294	
740.5478	28.28	0.10534287904274812	-2.3802017697640867	
566.0515	370.73	0.001166336818777561	14.05279748482996	C15H24N2O17P2
744.8542	206.94	0.14228715893193417	2.06941772989165	
471.034	222.17	0.0005348079792038499	-22.662098407725505	
567.053	370.73	0.0021632009108034566	10.436267600602083	C15H24N2O17P2
568.2055	299.11	0.7178782926407719	0.46266066370358294	
761.3694	129.95	0.35724482048024725	-1.182459397842107	
518.872	228.34	0.013722110233864878	-5.211321143034467	
518.9093	205.89	0.11838209137851398	-2.260899120985457	
518.9093	208.65	0.3407057658639211	1.2281165328713834	
783.0272	222.17	0.0018272963509816478	-11.237431689688163	
474.0313	319.46	0.14287693867957815	2.0645646720676756	C19H17ClFN3O5S
572.1473	403.85	0.0007170079849961981	19.101262156084648	
572.1473	410.31	0.00039986390553210034	30.602771176670434	
797.0427	222.04	0.0006175124650893095	-21.11713996774788	
798.0458	222.3	0.0020089112479530157	-10.796080196548854	
574.3939	129.69	0.7086612807978125	0.47907807106443084	
474.9819	276.65	0.2245280989428113	1.6184817368786122	C20H15Cl3N2OS,C6H20N2O12P4
475.1902	251.65	0.027711252326606647	4.035346790451549	
522.8979	219.02	0.018303417342246827	-4.706350647356764	
522.8979	227.29	0.012284577433374909	-5.431708293509561	
522.9524	219.28	0.0007594613279515529	-18.34317772659667	
522.9524	227.16	0.011353971441768824	-5.594120478488504	
523.0011	221.91	0.000832779530828801	-16.835993605256842	
523.8485	6.85	0.13602543512762977	2.11287335587689	
578.8931	218.89	0.0038028368539419744	-8.455262408191857	
578.8931	228.21	0.02379027237227156	-4.279801118370265	
579.0276	420.78	0.001338096916604042	13.087058051825275	C15H22N2O18P2,C15H22N2O18P2
833.52	127.98	0.1788792593716306	-1.8349627166124898	
580.031	420.78	0.009196758219588272	6.050171583489655	C15H22N2O18P2,C15H22N2O18P2
861.5511	127.06	0.07745450850630999	-2.72138201503389	C45H83O13P,C45H83O13P
582.9191	219.02	0.013186773265520205	-5.295677853251252	
582.9191	227.56	0.01970893240749487	-4.5832312947801315	
865.0297	222.04	0.021470545515363225	-4.440259953025791	
879.0461	222.3	0.0016528770310918436	-11.89205710996512	
526.9071	205.1	0.4693324150787746	0.9193378985904326	
526.9071	209.04	0.7299516414306227	0.44116773248271307	
585.4319	24.35	0.07680690615797267	-2.7324467699992363	
961.048	222.43	0.0028542786722609184	-9.360612289795787	
586.4001	129.69	0.13497704495200852	-2.122177318523226	
587.0304	370.73	0.003295931220089094	8.873927357793487	C15H24N2O17P2
587.4066	129.69	0.06686192099103008	-2.897488185005091	
588.0336	370.73	0.024285304240766737	4.249146832825266	C15H24N2O17P2
588.0757	378.48	0.000832779530828801	16.854426322256135	C16H25N5O15P2
588.41	129.69	0.06740547444553345	-2.8816827363124795	
589.4126	129.3	0.00966497287242648	-5.917298028644076	
597.3051	165.3	0.07949659614471333	-2.6904338177276768	C27H51O12P
601.009	420.91	0.0015648881186696674	12.12272878354986	C15H22N2O18P2,C15H22N2O18P2
604.9558	219.28	0.011861413702967973	-5.500497736402801	
604.9558	227.03	0.04837603343385304	-3.2954696794679057	
605.0045	222.04	0.0005348079792038499	-22.924752445005197	
606.075	355.89	0.000832779530828801	16.964175990530574	
607.0782	355.76	0.0007170079849961981	19.167829819255783	
608.08	355.89	0.001156283934225771	14.214650655948669	
611.1452	446.64	0.00504454471382238	7.6386292949777985	C20H32N6O12S2
