m/z	rtime	p-value	t-score	custom_id
114.1028	0.79	0.9504717535208422	0.15216739866019896	
183.0781	23.19	0.7025995107245323	1.611456336505511	
237.1272	113.22	0.9263923780117379	0.2291128587083753	
116.0622	38.62	0.744887963932975	1.1127025630808562	
237.9547	2.24	0.7750099882748493	-0.7177630370743113	
237.9779	2.89	0.744887963932975	-1.104630391624996	
238.1201	26.76	0.7546598709561239	-0.8977033713599962	
117.0741	23.19	0.744887963932975	1.2538720118485716	
238.2276	0.79	0.744887963932975	0.9848215224974884	
184.8889	20.04	0.8591497152961374	-0.4189850446554865	
294.1555	27.81	0.744887963932975	-1.3671206249321064	
294.2789	215.88	0.7740981496284216	-0.7345043758338611	
294.2789	220.63	0.769752444077387	-0.7827274367010708	
239.1754	0.66	0.744887963932975	1.3940516182189395	
239.1754	21.75	0.7754115822055276	-0.7109687259798273	
294.9386	21.09	0.744887963932975	-1.1872562609060886	
119.0492	27.15	0.744887963932975	1.0029270148595655	C8H6O
119.0492	30.87	0.8648648421694013	-0.38729914552730943	
295.1515	25.29	0.744887963932975	-0.9655230066614715	
295.9419	21.09	0.6131195949947794	-1.9574558789525587	
240.1804	24.51	0.8242711581700074	-0.5231706152418635	
296.2073	24.64	0.744887963932975	1.050128913687497	
185.1648	0.79	0.7526744523096625	0.9324503905908984	
240.2683	78.69	0.24703423290838114	-3.5973135507663945	
240.9668	21.09	0.744887963932975	-1.2634984502118103	
120.0809	24.51	0.9994340142594547	-0.005147598916740184	
241.1042	24.51	0.7844939533386256	-0.6662576963746524	
298.0829	26.5	0.744887963932975	1.07407494393515	
298.0829	68.03	0.5745185319704306	-2.1076424598695205	
186.1681	0.79	0.7907636817223016	0.6542374808295869	
241.1545	0.79	0.9263923780117379	0.23148352592424365	
298.1861	24.64	0.709605161655599	1.5587682199384991	
121.0649	30.74	0.8670333790315458	-0.37756626295469387	C8H8O
241.1838	24.51	0.8199877386593536	-0.5514063216990658	
121.0843	24.77	0.9263923780117379	-0.2280035259875187	
298.2737	36.91	0.23148886206506566	-3.7389963283131946	C18H35NO2
298.2737	48.78	0.01621538436350508	-14.797710638723462	C18H35NO2
299.0886	24.11	0.8199877386593536	0.5425546979199078	
299.1483	36.52	0.9810414938661465	0.05905608224650529	
299.2771	36.91	0.23543196522047005	-3.662994088076601	C18H35NO2
299.2771	48.78	0.051542279334043734	-7.389685803186371	C18H35NO2
242.1861	0.79	0.744887963932975	0.9677983415689786	
122.0686	30.61	0.9503533413297977	0.15552639738247914	C8H8O
122.0686	65.25	0.7750099882748493	-0.7229418470721605	C8H8O
242.9253	22.8	0.6101067204950663	-2.0184598385219146	
188.0705	24.51	0.7546598709561239	0.9029456787334712	
300.9046	20.17	0.744887963932975	-1.3525493499960268	
301.0945	26.63	0.8269102377194261	0.506961764041991	
301.1044	24.51	0.8691375654616389	0.37160708966371353	
243.1826	21.09	0.744887963932975	-1.2387447100796205	
188.1756	23.19	0.02194262489908608	-10.784091793228436	
243.6844	20.7	0.7311748167205631	-1.470664397121922	
243.9415	22.14	0.6795233128352604	-1.7169816887736717	
189.0522	22.93	0.9263923780117379	0.23292964179614833	
189.0732	22.14	0.7582481409334202	-0.8700407732939389	
303.1197	26.1	0.9404327730435189	-0.1835764909893641	
244.0342	22.27	0.747990578123009	-0.9502924607146411	
189.1022	0.66	0.744887963932975	1.3209164101722197	
189.112	108.19	0.8621802960455383	-0.39836441214128826	C9H16O4
189.123	22.01	0.7123251527764076	-1.552211209052367	C6H13NO3
244.2137	610.37	0.7754115822055276	0.7052119855509291	
190.0862	24.51	0.8088451684240561	0.5938638899148332	
244.2632	36.39	0.34809156012652737	-3.068224047912078	
244.2632	41.14	0.051078409868453155	-7.489574237263994	
244.2632	44.29	0.3928885057739198	-2.7944693277620716	
305.0992	24.64	0.762371236157487	-0.8540349634191855	
305.1355	26.37	0.8621747454640138	-0.40393836279002276	
245.0993	22.27	0.7546598709561239	-0.8776763057112364	
190.1224	108.85	0.49960971753238664	2.3841385511257815	
124.0245	1.05	0.7017206690291845	-1.6370130799897624	
124.0587	23.19	0.9487451935457141	0.15862035784592216	
306.2279	25.97	0.7701103807132003	0.7709255573226427	
246.1012	22.41	0.8621802960455383	0.3948348498978705	
307.892	20.04	0.6241456262961671	1.912771812080945	
308.1429	69.34	0.744887963932975	-1.0007955736243963	
308.1965	0.66	0.506222580348642	2.2996979994632465	
308.1965	36.91	0.7690221634930926	-0.7900187599671744	
309.1459	69.6	0.7662095516923857	-0.8120981802235845	
309.2279	31.4	0.6131195949947794	-1.9631987435205158	
309.2279	33.1	0.01851601849318371	-12.16711402989684	
310.9124	22.93	0.3928885057739198	-2.7812961253616457	
248.237	36.52	0.9404327730435189	-0.1837039536839599	
248.237	41.14	0.8794078324257655	-0.35385391491711216	
311.0887	24.11	0.7452627538985649	0.9576454792500255	
311.1462	25.03	0.7750099882748493	0.726307075882479	
311.1462	26.76	0.744887963932975	-0.9630946136228016	
193.1012	41.14	0.6658998806092796	1.755575974443954	
249.1118	30.61	0.8502677527957119	-0.4427431953721763	
193.1699	0.79	0.744887963932975	1.3447414436094787	
311.9292	22.14	0.6109172470425911	-2.0120253379369837	
312.1656	0.79	0.8269102377194261	0.5090726688985378	
312.2528	66.06	0.744887963932975	-1.0873221793132324	
312.3257	218.24	0.7981826035792486	-0.6424601701309118	
313.1044	24.24	0.9504717535208422	0.1523490142534619	
313.162	24.64	0.9020716606019882	0.2843562125776959	
313.329	217.98	0.7701103807132003	-0.7661982936556772	
314.1607	27.15	0.9858713734153571	-0.04308311984332753	
314.3323	218.24	0.8133086112746852	-0.5707574524156227	
315.1739	79.21	0.8962450227568537	-0.30201828536358766	
252.1706	0.79	0.744887963932975	1.2701697408903705	
316.2116	21.75	0.744887963932975	-1.0598023734043474	
316.2485	28.2	0.9961630441657197	-0.019817780874279153	
316.2842	36.52	0.02194262489908608	-10.588123775311145	C19H33NO2
317.1145	26.5	0.8199877386593536	0.5497592032772238	
317.2149	21.75	0.744887963932975	-1.0688158072693337	
253.1192	21.22	0.744887963932975	-1.0344762086221782	
318.1917	25.29	0.8199877386593536	0.5538373692942754	
318.1917	29.65	0.9228746718655225	-0.24295297649965927	
318.2172	21.88	0.7377656562245201	-1.4393101703511177	
318.228	26.37	0.744887963932975	1.044747417723225	
319.0938	25.71	0.8269102377194261	-0.507841444719773	
196.0968	21.88	0.744887963932975	-1.0542726488040568	
254.1604	24.64	0.744887963932975	0.9752941517010157	
320.2073	25.84	0.7546598709561239	0.8979349792942601	
254.2476	29.91	0.4550740301301179	-2.591695443501705	
254.2476	36.52	0.02194262489908608	-10.344388251198989	C16H31NO
254.2476	44.03	0.33206608215627215	-3.1329530927056353	C16H31NO
254.8997	20.17	0.9994340142594547	-0.0007546477435950954	
255.1205	27.94	0.9381928300950916	-0.19579986438107394	
255.1233	0.66	0.744887963932975	1.015224813723132	
129.0546	30.87	0.8648648421694013	0.3877783679148199	
322.0772	2.1	0.31144534808489016	-3.20811808979015	
322.1865	0.79	0.744887963932975	1.054974500322476	
322.1865	27.55	0.9961630441657197	-0.01837730781455145	
322.2228	25.84	0.7981826035792486	-0.6359872259933783	
129.1386	0.79	0.753153365399493	0.9267963181851078	
257.0571	26.5	0.7546598709561239	0.899069319478227	
257.0793	1.32	0.9381928300950916	0.19430536114096617	
325.1618	25.16	0.8247985041495843	-0.5201131421936893	
257.1391	25.16	0.9870141406148725	-0.037032492991035885	
326.1609	0.66	0.762371236157487	0.8356652016035231	
326.1967	0.79	0.6131195949947794	1.9599959443661534	
131.0491	26.37	0.6241456262961671	1.9311661163287406	
131.0491	47.2	0.36712211387198807	2.8970533047093543	
326.3415	224.31	0.744887963932975	-1.1839709720797273	
258.0605	26.5	0.8399824803896089	0.4652146137396707	
327.1201	24.51	0.7515356584573495	0.9386637834370982	
327.1376	41.01	0.744887963932975	0.9752380637460831	
327.1411	24.64	0.8247985041495843	-0.51931598750278	
327.1411	27.15	0.744887963932975	-1.1864603991387848	
327.3366	213.12	0.9760298699520946	-0.07732088053164468	
327.3449	224.31	0.744887963932975	-1.1799224230921892	
328.2124	0.79	0.6574422656159816	1.8036451259155204	
328.3401	213.39	0.9560717411560143	0.14233710856328913	
259.0746	1.45	0.9079761407238067	0.2722236180406375	
259.105	21.49	0.23543196522047005	-3.6618398782538737	
198.0977	24.64	0.8088451684240561	0.5846888625644537	C12H14O
132.0031	21.88	0.7201637861389184	-1.5153502429752173	
329.1357	24.11	0.8891435272238875	0.3222663071782834	
329.1533	47.07	0.744887963932975	-1.1279974732821145	
132.0888	38.36	0.744887963932975	1.1383086827531637	
330.1563	47.07	0.762371236157487	-0.8518958710631859	
330.3362	80.79	0.744887963932975	-1.008126543161657	C20H43NO2
331.1666	58.66	0.9263923780117379	-0.22864276172397743	C17H26O4
331.3396	80.79	0.8125964103144424	0.5780111629543379	C20H43NO2
261.0733	22.93	0.744887963932975	1.3107403471971484	
261.1095	0.53	0.762371236157487	0.8441471265822715	
261.1095	28.73	0.744887963932975	-1.1430323794944657	
261.1306	22.41	0.9994340142594547	0.0009525298610818665	
332.2434	28.2	0.8218971863535924	0.5338669588774908	
133.0981	103.19	0.7981826035792486	0.6346093785535947	
133.1052	23.85	0.8618776594361495	-0.4078429016865363	C6H13NO2
334.1861	26.76	0.9263923780117379	0.23432795849725474	
334.2229	26.76	0.8178401391711804	0.5585841122248149	
334.2945	36.78	0.01851601849318371	-12.219706722366421	
334.2945	49.96	0.09038989825694264	-5.957248284264122	
334.3374	78.69	0.23148886206506566	-3.75700578015186	
199.1011	24.64	0.9591318249779889	-0.12811085074300038	C12H14O
335.1894	26.5	0.8133086112746852	-0.5755128437302085	
262.2021	25.84	0.8282676106606472	0.4962055796384985	
199.1917	3.02	0.7690221634930926	-0.801935481006239	
336.2019	24.9	0.9760298699520946	-0.0757232481448367	
336.2019	27.55	0.8937416890326105	0.31168915309835976	C14H22O6
336.882	2.24	0.744887963932975	1.045623773928568	
337.1043	24.51	0.9400184150015347	0.18701530052536633	
337.1615	24.9	0.7808873542353582	-0.6785223097742169	
337.1615	26.89	0.9381928300950916	-0.1972475141976164	
337.1771	0.66	0.7750099882748493	-0.7250437384310087	
200.1182	0.66	0.803113950106931	0.624262235115523	
265.1066	27.15	0.41365061992248203	2.7011622097559758	
265.1066	30.74	0.744887963932975	1.1409119974627333	
339.1411	26.63	0.8691375654616389	0.37150549458724685	
339.2071	70.79	0.7690221634930926	-0.7874458126700983	
340.2302	51.54	0.16035927986303375	-4.676530477932749	
135.1209	1.32	0.9168869969063124	-0.2534929773417343	
135.1209	21.75	0.744887963932975	-1.2869368157448862	
265.9621	20.04	0.9560717411560143	-0.13881514116454605	
340.3572	232.35	0.762371236157487	-0.8521719813534907	C22H45NO
340.9306	20.44	0.744887963932975	-1.1061465104259314	
341.1357	24.77	0.8698682886150888	0.36886789113261675	
341.1566	24.64	0.8999254507321119	0.29265917707710026	
341.1566	27.42	0.8999254507321119	0.2902792892593851	
136.1201	38.36	0.744887963932975	0.9860258662570485	C10H14
267.1223	30.87	0.762371236157487	-0.8503380779241512	C14H18O5
267.1586	26.5	0.8088451684240561	0.5954727024624067	
341.3606	232.75	0.8336218654180245	-0.48352769673787693	C22H45NO
267.1814	24.51	0.6574422656159816	-1.7811751141642092	
137.0457	22.54	0.744887963932975	-1.1180903850074946	
268.1186	0.66	0.7754115822055276	0.7092487371337184	
342.2278	26.5	0.7726319362245309	0.7511106502233412	
342.2278	28.86	0.744887963932975	-1.0515705678138576	
268.1257	30.74	0.8399824803896089	-0.4670557016116815	C14H18O5
268.1761	24.77	0.9380311143041365	0.20543751954630257	
268.2116	24.64	0.744887963932975	1.0632549587460787	
268.2712	229.43	0.709605161655599	-1.5681601734159076	C18H34O
268.2712	234.72	0.7546598709561239	-0.9099151104402107	C18H34O
268.2712	241.06	0.7238042128142121	-1.4871830743064924	C18H34O
268.2996	120.07	0.2225486215161664	-3.9220843059955266	
342.9288	20.44	0.762371236157487	-0.8381605309703796	
269.136	24.51	0.8886119639375017	0.32607075088799187	
343.1149	24.51	0.9570114728530243	0.13317983110939138	
343.1149	27.15	0.36712211387198807	-2.9075873987890963	
343.1322	41.27	0.7546598709561239	0.8975358329668954	
343.1689	53.51	0.8088014549112628	-0.6114149579395531	
343.1724	24.64	0.9263923780117379	0.22872536155894274	
343.1724	27.68	0.6241456262961671	-1.896726671111618	
270.1345	0.79	0.9858713734153571	-0.04375062337177659	
138.0489	22.54	0.7546598709561239	-0.8881846568922095	
203.0073	22.27	0.744887963932975	-0.9775821159949359	
344.1358	41.01	0.7645586648035999	0.8205788634196597	
344.1717	0.66	0.744887963932975	1.2988195309757675	
344.1717	53.24	0.744887963932975	1.3659749518478126	
344.2072	29.12	0.9434583206546904	0.17593587330039645	
344.2434	26.5	0.8621802960455383	0.396747563622214	
203.1388	21.88	0.744887963932975	-1.309751020275618	
271.1547	64.99	0.7546598709561239	-0.9084759254854611	
345.1305	24.24	0.7807705966612776	0.6806616573996004	
346.1868	0.66	0.7546598709561239	0.8853976783037821	
346.2161	92.12	0.7546598709561239	-0.8957312144272701	
346.2161	95.97	0.856279528573375	-0.42965013706808686	
272.2581	36.52	0.23148886206506566	-3.744938094725892	C16H33NO2
346.2228	26.76	0.7740981496284216	0.7356710825587468	
346.2228	29.52	0.986078446379803	-0.04045224999604373	
346.952	21.09	0.8199877386593536	-0.5463204115538545	
139.0947	0.66	0.744887963932975	-0.9608601053096321	
347.2911	26.76	0.01621538436350508	-16.865189661191582	
273.9451	20.3	0.744887963932975	-1.0609288508574006	
274.0836	26.5	0.762371236157487	0.8273501230723105	
204.9979	22.27	0.744887963932975	-1.190463926486623	
205.0279	2.76	0.7461605008669835	-0.9552055531174216	
274.1656	24.77	0.7603009294148042	0.8637438929422446	
205.0971	0.66	0.89893924828456	0.2966158106272645	
205.0971	24.64	0.744887963932975	1.1153007589071504	
274.2737	34.15	0.36712211387198807	-2.879071024281537	C16H35NO2
274.9415	20.44	0.744887963932975	-1.139141607764842	
348.2021	25.71	0.744887963932975	1.06518906478123	
140.0679	21.22	0.744887963932975	-1.3458773238631194	
140.0679	22.8	0.8621802960455383	0.3940847112200755	
140.0679	189.41	0.7011948551053484	-1.6408439881462729	
140.0679	194.66	0.05280518707292941	-7.282843269170428	
348.2383	26.1	0.744887963932975	1.2200638096541974	
275.0874	26.63	0.8591497152961374	-0.4207723725311697	
275.0999	21.36	0.645812456729468	-1.83610548451189	
140.1069	0.79	0.7690221634930926	0.7961963674495034	
275.9553	280.27	0.7065805118992586	1.6020946427495368	
349.8916	20.04	0.8133086112746852	-0.5724185539550327	
276.2175	27.94	0.9400184150015347	0.18736163480493667	C16H24O3
350.1774	145.79	0.2225486215161664	-4.04605079782035	
350.1774	189.54	0.9709165980417644	0.0893429671943112	
350.2173	27.42	0.9116047259704882	0.2631585774881025	
350.2534	27.15	0.7792400079464405	0.6892681699262012	
351.1352	47.07	0.8269102377194261	-0.5065738503873635	
277.9333	2.63	0.7807705966612776	-0.6798000995569737	
352.8972	21.88	0.8275717946706751	-0.4994128246947286	
206.8938	22.27	0.49017310609467546	2.4274404693781757	
141.1103	0.92	0.9977569845372156	0.011517163193840269	
278.9311	2.89	0.744887963932975	-1.0842087214369907	
278.9648	20.83	0.8399824803896089	0.4720249231262942	
353.352	218.24	0.904310551262718	-0.279501817531228	
279.1222	36.39	0.9020716606019882	-0.2844527758178364	
207.1492	0.79	0.744887963932975	0.9791337789609355	
354.3727	243.42	0.8225668006762135	-0.5280024056458356	
280.2632	36.91	0.2225486215161664	-3.9509026488716015	C18H33NO
280.2632	48.78	0.01621538436350508	-15.201390727612702	C18H33NO
281.1013	30.87	0.8618776594361495	-0.40901735183817606	
281.1379	34.94	0.6131195949947794	1.9745096790670664	C15H20O5
281.2665	36.91	0.2730152423108878	-3.4205801051398335	C18H33NO
281.2665	48.78	0.020337778084283473	-11.39425757140913	C18H33NO
208.155	22.93	0.7690221634930926	-0.7973110995242414	
356.3519	140.77	0.21501422403098175	-4.145673813658266	C22H45NO2
356.9084	23.33	0.94776480125781	-0.16306005116058345	
283.0939	24.24	0.9504717535208422	0.15234085529992225	
283.1173	26.76	0.744887963932975	1.2245031476294308	
283.1173	29.25	0.9674580996054323	-0.10665005131511006	
357.1306	24.11	0.7792400079464405	0.6881287830230817	
357.1306	27.15	0.478881490552655	-2.4931927084483343	
357.3553	140.77	0.21842206057063834	-4.096086702930278	C22H45NO2
209.0961	47.07	0.769752444077387	-0.7756857721923532	
284.1207	26.76	0.9810414938661465	0.06179172667224051	
284.1207	29.25	0.7546598709561239	-0.8773578667540798	
284.2064	24.51	0.7201637861389184	1.507757241267525	
358.2226	0.66	0.5043963618204692	2.327792788846585	
284.2945	77.64	0.11017295847665018	-5.557147079812982	C18H37NO
284.9099	22.01	0.7701103807132003	0.7592751158001899	
359.1462	24.77	0.744887963932975	1.1060469750746587	
285.1096	24.11	0.7844939533386256	0.667185266340461	
285.1704	0.66	0.9560717411560143	0.13681179817081207	
285.2099	24.51	0.7078675747506105	1.5938231324589536	
285.2979	77.24	0.13548645975410564	-5.03132758443133	C18H37NO
210.05	24.51	0.744887963932975	-1.0882159693892157	
210.0991	47.07	0.8670333790315458	-0.37885623239342336	
360.1585	41.27	0.6241456262961671	1.9028612793286481	
360.202	27.15	0.7690221634930926	0.7998996166308406	
360.2383	0.79	0.46227101893763495	2.547425674269732	
360.2383	26.76	0.769752444077387	0.7802527459705197	
360.2383	29.65	0.6241456262961671	-1.8822866677015517	
286.9068	22.14	0.744887963932975	1.3045941195776396	
286.9597	20.3	0.744887963932975	-1.0648589372942896	
287.0888	24.51	0.8999254507321119	-0.2910922693932564	
287.1496	0.66	0.9858713734153571	-0.042364859958533174	
361.1923	210.89	0.8399824803896089	-0.4661303183688164	
361.1974	26.76	0.744887963932975	1.1312647380139786	
361.2343	0.79	0.5494439192073061	2.1854028576230307	
361.2343	32.05	0.744887963932975	-1.1609801820837498	
210.1964	0.79	0.744887963932975	1.1188719403596887	
361.3653	119.94	0.2225486215161664	-3.909310208173902	
210.9775	21.09	0.8860316818789051	-0.3334242392141812	
288.2893	34.42	0.23148886206506566	-3.7903147854956423	C17H37NO2
288.2893	36.26	0.235000935450045	-3.6954068469634542	C18H33NO
288.2893	42.45	0.17433020113494774	-4.528748043413768	C17H37NO2
362.217	26.76	0.7740981496284216	0.7309294432085691	
362.217	31.79	0.744887963932975	1.3845625878138041	
362.217	32.18	0.744887963932975	1.1928279500738472	
362.3685	119.55	0.23148886206506566	-3.7746730162412083	
289.2926	36.39	0.22487010829680276	-3.8600321187198614	C18H33NO
289.2926	42.32	0.28343920339536377	-3.3425147235607855	C17H37NO2
362.9259	21.09	0.6948249408896321	-1.675001589379358	
290.1969	25.16	0.744887963932975	1.2855276443307582	
211.1804	0.79	0.744887963932975	1.2241621632769624	
363.1715	243.29	0.8273584600642168	-0.5028221224190992	
363.2209	26.76	0.744887963932975	1.3971553609008103	
363.2209	192.56	0.8886119639375017	-0.3261868840766094	
291.1814	0.66	0.744887963932975	1.2702322478448569	
291.1925	31.92	0.5536166976117834	-2.1575420971557127	
363.9293	21.09	0.744887963932975	-1.2493925674900943	
147.0439	23.19	0.6432330733284738	1.8461899579922976	
147.065	30.74	0.8273584600642168	0.5030009375236187	
147.0764	23.85	0.6574422656159816	1.7902590021541782	
364.9947	24.51	0.6109172470425911	-1.9949605763203966	
366.2483	25.71	0.8088451684240561	0.6050170662409929	C19H30O6
366.2483	27.68	0.9166184238194527	0.25488155653037964	
404.2061	30.74	0.7750099882748493	-0.7219608541788017	
404.2639	28.2	0.8275717946706751	0.49935858099173447	
405.2094	30.74	0.9760298699520946	-0.07552855419635779	
406.0421	21.75	0.6948249408896321	-1.6714639793776604	
406.2009	41.01	0.744887963932975	1.0793936872464511	
406.2122	30.87	0.744887963932975	0.9697090563296836	
406.2433	27.68	0.744887963932975	1.0690725795205755	
406.2433	33.89	0.744887963932975	1.0057944657915072	
406.2433	36.65	0.7740981496284216	0.7295441643354253	
367.2822	112.31	0.0630235547564576	-6.764507972350612	
213.1961	0.79	0.744887963932975	1.0347617827678972	
407.2044	41.01	0.744887963932975	1.2326858803055352	
407.2044	41.79	0.9380311143041365	0.20480600333842913	
408.2229	26.37	0.753153365399493	-0.9281427471178163	
408.2494	0.79	0.9009590193613846	-0.2878259677987199	
408.2494	56.29	0.709605161655599	-1.5580258097840383	
408.2589	28.2	0.7754115822055276	0.7037019979759358	
408.2924	110.03	0.04014480482068912	-8.146136879945459	
408.9185	20.57	0.744887963932975	-0.9867089338094074	
409.1614	30.87	0.744887963932975	-1.1284674979812201	C22H26O6
409.2623	28.2	0.8269102377194261	0.510613269950946	
409.2803	36.91	0.7201637861389184	-1.5098573593954028	
409.2958	110.03	0.036604293676862756	-8.53240645047681	
409.9204	20.57	0.744887963932975	-1.0539658035969457	
410.1647	30.87	0.7546598709561239	-0.901463592300934	C22H26O6
410.2111	161.99	0.3441253862859866	-3.087995081498877	
410.2294	0.79	0.7017206690291845	1.6307919237947759	
410.2382	26.89	0.8891435272238875	0.32429763998828404	C19H34O9
410.2746	25.29	0.776158167065609	0.6982636141293724	
368.3883	266.63	0.7377656562245201	-1.4364360379569536	
368.4246	189.93	0.2225486215161664	-4.014072002181471	
369.169	30.87	0.8670441591639685	-0.3765036269488674	C15H29O8P,C22H24O5
369.1882	28.73	0.7684525572602908	-0.8054683098437101	
412.3207	52.19	0.3971534940152286	-2.759356068154551	
413.1779	26.1	0.9302045845096475	-0.22223433993000044	C20H28O9
413.1949	36.52	0.8618776594361495	-0.4094975772008692	
369.8873	22.14	0.7750099882748493	0.7196537416044307	
214.2527	36.39	0.036604293676862756	-8.542848580278347	
150.0582	24.11	0.9696782051695708	-0.09330364334595845	
370.3311	225.62	0.744887963932975	-1.0838742658374851	
414.9393	20.83	0.9404327730435189	-0.1829192407127223	
415.1743	24.77	0.7793251964188439	0.6849510431835105	
415.2436	62.1	0.8567646608284222	0.42800386648111255	
415.2793	233.01	0.744887963932975	1.2485189638756944	
417.1525	25.16	0.776158167065609	0.6975332420603135	
417.1525	26.37	0.5536166976117834	-2.1661416488350937	
417.1583	283.47	0.9381928300950916	0.1942356731213807	
417.255	210.76	0.7546598709561239	-0.8877371862560333	
417.3359	151.99	0.41365061992248203	2.7016286151660087	
417.8789	20.17	0.7701103807132003	-0.7627320785672143	
418.1618	283.47	0.8199877386593536	0.5474505982039221	
418.2433	26.89	0.9682925046866395	0.09832691091087357	
418.2433	28.86	0.762371236157487	-0.8277239344180366	
418.2583	166.48	0.744887963932975	0.9987427772494346	
418.2583	210.76	0.7563676506292611	-0.8735506674220855	
418.3392	152.12	0.716243636146379	1.5373551332411146	
419.1696	24.77	0.7238042128142121	1.4864371109512853	C23H22O7
419.1696	27.15	0.7377656562245201	1.4357149760226593	
419.2251	30.61	0.8802179120272813	-0.3480515413704346	
419.2342	134.31	0.8218971863535924	0.5330549847203386	
419.2342	194.01	0.18884993309034825	-4.389905615288484	
419.2342	243.42	0.9854172275043004	0.04679218404802679	
420.1729	27.15	0.8088451684240561	0.5954189858930563	
420.201	31.0	0.7981826035792486	-0.637663307321583	
420.2318	177.04	0.0181595504935603	-13.363871454354275	
420.2318	186.65	0.0400361118188508	-8.210745692560211	
420.2954	31.92	0.7065805118992586	-1.5985334394053787	
420.8849	21.88	0.8087558793908846	-0.6137258912569467	
421.2623	28.6	0.8839924551532262	0.3390641987034038	
372.2382	0.79	0.3599600326026938	2.976693976030574	
422.2421	0.66	0.7377656562245201	1.4316448912894684	
422.2746	26.63	0.744887963932975	1.1073030697404063	
422.8815	21.75	0.8088451684240561	0.6089194070569953	
423.1409	26.63	0.8648648421694013	-0.38700723211794863	C22H24O7
423.1409	33.1	0.478881490552655	2.492137268226476	C22H24O7
215.1444	21.75	0.744887963932975	-1.1005965748541076	
372.8808	20.17	0.8338706664485368	-0.48216213553208687	
372.8808	23.33	0.744887963932975	-1.0163924966947477	
424.254	26.76	0.8088451684240561	0.5928574059115959	
424.8961	20.17	0.8937416890326105	0.31139214847778784	
425.135	30.61	0.3491665705839781	-3.0470105719571885	C22H26O6
152.0567	22.27	0.7383979706614098	-1.4225623574713968	
426.1389	30.44	0.3599600326026938	-2.9728798305159407	C22H26O6
426.2694	25.29	0.8399824803896089	0.4705796696895629	
426.2694	138.38	0.9434583206546904	-0.17735825976328265	C20H41O7P
426.2694	139.56	0.9079761407238067	0.27161368531038105	
374.2111	47.33	0.9696782051695708	0.09363207083437458	
374.2173	0.66	0.769752444077387	0.7798703536636923	
374.2538	0.79	0.7740981496284216	0.7432259856815325	
374.2538	28.2	0.803113950106931	0.6259567752014917	C19H35NO6
427.2509	284.12	0.744887963932975	-1.101018441310119	
374.8816	20.04	0.7701103807132003	-0.7589832875601454	
428.0364	1.71	0.49679039735133673	-2.394420139703908	
428.253	283.6	0.762371236157487	0.8432130035804969	
428.2572	145.79	0.2648712755446954	-3.4709450324591327	
428.3366	64.85	0.744887963932975	1.3382009017857657	
375.214	0.79	0.5043963618204692	2.318565596801283	
375.214	47.2	0.7078675747506105	1.590772088174798	
375.3214	88.71	0.651909709432174	-1.8247149424801898	
376.2327	26.1	0.744887963932975	1.1895783442120063	
430.2739	110.42	0.12778398824411255	-5.306710856084324	
430.2739	189.54	0.9618610197433334	-0.11841486758091117	
430.9138	21.09	0.7010753085190604	-1.6438101580870348	
376.9414	21.09	0.709605161655599	-1.5642847376446483	
431.1781	200.74	0.7651288997450634	-0.8178291699069846	
431.217	30.61	0.7546598709561239	-0.9063282384802099	C22H26O6
431.3836	294.9	0.0630235547564576	-6.791239853449477	
431.9163	21.09	0.6241456262961671	-1.9064963902940812	
432.1814	200.74	0.744887963932975	-1.0847821833659066	
377.2007	193.61	0.2893109379156726	-3.308009590156757	
432.3871	294.9	0.059502515832519066	-7.011977229735404	
433.2157	75.8	0.8144520726763016	-0.5670077039685987	
433.2406	30.87	0.9810414938661465	0.059281270143712914	
434.2431	30.61	0.9842022899398503	-0.05056747425469034	
434.3347	149.72	0.9827791393915473	0.054609686448423275	C27H44O4
378.2085	193.87	0.23148886206506566	-3.7816911090103558	
378.2119	27.15	0.6109172470425911	-2.003664069106442	
378.2119	33.24	0.6241456262961671	-1.9077821614252837	
378.2119	36.39	0.60213984225078	-2.057943877293181	
435.2447	30.74	0.8839924551532262	0.33996702682568614	
435.2619	193.87	0.25064842014871197	-3.5567335555067787	
378.8997	22.8	0.5043963618204692	-2.3169530727694854	
436.1963	26.89	0.8502677527957119	0.442459715300005	
436.2538	26.37	0.8225668006762135	-0.5276957174307535	
436.2538	30.44	0.7546598709561239	-0.8775674838510064	
436.3417	202.31	0.9400184150015347	-0.18663293503521042	
437.2581	193.74	0.2730152423108878	-3.419119821300229	
379.2163	33.24	0.769752444077387	0.7750540731332077	
437.3112	37.17	0.8809041977637804	-0.34560782842771576	
437.345	202.31	0.9970220785566344	0.015030859800459677	
379.2816	161.6	0.6025840522280691	-2.0412375676267525	C21H40O4
379.2816	168.19	0.3928885057739198	-2.776250946985061	C21H40O4
437.8745	22.01	0.7618050507907608	0.8606868613795311	
438.2613	0.66	0.08133251793082999	6.1955565488589235	
438.2613	193.87	0.23148886206506566	-3.7233863830240645	
438.2695	27.02	0.7792400079464405	0.6887939646996147	
439.1359	28.86	0.8621802960455383	0.40098655540402367	
379.9164	21.88	0.744887963932975	-1.2393126540611428	
439.3181	152.9	0.8949190851558244	-0.3057444009648138	
439.3391	182.03	0.0601466075933335	-6.950038471000877	
380.2083	193.87	0.2752124380313129	-3.395514476498332	
380.2189	0.66	0.6131195949947794	1.9589011654252644	
380.2277	25.43	0.744887963932975	1.2591019672503172	
380.2277	28.07	0.7546598709561239	0.8927920811792189	
380.3307	239.58	0.744887963932975	1.1216228355718936	
440.8687	20.3	0.9726161607885191	-0.08519023593249044	
441.1308	24.51	0.8088451684240561	0.5968331918855241	
441.1308	29.25	0.4553098696058468	-2.567815193149723	C22H26O7
441.1516	27.15	0.8794078324257655	0.35266948309787355	
441.2371	0.66	0.744887963932975	1.0728408115150978	
441.3546	209.68	0.09534836057269544	-5.840881467456588	C27H47NO2
442.1547	27.15	0.7690221634930926	0.7968546438756013	
442.1547	153.82	0.744887963932975	1.3167581328745304	
442.1547	161.07	0.716243636146379	1.5381466234039936	
442.2573	52.19	0.39716426858618004	2.753024820125664	
442.2573	56.82	0.8088451684240561	0.5862700980613257	
442.2573	59.58	0.8802179120272813	0.3478657360300902	
442.2573	160.94	0.9780267183182662	-0.06842033140070833	
442.4041	254.49	0.00572360837327322	-28.11417896679108	
442.8692	20.17	0.8225668006762135	-0.5268484059797799	
381.2135	194.01	0.13560466562136675	-5.007940703145924	
443.1568	27.28	0.7844939533386256	-0.666765307963531	
381.2996	176.25	0.9380311143041365	-0.20190072191543793	C23H40O4
443.3879	201.26	0.8266360127307828	-0.5149836516905274	C30H50O2
381.3147	243.82	0.6709770738809627	-1.7429359634975143	C27H40O
444.3316	64.46	0.7690221634930926	-0.7856478563236635	
444.9287	21.09	0.744887963932975	-1.3930558320249062	
445.3349	64.85	0.762371236157487	-0.8519604141135757	
446.2168	26.89	0.6867223015724577	1.7020125223714737	C19H34O9
446.2168	33.24	0.7377656562245201	1.4325592123248623	C24H31NO7
446.887	22.67	0.3491665705839781	-3.041538431278448	
382.2043	193.87	0.193216937078015	-4.327150304918558	
447.3828	269.52	0.47984283663132626	-2.4738423709963353	C29H50O3
156.072	24.11	0.744887963932975	1.1658542153170646	
447.9039	21.88	0.744887963932975	-0.9994629629607893	
448.2325	29.78	0.744887963932975	1.2562549739208178	
448.2325	30.87	0.8088451684240561	0.6001119469125251	C20H32O8
383.125	41.01	0.9961630441657197	0.018623052449436548	
383.1479	27.02	0.744887963932975	-1.2269731923666038	
449.245	211.02	0.8621802960455383	0.3980577413844682	
383.2787	64.99	0.7754115822055276	-0.7158069429445701	C22H38O5
383.3304	254.1	0.744887963932975	-1.312164848971608	C27H42O
450.2735	189.41	0.9591318249779889	0.12307151230467783	
451.2571	0.79	0.9591318249779889	0.12712956577126086	
384.3104	65.67	0.8225668006762135	0.5301869922497248	C22H41NO4
451.3543	31.92	0.7201637861389184	-1.509603991467869	
452.2484	27.28	0.7407320248621131	1.4131937996783361	
452.2484	32.58	0.8794078324257655	-0.3509551924040397	
384.3338	254.1	0.744887963932975	-1.294859540495309	C27H42O
384.7715	22.54	0.36712211387198807	-2.8865668099858937	
216.0875	0.66	0.9682925046866395	-0.10156569600203266	
454.1703	36.39	0.8087558793908846	-0.6127334082844759	C24H30O6
454.2644	27.15	0.7981826035792486	0.6347709282719235	
454.2924	95.14	0.02194262489908608	-10.345828333061677	C21H44NO7P
385.1635	30.17	0.7690221634930926	-0.7878400852091786	
385.1828	25.43	0.8199877386593536	0.5517474651519321	
385.1828	28.2	0.8199877386593536	-0.5412317525480373	
385.2731	276.99	0.0181595504935603	-13.43426090181713	
456.289	193.74	0.26456714959720073	-3.48173019999256	
456.3004	189.15	0.9931916263205041	-0.026067069768521304	
456.3164	27.02	0.744887963932975	-1.3814520081376087	
385.3421	197.85	0.744887963932975	-0.9630678634672076	
385.3421	203.36	0.7740981496284216	-0.7331733661381787	
457.1256	26.89	0.9560717411560143	0.13651749947488984	
216.9226	22.14	0.9560717411560143	0.1365651604494477	
457.2035	27.15	0.8618776594361495	-0.4059405847089106	
457.2035	32.32	0.744887963932975	1.0120955396874318	
457.2483	187.31	0.5330304412168041	-2.225890096497402	
457.2857	188.75	0.7690221634930926	-0.7860575472698783	
457.2922	193.87	0.2225486215161664	-3.917172839061738	
458.2896	188.75	0.776158167065609	-0.6988472891680234	
458.4714	199.95	0.16967812152538692	-4.582562957730102	
459.2195	25.43	0.9116047259704882	0.2647523237061775	C21H32O9
459.2195	27.42	0.9676117855023644	0.104602156909798	
459.2365	0.66	0.8591497152961374	0.418352113899213	
459.2365	197.32	0.744887963932975	-0.9983431933493125	
386.2535	0.66	0.4553098696058468	2.575310274079726	
386.2535	28.86	0.8199877386593536	0.5451767443570371	
217.1044	22.41	0.5659949650865903	-2.133395035888591	
459.2652	177.83	0.7754115822055276	-0.7035196612189073	
459.2652	198.51	0.9591318249779889	-0.12468073305980004	
386.2763	276.99	0.02194262489908608	-10.609114777989564	
460.305	305.9	0.744887963932975	-0.9769311701344204	
157.1698	0.79	0.744887963932975	1.2362526600803325	
157.1698	22.67	0.36748110978056747	-2.868160495359444	
461.3625	211.55	0.6025840522280691	-2.042732641258087	C29H48O4
461.3625	221.29	0.06570090029778558	-6.634429427771366	C29H45NO3
387.1986	25.16	0.8502677527957119	-0.4402540073136291	
387.2127	61.97	0.7754115822055276	-0.7041643041809926	
387.2526	58.0	0.4457869571565044	-2.617263041703227	C24H34O4
462.3056	28.07	0.8282676106606472	0.4928156870768571	
462.4149	203.1	0.3928885057739198	2.7846372382704314	
462.4149	210.21	0.7377656562245201	-1.444950851390155	
463.2771	34.94	0.7201637861389184	1.5197197573467314	
388.1829	30.87	0.7639054761490827	-0.823853766481952	C22H26O6
388.1902	41.66	0.744887963932975	1.128853417793917	
464.2188	193.35	0.744887963932975	-1.3747917891330133	
464.2277	27.15	0.744887963932975	1.2995235033940078	
388.2266	53.38	0.5536166976117834	2.1596591258269315	
388.2266	66.45	0.2175305473174353	4.116108882538738	
388.2327	26.76	0.744887963932975	1.0301012327895929	
464.4457	272.27	0.28064573128370324	-3.3620393852701067	
158.1368	0.79	0.744887963932975	1.1916188952313245	
465.2309	27.15	0.762371236157487	0.8470246791812309	
465.2309	161.07	0.7017206690291845	1.6200316836600583	
388.3935	171.37	0.1345707367487865	-5.070165328113035	
158.1651	0.92	0.7792400079464405	0.6864039629446133	
158.1651	2.37	0.7546598709561239	0.8783300257126277	
158.1651	23.85	0.744887963932975	-1.1578789749310225	
389.1855	30.74	0.744887963932975	-1.347857590600208	C22H26O6
389.1937	0.66	0.7377656562245201	1.4476081466892086	
389.1937	41.27	0.744887963932975	1.2597807870713857	
389.2298	0.66	0.7201637861389184	1.5189512393165163	
389.2298	54.16	0.13069157867659137	5.164145561437772	
158.9639	21.75	0.7201637861389184	-1.507591322118809	
158.9924	22.27	0.744887963932975	-1.3568750213795944	
159.0276	22.14	0.744887963932975	-1.2827472122760095	
218.9196	22.14	0.8872761374145282	0.3308562231005979	
390.1883	30.87	0.6574422656159816	1.777778369309036	C22H26O6
218.9817	22.8	0.8621747454640138	0.4034674790424625	
391.2837	201.52	0.8143995541776876	-0.5681668283306947	
219.1127	21.75	0.744887963932975	-1.0439617828752146	
219.1127	24.51	0.7754115822055276	0.7033926647056356	
392.2276	26.37	0.744887963932975	1.187348360547842	
392.2276	28.6	0.744887963932975	1.0732311322713117	
392.2537	36.91	0.7750099882748493	-0.7179035399800081	
392.2639	26.76	0.764109827511264	0.8223597370216965	
392.2639	29.12	0.8610331140256592	0.413945962777644	
392.2639	33.5	0.9591318249779889	0.12934040816190878	
392.2871	201.52	0.5459414086636757	-2.19558660214929	
159.1491	1.32	0.7546598709561239	0.9082147875536106	
466.2644	27.68	0.744887963932975	1.2479942252305511	
466.3007	27.68	0.762371236157487	0.827612174347202	
467.2686	27.94	0.7713364337315606	-0.7551375643446928	
159.9674	22.01	0.14669978178900847	-4.816743052519848	
160.0309	22.27	0.744887963932975	-1.3658175389013727	
393.2574	37.04	0.8266360127307828	-0.5144205595363295	
468.3342	174.91	0.051078409868453155	-7.50247709640837	C23H48NO6P
468.3454	179.67	0.01984647501676204	-11.779564590569944	C30H45NO3,C23H50NO6P
394.2161	162.38	0.015057496060310004	-19.905700194293384	
394.2433	25.84	0.744887963932975	1.1831707898123314	
395.0262	22.01	0.709605161655599	-1.5716918162306068	
472.9009	20.7	0.9709165980417644	-0.08846385990605198	
473.3176	210.76	0.7480724626094243	-0.9460639256858652	
474.321	210.89	0.744887963932975	-0.9663968849085959	
395.3994	249.46	0.8133086112746852	-0.5705658544013312	
475.1572	193.87	0.7201637861389184	-1.5190319042417708	
475.1934	25.16	0.9893803829927406	-0.032824055808719686	C21H32O9
475.3241	210.76	0.744887963932975	-1.0324126688108135	
475.3776	278.17	0.8275717946706751	0.5000075896813518	C30H50O4
476.2439	30.61	0.7546598709561239	0.8817925891966011	
476.2439	229.82	0.744887963932975	0.9926162274299618	
476.2848	29.52	0.584637949889226	2.0880693884635484	
476.3281	305.9	0.7981826035792486	-0.6335400577977411	
476.3941	185.18	0.744887963932975	-0.9862430859106266	
476.906	20.57	0.744887963932975	-1.0978690995598552	
477.2159	283.86	0.9444083034882313	0.17367921222763427	
396.2316	193.74	0.2893109379156726	-3.303131664265042	
396.2939	32.18	0.5063535600941912	-2.2857377785349433	
221.096	41.14	0.7017206690291845	1.631153493624901	
396.4194	286.21	0.8199877386593536	-0.5429124517292981	
478.1985	168.45	0.13010203779279164	-5.253277215983678	
478.2188	203.23	0.8756905904394627	-0.35968239779787353	
478.2738	75.93	0.5026870152295577	2.3634811424752415	
478.3007	28.2	0.7690221634930926	0.7888385078243605	
397.183	25.29	0.9591318249779889	-0.12300137694380461	
397.183	28.07	0.7981826035792486	-0.6352929563142885	
397.2351	193.87	0.24835194836538757	-3.5812926882922227	
161.0919	22.01	0.744887963932975	-1.345972910809776	
480.2797	27.55	0.8088451684240561	0.5874643740615251	
480.2797	32.32	0.9741942846803084	0.08207061192995148	C26H37NO7
398.2403	32.18	0.6432330733284738	-1.8479771422999653	
482.2877	102.8	0.076871470218872	-6.32485159514269	C22H44NO8P
482.2956	27.42	0.7311748167205631	1.47087720128298	
482.9267	21.09	0.9380311143041365	-0.20263361327018903	
483.2991	27.28	0.7546598709561239	0.8973060901833816	
398.8899	22.27	0.5043963618204692	2.3411523446606815	
222.0986	41.14	0.6883448256953084	1.6970307404641178	
222.0986	93.83	0.762371236157487	-0.8271400867182915	
485.2793	218.24	0.7317172851843398	-1.467559930419023	
485.3587	21.09	0.7383979706614098	-1.4181276774201512	
399.1434	28.86	0.4553098696058468	-2.5840729330444816	C22H22O7
399.2499	0.79	0.31144534808489016	3.211272035928913	
399.2499	62.1	0.762371236157487	0.8483405565422829	
399.3253	192.96	0.7078675747506105	-1.588944278191208	C27H42O2
487.3156	213.39	0.22487010829680276	-3.8734927069276104	
487.3331	220.63	0.7710444092039873	-0.7566787027080657	
162.1356	611.02	0.744887963932975	0.9739728816543681	
488.2498	24.64	0.744887963932975	-1.373482514163232	
162.1488	1.19	0.7723928377920957	0.7526903189103495	
488.2878	218.9	0.13069157867659137	-5.15070643363288	
488.3366	220.63	0.8621802960455383	-0.39397239134341555	
488.8718	21.75	0.9380311143041365	0.2024234619047	
400.3053	65.12	0.744887963932975	-0.9756202920142646	
489.3124	175.86	0.01851601849318371	-12.444204270060188	C23H48NO6P
489.3124	214.17	0.744887963932975	-1.3186194024644817	
489.3611	64.2	0.744887963932975	-1.0013874709594648	
490.3156	175.31	0.028795648941219075	-9.303780548046362	C23H48NO6P
490.3156	194.4	0.5026870152295577	-2.3676336077275	
490.3156	214.17	0.7025995107245323	-1.6141673180289338	
490.3443	210.89	0.744887963932975	-1.2393548174376783	
490.4612	275.03	0.19042999545226724	-4.362291863302722	
401.159	27.15	0.9931916263205041	-0.025606980104122934	C22H24O7
490.8689	21.88	0.8199877386593536	0.5498612115121708	
401.2642	224.18	0.7754115822055276	0.7050511592172339	
401.3087	64.85	0.9994340142594547	0.0022062595697990967	
491.3347	27.15	0.02719925616990354	-9.523068914036969	
491.3477	210.63	0.744887963932975	-1.0211510168385323	
401.341	192.96	0.7010753085190604	1.6472642491047134	C27H44O2
401.341	200.21	0.9444534957713059	0.17255524120352317	C27H44O2
491.4647	275.03	0.23543196522047005	-3.6763797811888344	
402.1623	27.15	0.7981826035792486	-0.6329965239235557	C22H24O7
492.2802	29.25	0.744887963932975	1.0094642797605815	
492.2802	43.11	0.781165442526725	0.677051997976185	
492.2802	44.29	0.6574422656159816	1.7907514403760354	
492.2902	91.33	0.6131195949947794	-1.9637931821785541	
492.3381	27.15	0.02194262489908608	-11.024781812728431	
492.3444	181.9	0.01621538436350508	-16.799906486261605	
492.4249	222.07	0.8282676106606472	0.49649276911043966	
402.3445	193.09	0.7017206690291845	1.6179899248355891	C27H44O2
164.0738	22.54	0.23148886206506566	-3.7330499075844354	
493.3481	182.16	0.01851601849318371	-12.950659999489133	
493.3883	294.9	0.6598723869595181	1.7695555097657276	C30H52O5
403.1743	24.77	0.744887963932975	1.1114305845716848	
403.1743	30.87	0.6126447728081423	1.9840859296927618	C22H26O7
494.2958	27.94	0.744887963932975	1.0273081325123927	
494.3602	213.65	0.0181595504935603	-13.777859429524533	C25H52NO6P
494.3917	294.63	0.7807705966612776	-0.6812175588880718	C30H52O5
495.2995	28.07	0.8907210040538734	0.3186366975412265	
495.2995	210.76	0.8502677527957119	-0.4437553527402704	
495.2995	246.31	0.8399824803896089	0.46943271101623557	
496.3112	27.02	0.7981826035792486	0.6438157176268375	
498.415	264.11	0.690255607481488	-1.6917092406683438	
498.9005	21.09	0.7010753085190604	-1.6468084938993306	
165.0546	23.19	0.6938293754937604	1.6843602472279706	
224.1581	24.51	0.744887963932975	-1.1748922328649507	
502.2921	65.8	0.744887963932975	-1.1641991365835336	C25H44NO7P
165.0909	318.38	0.483896281491658	-2.444637331338711	C10H12O2
527.2899	151.59	0.09038989825694264	-5.97340185625334	
527.2899	152.25	0.20138539038265021	-4.258590329852857	
527.2899	210.63	0.7701103807132003	0.7665084968578444	
502.3733	83.68	0.7845776319390607	-0.663185353598578	
527.4024	208.24	0.744887963932975	-0.9962550548388467	
527.4495	263.85	0.744887963932975	-1.0013071827156954	
503.3269	224.04	0.7238042128142121	-1.4975513674670295	
503.3703	263.58	0.981263447169884	-0.05767636489023666	
528.1434	36.78	0.744887963932975	1.3802321927765637	
528.3029	26.76	0.9830321890541679	0.05318740732362042	
505.3082	210.89	0.8411971941626946	0.4626869670540695	
505.389	209.16	0.744887963932975	-1.2776595900144057	C31H52O5
505.8908	209.29	0.744887963932975	-1.297067166642331	
506.311	210.76	0.7238042128142121	1.4872969281867932	
225.1127	0.66	0.803113950106931	-0.6237658830319939	
530.2868	76.46	0.36712211387198807	-2.8758156819585103	
225.1207	21.49	0.6126447728081423	-1.9860425136461188	
166.0515	1.84	0.5043963618204692	-2.3355876532857405	
530.3216	95.27	0.01621538436350508	-15.50339627894548	C25H50NO7P
530.4539	275.16	0.34866233588038503	-3.0586298783789965	C32H61NO3
508.3028	112.04	0.020337778084283473	-11.429706962128027	
508.4718	275.16	0.2225486215161664	-4.0429467242354304	C32H61NO3
225.1598	0.66	0.744887963932975	1.0508710697646089	
509.3063	112.31	0.051078409868453155	-7.586732784999726	
509.4753	274.9	0.051542279334043734	-7.375690875932577	C32H61NO3
532.2066	193.35	0.6241456262961671	-1.914660289326041	
532.3024	105.03	0.025643727916716343	-9.754641960568588	
510.8556	20.3	0.6109172470425911	1.9941300165194336	
532.384	63.15	0.744887963932975	-1.1285361582959068	
532.3914	221.02	0.9760298699520946	0.07535611638264315	
533.2101	193.48	0.49104419087590184	-2.412048580033157	
226.0448	23.19	0.753153365399493	0.9293170989810215	
512.2041	154.09	0.7845776319390607	0.6627653783625557	
512.3064	26.76	0.744887963932975	1.005489403510558	
512.3064	91.99	0.8088451684240561	0.601022113677127	C24H47O9P
512.4941	308.92	0.4409371748644855	-2.633717616777195	C32H63NO3
533.3761	210.76	0.00036778893711937003	-66.51977236662292	
533.3873	63.54	0.744887963932975	-0.9672502775751372	
533.4728	308.53	0.6564233917421429	1.812231040226334	C32H63NO3
226.1549	0.79	0.744887963932975	1.0504131012824438	
534.3703	194.66	0.8088451684240561	0.6079237383065643	C28H52NO6P
534.3703	214.3	0.776158167065609	-0.6966026737875609	
534.3703	235.24	0.8417651390890056	-0.46093938071039264	
167.0894	24.51	0.8610331140256592	0.41331286040963855	C7H8O2
515.134	36.52	0.8907210040538734	0.3171857205076417	
515.328	198.51	0.7740981496284216	-0.729367101537638	
515.8908	21.88	0.744887963932975	-1.1626496912370237	
226.1913	0.79	0.7377656562245201	1.4256823715689324	
517.3429	234.85	0.7546598709561239	0.8792332336298617	
517.3557	210.76	0.9570114728530243	0.1340962626316117	
518.3107	37.04	0.6025840522280691	2.0487201800061294	
226.9513	21.62	0.744887963932975	-1.274622143995255	C6H4Cl2O5
518.3686	176.25	0.9760930033315404	0.0731015072805717	
518.3756	210.89	0.8088451684240561	-0.5910230100908572	
518.4563	317.6	0.6948249408896321	-1.6752171008542718	
519.1384	287.26	0.35523424534869996	3.0011333750760616	
536.1099	36.39	0.7684525572602908	0.8047807446807015	
519.3593	305.64	0.7701103807132003	-0.7717042879502505	
519.379	210.89	0.8199877386593536	-0.543991882972887	
519.4598	317.73	0.744887963932975	-1.349851234686055	
227.0419	22.93	0.5043963618204692	2.332875086562998	
520.3547	111.65	0.9682925046866395	0.09952614719977966	
520.3819	210.76	0.8691375654616389	0.370806997401345	
520.4355	277.38	0.744887963932975	1.3037248078677115	
521.3582	111.39	0.8502677527957119	-0.4418664869457452	
521.3712	208.76	0.8591497152961374	0.41786540262858524	
227.1753	0.79	0.8591497152961374	0.4192763729999723	
227.1753	24.51	0.21231428237021735	-4.1768186155916505	C12H14O
168.0654	23.85	0.744887963932975	-1.1663607035716126	
522.3267	29.65	0.9383137705477956	-0.19301977286236766	
537.2787	119.94	0.9467285145302302	-0.16662032906817342	
523.2994	186.26	0.7662095516923857	-0.8111484342772289	
227.9547	21.75	0.744887963932975	-1.2903077993657548	C6H4Cl2O5
524.303	186.13	0.744887963932975	-1.056924202742917	
526.4463	263.71	0.7546598709561239	-0.914591130443461	
228.2685	58.39	0.1345707367487865	-5.063058415246648	
228.9556	21.62	0.6101067204950663	-2.0215661689134516	
540.1698	196.27	0.8133086112746852	0.5736676010958252	
540.4257	176.12	0.7662095516923857	-0.8122607630835965	
540.4257	257.77	0.709605161655599	-1.573246944164743	
540.8884	20.57	0.7480724626094243	-0.9478075050940223	
229.191	0.79	0.5026870152295577	2.3731113866659563	
543.3887	192.69	0.744887963932975	-1.1790874571457544	
544.8933	20.7	0.744887963932975	-1.2670326970246217	
170.0811	23.85	0.13010203779279164	-5.229459800403151	
546.1859	168.72	0.2225486215161664	-3.922856970440924	
546.399	82.5	0.762371236157487	-0.8393003022219676	
546.399	176.12	0.8845307417262938	0.33735656047137047	
546.4067	210.89	0.9381928300950916	0.1950935723938824	
547.4026	82.5	0.744887963932975	-1.0162784499897908	
547.4026	82.89	0.8088451684240561	-0.5954931069699742	
547.4026	176.25	0.9116047259704882	0.26322927172973615	
547.4104	210.89	0.9994340142594547	0.0059986850081022065	
170.1731	0.79	0.894591882203073	0.3071964278387822	
585.4297	164.88	0.744887963932975	-1.2031068911511873	C40H56O3
585.4297	209.29	0.6757992492433622	1.7246808178260884	C40H56O3
585.4297	231.7	0.753153365399493	-0.9245290199200987	
586.4314	192.69	0.22487010829680276	-3.871533325248083	
586.4314	209.42	0.6241456262961671	1.8827577245597014	C40H56O3
586.4376	292.53	0.9994340142594547	0.0007980760918232959	
232.112	44.55	0.7010753085190604	-1.6506936501209557	
587.4142	191.64	0.9380311143041365	-0.20407254877574926	C29H56NO8P
587.441	292.93	0.8269102377194261	-0.5080374536496792	
232.1189	0.66	0.8999254507321119	0.290145997415651	
232.1447	0.79	0.7546598709561239	0.9097193759260384	
588.2137	188.23	0.7726319362245309	-0.7500225773524039	
588.2137	198.77	0.744887963932975	-0.9862181696703043	
588.2137	216.8	0.7317172851843398	-1.4652710022795903	
588.2137	221.94	0.7546598709561239	-0.8972675581518392	
588.2866	194.14	0.744887963932975	-1.0880086820023946	
588.444	292.53	0.8752387735570042	-0.3612834505736825	
588.4773	255.01	0.744887963932975	-1.0941908590419431	
590.1927	152.77	0.662237653258615	-1.7633882759308441	
590.1927	188.75	0.744887963932975	-1.2463928477665183	
590.1927	222.34	0.744887963932975	-1.100369365214886	
590.1927	233.93	0.7981826035792486	-0.6415554101595721	
590.4253	81.32	0.7546598709561239	-0.8858288538906279	
549.4151	207.58	0.744887963932975	-1.2626859248155848	C33H56O6
549.4151	248.41	0.8247985041495843	0.5187796629766381	C33H56O6
549.4536	294.37	0.9134616129803113	0.2598192827712855	C34H60O5
232.8965	22.67	0.25064842014871197	3.551245871477269	
591.4286	81.18	0.7845776319390607	-0.6641057216010157	
232.9173	20.04	0.744887963932975	-1.1351435028067813	
550.2544	58.0	0.8891435272238875	-0.3228428338079156	
550.3655	210.89	0.8088451684240561	0.5853105633592893	
593.4415	205.88	0.744887963932975	-1.0128997813590388	
233.0783	22.93	0.9760930033315404	0.07342630121640735	
593.9433	205.88	0.744887963932975	-1.2141253850604257	
594.4726	248.28	0.744887963932975	1.2038293042939552	
594.4726	248.81	0.7690221634930926	0.7971708344455836	
594.4726	289.36	0.8269102377194261	0.5107412015365353	
594.5096	295.03	0.5043963618204692	2.3454899465556114	C37H66O5
550.9143	21.09	0.8242711581700074	-0.5226454543144503	
551.3683	210.89	0.8088451684240561	0.6051528956852542	
233.1508	0.66	0.744887963932975	1.0840424009466396	
596.3864	239.18	0.9977569845372156	0.011662476273951568	
172.0942	21.75	0.744887963932975	-1.1680791928409877	
599.3894	21.09	0.6109172470425911	-1.9968185324592231	
599.3894	23.72	0.506222580348642	-2.299775627425219	
552.269	76.46	0.744887963932975	-1.0393689401022568	
233.9128	22.27	0.744887963932975	1.3807372633374115	
602.2303	181.51	0.7740981496284216	-0.7316858247779461	
602.2303	198.77	0.744887963932975	-1.2614165485945812	
602.2303	217.06	0.744887963932975	-1.1504308105170877	
173.0783	22.41	0.8147323546799713	-0.565577363078244	
604.2086	188.23	0.744887963932975	-1.13717414982719	
604.3693	283.99	0.769752444077387	-0.7786823560240991	
604.4429	191.9	0.6241456262961671	-1.8968306756191258	
604.4429	533.25	0.1460864565674946	-4.842314422876988	C33H63O7P,C40H58O4
604.4721	196.14	0.8670333790315458	0.3777156851869816	
553.8553	20.3	0.7740981496284216	-0.7421302124966799	
605.2118	188.23	0.744887963932975	-1.07205671091254	
605.3146	283.47	0.9810414938661465	0.06093105535726303	C29H49O11P
605.4753	196.4	0.7651288997450634	-0.8161587456348876	
554.2425	116.27	0.744887963932975	0.9776747563041132	
554.3164	31.13	0.744887963932975	1.0388451259350302	
173.096	36.26	0.6574422656159816	-1.7817814723568646	
173.096	243.82	0.9977569845372156	0.010738364984034814	
554.3414	193.74	0.7546598709561239	0.9116075169966161	
173.1073	0.66	0.7750099882748493	0.7234580042033353	
606.188	108.71	0.483896281491658	2.453199173926646	
606.3179	283.47	0.9866507499421273	0.03860561826709889	C29H49O11P
607.3209	283.47	0.894591882203073	0.3073406016604563	C29H49O11P
235.0751	33.63	0.7238042128142121	1.4880757521916705	
555.4444	204.15	0.8957847406025059	-0.3036334569580458	
555.5266	309.97	0.17782564429348421	-4.485007911800719	
556.3026	83.02	0.9560717411560143	-0.14077875425719932	
556.8575	21.75	0.9560717411560143	0.1379390472966632	
612.8807	20.7	0.744887963932975	-1.0958231528750326	
558.318	109.9	0.769752444077387	-0.7764449771822286	C28H48NO8P
558.378	108.19	0.5043963618204692	2.3391501154013676	
615.2633	193.22	0.9079761407238067	0.2707841262744044	
615.4547	204.81	0.7488180220559624	-0.9438147663804789	
615.9567	204.81	0.762371236157487	-0.8314582800439664	
616.2449	217.59	0.7238042128142121	-1.4958128810610785	
616.3175	218.64	0.744887963932975	-1.3305854748156867	
558.8565	22.01	0.744887963932975	1.0295960264465303	
617.3211	218.64	0.7701103807132003	-0.7610126208710756	
174.938	22.8	0.6393383669695735	-1.8581234193967853	
559.3815	107.66	0.5709821728518781	2.117256295055979	
559.3815	108.58	0.6709770738809627	1.743124770081736	
618.224	188.49	0.744887963932975	-1.126678334246894	
618.4878	225.23	0.7546598709561239	-0.9090216634236005	C34H68NO6P
619.2277	188.49	0.744887963932975	-1.227355926354138	
619.4913	225.36	0.7754115822055276	-0.7070072013864488	C34H68NO6P
175.0014	22.93	0.8399824803896089	-0.46579648108140714	
620.4363	62.1	0.744887963932975	-1.047529734971573	
236.1502	24.9	0.744887963932975	1.186488297469159	
562.402	234.98	0.8087558793908846	-0.6152650977045759	
175.119	1.58	0.46227101893763495	-2.542059942640834	
175.119	24.11	0.645812456729468	-1.8392869980773376	
623.3252	283.47	0.9844455400495233	-0.04915622710452322	
623.3853	287.39	0.7201637861389184	1.50529599682874	
563.2267	283.2	0.744887963932975	1.3132130074728232	
563.4662	319.3	0.7017206690291845	1.6179823072868897	
624.3286	284.12	0.9766323683711385	0.07131594181845743	
624.3889	287.26	0.7377656562245201	1.4291538735264269	
624.4171	288.18	0.9027668397756917	0.28245039492658686	
624.5058	275.81	0.34958731598071624	-3.0326081769723117	C41H66O4
564.2955	84.07	0.762371236157487	0.8285551764389003	C28H47NO8
624.8464	21.75	0.9263923780117379	0.2292521175638627	
625.3918	287.52	0.744887963932975	1.2561948853682312	
625.4096	231.7	0.9480627420241393	-0.16054793993739455	
176.0657	23.85	0.744887963932975	-1.2833620222507844	
627.3612	209.16	0.744887963932975	-1.3760895401432436	
628.3649	209.16	0.6574422656159816	-1.7860064571543772	
653.3361	214.17	0.7065805118992586	-1.59998123717571	
653.4515	288.18	0.762371236157487	0.8543257821393214	
630.2011	153.82	0.8591497152961374	0.4177021647818282	
630.2011	161.33	0.7546598709561239	0.8825776547755604	
630.2604	201.26	0.7754115822055276	-0.7120969546705098	
630.5647	293.32	0.3651820498432668	-2.9306048564974247	
566.8878	21.09	0.7017206690291845	-1.6228240840628938	
631.2638	201.39	0.744887963932975	-1.1412910523719038	
631.2638	204.02	0.6824441376721642	-1.710326972557064	
631.4828	195.88	0.9360092033952704	-0.21294082917287258	
631.4951	293.06	0.8225668006762135	0.5288183154702009	
632.2399	185.18	0.744887963932975	-1.1096585535180137	
632.2399	192.82	0.7285324646143263	-1.478520699499402	
632.2399	195.06	0.6561558996721509	-1.8158469022073707	
632.2399	213.52	0.13560466562136675	-4.987195837051751	
632.2399	217.46	0.744887963932975	-1.1666551069876496	
656.2753	222.07	0.7010753085190604	-1.6465074504786201	
656.2753	227.2	0.744887963932975	-1.305742114343029	
656.2974	194.53	0.7740981496284216	0.7324416764412164	
656.2974	197.85	0.7651288997450634	0.8166556797292296	
656.2974	200.08	0.8282676106606472	0.49480923141632965	
656.2974	205.61	0.829349789604408	0.48974975736820703	
656.2974	209.29	0.8882440656341329	0.32862460446610264	
656.2974	212.73	0.8502629064766795	0.4485884810990052	
632.4984	292.93	0.8519168029926024	0.4359621024935643	
632.5048	196.14	0.8809041977637804	-0.34492714573714206	
632.5048	237.47	0.8502677527957119	-0.4460941538986709	
657.2789	222.21	0.744887963932975	-1.14913103512512	
657.2789	226.93	0.7377656562245201	-1.4271814868295347	
633.2792	289.1	0.744887963932975	0.9989348198154361	
568.3565	186.0	0.9434583206546904	0.1765230673334891	
568.4568	217.06	0.744887963932975	1.199121021645143	
568.4568	257.64	0.47984283663132626	-2.47773965073412	
569.3324	283.86	0.8088451684240561	-0.5874895503372002	C30H48O10
569.3604	186.0	0.9380311143041365	0.206265326392999	
634.3856	189.15	0.9467285145302302	0.16744441615374323	
569.4348	196.27	0.7526744523096625	-0.9325307649350525	C40H56O2
569.4348	225.23	0.7750099882748493	-0.7182036140401021	C40H56O2
569.4348	262.8	0.834540862009444	-0.48028873288162977	C40H56O2
569.4348	276.07	0.744887963932975	1.0095680452690206	C40H56O2
569.4348	309.18	0.8282676106606472	0.4934027820793926	C40H56O2
570.153	154.48	0.6757992492433622	1.7293220959085358	
570.153	158.44	0.7193479485634923	1.53115981959615	
634.8752	21.09	0.6966226827074138	-1.6663707144027462	
570.4381	196.27	0.7690221634930926	-0.7917555899616985	C40H56O2
570.4381	225.49	0.8165547454809935	-0.5623072046377764	C40H56O2
570.4381	237.47	0.762371236157487	-0.8342183080068943	C40H56O2
570.4381	262.8	0.8670333790315458	-0.37972020116696814	C40H56O2
570.4381	275.81	0.744887963932975	1.0272733059229933	C40H56O2
637.3045	137.07	0.7593748661366392	0.867420444175962	
637.4671	203.89	0.9555019642673196	-0.14475131388090307	C33H66NO8P
660.5344	237.47	0.7701103807132003	-0.7596871565800647	
660.5344	263.32	0.9381928300950916	-0.19762097050808344	
637.4924	106.61	0.744887963932975	-1.3261850472168226	
661.2733	205.61	0.5043963618204692	-2.326305195275095	
571.331	295.03	0.23148886206506566	-3.7417051375262163	
571.4281	206.4	0.7740981496284216	-0.7383176372181601	
571.4415	196.27	0.7701103807132003	-0.7634755298154622	C40H56O2
571.4415	225.36	0.9391224902776324	-0.19094694979903437	C40H56O2
571.4415	237.47	0.776158167065609	-0.6987373389429409	C40H56O2
571.4415	262.66	0.7701103807132003	-0.7691378127289081	C40H56O2
177.1637	38.62	0.753153365399493	0.9261264955390291	C13H20
664.2653	189.67	0.8618776594361495	0.40720700532831994	
664.2653	198.9	0.8088451684240561	-0.5872349458781453	
642.4363	231.57	0.7546598709561239	0.9170324227502337	
573.4358	120.07	0.5324299996422052	-2.2313509555522026	C26H56NO7P
644.2402	187.7	0.744887963932975	-1.3028387245033006	
645.4987	225.36	0.8088451684240561	-0.6008448410878177	
668.4444	237.61	0.744887963932975	0.9621021077849188	
668.4444	249.2	0.744887963932975	1.0709383087195892	
646.5202	225.23	0.8199877386593536	-0.5377529614985559	C36H72NO6P
669.2408	203.49	0.7480724626094243	-0.9462968094050598	
669.2408	211.02	0.6970084108876992	-1.66301749523769	
669.3759	207.45	0.894591882203073	0.3083330693161654	
647.4219	261.75	0.8476160915358661	-0.45283287141131084	
647.523	225.36	0.8282676106606472	-0.49212214952546623	C36H72NO6P
670.254	199.16	0.744887963932975	-1.2060569408389756	
648.4379	189.41	0.8907210040538734	0.3178277455476489	C32H64NO8P
670.3781	207.45	0.89893924828456	-0.2972038873860602	
179.0815	0.79	0.8199877386593536	0.5397170095869708	
672.4194	209.16	0.9696782051695708	-0.09341156146710837	
672.5759	67.9	0.0970493203807781	-5.783434625551853	
576.4105	62.88	0.744887963932975	-1.1666453036716262	
673.3025	288.57	0.744887963932975	1.141430769519575	
673.4228	209.03	0.9172652918414168	-0.2516576924203481	
577.4126	62.62	0.744887963932975	-1.2963594369419436	
714.2795	217.46	0.744887963932975	-1.3160292345979112	
715.2828	217.46	0.7383979706614098	-1.418949904367154	
715.3695	279.61	0.762371236157487	-0.8379528335579434	
716.3084	205.61	0.7546598709561239	-0.882986935525525	
716.3084	210.89	0.744887963932975	-1.114156648770268	
716.4251	189.15	0.9707801551519444	-0.09080423279985045	C34H66NO10P
677.2626	203.23	0.6241456262961671	1.9190209821600444	
716.4633	195.06	0.4553098696058468	-2.5691336968701206	C36H68NO9P
717.3292	206.01	0.744887963932975	-1.2318793836668627	
717.3292	210.89	0.4905775601061118	-2.4214643814561447	
717.3292	214.57	0.8088451684240561	-0.5878812936801645	
717.4671	194.92	0.6109172470425911	-2.008217677282369	C36H68NO9P
678.4614	24.77	0.7603009294148042	0.8649796149759659	
678.6757	508.64	0.5693153299119206	-2.1240121246502146	C44H87NO3
679.448	257.12	0.744887963932975	-1.0471647101307273	
679.448	286.21	0.8502677527957119	0.4400715039125092	
680.4501	256.98	0.744887963932975	-1.1667936511802155	
680.4501	286.34	0.8088451684240561	0.6023230342860906	
680.868	20.7	0.9682925046866395	-0.0991353013711144	
580.2999	110.29	0.47984283663132626	-2.474002176723648	C28H48NO8P
720.4951	284.25	0.709605161655599	-1.5681757673429384	
580.493	305.51	0.8199877386593536	0.5381769385635956	
682.399	184.13	0.8116925498470579	-0.5801900887666507	
720.8735	212.07	0.47690871220873204	-2.507139214840243	
721.3578	215.22	0.7844939533386256	-0.66906713819655	
722.3629	215.22	0.7844939533386256	-0.6663926525559116	
723.3031	153.56	0.8088451684240561	-0.6070241979499009	
723.3031	188.75	0.744887963932975	-1.2096884033042385	
723.3664	215.49	0.7701103807132003	-0.7634473606138868	
724.5067	256.72	0.7690221634930926	-0.7873719728136482	
724.5067	286.73	0.7479903778724616	0.9516738372271412	
582.3363	119.81	0.6757992492433622	1.7257015644847782	
582.4724	242.77	0.9360092033952704	-0.2137013755736938	
686.25	177.83	0.744887963932975	-1.3981195420398493	
686.25	182.29	0.744887963932975	-1.2950981117767812	
686.25	186.26	0.744887963932975	-1.282546255527834	
686.25	189.67	0.744887963932975	-1.2382574203879317	
181.0096	22.01	0.744887963932975	-1.2329917008419242	
686.4625	226.01	0.5459414086636757	-2.196237171881375	
686.4625	235.64	0.9380311143041365	0.20646273084461728	
583.4144	171.37	0.8273584600642168	-0.5038282838064545	C40H54O3
583.4144	209.29	0.7452627538985649	-0.9579643214106918	C40H54O3
583.4757	242.37	0.753153365399493	0.9237301690789397	
583.878	21.75	0.6241456262961671	-1.886673804223361	
728.2585	193.48	0.744887963932975	-1.0048204345320728	
689.1476	279.35	0.6574422656159816	-1.7806123491460581	
728.5872	216.41	0.7792400079464405	-0.6861943204527935	
690.4701	198.24	0.9591318249779889	-0.12296819258143772	C36H68NO9P
690.4701	201.92	0.5063535600941912	-2.2889768591057624	C36H68NO9P
690.4701	204.41	0.6574422656159816	-1.7806954698921982	
731.3086	177.43	0.6186166190736535	-1.9460399327444498	
731.3086	182.29	0.744887963932975	-1.3575726579737064	
731.3086	186.13	0.2225486215161664	-3.9125925239245443	
731.3086	190.33	0.7740981496284216	-0.7414753274067138	
731.4145	282.68	0.6574422656159816	1.7758324698754362	
731.4244	230.65	0.8133086112746852	-0.5727710498129811	
732.4277	230.65	0.7740981496284216	-0.7391405595274926	
692.2962	217.72	0.744887963932975	-1.1747734605668285	
692.3182	196.01	0.9642958934252204	0.11423371399845031	
692.334	289.36	0.9261842526583879	-0.23782410045210275	
692.8337	21.62	0.9790128584766612	-0.06605219722444676	
693.3001	217.59	0.7377656562245201	-1.434354875178119	
733.3243	173.08	0.7690221634930926	-0.7882857795985175	
733.3599	222.34	0.7546598709561239	-0.876861725395472	
733.3599	225.23	0.7329106996644762	-1.4615195832469934	
694.3322	196.01	0.8399824803896089	-0.4680365781862031	
694.3322	220.63	0.744887963932975	-0.9641805255514149	
694.3322	222.86	0.744887963932975	-1.168329495596278	
694.3322	226.93	0.744887963932975	-1.2217857149604665	
694.3322	231.3	0.769752444077387	-0.7767378776459118	
694.3322	236.82	0.744887963932975	-0.9888398084571247	
694.3982	207.45	0.762371236157487	0.8445780815786227	
182.0297	25.29	0.8648648421694013	-0.3854548921765311	
694.4431	188.1	0.744887963932975	-1.0859951561772052	
182.0574	532.99	0.506013008868553	-2.3093565352798184	
182.0811	23.19	0.744887963932975	1.2157996914010238	
734.326	173.34	0.744887963932975	-1.0144951318856472	
734.3623	214.57	0.762371236157487	-0.830510081095849	
695.3651	271.22	0.7734733761181914	-0.7478337075011386	
695.4015	207.45	0.8199877386593536	0.546411290027687	
695.4431	253.83	0.744887963932975	-1.00796341509398	
695.4431	262.01	0.744887963932975	-0.9642331467035014	
182.1037	0.79	0.9674580996054323	0.10608056063394031	
182.1037	22.27	0.9674580996054323	-0.10587931730765257	
696.4046	207.45	0.7377656562245201	1.4260694453575118	
698.3414	185.18	0.744887963932975	1.1644045021143352	
698.3414	272.14	0.744887963932975	-1.1914340730406112	
698.3414	279.61	0.8502677527957119	-0.44113685507195244	
698.5559	286.21	0.0400361118188508	-8.217898834552154	C40H75NO8
698.5559	288.7	0.0630235547564576	-6.746166998093881	C40H75NO8
737.3551	217.46	0.744887963932975	-0.964905478103448	
738.3583	217.72	0.7754115822055276	-0.7055729265595925	
700.6073	299.96	0.5276517983082983	2.243950520700849	
701.3538	194.66	0.9479719234498784	-0.16173089912451147	
701.3538	197.06	0.8178401391711804	-0.55931449619724	
701.3538	202.97	0.744887963932975	-1.3579303150539193	
701.3538	209.03	0.709605161655599	-1.5626202108030325	
701.3538	212.99	0.744887963932975	-1.2277593120325543	
701.4727	193.74	0.36208614234214065	-2.952339465639133	
740.4997	253.44	0.9079761407238067	0.27161902701175467	
740.4997	255.67	0.7017206690291845	-1.626078889605135	
740.4997	262.4	0.9172652918414168	0.25091125302553324	
702.3184	236.69	0.8648648421694013	-0.38598424464835285	
702.3573	194.4	0.8670333790315458	0.378847057665721	
702.3573	197.19	0.7681215302502684	-0.8076537614742669	
702.3573	203.1	0.744887963932975	-1.0269164631224865	
702.3573	204.94	0.9467285145302302	-0.16543027628983384	
702.3573	209.82	0.5063535600941912	-2.2939631147233563	
702.3573	212.73	0.36208614234214065	-2.9575521653377392	
702.3733	189.67	0.744887963932975	1.0844446768184464	
702.4697	194.66	0.6241456262961671	-1.8875134846242856	
702.4697	197.85	0.9682925046866395	-0.09912623811109429	
702.8625	21.09	0.709605161655599	-1.5632478966176984	
704.4855	202.05	0.8850376620203347	0.33568702769307285	C37H70NO9P
704.4988	134.83	0.14096314903966123	4.912065314605873	
704.4988	220.21	0.744887963932975	1.1904764272022947	
743.4006	264.9	0.8794078324257655	0.3517813314449799	
743.4006	271.88	0.7740981496284216	0.7331495275526447	
743.4006	278.69	0.709605161655599	1.5659198104912269	
743.4821	283.99	0.13069157867659137	-5.176385646788081	C38H73O10P
705.3287	205.07	0.7515356584573495	-0.9378861827730642	
859.5244	301.29	0.744887963932975	1.1707901636687839	
860.6664	212.6	0.744887963932975	-0.9739469683838843	
747.3758	214.83	0.8621802960455383	-0.4001236891634797	
709.3238	217.72	0.744887963932975	-1.1621547681225097	
748.379	214.83	0.8517134747990517	-0.43726852046112147	
748.379	236.82	0.762371236157487	-0.8379475459207408	
748.8546	20.7	0.744887963932975	-1.2530731346984247	
712.4774	36.78	0.2225486215161664	-3.9122194436647955	
865.496	276.07	0.6948249408896321	-1.6742435674026168	
751.3346	188.23	0.9381928300950916	-0.19460679867236405	
713.4804	36.65	0.2752124380313129	-3.3921496341107806	
752.3376	188.23	0.9674580996054323	-0.1080577626755066	
867.5117	286.6	0.7155958086976416	-1.543209714197695	
759.4391	156.21	0.762371236157487	0.8346398411159062	
759.4391	160.02	0.776158167065609	0.6956074430646322	
760.821	21.75	0.7524823980707556	-0.9354089539518381	
874.444	276.46	0.02361595685019255	-10.055334709383391	
762.4686	160.68	0.36712211387198807	-2.8787787092747563	
762.4686	195.32	0.5536166976117834	-2.1573039817884605	
880.6342	298.25	0.9467285145302302	0.16615573303640302	
950.9396	711.33	0.6757992492433622	-1.725309770469304	
881.3762	155.4	0.7834548232002083	0.6731732751992197	
881.3762	158.05	0.7701103807132003	-0.7691010567069049	
881.3762	159.89	0.7546598709561239	0.8872033298565709	
953.1856	202.57	0.7377656562245201	-1.4315952107669765	
769.5427	32.18	0.35523424534869996	-3.001302263494055	
770.8498	21.09	0.6241456262961671	-1.8914747171297934	
772.4876	219.95	0.8087558793908846	-0.6125910042426639	
773.4915	220.08	0.7155958086976416	-1.5455274556091614	
817.7626	634.55	0.49104419087590184	-2.410260195988347	
776.4824	230.65	0.8591497152961374	-0.4191876715896944	
821.6617	308.66	0.8999254507321119	0.29341679074374927	
777.4857	230.52	0.8621802960455383	-0.3985596615907147	
976.6466	227.33	0.8199877386593536	0.5375090143865074	
784.4518	195.06	0.744887963932975	-1.1274856437498624	
785.4548	195.06	0.6241456262961671	-1.9067770170705154	
981.2167	216.41	0.744887963932975	-1.12455377625608	
1037.2796	254.75	0.709605161655599	-1.5839196325101297	
1039.2702	224.31	0.2225486215161664	-3.9389579013699243	
1040.2905	224.31	0.483896281491658	-2.4461867614586175	
1041.2939	224.31	0.6101067204950663	-2.0243878741458015	
1042.6873	292.27	0.036604293676862756	-8.555185442363308	
995.2329	224.31	0.36712211387198807	-2.898335419360732	
995.6639	189.15	0.8088451684240561	0.5970772505773458	
995.6776	103.72	0.7546598709561239	0.9161027435038231	
996.2361	224.44	0.3651820498432668	-2.9294457726815195	
1068.3214	243.42	0.7740981496284216	-0.7315345576650211	
838.8375	21.09	0.6025840522280691	-2.0412091137237693	
1009.2486	233.27	0.7981826035792486	-0.6370225759109491	
1082.3367	255.01	0.744887963932975	-1.1582262541106259	
1012.2587	209.42	0.7201637861389184	-1.5088329418355138	
1012.2587	224.04	0.744887963932975	-1.3077480272696247	
1110.3677	270.83	0.6128682438920148	-1.9800074606792966	
1023.2639	243.82	0.762371236157487	-0.8269173311214496	
1026.2744	216.54	0.5494439192073061	-2.1811635638437847	
1029.0017	611.02	0.6241456262961671	1.9028164228694175	
1155.7256	291.88	0.744887963932975	-1.392055044797867	C57H104N2O21
1342.9249	332.32	0.744887963932975	1.1948448302263666	
1167.7888	246.44	0.483896281491658	2.449919826073807	
1176.704	291.75	0.8618776594361495	-0.4066687465023411	C57H104N2O21
1182.7795	244.74	0.6574422656159816	1.7937343759999496	
1183.7834	244.47	0.2225486215161664	4.019769746732027	
851.3963	36.52	0.996671466267727	-0.016600269289818972	
1196.8222	283.07	0.01851601849318371	12.444010132639955	
1197.8253	283.07	0.02194262489908608	10.37122463447461	
1198.8282	283.07	0.01621538436350508	16.329140685636766	
852.3999	36.52	0.9263923780117379	0.23356494309972936	
1286.6696	207.45	0.9994340142594547	-0.0009142317516321227	
1287.6731	207.45	0.9858713734153571	-0.04181878759270101	
1642.5654	598.55	0.744887963932975	1.0366178338268506	
