m/z	rtime	p-value	t-score	custom_id
113.9879	21.75	0.9796530523436169	0.5551029121056347	
114.0164	22.8	0.995894149431891	-0.008805262977160841	
170.9435	22.02	0.995894149431891	0.021749735818663386	
114.9887	21.75	0.9861185158430298	0.5109381954674972	
264.9346	22.8	0.9796530523436169	0.923257387797301	
265.148	36.79	0.995894149431891	-0.24401258536565548	
265.9508	22.02	0.9796530523436169	0.9210888390123139	
266.1515	36.79	0.995894149431891	-0.2576366672956142	
267.0089	188.17	0.995894149431891	-0.06019654570222986	
267.0089	193.68	0.9796530523436169	-1.2964852543747962	
267.0089	219.52	0.995894149431891	0.1452599216153944	
216.9282	1.57	0.9796530523436169	0.949312766390397	
216.9644	2.88	0.9796530523436169	0.6475631743071852	
216.9888	266.55	0.9796530523436169	1.126985948380832	
216.9888	267.73	0.9796530523436169	0.7654581739034491	
216.9888	268.92	0.9796530523436169	0.740847151723247	
216.9888	275.78	0.9796530523436169	0.6340944206097124	
216.9888	277.62	0.9864673992063805	0.44718767368954343	
216.9888	280.38	0.9796530523436169	0.9627591538619595	
268.9544	23.2	0.9796530523436169	1.1666582024226355	
268.9841	26.24	0.995894149431891	0.2808807213557391	
217.0125	219.65	0.995894149431891	-0.21209533338791564	
217.0125	419.12	0.9796530523436169	0.8017194881367591	
217.0125	424.11	0.9796530523436169	1.5136299503106327	
217.0125	430.97	0.9796530523436169	1.0808835691482235	
217.0125	634.11	0.9796530523436169	2.1869711448288216	
269.249	199.1	0.9796530523436169	-1.2252071614501447	
269.9866	26.24	0.995894149431891	-0.18483868263875983	
218.9864	25.04	0.995894149431891	0.09124714611182853	
219.0082	156.81	0.995894149431891	0.08268932951590031	
219.0082	189.35	0.995894149431891	-0.020085780890674768	
219.0082	286.96	0.9796530523436169	-1.0443168300516785	
219.1023	34.14	0.9796530523436169	1.6764955947271294	
221.0526	22.15	0.995894149431891	0.030845234201754237	
274.8909	25.56	0.9796530523436169	1.589574755249144	
274.8909	27.42	0.995894149431891	0.10432852270216675	
221.1543	58.25	0.9864673992063805	-0.43549839581516864	
174.9464	1.57	0.9796530523436169	0.8898701041290707	
223.0498	22.15	0.995894149431891	0.32522864341047886	
276.0177	24.51	0.995894149431891	-0.052749637201213104	
277.1445	34.27	0.6125377654625853	3.426272113068121	
177.0187	41.65	0.9796530523436169	1.2797549087158384	
278.8979	2.48	0.9796530523436169	0.9303082921944588	
278.9604	163.51	0.9864673992063805	0.4015063779429391	
278.9604	230.98	0.9796530523436169	1.3139064526965805	
278.9604	233.35	0.9796530523436169	0.9921963540550591	
278.9604	240.21	0.9796530523436169	1.1208490246503093	
278.9604	244.02	0.9796530523436169	1.3152593326995052	
225.0149	188.56	0.9796530523436169	1.2884468538334581	
225.0149	195.0	0.9796530523436169	1.41758241700023	
225.0149	196.47	0.9864673992063805	0.4546811483575891	
225.0149	198.05	0.995894149431891	-0.32846955604882455	
225.0149	201.49	0.9861185158430298	-0.5080260921340267	
280.2645	262.88	0.9796530523436169	1.0959436587793978	
281.0244	188.82	0.9796530523436169	-0.6842274217175615	
128.8798	183.68	0.9796530523436169	1.6028203627034716	
281.2486	193.95	0.9796530523436169	-0.7645586767191661	C18H34O2
128.9585	22.67	0.9796530523436169	1.1207672144013252	
281.8725	0.78	0.9796530523436169	0.6768137215560789	
178.9723	1.96	0.9796530523436169	0.9251907346907229	
282.2521	194.08	0.9796530523436169	-0.8245211694687585	C18H34O2
282.2802	286.83	0.9796530523436169	-0.8189631409368936	C18H37NO
226.9658	23.07	0.995894149431891	-0.15424741879173454	
283.1105	31.39	0.995894149431891	-0.162470984068852	
283.1105	156.81	0.995894149431891	0.24272346106326567	
283.2836	286.83	0.9796530523436169	-0.7280713798616177	C18H37NO
227.0129	193.29	0.9796530523436169	0.5839703913197749	
227.0129	201.35	0.9796530523436169	0.6565868691434625	
180.0152	25.04	0.995894149431891	0.14924003280294343	
284.9248	19.9	0.995894149431891	0.2911249650195156	
130.0864	1.83	0.9796530523436169	1.0024813694994414	
130.0864	23.72	0.9864673992063805	0.3934032350815279	
227.9665	22.94	0.995894149431891	-0.058698706171038444	
130.9565	22.94	0.995894149431891	-0.1880873038397016	
181.0008	22.94	0.995894149431891	0.3279522191658473	
228.9633	23.07	0.995894149431891	0.1467649369534309	
181.063	23.07	0.9796530523436169	0.8250423448012526	C6H12O6
181.0711	22.02	0.9796530523436169	1.1602733548668915	
181.9466	1.04	0.9796530523436169	0.7521339933169425	
181.9758	21.62	0.995894149431891	0.3435173103915963	
133.0133	1.7	0.9796530523436169	1.3986817392469144	
230.9865	25.69	0.995894149431891	-0.1856477643045745	
134.0462	22.94	0.9796530523436169	1.1107835576583125	C4H9NO4
231.0815	21.89	0.9864673992063805	0.42135052687500946	
290.9878	22.02	0.9796530523436169	0.7374509389869486	
183.1385	35.59	0.995894149431891	0.24756122736761504	
135.0302	22.15	0.995894149431891	0.07332614355088508	
135.0442	24.64	0.9796530523436169	-0.6269221464247402	
135.0442	27.03	0.9796530523436169	-0.857006187948999	
232.9865	21.23	0.9796530523436169	0.5588898477090695	
184.8759	0.78	0.9796530523436169	1.4271452632002566	
292.9133	2.22	0.9796530523436169	0.9316380263954314	
292.9832	36.27	0.995894149431891	0.13899841713185543	
293.0042	22.41	0.5449046735303337	-3.6503471605627316	
136.8908	0.78	0.9796530523436169	0.9359335950338806	
234.9139	1.7	0.9796530523436169	0.7288660585989557	
185.1542	29.66	0.9996155445608381	-0.0005022505071868242	
294.9533	20.55	0.9834616599806468	0.5304263246604696	
294.9533	22.8	0.995894149431891	-0.061962754653388095	
294.9824	25.69	0.995894149431891	-0.1332805706554555	
138.0187	26.24	0.995894149431891	-0.21256596590388235	
295.9547	20.55	0.98079701390138	0.5366857790897939	
295.9547	22.94	0.995894149431891	-0.022403032993840066	
296.2232	191.32	0.9796530523436169	0.9964878239125894	
296.8904	22.15	0.995894149431891	0.20899319657324247	
296.9508	20.29	0.9796530523436169	0.541267624428143	
296.9508	22.8	0.995894149431891	0.23139733407872937	
236.0783	32.04	0.995894149431891	-0.12807894571374706	
297.0366	188.56	0.9796530523436169	-1.1235623710262181	
297.0366	193.03	0.8972869193671302	-2.790086452804973	
297.0366	196.87	0.6901926991913006	-3.2671244866311366	
297.0366	201.22	0.9796530523436169	-1.81963067637153	
297.0366	218.6	0.9796530523436169	-0.8822644339220526	
297.0366	219.92	0.9796530523436169	-1.025802556580942	
297.0366	284.08	0.995894149431891	0.22797524671554908	
297.1531	36.66	0.9796530523436169	-1.1027754622948844	
139.0221	26.24	0.995894149431891	0.14902689391890628	
236.9989	150.34	0.9796530523436169	1.9000165984249635	
236.9989	194.08	0.9796530523436169	0.9403272010158652	
236.9989	283.95	0.9796530523436169	0.604444836180907	
298.138	24.51	0.995894149431891	0.34820441890774484	
298.1565	36.66	0.9796530523436169	-1.083309330735197	
237.0919	36.4	0.9796530523436169	-0.9759272362862017	C16H14O2
237.0919	39.81	0.9796530523436169	-1.6772082883552561	C16H14O2
298.8874	22.15	0.995894149431891	0.246371484299438	
299.0693	21.89	0.9864673992063805	0.4719708969222487	
299.1489	36.66	0.9796530523436169	-1.4164528136967545	
238.0953	36.4	0.9796530523436169	-1.1322528976657071	C16H14O2
238.0953	39.94	0.9796530523436169	-2.563565172440203	C16H14O2
299.9283	281.06	0.9796530523436169	0.5876662852445866	
238.9316	22.02	0.9864673992063805	0.3835729470943831	
300.9743	20.97	0.9796530523436169	0.6015816835991535	
301.2173	116.74	0.9796530523436169	-1.7126942272594565	C20H30O2
302.2207	116.74	0.9796530523436169	-1.8729358382350003	C20H30O2
240.9286	21.89	0.9796530523436169	0.6101230167246747	
303.0699	26.64	0.9796530523436169	-0.9419956844807779	
144.0445	25.04	0.9796530523436169	0.5959013559288522	
241.8848	50.6	0.9864673992063805	0.44051047523710535	
241.8848	58.64	0.995894149431891	-0.14057959511876716	
241.8848	60.48	0.9796530523436169	0.7561451065605548	
241.8848	62.45	0.9796530523436169	0.6122839502373958	
305.2487	186.07	0.9796530523436169	-0.6115413450079932	C20H34O2
242.2207	1.3	0.9796530523436169	0.613254097038133	
192.1025	28.47	0.995894149431891	-0.17096578452227953	
306.9193	22.02	0.9796530523436169	0.609537300642364	
193.0864	25.56	0.9796530523436169	-0.7657662305613523	
193.0864	30.44	0.995894149431891	0.0817518347407575	
243.16	30.86	0.995894149431891	0.07355740309400058	
308.9163	22.02	0.9796530523436169	0.7049247524562651	
309.1532	36.4	0.9796530523436169	-1.0473658832763346	
194.0817	36.4	0.995894149431891	-0.29507010951824986	
244.1567	23.99	0.9796530523436169	2.0239454441557303	
310.002	24.91	0.995894149431891	0.009295509832377206	
195.0851	36.4	0.9796530523436169	0.9796436392564708	
195.102	25.43	0.0002505860316981864	20.729617380322022	
195.1385	35.33	0.9796530523436169	-0.79844936186283	C12H20O2
195.8546	1.04	0.9796530523436169	0.7405176140183571	
246.8771	1.7	0.9796530523436169	0.571981806002557	
311.223	36.4	0.995894149431891	-0.04729601404442261	
311.2958	222.8	0.995894149431891	-0.3304596780638009	
311.2958	229.27	0.995894149431891	0.23731063653560386	
246.9815	26.24	0.9796530523436169	0.5392879295025259	
312.0953	22.8	0.9796530523436169	0.744138166288255	
312.9733	26.24	0.995894149431891	0.06255382933507822	
313.0306	188.43	0.9796530523436169	-0.8606711481260165	
313.0306	193.95	0.995894149431891	-0.21543914020819993	
313.0306	201.49	0.995894149431891	0.05397270591760949	
313.0306	219.39	0.995894149431891	-0.05124204686432714	
196.9466	22.54	0.8951084586139366	2.8097878737830912	
248.0719	22.02	0.9864673992063805	0.42035711588903957	
248.9604	21.36	0.9796530523436169	0.7518411506379077	
314.2975	245.07	0.995894149431891	-0.2843331321680564	C19H39NO2
314.2975	253.0	0.995894149431891	0.12419132755013503	C19H39NO2
314.2975	266.68	0.995894149431891	0.201977469121635	C19H39NO2
197.8517	1.04	0.9796530523436169	0.8075180965133535	
315.137	32.3	0.995894149431891	0.17997000213332415	
315.1678	21.23	0.9796530523436169	0.8151281712541101	
316.9479	21.36	0.9796530523436169	0.8040584494190758	
249.0188	188.17	0.9796530523436169	-0.6030695402271498	
249.0188	638.48	0.995894149431891	0.22546036395054303	
249.051	23.33	0.995894149431891	0.012748998094626788	
151.0253	22.15	0.9861185158430298	0.5220022825027866	
151.0253	23.2	0.9861185158430298	-0.499403389389395	
317.0429	154.15	0.9796530523436169	2.0109272166532834	
317.0429	157.47	0.9796530523436169	0.8880371023895779	
317.0429	197.0	0.995894149431891	0.34702954820574833	
317.0429	201.35	0.9796530523436169	0.650812893048904	
317.0429	228.49	0.9796530523436169	1.3232866577173947	
249.1495	36.53	0.9796530523436169	-1.0378875134555263	C15H22O3
249.1495	68.66	0.9796530523436169	-1.3211820298665087	C15H22O3
249.9639	21.36	0.9796530523436169	0.7239682320371843	
317.9513	21.23	0.9796530523436169	0.7814835107787832	
250.1527	36.4	0.995894149431891	0.19188403654100428	C15H22O3
250.1527	68.13	0.995894149431891	-0.011889157603780431	C15H22O3
250.9648	21.36	0.9796530523436169	0.5677956798583337	
318.9522	21.1	0.9796530523436169	0.71688141592632	
318.9809	28.21	0.9796530523436169	-0.8922648208981003	
153.0156	159.04	0.9796530523436169	1.1977696913377518	
153.0156	191.98	0.9796530523436169	0.6660819078122195	
154.0137	25.98	0.995894149431891	-0.31575117765951805	
252.9241	1.57	0.9796530523436169	0.8175286452857895	
322.8933	22.8	0.9861185158430298	-0.5096560117276828	
322.9142	19.9	0.9796530523436169	0.9294999394167129	
324.2544	210.83	0.995894149431891	0.3592690712809159	
324.2544	244.41	0.9796530523436169	1.0671082542694634	
324.2544	262.09	0.995894149431891	-0.356131258262766	
254.2489	255.24	0.9796530523436169	0.6749891532507613	C16H33NO
324.8543	1.96	0.995894149431891	-0.18949868803626235	
254.9058	22.8	0.9796530523436169	1.1278435753850606	
254.9267	19.9	0.9796530523436169	0.5946320981210974	
326.27	287.09	0.9796530523436169	-0.8906466492481367	C19H37NO3
255.1968	36.53	0.9864673992063805	0.42014066945254797	
327.1967	29.66	0.9864673992063805	0.3878901152333856	
327.2735	286.83	0.9864673992063805	-0.462695971145979	C19H37NO3
256.92	1.17	0.9796530523436169	2.0301839623302143	
257.1757	34.54	0.9796530523436169	1.1989650684462827	
330.9638	20.55	0.9796530523436169	0.5398591165146222	
330.9638	24.77	0.9796530523436169	0.7964184821428804	
332.9221	22.8	0.9796530523436169	0.8504454291113263	
333.171	35.46	0.9796530523436169	-1.8472539950918532	C19H26O5
333.9383	22.02	0.9796530523436169	0.9917281010814443	
334.8739	1.83	0.9796530523436169	0.8250989951045342	
209.0968	29.39	0.995894149431891	-0.10992949157506138	
209.0968	36.4	0.995894149431891	0.05892693009597104	
262.9763	21.36	0.9864673992063805	0.45008041033417334	
262.9763	25.04	0.9864673992063805	-0.4701511892686543	
209.9204	31.91	0.9796530523436169	0.8799341898220158	
209.9204	78.54	0.995894149431891	0.16863065338682698	
209.9204	80.25	0.9796530523436169	1.9441755518865338	
209.9204	82.11	0.9796530523436169	1.4520961881551666	
209.9204	102.26	0.9864673992063805	0.3851528415821238	
336.9419	20.03	0.9796530523436169	0.6409244604528481	
336.9419	23.2	0.9796530523436169	0.8235898195607584	
162.9327	10.94	0.9796530523436169	1.0129858283654476	
162.9327	15.14	0.9796530523436169	1.2565177777128969	
210.9098	2.35	0.995894149431891	0.06286963810291078	
391.8968	22.02	0.9796530523436169	0.7966645859774902	
210.9299	216.24	0.9796530523436169	1.3687042977233157	
392.8958	20.03	0.9796530523436169	1.1236758190423575	
392.8958	23.46	0.9861185158430298	0.5015294234233135	
339.2329	130.59	0.9796530523436169	1.1561901101945637	C23H32O2
339.3016	217.81	0.995894149431891	0.02095303299015279	
163.1119	129.93	0.9796530523436169	1.0958940677902087	
340.2363	130.59	0.9796530523436169	1.1884140846755513	C23H32O2
393.8938	20.03	0.9796530523436169	0.755124135961897	
394.8908	20.03	0.9796530523436169	1.0872612694045958	
394.8908	23.33	0.9796530523436169	0.7035773082594592	
164.0709	24.38	0.9864673992063805	-0.4051562730256988	
340.9678	26.11	0.9796530523436169	-0.8921210574919124	
212.9102	2.35	0.995894149431891	-0.013725237764085243	
212.9102	20.68	0.9796530523436169	0.7556715562356017	
212.9102	23.46	0.9796530523436169	1.155245669334164	
212.9788	24.38	0.9864673992063805	-0.3831428745448619	
212.9959	192.76	0.9796530523436169	0.8150802383578459	
341.1183	33.09	0.9915679243219333	-0.3757813168514631	
341.1183	36.4	0.9796530523436169	-0.6378720047793076	
341.1183	39.81	0.9796530523436169	-1.747036108775397	
395.8938	20.03	0.9796530523436169	0.9484639228045042	
395.8938	23.59	0.9796530523436169	1.2203525659883139	
341.2396	129.14	0.9864673992063805	0.45578703811305793	
341.2396	130.59	0.9796530523436169	0.9508743390717369	C23H32O2
341.3061	193.42	0.9864673992063805	-0.42690326678002355	
396.8913	20.03	0.9796530523436169	0.7735037774116922	
397.8893	20.03	0.9796530523436169	1.113024373899026	
397.8893	23.33	0.9796530523436169	0.6230098245838422	
397.9505	26.24	0.9796530523436169	1.3140458781311017	
213.8842	0.91	0.9796530523436169	1.9222292099594105	
398.8866	20.03	0.9796530523436169	0.5777589545019461	
398.9511	20.55	0.9796530523436169	0.8233063185481074	
213.9082	1.7	0.9796530523436169	1.6399372585866034	
399.8891	19.76	0.9796530523436169	-0.6949672842989232	
400.1478	192.89	0.9796530523436169	0.5918690757562747	
400.8347	23.86	0.9796530523436169	2.132348394283974	
400.9094	22.67	0.9796530523436169	0.7483332809156723	
344.0231	253.0	0.995894149431891	0.24175938154285684	
344.0386	32.3	0.995894149431891	0.1862245780564696	
344.2806	286.44	0.9864673992063805	-0.38413503883825534	
401.9256	21.89	0.9796530523436169	0.9344499342091647	
166.9918	231.51	0.9796530523436169	-0.7057912157387444	
402.3016	183.68	0.995894149431891	0.07165240963131111	
402.8292	2.22	0.9796530523436169	1.0698071400463625	
167.0648	22.02	0.995894149431891	0.008558002238597522	
403.1654	188.69	0.9796530523436169	-1.0601532269796494	
404.9292	20.03	0.9796530523436169	0.694037570065877	
404.9292	23.07	0.995894149431891	0.19880037073092074	
404.9512	24.77	0.9864673992063805	0.448983999661636	
168.9886	24.38	0.995894149431891	-0.22554289647888973	
348.896	23.07	0.9796530523436169	1.2912621194959566	
405.0335	22.02	0.9796530523436169	-1.2104997315188402	
349.2361	193.29	0.995894149431891	0.041942552996520756	C19H36O4
406.9491	24.77	0.9796530523436169	0.5663275577208305	
453.1326	26.77	0.9796530523436169	-0.7188906502419308	
453.2819	95.02	0.9796530523436169	0.9910301570467712	C21H44NO7P
407.281	32.7	0.995894149431891	0.098296077459915	
453.9262	20.97	0.9796530523436169	0.7037345045881909	
352.2857	296.43	0.9796530523436169	-1.3788567362177688	
454.1714	31.78	0.995894149431891	0.15605571592074838	
509.325	212.14	0.9796530523436169	-1.0952279895100747	C30H48O5
510.3284	212.41	0.9796530523436169	-0.9476776590345262	C30H48O5
454.9275	21.1	0.9864673992063805	0.4213615205618855	
510.8815	21.89	0.9796530523436169	0.787042702709302	
408.9067	20.03	0.9796530523436169	1.3828535114010487	
408.934	23.07	0.995894149431891	0.3351107285194711	
455.0136	22.02	0.9864673992063805	-0.4598935627530413	
409.3114	225.04	0.9796530523436169	-0.8384055067844258	C28H42O2
410.1767	192.89	0.9796530523436169	0.6834149860330764	
410.2218	31.91	0.995894149431891	0.2393002169550445	
455.1295	27.16	0.9796530523436169	-1.072254066688869	
410.8649	23.72	0.9796530523436169	0.9588278759380446	
511.0764	197.39	0.995894149431891	-0.10185824915067992	
456.1222	36.4	0.9796530523436169	-1.8202235479930322	
354.9095	22.54	0.995894149431891	-0.20137359427582388	
456.1693	31.91	0.995894149431891	0.09604761247072657	C21H31NO8S
411.2253	31.78	0.995894149431891	0.2764267484914551	
511.8849	21.62	0.9796530523436169	1.3689904285218855	
512.1304	193.16	0.9796530523436169	0.5397296683408029	
512.26	257.73	0.9796530523436169	0.6623652925632806	
512.2676	190.14	0.995894149431891	0.2748159807273139	
512.2676	191.06	0.9796530523436169	0.7514750704567339	
412.2185	31.78	0.9864673992063805	0.46796913223856496	
512.8787	21.89	0.9796530523436169	0.7871541144305851	
457.135	152.7	0.9861185158430298	-0.5197625217568879	
457.135	159.96	0.995894149431891	0.07108320504256306	
412.9858	21.75	0.0093197907001763	9.706159207443195	
457.9319	252.61	0.9796530523436169	0.8404357535598443	
458.0012	37.45	0.9796530523436169	-1.284217063640362	
458.336	104.63	0.9796530523436169	-1.2001405481088316	C29H46O4
458.8684	22.54	0.9796530523436169	0.6419898493146488	
514.1466	188.17	0.995894149431891	-0.017104050806571913	
514.2652	190.93	0.995894149431891	0.3381739121295799	C25H42N2O7S
514.8927	20.16	0.9796530523436169	0.8074553459191209	
514.8927	23.07	0.9796530523436169	0.6572636845931598	
359.1537	215.17	0.9796530523436169	-0.5430634779349695	
359.1655	36.27	0.9796530523436169	-1.1449854346077133	
459.2616	31.78	0.9796530523436169	0.660728880256128	
515.0327	21.75	0.9796530523436169	2.026758689113681	
515.0327	275.91	0.9796530523436169	0.7429885683214021	
459.3271	199.89	0.995894149431891	-0.2961840793140644	
459.3271	219.26	0.9864673992063805	-0.46577445602938755	
515.122	31.12	0.9796530523436169	1.6268818716038413	
459.8841	22.02	0.9796530523436169	0.6716166654928655	
415.0387	192.76	0.9796530523436169	0.8554264318197111	
516.0727	27.03	0.9796530523436169	-1.0692740104226803	
460.2131	188.17	0.995894149431891	-0.11852601606867401	
361.0016	24.64	0.9861185158430298	-0.4978080021272953	
416.8836	22.94	0.9796530523436169	1.268024894281144	
417.0361	21.89	0.995894149431891	0.32584610801626773	
517.0768	27.03	0.995894149431891	0.3439750507699632	
417.1559	27.03	0.9796530523436169	-0.9594932542375674	
418.1593	26.9	0.9796530523436169	-0.5794041281652779	
362.2372	82.24	0.9796530523436169	0.8114980466778533	
362.9409	20.55	0.9796530523436169	0.55709289166648	
362.9409	22.8	0.995894149431891	-0.08104856344913408	
462.8786	20.03	0.9796530523436169	1.0020719598052572	
462.8786	23.2	0.9864673992063805	0.4112345536432615	
362.9701	28.21	0.9864673992063805	-0.3917399315035118	
519.2135	202.01	0.995894149431891	-0.14715266379057027	
463.1615	26.9	0.9796530523436169	-0.927101238491583	C23H28O10
520.1764	157.99	0.9796530523436169	-0.6829992090274273	
520.836	20.03	0.9796530523436169	0.9451406995821614	
520.836	23.07	0.9861185158430298	0.5082045909868005	
520.9102	20.97	0.9796530523436169	0.7690572297885545	
420.0681	188.3	0.9861185158430298	0.500428232937223	
420.2507	31.91	0.995894149431891	-0.0611676909873864	C20H40NO6P
464.8787	20.03	0.9796530523436169	0.7079170004249169	
363.9427	20.29	0.9796530523436169	0.55488087896169	
363.9427	22.8	0.995894149431891	-0.16806701740097274	
420.8999	22.67	0.995894149431891	-0.12499382423360583	
420.9462	23.72	0.9796530523436169	0.5799903722460369	
364.8762	22.15	0.995894149431891	0.15135194967650764	
364.9377	20.42	0.9796530523436169	0.5768655419486413	
364.9377	22.94	0.995894149431891	0.031566040696011474	
465.3044	205.29	0.9796530523436169	0.7804314188537069	C27H46O4S
521.3849	256.15	0.995894149431891	0.008947124119120709	
421.2269	69.05	0.9861185158430298	-0.5241719078792323	C20H38O7S
421.2542	31.91	0.995894149431891	0.11100295695030371	C20H40NO6P
521.9135	21.1	0.9796530523436169	0.7733610051339138	
364.9849	21.89	0.9796530523436169	2.243323960243192	
522.1588	193.42	0.995894149431891	-0.09177177797042808	
466.171	192.11	0.9796530523436169	-1.050848019198009	
466.171	215.3	0.9796530523436169	1.4225237101979005	
466.3077	205.16	0.9796530523436169	0.5988946492067188	C27H46O4S
466.3308	178.03	0.9796530523436169	1.0000225703522698	C28H42O3
522.9148	20.68	0.9796530523436169	0.8181571862293698	
522.9148	36.4	0.9796530523436169	1.0997964908358464	
422.1588	36.0	0.995894149431891	0.06343391100354859	
422.2569	31.91	0.995894149431891	0.11355602754175823	C20H40NO6P
466.8741	20.03	0.9796530523436169	0.6260467939853354	
466.9384	20.97	0.9796530523436169	0.9770825880889535	
422.3279	77.75	0.9796530523436169	-0.7531570776969698	C25H45NO4
365.1404	36.66	0.9796530523436169	-1.1300393413621521	C22H22O5
422.9906	36.27	0.995894149431891	0.1589975757099609	
467.2985	189.22	0.9796530523436169	-0.9223732081181362	
467.2985	205.16	0.9796530523436169	0.7234396631308595	C27H42O4F2
467.32	212.14	0.995894149431891	0.23380834402705197	
523.2633	205.16	0.995894149431891	0.05210153430452915	
524.1748	219.39	0.9796530523436169	-0.762007828591481	
468.0869	176.06	0.9796530523436169	0.5954691013648801	
366.8748	22.15	0.995894149431891	0.12900828527777178	
468.1678	35.19	0.9796530523436169	2.418673451677833	
468.1678	215.43	0.9796530523436169	1.329638403800263	
468.1821	193.03	0.9796530523436169	-0.7960250280587801	
468.1861	218.47	0.995894149431891	0.11175551425711473	
468.8968	21.49	0.9796530523436169	1.0853659681635572	
468.8968	22.54	0.9796530523436169	0.7401116375092864	
423.3311	77.75	0.995894149431891	-0.24927577646384758	C25H45NO4
366.9828	187.77	0.9796530523436169	1.9129605009831743	
366.9828	189.61	0.9796530523436169	2.4932502490568127	
366.9828	197.0	0.9796530523436169	1.5479462303764842	
366.9828	200.15	0.9796530523436169	1.621848124882944	
366.9828	203.85	0.9796530523436169	0.7457093468484332	
366.9828	258.78	0.9796530523436169	2.5898663187839404	
366.9828	308.27	0.9278239728211222	2.7471476674255104	
524.9977	22.15	0.9796530523436169	2.111291526004246	
524.9977	197.66	0.995894149431891	0.04102823287349812	
524.9977	285.14	0.7206495122796218	3.0547712144320642	
469.1844	193.42	0.9864673992063805	-0.4335518116145396	
469.9132	21.89	0.9796530523436169	0.7467397060925255	
525.0361	154.15	0.995894149431891	0.34978181483885235	
525.0361	187.25	0.9796530523436169	-0.955175369373521	
525.0361	197.92	0.995894149431891	-0.18149119701293556	
368.8882	23.2	0.9796530523436169	0.5729977132570124	
425.3064	187.12	0.995894149431891	-0.0931630454450198	C28H42O3
368.9616	20.97	0.9796530523436169	0.8235781325753532	
526.2578	57.46	0.9796530523436169	-1.218086583982749	
526.2941	70.5	0.9796530523436169	1.5767710955248293	C27H46NO7P
526.4478	270.49	0.995894149431891	0.33571906279845243	
426.1035	188.43	0.995894149431891	-0.09154536411351914	
526.8555	22.41	0.9864673992063805	0.4413277263040466	
369.3011	231.11	0.9796530523436169	-0.8253549495499752	
427.3216	200.96	0.9796530523436169	-0.7473734216669448	C28H44O3
527.2468	201.35	0.995894149431891	-0.0244408045423759	
527.2612	57.59	0.9796530523436169	-0.837724721718318	
527.2975	70.5	0.9796530523436169	1.5976805679439305	C27H46NO7P
428.325	200.96	0.9796530523436169	-0.6718400951686415	C28H44O3
527.8716	22.02	0.9796530523436169	0.8096999293199212	
472.1765	192.89	0.995894149431891	-0.16916860999795952	
528.2733	75.62	0.995894149431891	0.18572898554680706	
528.3098	94.36	0.9796530523436169	1.0660102291799258	C27H48NO7P
472.9169	20.29	0.9796530523436169	0.5524607637732237	
472.9169	23.07	0.9796530523436169	0.7209070988866708	
429.0803	28.08	0.9796530523436169	1.0558393434462081	
429.1793	193.55	0.9796530523436169	-0.5899920971127548	
429.3281	200.54	0.9796530523436169	-0.7582008582036355	C28H44O3
429.3374	226.25	0.9796530523436169	-2.1558606723552765	C28H46O3
372.8963	23.99	0.9796530523436169	1.113911183056881	
430.3326	212.28	0.995894149431891	0.016904694974422842	C27H45NO3
430.9281	20.55	0.9796530523436169	0.5528593450285253	
430.9281	22.54	0.995894149431891	-0.19379591874288982	
529.2226	258.12	0.9796530523436169	0.6855934669573958	
529.2475	201.35	0.9796530523436169	0.6318805022594992	
529.2769	75.78	0.9796530523436169	0.5564411265247541	
473.1797	192.89	0.995894149431891	-0.25823986248840386	
473.327	200.54	0.995894149431891	-0.12346635580104112	C29H46O5
529.8692	20.29	0.9796530523436169	1.7644127640874216	
529.8692	22.15	0.9796530523436169	1.9341709925407138	
530.0885	30.44	0.9796530523436169	-0.7635443132306543	
530.2794	75.78	0.9864673992063805	0.48075743934730936	
530.2889	104.23	0.995894149431891	0.3393185307452814	
530.866	20.03	0.9796530523436169	0.9597686898084011	
530.866	23.07	0.995894149431891	0.3005667399552249	
474.1032	148.5	0.9796530523436169	-1.3110478779429335	
474.1032	149.55	0.9796530523436169	-2.6574572853851413	
373.0297	192.76	0.9796530523436169	0.8464159115726438	
373.0297	194.73	0.9864673992063805	0.41808766264525904	
373.0297	197.13	0.995894149431891	0.31579215967289403	
431.1745	193.16	0.995894149431891	0.09002664991164434	
373.0458	36.27	0.9861185158430298	-0.522472423001673	
431.3167	135.18	0.995894149431891	0.08571575263150198	C27H44O4
431.9301	20.29	0.9864673992063805	0.4723912331756708	
432.8652	22.15	0.995894149431891	0.25681819614869533	
432.9261	20.42	0.9796530523436169	0.5731964787651781	
432.9261	22.94	0.9796530523436169	0.7428916015768676	
374.2451	31.91	0.995894149431891	0.07482256319334345	
531.2924	104.36	0.995894149431891	0.11402785994663214	
374.9068	21.89	0.9796530523436169	0.6649486646651663	
532.099	116.09	0.9864673992063805	-0.41951748307985903	
375.2486	31.91	0.995894149431891	-0.06153517319212802	
475.2892	110.83	0.995894149431891	0.27838754325954257	
375.2785	218.21	0.9796530523436169	-0.5691462395814124	
532.8665	20.03	0.9796530523436169	0.6210795060213471	
375.9102	22.02	0.9796530523436169	0.5985903713488432	
376.2515	31.91	0.995894149431891	-0.14982344580678061	
376.9036	21.89	0.9796530523436169	0.6586156848502036	
376.9854	36.27	0.9864673992063805	0.4033303039318585	
533.291	205.03	0.9796530523436169	1.4020808026359366	C33H42O6
534.2951	205.16	0.9861185158430298	0.5211073185907759	C33H42O6
476.9214	22.94	0.9796530523436169	0.7771759412292748	
534.8618	20.03	0.9796530523436169	0.8245996450380647	
534.9263	20.97	0.9796530523436169	0.6777879839217877	
436.0597	78.81	0.9796530523436169	-1.599228988848599	
436.3151	253.13	0.995894149431891	0.2938177676522476	
378.918	23.2	0.9796530523436169	0.7817538422903405	
535.001	22.02	0.9796530523436169	1.3245801679390572	
436.8786	19.9	0.9796530523436169	1.057479002209966	
436.8786	23.2	0.9864673992063805	0.38256244542520396	
436.9492	20.97	0.9864673992063805	0.46045572024135967	
477.0885	188.04	0.995894149431891	0.3614789075677966	
477.1793	157.99	0.9796530523436169	-1.5284486416222836	
379.9314	22.41	0.9796530523436169	0.9558607610900606	
380.0154	31.91	0.9796530523436169	-0.9529516534449863	
437.2407	31.91	0.995894149431891	0.303381676404366	
536.0588	152.44	0.995894149431891	0.31394727752479973	
536.1695	193.42	0.9864673992063805	-0.45246774473834706	
478.8524	23.46	0.9796530523436169	0.9881595250396266	
536.8845	21.36	0.9796530523436169	0.8671853338817919	
536.8845	22.54	0.9796530523436169	0.6756746671750429	
381.174	192.89	0.995894149431891	0.34948515600167124	
438.1399	184.47	0.9796530523436169	0.981012803656259	
438.2441	31.91	0.9796530523436169	0.610669479695607	
382.3327	207.16	0.995894149431891	0.2296303177031323	
439.0193	22.02	0.995894149431891	-0.34336566966812093	
439.0193	24.38	0.995894149431891	-0.3578485950867578	
479.2242	214.77	0.9796530523436169	-1.007732227526923	
479.3743	262.74	0.995894149431891	0.3481357113135749	
537.901	21.89	0.9796530523436169	0.8321328598913142	
439.3216	199.49	0.9796530523436169	-1.1053667158393867	C29H44O3
538.1425	202.14	0.9864673992063805	0.44257780582337125	
480.1507	27.29	0.995894149431891	-0.23663203067787394	
480.1507	161.01	0.995894149431891	-0.04626027634277289	
480.2734	102.39	0.9796530523436169	0.9110706384568357	C22H44NO8P
480.3777	262.35	0.9864673992063805	0.4782878392171366	
440.325	199.49	0.9796530523436169	-1.0761320221193755	C29H44O3
384.8618	19.9	0.9796530523436169	0.8235466860273519	
384.8618	23.33	0.9864673992063805	0.4433333159080826	
384.9355	20.97	0.9796530523436169	0.7917846761143884	
385.3073	217.68	0.995894149431891	-0.15010357138312325	C21H42N2O4
441.3282	199.49	0.9796530523436169	-0.7225847675277077	C29H44O3
441.3375	212.41	0.9796530523436169	-1.2902831593164235	C29H46O3
482.3158	150.6	0.9796530523436169	0.8552992186386513	C23H48NO7P
482.3158	152.31	0.995894149431891	-0.11092987233118067	
442.0902	192.76	0.995894149431891	0.1878605905835164	
540.1643	192.63	0.995894149431891	-0.04794502680759656	
442.3409	212.14	0.9796530523436169	-1.1885836286951872	C29H46O3
385.9392	20.97	0.9796530523436169	0.7269702516780717	
540.4635	287.62	0.9796530523436169	-0.8572488898733818	C32H63NO5
386.2373	66.17	0.995894149431891	-0.18550764906892248	
442.8942	21.89	0.9796530523436169	0.7902850702800026	
443.2476	214.9	0.9861185158430298	-0.4979518334795052	
443.3442	212.28	0.9796530523436169	-1.0884339916950745	C29H46O3
443.3532	238.5	0.9796530523436169	-1.7438066558606615	C29H48O3
484.1322	149.55	0.9796530523436169	-2.0074147526661013	
484.1556	129.93	0.9796530523436169	0.7472242768569755	
388.253	91.21	0.9864673992063805	0.4502881161726332	C20H39NO4S
443.8977	21.89	0.995894149431891	0.3209051248913046	
444.0868	192.37	0.9796530523436169	0.6605489759564033	
444.2496	215.03	0.9796530523436169	-0.8512404542634421	
542.158	230.59	0.9796530523436169	0.854880015698097	
542.2639	195.39	0.9796530523436169	1.0752752768150506	
542.4347	273.81	0.995894149431891	0.10074530407169005	C32H61NO3
444.8912	21.89	0.9796530523436169	0.7914638019570679	
444.9732	36.13	0.9796530523436169	1.0057586845398763	
485.0237	22.02	0.9796530523436169	-0.6670865935006549	
543.0071	189.87	0.9864673992063805	0.45735041282734684	
485.1662	193.81	0.9796530523436169	0.7127216168117981	
485.1662	202.27	0.9864673992063805	0.4517234565381178	
485.8874	22.54	0.04480420426425877	7.0631983565888286	
486.2287	192.89	0.995894149431891	-0.3200676430493581	
486.2287	216.24	0.995894149431891	0.30512694937133805	
445.2134	76.44	0.995894149431891	0.08276691253821535	C20H41O6P
445.245	214.9	0.9796530523436169	-1.81817325172881	
446.0884	78.67	0.9796530523436169	-1.3620428074575197	
446.1609	188.43	0.995894149431891	-0.06402384628324138	
446.3766	246.68	0.995894149431891	0.05552952113539657	
543.4382	273.81	0.995894149431891	0.31519502107310726	C32H61NO3
390.0443	32.17	0.995894149431891	-0.1549037415361497	
390.2401	36.79	0.995894149431891	-0.11109266431534873	
390.881	22.67	0.9796530523436169	1.1593502371589273	
390.9021	20.03	0.9796530523436169	0.8661509463234038	
390.9021	23.33	0.9796530523436169	-0.9273015193722547	
446.9056	1.96	0.995894149431891	0.22382726786771864	
446.9056	20.03	0.9796530523436169	0.7278144926421952	
446.9056	23.07	0.9796530523436169	0.7025620830882978	
487.1945	166.04	0.9864673992063805	0.39482496093512476	
447.064	36.4	0.9796530523436169	-1.5929494788548446	
447.1476	115.95	0.9796530523436169	-1.0971181489785866	
447.1647	30.99	0.9796530523436169	-0.7680093366549381	C23H28O9
447.1647	188.43	0.995894149431891	-0.04474564969947238	
447.3118	114.12	0.995894149431891	-0.3458647635336536	
447.38	246.41	0.995894149431891	0.04662888081166422	
488.2445	219.13	0.995894149431891	-0.32368417704418617	
488.3467	102.53	0.9796530523436169	1.5563761060680634	
447.9723	37.71	0.9796530523436169	-1.305424146383638	
565.5394	384.16	0.995894149431891	-0.22667833262949916	C36H71NO3
448.138	31.12	0.995894149431891	-0.32488184627737554	
566.2023	212.01	0.995894149431891	-0.023295202222681922	
488.8876	22.41	0.9796530523436169	0.550717831368405	
545.7816	2.22	0.9864673992063805	0.4202106892751089	
546.1895	273.55	0.9796530523436169	1.4158362282812889	
546.1895	282.64	0.9796530523436169	-0.555227850204368	
546.2815	104.76	0.9796530523436169	1.6913813284222514	
566.9034	20.42	0.9796530523436169	0.5883091135604911	
449.1482	115.82	0.995894149431891	0.12816866811939495	
449.1633	149.55	0.9796530523436169	-0.886322881236971	
450.3589	119.11	0.9864673992063805	0.45262076180510263	C27H49NO4
489.0553	197.39	0.995894149431891	-0.22243720426140917	
489.0553	219.92	0.9796530523436169	1.0536975006760319	
567.0272	155.76	0.9796530523436169	1.7849299358806383	
567.0272	158.78	0.9796530523436169	0.7214873960891928	
489.2531	215.03	0.995894149431891	-0.24260036809019003	
489.2777	156.42	0.995894149431891	-0.15358474480194442	
450.9829	21.75	0.0006688744054936834	16.39138396308147	
450.9829	197.26	1.0384227951152423e-06	58.366112025483936	
490.1115	152.57	0.995894149431891	0.08315896386419082	
547.451	306.83	0.9796530523436169	-0.9540836426270555	
490.1992	195.0	0.9864673992063805	0.4170980568224615	
490.2812	156.68	0.995894149431891	-0.20508862741960268	
548.1865	273.68	0.9796530523436169	0.7175338514759498	
548.1865	283.17	0.9796530523436169	-0.826979816037046	
451.8439	1.04	0.9796530523436169	0.6750981471064416	
567.9054	20.29	0.9864673992063805	0.4561112953917803	
568.1127	214.77	0.9796530523436169	0.9327553265333399	
568.2659	65.21	0.9796530523436169	2.489419765505895	
452.2785	94.63	0.9796530523436169	1.2252623714653672	C21H44NO7P
452.846	1.04	0.9796530523436169	0.8343959914091769	
452.849	20.03	0.9796530523436169	1.4649459971522854	
452.849	23.2	0.9796530523436169	0.8506663607367667	
568.8401	2.22	0.995894149431891	0.09421391920034153	
568.8401	21.89	0.9864673992063805	0.4342896685874194	
568.9023	20.42	0.9796530523436169	0.9897890509698126	
452.9229	20.97	0.9796530523436169	0.7794556514381725	
453.0171	22.28	0.9796530523436169	0.6569755196291078	
569.4536	273.68	0.995894149431891	-0.2854114027770684	
549.0368	200.54	0.995894149431891	0.28889402913246087	
549.0368	218.08	0.9796530523436169	0.8713427358884033	
491.2841	156.42	0.995894149431891	0.3116409057505996	
492.1085	152.57	0.995894149431891	0.1654024520021192	
492.1455	116.22	0.9796530523436169	-1.4267471813590302	
492.3463	212.14	0.9796530523436169	1.893304101900639	C25H52NO6P
570.8366	22.02	0.995894149431891	0.213525976096647	
626.1074	36.13	0.9796530523436169	-2.0048961920183013	
550.2824	205.29	0.9796530523436169	2.12882709612953	
627.1105	36.27	0.5931014706997519	-3.5190378634852704	
551.013	22.15	0.9796530523436169	1.7568184783947773	
551.013	185.94	0.9796530523436169	1.3618631797623262	
628.1982	107.78	0.9796530523436169	-1.242544121048404	
628.2776	207.94	0.9796530523436169	-1.8543169446810257	
572.2442	201.75	0.995894149431891	-0.26894190785452937	
493.1235	35.87	0.995894149431891	-0.18462603045834391	
493.1487	115.95	0.9796530523436169	-1.0659449839444937	
572.9243	20.97	0.9796530523436169	0.646570242092208	
493.3358	223.2	0.9796530523436169	1.112498435231969	
552.2736	71.15	0.9864673992063805	-0.45574948677890365	
552.4636	273.28	0.995894149431891	-0.11240490692531982	C33H63NO5
629.2013	107.91	0.9796530523436169	-1.0961001290609629	
494.1611	149.55	0.9796530523436169	-1.3736328159828533	
630.8847	21.49	0.9796530523436169	1.1250342206567348	
631.0199	189.74	0.9796530523436169	1.3729389243030006	
631.0199	200.28	0.9796530523436169	1.2273683928343881	
631.0199	267.47	0.9278239728211222	2.7304193723549948	
553.0111	201.49	0.9864673992063805	0.4895496951392087	
631.2845	201.09	0.9796530523436169	0.7083458579312	
573.2481	201.49	0.9861185158430298	-0.5109155430929421	
632.2056	156.94	0.995894149431891	-0.19327355431767046	
553.0301	22.02	0.7770199286930844	2.9679792369985014	
553.0301	186.46	0.995894149431891	0.19954744620346995	
553.0301	301.44	0.9796530523436169	1.5164388927607069	
553.4669	273.42	0.995894149431891	-0.24312282908101354	C33H63NO5
495.1643	149.55	0.9796530523436169	-1.0969453872684305	
495.1951	195.13	0.995894149431891	0.19295205852304326	
495.3094	200.96	0.9796530523436169	-0.7585280624414795	C24H49O8P
553.8755	1.04	0.9796530523436169	0.6832846921185364	
553.8755	22.41	0.995894149431891	0.1896836536563727	
554.2023	257.73	0.9796530523436169	1.5278063650859983	
554.2896	82.37	0.9796530523436169	0.5830887287117467	
634.2966	206.37	0.9796530523436169	-0.9674725372200289	
496.1769	176.19	0.995894149431891	-0.27598816449148933	
496.1769	185.65	0.995894149431891	-0.29871364550904206	
634.8913	20.55	0.9796530523436169	0.6341749998962716	
496.3128	200.96	0.9796530523436169	-0.7060012933192501	C24H49O8P
636.2427	212.67	0.9796530523436169	-1.9235428591091082	
575.1098	193.55	0.995894149431891	-0.17694717448304517	
575.2968	199.49	0.995894149431891	0.2589818756408025	C28H49O10P
497.082	26.9	0.9796530523436169	-0.6867540670985323	
636.8281	21.89	0.9796530523436169	0.5484884549832632	
575.8638	20.03	0.9796530523436169	0.8420613394369763	
576.2313	212.01	0.9796530523436169	-0.6458446559123766	
576.8597	20.03	0.9796530523436169	1.3127971215635383	
576.8597	23.2	0.9796530523436169	0.8474689825241234	
637.0101	22.02	0.9796530523436169	0.6864180806283257	
637.0101	186.85	0.995894149431891	0.010801059353159613	
555.2928	82.37	0.9864673992063805	0.39110988756392073	
498.0844	152.7	0.995894149431891	0.2953576515481144	
498.263	37.05	0.9796530523436169	0.7895781215156314	C25H42NO7P
498.263	50.34	0.9861185158430298	0.5072446491239135	C25H42NO7P
498.2849	192.76	0.995894149431891	0.027375419991084216	
577.0108	197.92	0.995894149431891	-0.07582835791332601	
498.9161	20.55	0.9796530523436169	0.6049108843781796	
555.8347	185.26	0.9796530523436169	1.8248987842401767	
555.8347	207.02	0.9864673992063805	0.4542626233002103	
555.8347	222.41	0.9796530523436169	1.185940456859221	
555.8347	236.93	0.9796530523436169	1.8742980698642369	
555.8347	239.03	0.9796530523436169	1.3752725540678192	
555.8347	249.04	0.9796530523436169	1.6203129982398532	
555.8347	253.66	0.3541021044437924	4.207197115500568	
555.8347	260.49	0.9796530523436169	1.6876141856890055	
555.8347	529.4	0.9796530523436169	0.9201643272084569	
555.8347	660.62	0.9796530523436169	1.8340798304217427	
555.8347	683.83	0.9864673992063805	0.445495904025068	
638.8254	22.15	0.9796530523436169	0.6849742276223084	
577.0305	217.03	0.9796530523436169	1.3081675515123314	
555.8384	230.59	0.9796530523436169	0.8882111604605969	
555.8384	232.69	0.9796530523436169	2.0940501446116246	
555.8384	695.7	0.995894149431891	-0.3188971623716807	
555.8384	703.36	0.995894149431891	-0.09985703821036683	
555.8384	708.77	0.9796530523436169	-0.6558952010681334	
555.8384	712.47	0.9796530523436169	-0.7642668710029292	
556.1448	228.49	0.995894149431891	-0.07370595634036634	
556.2952	82.11	0.995894149431891	0.31279424846245957	
639.311	253.0	0.995894149431891	0.13293797781205044	
640.2319	201.88	0.9796530523436169	-0.6604609475904522	
640.9121	21.1	0.9796530523436169	0.6757107799475454	
577.2766	91.74	0.995894149431891	0.31058698672192475	C27H47O11P
577.3126	212.41	0.9796530523436169	-1.1117269468560689	
577.4476	281.85	0.7206495122796218	-3.0795273664803657	C35H62O6
556.875	22.41	0.9864673992063805	-0.4427145425870703	
578.1416	214.9	0.995894149431891	0.04439171684488668	C30H27O12
578.316	212.54	0.9796530523436169	-1.3350276543201438	
641.2373	201.35	0.9796530523436169	-0.7776843334373424	
578.8692	21.89	0.9796530523436169	0.6919152242446064	
499.0792	26.77	0.9796530523436169	-0.8746714166843549	
499.2665	37.19	0.9796530523436169	1.569899525543966	C25H42NO7P
499.2665	50.08	0.9796530523436169	1.000587812462875	C25H42NO7P
499.918	20.55	0.9796530523436169	0.6426845804470167	
499.918	22.54	0.9864673992063805	0.4308417379152741	
500.2787	65.21	0.9796530523436169	1.3867163514805148	C25H44NO7P
500.3007	192.11	0.9796530523436169	0.6132991950686948	
500.3007	197.0	0.9796530523436169	-1.5256928801264973	
500.3007	212.67	0.9796530523436169	-1.5514467721434297	
557.0237	22.54	0.9796530523436169	1.726121417595511	C21H18O16S
557.0237	153.75	0.6901926991913006	3.198003958665263	C21H18O16S
557.0237	155.46	0.9796530523436169	0.626049943394799	
557.0237	188.04	0.7206495122796218	3.053546024042583	C21H18O16S
557.0237	288.28	0.9796530523436169	1.3320572144740825	
500.8529	21.89	0.995894149431891	0.2857765921350473	
579.1435	214.9	0.9864673992063805	-0.4130177901200696	C30H27O12
579.8062	19.76	0.9796530523436169	1.4431217159654117	
579.8723	21.36	0.995894149431891	0.1897537217798706	
580.1388	214.9	0.995894149431891	0.1603346314829096	
580.8666	21.89	0.9796530523436169	1.2487298163155347	
643.8514	20.16	0.9796530523436169	0.8356133332125555	
557.2885	68.79	0.9864673992063805	0.3919593219352717	C35H42O6
644.8477	20.03	0.9796530523436169	1.1954610250818893	
644.8477	23.46	0.9796530523436169	1.3645604775905735	
558.1893	263.14	0.9796530523436169	0.705621898855958	
558.1999	190.93	0.9796530523436169	0.7309026326255009	C29H32N2O7,C28H37O7Cl,C27H31O2F7
558.4656	325.98	0.9796530523436169	-1.627081634727352	C33H65NO3
501.2821	65.34	0.9796530523436169	2.135619113712008	C25H44NO7P
645.3002	212.93	0.9796530523436169	-2.073819899413451	
582.1359	188.17	0.995894149431891	0.25784285690114306	
646.2216	178.16	0.9796530523436169	0.5871700810343322	
501.862	20.03	0.9796530523436169	0.8685681900341897	
501.862	22.8	0.9796530523436169	0.734083310905019	
582.8796	20.29	0.9796530523436169	0.6928205852864777	
582.8796	22.94	0.9796530523436169	0.7803311522284919	
502.1018	192.5	0.9864673992063805	0.3948372077397624	
646.8571	21.89	0.9796530523436169	0.8454867944581318	
502.2947	89.75	0.9796530523436169	1.6566939509039171	C25H46NO7P
647.0143	30.58	0.9796530523436169	0.6540177451682565	
502.8487	22.15	0.995894149431891	-0.1549573803622549	
583.2595	80.25	0.9796530523436169	0.6636266314371082	
583.3143	102.92	0.995894149431891	0.28189762374697225	C27H51O11P
647.052	188.04	0.9796530523436169	0.5572092221335704	
647.052	194.86	0.9796530523436169	1.942259730441418	
647.052	200.54	0.9796530523436169	0.6726006970139475	
559.4369	286.83	0.9796530523436169	-1.931768297456382	
648.2491	247.2	0.9796530523436169	0.7705817267720838	
648.2491	253.27	0.9864673992063805	0.4289144382192146	
648.2491	258.39	0.9796530523436169	0.5677535638507656	
648.8545	21.62	0.9796530523436169	1.1725456586047256	
650.3279	255.89	0.9796530523436169	1.0237348392266128	C30H54NO12P
503.0333	159.7	0.9796530523436169	1.302031486407399	
503.0333	194.47	0.995894149431891	-0.11929676590688723	
503.0333	198.58	0.9796530523436169	1.0460611163200642	
503.0333	201.75	0.995894149431891	-0.10402308530240097	
503.0333	219.65	0.9796530523436169	-0.6684305635467953	
503.0333	272.89	0.9796530523436169	0.6790800233160879	
503.0333	288.93	0.9796530523436169	-1.8056863383760031	
650.8667	20.42	0.9796530523436169	0.6738988898568982	
650.8667	22.8	0.9861185158430298	0.5249407681729721	
561.0167	187.64	0.995894149431891	0.09450774149091236	
561.0167	190.01	0.9796530523436169	0.8555472617807727	
561.0167	200.96	0.995894149431891	-0.07864182199802285	
586.2602	212.41	0.9796530523436169	-0.924261805746709	
586.3154	57.73	0.9864673992063805	0.38744673359714366	
586.3843	273.81	0.995894149431891	0.031043716098294923	
651.0266	22.15	0.9796530523436169	2.323397853972888	
651.0266	155.46	0.9796530523436169	0.5708793853825357	
651.0266	189.09	0.9796530523436169	-0.8343272490629784	
651.0266	195.39	0.9796530523436169	1.0789302238909542	
651.0266	197.26	0.995894149431891	0.23408215683222502	
504.0986	192.76	0.9864673992063805	0.4304728484549476	
504.1638	217.55	0.9796530523436169	1.617918032275299	
504.8649	20.03	0.995894149431891	0.3529047083408447	
504.8649	23.2	0.9796530523436169	0.5755301660899446	
504.937	20.97	0.9796530523436169	0.6624183993207524	
561.0739	144.79	0.9796530523436169	0.6592132506353028	
561.3797	206.63	0.9796530523436169	0.603747424898066	C33H54O7
653.3963	306.44	0.995894149431891	0.17582585295891534	
562.1798	202.14	0.9796530523436169	1.5191849968908206	
562.2154	202.27	0.995894149431891	0.2634368632644039	
654.253	102.66	0.995894149431891	-0.06950554777993576	
654.2824	261.04	0.9864673992063805	0.4219459558730712	
587.2647	212.41	0.9796530523436169	-0.6625608494852653	
588.1707	214.9	0.995894149431891	0.07427823233908633	
588.2543	237.71	0.995894149431891	0.048565518249157495	
588.2543	244.02	0.9861185158430298	-0.4978568656104719	
588.2543	248.78	0.995894149431891	-0.046026440206420084	
588.3305	75.09	0.9796530523436169	1.4549588408762755	
588.3824	273.28	0.995894149431891	-0.30594841616252905	
588.898	20.97	0.9796530523436169	0.7497620121283894	
505.3328	220.57	0.995894149431891	0.2510957221291415	
506.044	26.9	0.9796530523436169	-1.496983783066191	
563.0136	188.43	0.995894149431891	0.030315841888790288	C21H18O15S
563.0136	197.79	0.9796530523436169	1.0934064059923327	C21H18O15S
563.0136	257.86	0.9796530523436169	0.6633060095802369	
563.0136	335.02	0.9796530523436169	1.003790275736927	C21H18O15S
506.1604	217.16	0.9796530523436169	1.484716845363874	
506.2711	167.22	0.9796530523436169	0.5514022553902328	
656.8858	20.97	0.9796530523436169	0.7611386207558387	
589.0299	21.75	0.9796530523436169	1.241741315499199	
589.0299	157.2	0.9796530523436169	1.2195982584926206	
589.0299	197.79	0.9796530523436169	1.284094616670033	
589.0299	201.62	0.9796530523436169	2.014742899498172	
657.0921	192.63	0.995894149431891	0.19743700241581244	
589.1045	192.76	0.995894149431891	0.3327874646858641	
589.1726	214.77	0.995894149431891	-0.28480116851006604	
657.8891	20.68	0.9796530523436169	0.6717157629272883	
658.2481	196.61	0.995894149431891	0.08907729677645808	
658.278	247.46	0.9796530523436169	0.5451316717625875	
658.278	254.19	0.9796530523436169	-1.2735989167026016	
658.278	258.65	0.9994861385261924	0.0028083366776167832	
589.4034	306.83	0.9796530523436169	-1.5434627722438774	
658.2906	263.27	0.9796530523436169	0.6484737277916605	
589.9013	20.97	0.9796530523436169	0.6911714310602507	
590.1704	215.03	0.995894149431891	0.344019784132003	
563.0891	188.43	0.995894149431891	0.26443785576005535	
563.2967	201.35	0.9796530523436169	-1.0368341716457037	C27H49O10P
590.9025	21.1	0.9864673992063805	0.45997464630243756	
658.8904	20.68	0.9796530523436169	0.9953142621088487	
564.0908	188.3	0.995894149431891	0.29256255733707665	
564.3	201.09	0.9796530523436169	-1.036389999896413	C27H49O10P
659.1079	219.52	0.995894149431891	-0.1579004928477499	
660.2374	191.32	0.9796530523436169	1.528675495915936	
591.12	219.26	0.995894149431891	-0.27895845808591196	
507.2518	165.48	0.9864673992063805	0.3839007175838667	
591.4014	306.57	0.9796530523436169	-1.2418879867104216	
507.3091	199.49	0.9796530523436169	-1.2474548336810054	C30H46O5
507.3328	179.74	0.9861185158430298	0.5131317935006718	
507.3692	215.69	0.9796530523436169	-0.7609321066670566	C30H52O6
507.3692	263.4	0.995894149431891	0.24356380258385807	
592.1219	218.86	0.9796530523436169	-0.7877412778808829	
507.8761	20.16	0.9796530523436169	1.0147326662257754	
593.0649	30.86	0.9796530523436169	0.6109466693560333	
661.0669	193.42	0.9796530523436169	2.2541114647933913	
661.2405	191.45	0.9864673992063805	0.41417659216375696	
508.3125	199.36	0.9864673992063805	-0.4087649824444542	C30H46O5
593.4076	217.42	0.9796530523436169	-0.7799447572567175	
593.4902	307.36	0.9796530523436169	-1.956451864076579	
594.2455	57.07	0.995894149431891	0.04058964785925378	
594.2455	57.86	0.9796530523436169	-1.1199808760573726	
594.2818	70.24	0.3765763289619505	4.084193021246348	
662.8313	22.28	0.9796530523436169	0.9787743258836883	
692.2636	260.23	0.9935200024489547	0.3695528685297188	
594.8433	22.41	0.9796530523436169	0.7186715208036736	
664.2487	75.78	0.9864673992063805	0.4541311382057377	
509.0044	22.02	0.9796530523436169	0.822172305833457	
665.0428	197.92	0.9796530523436169	2.1497998505321476	
509.0426	186.59	0.9796530523436169	-0.8269289623381457	
509.0426	192.5	0.9864673992063805	0.486736746710394	
596.2611	75.92	0.9796530523436169	0.6872884524477351	
696.186	107.78	0.9796530523436169	-1.013509636046236	
666.8416	20.29	0.9796530523436169	0.9121516536260907	
666.8416	23.07	0.995894149431891	-0.1653141823838202	
667.4546	269.05	0.9796530523436169	0.6113177311732245	
597.0176	113.46	0.9796530523436169	0.9105348964492103	
697.0486	22.54	0.995894149431891	0.1335482128085832	
697.189	107.78	0.9796530523436169	-0.9125633913206562	
668.2821	217.55	0.995894149431891	0.2654556339744762	
668.3187	262.35	0.9796530523436169	0.6286257308103086	
757.2168	214.64	0.9796530523436169	-0.541052533797091	C33H41O20
757.2168	263.14	0.9864673992063805	-0.4175964407825206	C33H41O20
668.842	20.29	0.9796530523436169	0.7604235539791558	
668.842	22.94	0.9796530523436169	0.6161302844181872	
698.2292	197.0	0.995894149431891	0.32549266787875425	
698.2292	255.37	0.9796530523436169	0.6793109210087644	
597.2644	75.92	0.9796530523436169	0.8196918526102771	
758.4772	250.22	0.9864673992063805	0.46529699401866553	
758.4772	252.35	0.9861185158430298	0.49725915211025445	
758.4772	253.92	0.9796530523436169	0.7447811773749957	C41H72NO8P
758.4772	257.21	0.9922911953655137	0.37311749374506653	C43H70NO8P
698.6305	450.21	0.9796530523436169	2.0234205560162035	
698.6305	451.67	0.9796530523436169	1.1216593643135733	
698.8712	21.49	0.7770199286930844	2.947267374560539	
598.0762	30.86	0.995894149431891	0.32147406271055495	
669.3221	262.35	0.9796530523436169	0.5992623355721824	
598.8538	20.16	0.9796530523436169	0.9023499048567067	
598.8538	23.07	0.995894149431891	-0.10999407216954755	
758.8671	21.1	0.9796530523436169	0.729978111988966	
670.2975	189.87	0.9796530523436169	-0.6323278113835478	
599.0132	187.9	0.9796530523436169	-1.242469444584273	
599.0132	194.34	0.995894149431891	-0.18430200787177964	
599.0132	199.49	0.9796530523436169	-0.9654730668434003	
599.0132	201.35	0.9796530523436169	0.9111548956858081	
599.0132	283.69	0.9796530523436169	0.9983201781647116	
672.1881	57.99	0.9864673992063805	0.48568667021210077	
701.0235	156.55	0.9796530523436169	1.3886604880889606	
701.0235	191.84	0.9796530523436169	1.1136260815550043	
701.0235	193.16	0.9796530523436169	1.3655497857694	
701.0235	314.06	0.9796530523436169	2.514069217216061	
701.3114	253.13	0.995894149431891	-0.19710152100206513	
600.3241	122.68	0.9796530523436169	-0.909000685133711	C27H53O12P
673.1963	75.49	0.9864673992063805	-0.45172990164309434	
702.2395	263.66	0.9796530523436169	0.7209898149072698	
600.854	20.03	0.9796530523436169	0.6625490688967653	
600.854	22.94	0.9796530523436169	-0.8197832999673906	
702.879	20.55	0.9796530523436169	0.7083891693035257	
674.2522	200.68	0.9796530523436169	0.650567515599894	
674.2691	244.41	0.995894149431891	0.3511204073774819	
601.2799	205.03	0.9796530523436169	1.5716661329904658	
704.2379	263.14	0.9796530523436169	0.9157342401392675	
704.8161	21.89	0.9796530523436169	0.5836280094823282	
675.0469	36.13	0.9796530523436169	-1.06891709617864	
602.2548	103.58	0.995894149431891	-0.2055791243421291	
602.9137	21.1	0.9796530523436169	0.7164387676785624	
676.2801	276.96	0.995894149431891	-0.08484322376939636	
676.2801	285.0	0.9796530523436169	-0.65183209043987	
676.7973	19.9	0.7770199286930844	2.9363724501254844	
676.7973	23.86	0.9796530523436169	2.032958605073834	
708.0481	218.86	0.9796530523436169	1.1866235911741003	
766.2357	102.79	0.9796530523436169	0.6414224644032086	
708.2582	197.79	0.995894149431891	0.0524110534259784	
708.2582	255.37	0.9796530523436169	0.5772547072635159	
708.462	264.19	0.9796530523436169	0.6041289572086963	
604.1573	192.76	0.995894149431891	0.04045863800397468	
604.8723	21.36	0.9861185158430298	0.498546115567104	
604.8723	22.41	0.9796530523436169	0.7075767763970945	
708.8997	20.97	0.9796530523436169	0.6771416090762499	
678.2774	276.96	0.995894149431891	0.03687098765934115	
678.2774	285.27	0.9796530523436169	-0.8703232908635398	
709.2615	197.66	0.9864673992063805	0.43583223874720617	
709.2615	255.76	0.9796530523436169	0.7840167997109107	
710.2663	214.64	0.9815169593679326	-0.5347602702387033	
710.2663	219.13	0.9796530523436169	-0.8311349975789495	
710.2663	262.48	0.9861185158430298	0.5088594186645128	
710.2663	274.2	0.995894149431891	0.17100131412193922	
605.241	80.12	0.995894149431891	-0.11599825909686848	
679.0576	156.68	0.9796530523436169	1.042766262709504	
679.2808	277.49	0.995894149431891	-0.15137013246664022	
679.2808	285.0	0.9796530523436169	-1.3112417461670793	
605.889	21.75	0.9796530523436169	0.6814578509486835	
680.0163	188.43	0.995894149431891	-0.026806427364630403	
770.2105	217.29	0.995894149431891	-0.1312961332296195	
770.2105	287.23	0.9796530523436169	-1.0883922160208397	
711.2694	214.64	0.9796530523436169	-0.5833494068233221	
711.2694	219.26	0.9796530523436169	-0.7716914579669226	
711.2694	262.61	0.995894149431891	0.2482391906344583	
711.2694	273.68	0.995894149431891	0.20683844928699066	
711.839	20.29	0.9796530523436169	1.7592862943786007	
712.2637	214.38	0.9864673992063805	-0.41282557901820643	
712.2637	219.13	0.9796530523436169	-0.8657123227502169	
712.2637	262.35	0.9796530523436169	0.6700012946584419	
712.2637	273.81	0.995894149431891	0.2671179479761037	
681.0165	188.56	0.995894149431891	0.22663232480220927	
770.8667	20.55	0.995894149431891	0.18214474708895198	
771.214	217.29	0.995894149431891	-0.07975833419327705	
771.214	287.49	0.9796530523436169	-0.9556313069997134	
682.3341	275.39	0.995894149431891	0.010427162776799026	
772.2088	217.29	0.995894149431891	-0.033470561597964285	C33H41O21
772.2088	287.09	0.9796530523436169	-1.19444470291445	C33H41O21
608.1518	193.68	0.995894149431891	-0.2618469889733896	C31H29O13
608.2658	197.0	0.995894149431891	0.09004141604796202	
772.8031	22.02	0.9796530523436169	1.2453010716731792	
714.8448	21.62	0.9796530523436169	0.5569382719473602	
773.2117	217.03	0.995894149431891	-0.10546537083041957	C33H41O21
773.2117	287.49	0.9796530523436169	-1.2996909628039697	C33H41O21
683.0332	21.89	0.0006688744054936834	16.587216858635113	
774.1291	107.65	0.9796530523436169	-0.594727572393637	
609.2687	197.26	0.995894149431891	0.3075958008065525	
685.3092	263.53	0.9796530523436169	0.9554441723135962	
685.3092	271.45	0.9864673992063805	0.43296544064394227	
685.3165	253.0	0.9864673992063805	0.39768461431257396	
716.8429	21.89	0.995894149431891	0.11172156811075429	
685.865	21.36	0.9796530523436169	0.6824276304223834	
686.2928	216.24	0.995894149431891	0.330857654665001	
776.1299	108.3	0.9796530523436169	-0.8312901957106168	
687.1387	198.97	0.9796530523436169	0.5766411883200816	
687.1387	199.76	0.9864673992063805	0.39197801151906403	
776.5001	263.01	0.9796530523436169	0.9001986197253726	
610.8093	19.76	0.9796530523436169	1.0406593060249527	
610.8093	24.12	0.9796530523436169	0.7124822706162486	
688.2685	195.82	0.995894149431891	0.3064764901392211	
688.2685	210.7	0.9861185158430298	0.5051136112422682	
688.2685	244.8	0.995894149431891	0.33625634495065326	
720.295	262.48	0.9864673992063805	0.488480354744386	
720.295	273.55	0.995894149431891	0.3433344302207016	
720.295	293.28	0.9796530523436169	-0.8056702198879611	
611.0338	22.02	0.9796530523436169	1.6120712100852872	
611.2839	181.32	0.9864673992063805	0.43496879784970505	
721.2333	276.7	0.995894149431891	-0.27335322674427504	
721.2333	284.22	0.995894149431891	-0.11012843891658049	
778.4657	288.01	0.9796530523436169	-1.6198400040566456	
690.5539	347.97	0.9864673992063805	0.465750532363177	
722.2282	276.44	0.9796530523436169	0.7239054195088067	
722.2282	276.96	0.9796530523436169	-0.8796019308235634	
690.8795	20.68	0.9796530523436169	0.8003453416637353	
722.4775	276.3	0.9796530523436169	1.023739179797009	
722.4775	281.06	0.9796530523436169	-1.4955069999884554	
724.4877	599.34	0.9796530523436169	1.3973336055887235	
724.4877	601.97	0.9796530523436169	-2.1629269487050635	
724.4877	603.15	0.9796530523436169	-0.6957833496302233	
724.8736	20.97	0.9796530523436169	0.6842612461857754	
724.9893	597.9	0.9796530523436169	1.4912760227724993	
724.9893	602.36	0.995894149431891	-0.23140937845827816	
724.9893	606.98	0.9796530523436169	-1.0131568734307121	
725.877	21.1	0.9796530523436169	0.8225556704454471	
726.261	217.29	0.995894149431891	-0.11469816878281505	
726.261	286.83	0.9796530523436169	-1.0914901894444293	
782.832	21.62	0.995894149431891	-0.12467569965197864	
727.2644	217.03	0.995894149431891	-0.12392115714197205	
727.2644	287.09	0.9796530523436169	-1.1465951302802992	
728.2585	217.29	0.9864673992063805	-0.4112573898856889	
728.2585	286.83	0.9796530523436169	-1.0901629949102263	
784.8307	21.36	0.9796530523436169	0.6526628076935391	
617.8513	19.9	0.9796530523436169	1.0069111387343956	
617.8774	21.49	0.9796530523436169	0.9371114053530064	
618.3015	230.06	0.995894149431891	0.3281361404595428	
729.2618	216.9	0.995894149431891	-0.054949970825751294	
729.2618	286.83	0.9796530523436169	-0.5563997792614024	
619.02	58.38	0.9796530523436169	-0.8165466085545035	
620.2318	102.92	0.995894149431891	-0.1583783725433711	
620.2807	195.52	0.9796530523436169	0.8289526565380336	
787.8465	21.23	0.9796530523436169	0.6683051234105	
732.5194	260.36	0.9864673992063805	0.48116511717290744	
732.5366	296.7	0.9796530523436169	0.7320485682702655	
732.5366	301.44	0.995894149431891	-0.1370996927391609	
732.5366	302.89	0.995894149431891	0.01451707215710107	
732.5366	304.73	0.9796530523436169	1.22201809167016	
732.5366	307.09	0.995894149431891	0.2994901168628888	
732.5366	308.14	0.9796530523436169	-0.9874299835111795	
838.854	20.97	0.9796530523436169	0.9426934791303918	
621.3056	283.56	0.9796530523436169	-0.9827443442433456	
622.2777	82.76	0.9796530523436169	1.2646951981997934	C30H45N3O9S
622.8917	20.97	0.9796530523436169	1.5382682098295177	
733.5222	260.23	0.9796530523436169	0.6717981947034558	
623.2803	82.76	0.9861185158430298	0.5166070135247633	C30H45N3O9S
792.4917	256.42	0.995894149431891	-0.2597581820514049	
734.8296	20.16	0.9796530523436169	0.7335592161833934	
734.8296	22.8	0.9864673992063805	-0.4101935126631313	
792.8611	20.97	0.9796530523436169	0.7154992756610583	
736.2899	216.76	0.995894149431891	0.03473738319033924	
736.2899	286.83	0.9796530523436169	-0.8413949182152692	
737.2914	216.76	0.995894149431891	0.07019979637074725	
737.2914	286.83	0.9796530523436169	-0.8771877875178591	
794.5071	285.91	0.9796530523436169	-1.8353586216213271	C40H77NO12S
903.5044	235.58	0.9864673992063805	0.45798618065896474	
903.5044	241.92	0.9864673992063805	0.49351665736477807	C49H77O13P
738.2954	217.03	0.995894149431891	0.333401286801359	
738.2954	287.23	0.9796530523436169	-1.3850044193740985	
739.0042	622.52	0.9796530523436169	1.6872645658069783	
739.0042	623.7	0.9796530523436169	0.8460198582622903	
740.2402	188.04	0.9864673992063805	0.4689748335090526	
740.2402	192.63	0.9796530523436169	-0.7651973547470354	
740.517	325.85	0.9796530523436169	0.6127598451966707	
745.613	441.12	0.101729865552492	5.78650183999742	
745.613	443.22	3.2259103010984504e-18	5427.757171942549	
745.613	449.81	0.6901926991913006	3.2434107614193426	
747.1888	102.39	0.9864673992063805	-0.4137820305987775	
747.1888	103.18	0.9915679243219333	0.37501177374254613	
915.4779	293.28	0.9796530523436169	-1.9239408982117836	
750.269	187.64	0.9796530523436169	0.5519744068236528	
751.2703	188.04	0.9864673992063805	0.43828350756027523	
850.8197	21.62	0.9796530523436169	0.6021425991594958	
918.4363	274.6	0.9864673992063805	0.4527253115841749	
919.4404	274.73	0.995894149431891	-0.08827791955017901	
753.2798	216.9	0.995894149431891	0.24746395982024624	
753.2798	287.75	0.9796530523436169	-1.1088903688393825	
920.4519	284.87	0.995894149431891	-0.2754678339526596	
920.8067	21.75	0.04480420426425877	7.173225590356573	
753.8531	21.36	0.9796530523436169	1.5390344837159684	
754.216	214.25	0.995894149431891	-0.14090091890303677	
754.216	219.26	0.9796530523436169	-0.7411419585716731	
754.216	262.88	0.9864673992063805	0.40785411882254635	
754.216	273.94	0.995894149431891	0.1806313769562343	
754.2828	217.03	0.9796530523436169	-1.023349550730344	
754.2828	287.62	0.9796530523436169	-1.4620659694311893	
922.5355	422.8	0.9796530523436169	1.8100006018010213	
922.5355	424.37	0.9796530523436169	1.819111967547812	
922.5355	428.08	0.9796530523436169	1.0644694695953434	
922.5355	431.5	0.9796530523436169	0.86164004712544	
922.5355	432.81	0.9796530523436169	1.492218637076965	
755.2188	214.77	0.9796530523436169	-0.8905256133408372	
755.2188	262.35	0.9796530523436169	1.4456094157405368	
755.2188	263.01	0.995894149431891	-0.16813071834666474	
755.2188	273.81	0.995894149431891	0.014354210832364857	
756.2138	214.25	0.995894149431891	-0.023695105513743604	C33H41O20
756.2138	219.26	0.9796530523436169	-0.7131663866767558	
756.2138	262.88	0.9923670132652921	0.3718901474209808	C33H41O20
756.2138	273.55	0.995894149431891	0.30833721040973466	C33H41O20
808.8354	21.1	0.9796530523436169	0.9434066363375907	
810.08	195.95	0.9796530523436169	1.2655395124187636	
810.08	201.49	0.9796530523436169	2.5739191173426375	
810.5086	265.5	0.9864673992063805	0.46782394688026296	C47H74NO8P
811.083	201.75	0.9796530523436169	1.7933259579545584	
928.8368	21.1	0.9864673992063805	0.3981751148251133	
1012.575	463.64	0.995894149431891	0.16392236233280902	
1012.575	467.32	0.995894149431891	-0.1527095333500405	
813.4722	219.52	0.995894149431891	0.06173269974852814	
814.5226	216.9	0.9796530523436169	-1.321944572819819	
860.8488	21.1	0.9796530523436169	0.692524467959338	
932.5386	255.63	0.9796530523436169	1.093639793786467	
932.5386	256.81	0.9796530523436169	-1.0070964769648758	
932.5386	262.09	0.9796530523436169	1.6212418741241776	
932.5386	263.01	0.995894149431891	0.24217745485697068	
816.4918	235.74	0.995894149431891	0.016253743495792065	C46H73O10P
936.5106	246.68	0.9796530523436169	0.8076861044554621	
937.5228	255.89	0.995894149431891	0.2872723645104747	
865.2172	214.25	0.9864673992063805	0.3966835642278163	
865.2172	273.15	0.9796530523436169	0.7907219323092161	
865.2172	273.55	0.995894149431891	-0.29297088641087127	
865.5039	238.24	0.9796530523436169	0.8815962942761362	C50H75O10P
1039.2259	223.33	0.9796530523436169	-0.9635941038498573	
867.5187	246.94	0.9796530523436169	0.7289146817888574	
821.8408	21.1	0.9796530523436169	1.3976821689426113	
821.8408	21.62	0.9796530523436169	1.2246133298293136	
823.624	483.01	0.29183124164353574	4.567379431245321	
823.624	484.98	0.9796530523436169	1.6862216076267853	
823.624	486.84	0.514270496766335	3.772771327380465	
823.624	488.41	0.9796530523436169	1.9432091499563628	
823.624	496.21	0.9796530523436169	0.8906638491518603	
949.5562	445.32	0.6478859233926725	3.352307423295117	
949.5562	446.53	0.9796530523436169	2.388564949243924	
949.5562	453.64	0.995894149431891	0.06827786903103276	
953.4964	437.96	0.5262520514511995	3.715502116593577	
953.4964	440.46	0.7206495122796218	3.11481273015423	
953.4964	441.77	0.9796530523436169	1.9883376632252885	
953.4964	443.35	0.9796530523436169	1.1294090954714344	
954.5223	297.75	0.9796530523436169	-2.1415010776873706	
955.4933	273.81	0.9796530523436169	0.6535088330980577	
873.6225	453.25	0.995894149431891	-0.017351820355169897	
826.8548	20.97	0.9796530523436169	0.9219338293291689	
955.5205	379.94	5.525701845234433e-05	28.05658548064453	
955.5205	456.4	0.9796530523436169	2.1871386677796374	
955.5205	459.81	0.9796530523436169	1.3145931610822843	
955.5205	461.02	0.9796530523436169	0.9009244975335484	
955.5205	463.12	0.9796530523436169	0.5844871150552198	
955.5205	466.53	0.995894149431891	0.36090629659547796	
955.5205	470.77	0.995894149431891	-0.28727779521589725	
955.5205	476.57	0.9796530523436169	-1.4411053869861028	
955.5205	478.28	0.9796530523436169	-2.1096339520732834	
874.6271	472.87	0.9796530523436169	2.0616456510068693	
874.6271	476.83	0.3541021044437924	4.195825478062424	
874.6271	478.54	0.9796530523436169	2.3607301202093534	
874.6271	479.72	0.9796530523436169	2.388688238994278	
828.6309	405.32	0.9796530523436169	2.173342799773225	
962.5667	455.88	0.9796530523436169	1.6816393204737885	
962.5667	458.24	0.9796530523436169	0.9449209539150701	
962.5667	459.55	0.9796530523436169	0.9431798285620325	
962.5667	461.67	0.9996155445608381	-0.0013399008637000808	
962.5667	462.59	0.995894149431891	0.31145178192564044	
962.5667	471.3	0.9796530523436169	0.9979433590894867	
962.5667	478.15	0.995894149431891	-0.06012591935274772	
962.5667	480.77	0.995894149431891	0.35997495818848213	
962.5667	483.01	0.9864673992063805	-0.39897904600497636	
878.067	195.95	0.9796530523436169	1.2307764365963014	
878.067	201.75	0.6901926991913006	3.1850639794342994	
1175.7766	280.8	0.9796530523436169	-0.5390181560491704	
1176.7804	280.8	0.9832764157911398	-0.5318385942880233	
1177.7838	280.8	0.9796530523436169	-0.5671752889673062	
1178.7831	280.8	0.9796530523436169	-0.6098421969331482	
1187.7521	442.43	0.9796530523436169	1.7110353899155186	
1187.7521	445.05	0.9796530523436169	1.212154524386744	
1187.7521	446.27	0.9796530523436169	1.2387351559958302	
1187.7521	448.37	0.995894149431891	0.10622666709212669	
1187.7521	450.47	0.995894149431891	0.13786603199238334	
881.4169	297.35	0.9864673992063805	0.4734724288459265	
1450.1342	349.94	0.995894149431891	0.10677510511441383	
1221.7823	280.51	0.9796530523436169	-0.7736102483865165	
1222.7856	280.8	0.9796530523436169	-0.541119293575335	
1223.7892	280.64	0.9796530523436169	-1.105177028791714	
982.5054	268.0	0.995894149431891	0.283504560875366	
982.5054	269.97	0.995894149431891	0.14486073143399983	
982.5054	271.84	0.9796530523436169	-0.7626970591466252	
982.5054	273.55	0.9796530523436169	-0.7906315401775144	
1272.7014	259.96	0.9796530523436169	0.6675831721797708	
1470.9507	578.23	0.9796530523436169	1.3266186424829294	
1470.9507	579.68	0.9796530523436169	1.0124307911819062	
1470.9507	581.67	0.9796530523436169	0.7169759232432608	C81H142O17P2
1470.9507	590.91	0.9796530523436169	0.6348815735876181	
887.5064	274.34	0.9796530523436169	0.5855272168944551	
987.6215	213.33	0.9796530523436169	-1.0457043922589948	
888.5094	274.2	0.9796530523436169	0.5635685128585944	
889.5115	273.94	0.9796530523436169	0.5601161068619223	
996.8242	20.97	0.9796530523436169	1.2616753441621675	
999.5312	218.21	0.9796530523436169	1.007805630814893	
896.5388	279.85	0.995894149431891	-0.10211449757638168	
896.5388	286.04	0.9796530523436169	-1.6739391323537982	
1510.1557	395.15	0.9796530523436169	0.9187571551793949	
1510.1557	399.57	0.995894149431891	0.2410825193313375	
1510.1557	400.86	0.995894149431891	0.338646043804441	
1514.0565	321.23	0.9796530523436169	1.098996597102948	
1514.0565	332.4	0.9796530523436169	2.378869999400315	
1514.0565	334.5	0.9796530523436169	1.8987505012176942	
1514.0565	335.55	0.3541021044437924	4.291975759687647	
1526.0225	300.92	0.9796530523436169	-0.7874268478472521	
1526.1391	416.89	0.9796530523436169	2.4978640416829143	
1526.1391	432.42	0.995894149431891	-0.1921466693805169	
1544.1033	349.81	0.16367763148011488	5.202922163662545	
1544.1033	351.09	0.5931014706997519	3.5134018949992822	
1544.1033	353.32	0.0007956570710448246	15.445271794887077	
1544.1033	356.27	0.3541021044437924	4.18279588428087	
1554.1593	416.89	0.056032914348111286	6.668675331421798	
1554.1593	420.7	0.058965357750631914	6.507606544383626	
1554.1593	423.72	0.995894149431891	-0.05669574928931083	
1554.1593	424.9	0.995894149431891	0.17568207963567087	
1554.1593	427.29	0.995894149431891	-0.18843007256212696	
1569.1843	454.69	0.6036808677304688	3.4678795153141415	
1569.1843	458.11	0.9796530523436169	2.1904091348222074	
1569.1843	459.95	0.9861185158430298	0.5108289692125936	
1571.0865	326.37	0.9796530523436169	-1.2138165913839558	
1611.0843	338.03	0.6901926991913006	3.1747325188609365	
1611.0843	340.13	0.0007956570710448246	15.15389568829232	
