m/z	rtime	p-value	t-score	custom_id
248.9604	21.49	0.11101178245877374	3.7665454066434654	
249.051	23.33	0.9151761402208748	-0.20509691024854923	
249.1495	36.53	0.9738749458780788	-0.04685574794392649	
249.1495	68.27	0.14562859421692087	3.165963280520162	
249.9639	21.49	0.11101178245877374	3.7069666044385343	
250.1527	36.4	0.9582162308927662	-0.07469111583678889	
250.1527	68.53	0.23765572363941947	2.182811555710116	
250.9648	21.23	0.11101178245877374	3.728277141026428	
163.0605	24.25	0.5652123042537013	0.9729199433723495	
209.0968	29.39	0.11459852227612728	3.5941349011642023	
209.0968	34.01	0.7475712089730393	0.5264988918346701	
209.0968	36.4	0.4043022694863249	-1.4422177025738276	
164.0709	24.38	0.05306495880269726	5.90361161704401	
252.9241	1.57	0.08206400713286886	-4.595962001547979	
210.9098	2.35	0.5962087440169725	-0.912198828391304	
210.9121	21.1	0.9880843800935126	0.01997722108441144	
210.9121	23.59	0.19031097816934392	2.615166415440885	
254.2489	255.37	0.6867576654446202	-0.6700807538631426	
113.9879	21.75	0.08093397882672208	4.793264781730164	
114.0164	22.8	0.4661197025799037	1.2539986585875464	
114.9887	21.75	0.26536984368368427	2.032940040848718	
255.1968	36.53	0.6436746598510384	0.7972233586938788	
212.9102	2.35	0.4218857888682387	1.386569989660979	
212.9102	20.68	0.6660460428061946	0.7284136724957408	
212.9102	23.46	0.17209147779099526	2.8602085288183616	
256.9201	1.17	0.0482712043798603	-6.216082929282315	
213.9082	1.7	0.19079905234265046	2.6070793575416658	
168.0658	23.72	0.001306314936739857	33.7799676384371	
170.9435	22.02	0.7935134068077748	-0.43654170036638845	
262.9763	21.36	0.8862431371695233	0.2623458150789364	
262.9763	24.91	0.18109117505750194	2.7218089427306964	
264.9346	22.8	0.012934274112761759	11.426294414428538	
265.9508	21.89	0.24301622502617012	-2.1430279806638364	
266.1515	36.79	0.6596570557220998	0.7540403917436018	
216.9644	2.88	0.6660460428061946	0.7125941270325961	
174.9464	1.57	0.2225003343556231	-2.295515871556465	
268.9841	26.24	0.6611473896127703	-0.7477665736299179	
128.9585	22.67	0.008067302193607389	14.863958614745945	
269.9866	26.24	0.5742603026724338	-0.9499456304078354	
218.9865	24.91	0.2280798264356927	2.2504987921349175	
130.0864	1.83	0.29920100765153607	1.8862089715223596	
130.0864	23.86	0.18054612548755125	2.731012785876794	
130.9565	22.8	0.012276780834195372	11.801947620745693	
221.0526	22.02	0.7349578409764111	-0.5613145362112258	
178.9723	1.96	0.8898063313696131	-0.24876548462102063	
221.1543	59.17	0.7821582893082614	-0.45988167141308806	
276.0177	24.64	0.3789871981843977	1.514137030539475	
133.0133	1.7	0.248249212627379	2.107437077746424	
223.0498	22.41	0.7180771953508501	-0.5923379667140666	
278.8979	2.62	0.2202889534200176	2.33214567352356	
135.0302	22.15	0.09070872066848995	4.290330586983513	
181.0008	22.8	0.35216566376191916	1.618035036182803	
181.0711	22.02	0.4642501367402467	1.2755076423941687	
136.0477	26.9	0.8681463368151662	-0.28763788252664474	
281.2486	194.08	0.015064850711551097	10.452547739594253	
181.9466	0.91	0.08085082176806843	4.820732800797155	
282.2521	194.21	0.012276780834195372	11.837972479400404	
282.2802	286.83	0.6660460428061946	-0.7240335860847223	
283.1105	31.39	0.15481886948398274	3.018902280833291	
283.1105	127.17	0.17209147779099526	2.858211377782995	
283.1105	156.94	0.021441436039223296	8.72350343375281	
283.1375	36.13	0.31568404478126016	1.7717459600476912	
283.2836	286.83	0.7399500972791274	-0.5503272492191623	
183.1385	35.59	0.17209147779099526	2.835712332444623	
226.9658	23.07	0.0482712043798603	6.139158363375352	
139.0221	26.24	0.1121130475651524	3.629284918030693	
184.8759	0.78	0.06617770082948347	-5.353564454519505	
227.9665	22.94	0.046877051584817	6.419333196650954	
228.9633	22.94	0.0620615594704097	5.524315116612823	
185.1542	29.66	0.7475712089730393	0.5306242646901842	
231.0815	22.02	0.5986089234615836	0.901157180245871	
293.9866	36.27	0.8656687534965508	-0.2995330693845509	
294.9533	20.42	0.13366198183295322	3.3191926453663827	
294.9533	22.8	0.13980117908559103	3.2422925355986116	
294.9824	25.69	0.3085332446916685	1.8322748214699949	
295.9547	20.42	0.08206400713286886	4.563059454566744	
295.9547	22.94	0.13907126250153792	3.259187240732311	
232.9865	21.23	0.15481886948398274	-3.034462084211538	
296.8904	22.02	0.5334820606885492	-1.064464916612784	
296.9508	20.68	0.18311862037332607	2.6847562999695125	
296.9508	22.94	0.14915837817139377	3.1159702301118988	
298.1565	36.53	0.3472620296806772	1.6522250455574656	
234.9139	1.7	0.17234333022630893	-2.8274715225073623	
298.8874	22.02	0.6596570557220998	-0.7520974240457057	
299.0693	22.02	0.9864045572439532	-0.025423874543073013	
299.1489	36.53	0.3469660028243645	1.658671885382755	
300.9743	21.1	0.08263298810176549	-4.534749646932376	
303.0699	26.37	0.05306495880269726	-5.91540326348912	
192.1025	28.47	0.36767978388623407	1.542694568288519	
237.0919	36.4	0.550490729442141	-1.020242872467102	
237.0919	39.81	0.7621161065544646	-0.4992959314526724	
193.0864	25.69	0.11746204981821552	3.5392131756261396	
193.0864	30.44	0.038812875760081994	-7.03219232307791	
238.0953	36.53	0.6596570557220998	-0.7527438395086634	
149.0541	22.02	0.5652123042537013	0.9733485777768351	
238.9316	22.02	0.5176187556354006	-1.1052740210054528	
239.0927	25.69	0.31501635980277715	1.7949407478655512	
194.0816	36.4	0.18053204377180102	2.74341206365916	
306.9193	22.02	0.3791937535130091	-1.5107815197352272	
195.1385	35.33	0.11101178245877374	3.7255517519501438	
240.9286	22.02	0.49434891716292123	-1.182606559511517	
308.9163	22.02	0.3485048698577101	-1.6361384063628919	
309.1532	36.53	0.31501635980277715	1.7835576261322648	
310.002	24.91	0.3085332446916685	1.830582712920595	
311.223	36.4	0.700251514875901	0.6429103394468291	
311.2958	222.8	0.3397222040603631	1.6862014847174256	
312.9733	26.24	0.8246957983378009	-0.3743632318076628	
315.137	32.3	0.08085082176806843	4.825551625306332	
316.9479	21.23	0.6660460428061946	0.7125191658674952	
317.9513	21.23	0.6120332584677878	0.8704525007087501	
246.8771	1.43	0.248249212627379	-2.108664171452271	
246.9815	26.37	0.6973278935485548	-0.6491945361173819	
318.9522	21.23	0.9554445675190868	0.09017156555798456	
318.9809	28.21	0.3591249495726588	1.5743814265935203	
368.8882	22.94	0.19960247496586575	-2.494656204146131	
368.9616	20.97	0.039955175136564255	-6.848012970841446	
322.8933	22.8	0.46436791230459284	1.2709432285375752	
322.9142	20.03	0.24301622502617012	-2.1423771303833465	
324.8543	1.96	0.11101178245877374	-3.6876299412155387	
430.9281	20.42	0.8160926848191499	0.3942455291700968	
431.9301	20.42	0.7935134068077748	0.43872801663592625	
431.9301	22.54	0.5133059648914426	-1.1224423714582854	
326.27	286.83	0.7180771953508501	-0.5891954259429684	
432.8652	22.02	0.5564331921885933	-1.006080691248311	
432.9261	20.42	0.6239366859865798	-0.8414067233657649	
432.9261	22.67	0.3472620296806772	-1.6516412509795995	
374.2451	32.04	0.4146180763988135	1.412435797818549	
374.9068	22.02	0.3085332446916685	-1.8252705952440378	
375.2486	32.04	0.42232807803364114	1.382914290353441	
376.2515	31.91	0.46899393079408075	1.2456425865138798	
434.8614	22.02	0.6715158183040538	-0.6998829772159788	
376.9036	21.89	0.29735694545404273	-1.8999981912314563	
436.315	253.13	0.8545137245772129	0.32201479483198947	
436.8786	19.9	0.3529795295557717	-1.6130238776737489	C18H15ClO7
436.8786	23.2	0.29961134071725265	-1.8787865026912887	
488.2445	219.52	0.2734595760788954	1.9989318951685262	
488.3467	103.18	0.3377827094513515	-1.6942964553291542	
436.9492	20.97	0.01953753742641928	-9.630620762284549	
330.9638	20.55	0.9668389330192022	-0.06094177012325473	
378.918	23.2	0.30171363804661927	-1.8655938535192322	
437.2407	31.91	0.42000579792007064	1.393126308018224	
379.9314	22.41	0.143392857475725	-3.192677094446823	
489.2531	215.03	0.4872777889212077	1.2000622595603005	
489.2777	156.42	0.1001295275470987	4.103831086867907	
332.9221	22.8	0.02274943164562879	8.498541900042095	
438.2441	31.91	0.4234063937079383	1.3762315328527126	
490.1115	152.44	0.5038212587311522	1.1485030737780952	
490.1992	194.86	0.7781160635121646	0.46966684809353515	
490.995	22.15	0.35485898563867285	-1.5985589654216636	
439.0193	24.38	0.3485048698577101	1.6401166342822127	
333.171	35.46	0.9469188940969554	-0.11308255545155094	
439.3216	199.23	0.17209147779099526	-2.841472020331606	
333.9383	21.89	0.18054612548755125	-2.7308861288810182	
440.325	199.23	0.17209147779099526	-2.844790889211329	
491.2841	157.07	0.2202889534200176	2.3170552205884856	
492.1085	152.44	0.4661197025799037	1.2534925183196468	
334.8739	1.83	0.14915837817139377	-3.1047536067926598	
492.3463	212.28	0.07271644640073176	5.09860745784641	
384.9355	21.1	0.7936024310438399	-0.43399932762073024	
441.3282	199.23	0.18053204377180102	-2.7468319166272055	
441.3375	212.41	0.31568404478126016	-1.7718900098863737	
385.3073	217.81	0.8246957983378009	0.37554632537734856	
442.0902	192.89	0.3591249495726588	1.574387419773158	
442.3409	212.41	0.31501635980277715	-1.7948611493731876	
493.1235	35.87	0.7475712089730393	-0.5273486427133481	
442.8942	21.89	0.23796371152899112	-2.1733711691643864	
385.9392	20.97	0.6660460428061946	-0.7310148520764843	
336.9419	23.33	0.3103499716855648	-1.8167660311589293	
443.2476	215.17	0.3002908860809247	1.8732449807789737	
443.3532	238.63	0.08093397882672208	4.772105097003842	
495.3094	200.96	0.08085082176806843	-4.884403582235684	
444.0868	192.89	0.22324430258103406	2.2865026455852604	
444.2496	215.17	0.28301856638980594	1.957586466811251	
444.8912	21.89	0.2202889534200176	-2.3166252706682644	
496.3128	200.96	0.08206400713286886	-4.694529699957212	
444.9732	36.13	0.15741891110952627	-2.9872993483549597	
339.3016	218.08	0.6215242436503408	0.8495074030778997	
445.2449	214.9	0.9132121866618492	0.2098994234140654	
446.0884	78.41	0.08654807825229073	4.42865532528946	
446.1609	188.56	0.33134312630876517	1.723717261699416	
497.082	26.9	0.8681463368151662	0.28864279372096235	
446.9056	20.03	0.0620615594704097	-5.51472523361955	
498.2849	192.63	0.26877840101677036	2.0178875491837136	
498.9161	20.55	0.9335053478000923	-0.14730874700555843	
390.0443	32.17	0.08206400713286886	4.648772299722307	
390.2401	36.79	0.7180771953508501	0.5923874273541503	
390.881	22.54	0.7821582893082614	0.4578396830314538	
390.9021	20.03	0.18053204377180102	-2.76316156122852	
447.064	36.4	0.10870815588319689	-3.9177267563614726	C26H45O9P
447.1647	30.99	0.8230965950613156	-0.3808437505835863	
447.1647	188.56	0.341422191599074	1.678747844074814	
499.0792	26.77	0.643387624441503	-0.7999230529193092	
447.9723	37.71	0.0620615594704097	-5.578031754373723	
448.138	31.12	0.501713908337756	1.1597144181947314	
341.1183	33.09	0.39302298776419353	1.4775838189024801	
341.1183	36.4	0.7745238866214122	-0.47653049571887357	
341.1183	40.07	0.7475712089730393	-0.5249758635888808	C21H38O4
499.918	20.68	0.7302640030741182	-0.5697353564221035	
500.2081	159.96	0.012276780834195372	12.433784792825215	C33H42O6
500.2455	193.95	0.20343756240195432	2.4419228712875976	
500.3007	192.24	0.08085082176806843	4.845701780848276	
500.8529	22.02	0.501713908337756	-1.1613984336299714	
392.8958	20.03	0.10870411731003589	-3.931655184587714	
392.8958	23.59	0.0294147182113177	-7.639855383608277	
501.862	20.03	0.8545137245772129	-0.3199504137580806	
393.8938	20.16	0.15481886948398274	-3.0229929895316943	
502.1018	192.5	0.6196713553139885	0.8544991117556323	
502.2946	89.75	0.001306314936739857	33.33630430579722	
451.8439	1.17	0.2280798264356927	2.242130093887295	
452.2785	94.76	0.08206400713286886	4.685815741935626	
394.8404	1.57	0.11101178245877374	-3.749414175183502	
502.8487	22.02	0.6660460428061946	-0.7118972407726274	
452.9229	20.97	0.6833509737435876	-0.6791620402126838	
395.8938	20.03	0.13980117908559103	-3.2363136785059896	
395.8938	23.59	0.18311862037332607	-2.6846891821778645	
453.1326	26.9	0.35485898563867285	-1.593434176901943	
453.9262	20.97	0.6120332584677878	-0.8702194896492803	
504.0986	192.5	0.407860526211841	1.431972954628442	
454.1714	31.91	0.34863840784717043	1.6327265020089445	
504.937	20.97	0.039955175136564255	-6.8044830011212145	C18H15O6Cl
454.9275	21.1	0.4658587360302561	-1.2592439350175701	
397.8893	20.03	0.09836434996793336	-4.15659513596049	
397.8893	23.2	0.06736816725836074	-5.296465174734362	
505.3328	220.57	0.23454739850813022	2.205183068173047	
398.8866	20.03	0.7180771953508501	-0.589600828474435	
398.9511	20.55	0.342181182336193	-1.673670116098962	
455.1295	27.16	0.1277095197897721	-3.3864938388272035	
506.044	26.9	0.5652123042537013	0.9724952030366837	
456.1222	36.4	0.11101178245877374	-3.719968957847881	
456.1693	32.04	0.3085332446916685	1.8338525612368264	
400.1478	193.16	0.5034077256365024	1.154283263597746	
400.9094	22.67	0.05587451896064443	5.783309338187632	
507.3091	199.23	0.08206400713286886	-4.6077589555815806	
507.3692	216.11	0.10324887044192509	4.036473169273066	
507.3692	264.06	0.9232395338937623	0.18759936230753071	
349.2361	193.81	0.0482712043798603	6.193074730540556	
507.8761	20.16	0.29920100765153607	-1.883570973369934	
458.0012	37.45	0.11746204981821552	-3.5359839212900317	
401.9256	22.02	0.11142706964277908	-3.6468402406836695	
458.8684	22.54	0.36487558174716045	1.552098459752534	
509.325	212.41	0.19913145663481419	-2.538608627161755	
459.2616	31.91	0.31501635980277715	1.787464491395599	
510.3284	212.41	0.27989372053318023	-1.9747984222864636	
459.3271	219.39	0.2202889534200176	2.337292396583568	
510.8815	21.89	0.23454739850813022	-2.2109684774104643	
404.9292	20.03	0.12567013609248848	-3.4132841808372434	
404.9292	23.07	0.14562859421692087	-3.1599292242574357	
460.2131	188.56	0.5249553071132066	1.0832744070167146	
512.8787	21.89	0.2202889534200176	-2.3441254829915787	
462.8786	20.03	0.11101178245877374	-3.7172257046168817	
462.8786	23.2	0.023825355082861082	-8.304558895600474	
463.1615	26.9	0.9278692967160111	0.16804647225625535	
464.8787	20.16	0.5542843263645864	-1.0118587500319176	
465.3044	205.29	0.13480102352886716	-3.301177418238008	
514.1466	188.69	0.3343326510094781	1.7127767023762712	
514.8927	20.16	0.5215450752535753	-1.0913501479866705	
514.8927	23.07	0.5162500484349651	-1.1100356877349218	
466.3077	205.29	0.2378788099705137	-2.177820342133801	C35H67NO3
409.3114	225.3	0.7050097364306032	0.631391389724966	
410.1767	192.76	0.5742603026724338	0.9506096841860658	
410.2218	31.91	0.4756642712598948	1.2284018534027277	
466.8741	20.03	0.0889932096628518	-4.331275119267951	
466.9384	20.97	0.3485048698577101	-1.6433924593211195	
410.8649	23.72	0.29735694545404273	1.8961735234320232	
515.122	30.99	0.5199017360537475	-1.0990096548909942	
516.0727	27.03	0.8656687534965508	-0.29754755873738314	
359.1537	215.03	0.504248679197846	1.1427268875569776	
359.1655	36.27	0.22032410239606914	-2.3119370626348603	
411.2253	31.91	0.7061295187259706	0.626164011677636	
468.1821	193.29	0.012979764307587622	11.215779072702118	
412.2185	31.91	0.4765438649665529	1.2242240616030955	
468.8968	22.54	0.08206400713286886	4.583544247217511	
517.0768	26.9	0.3535097059477397	-1.6087104768433012	
518.1428	193.81	0.2280798264356927	-2.2408977203463576	
361.0016	24.38	0.504248679197846	1.144116488333666	
469.9132	21.89	0.10649427454816625	-3.984599606760976	
519.2135	202.27	0.7936024310438399	0.4304109586016416	
362.9409	20.42	0.5652123042537013	0.9694536353370113	
362.9409	22.8	0.5650989524247509	0.9878019019105301	
520.9102	20.97	0.6596570557220998	-0.7576614396200252	
362.9701	28.21	0.5608100982285604	0.9968498038720719	
472.1765	193.03	0.1505794677547813	3.0853408944382466	
472.9169	20.29	0.17209147779099526	-2.8400434642658974	
363.9427	20.42	0.6137411340599349	0.8654099356444706	
363.9427	22.8	0.46578967808224847	1.2620194641978633	
521.3849	255.76	0.9969592224772295	0.004054383914900758	
521.9135	20.97	0.7118666317936803	-0.6160621970627778	
364.8762	22.02	0.643387624441503	-0.802594967416721	
417.1559	26.9	0.9003800949977528	-0.23077082243628133	
364.9377	20.42	0.17209147779099526	2.835565935106229	
364.9377	22.67	0.4819856924539956	1.2119589270401605	
522.9148	20.68	0.49434891716292123	-1.1826240881351866	
522.9148	36.27	0.46937851817377774	-1.2423266248407097	
473.1797	192.89	0.11101178245877374	3.6904887748170396	
418.071	188.04	0.19913145663481419	-2.5246475984866836	
418.1593	26.9	0.7408965771160255	-0.5468881026881826	
365.1404	36.66	0.3516628311192975	1.6223109495485402	
524.1748	219.26	0.2910802359769035	1.9294043627454793	
420.2507	31.91	0.39491428851045784	1.4706496336621104	
475.2892	110.27	0.41506650388882743	1.408716121718387	
421.2269	68.92	0.19913145663481419	2.5026064025993033	
421.2542	31.91	0.4037422200267781	1.4473205370900872	
526.8555	22.41	0.667606390210098	0.7075165461359663	C35H71NO5
422.2568	31.91	0.31568404478126016	1.7779075046097526	
422.3279	77.89	0.005365519598900669	17.048477077781847	
422.9906	36.27	0.5977574646368374	-0.9075502463473683	
528.2733	75.49	0.005365519598900669	-17.85266641361851	
425.3064	186.99	0.941592663220803	-0.12234833853430853	
426.1035	188.43	0.7621161065544646	0.500094919370102	
548.1865	273.81	0.645487549291493	-0.7914794176309855	
548.1865	282.64	0.29457960659687116	-1.9153167405043556	
529.2768	75.62	0.01322017801208818	-10.979612001857644	
530.0885	30.44	0.13366198183295322	3.3226128399600547	
530.2889	104.36	0.0017035253924464688	28.171490071688925	
479.2242	215.03	0.643387624441503	0.8016649938850613	
479.3743	262.88	0.5652123042537013	-0.9834436540419704	
530.866	20.16	0.11101178245877374	-3.774195687554495	
530.866	23.2	0.08206400713286886	-4.576736316542452	
480.1507	27.29	0.31501635980277715	-1.7853362255596672	
480.2734	102.39	0.021028828866014936	9.09598807215256	
480.3777	262.88	0.629799343674242	-0.8306995589885728	
427.3216	200.96	0.12123481528029738	-3.4910680136534498	
531.0072	22.15	0.35485898563867285	-1.5980339156719328	
428.325	200.96	0.11609055169145657	-3.569329278775613	
531.0916	30.86	0.9232395338937623	0.18558095850348866	
531.2924	104.36	0.025023146211502294	8.046380544279936	
429.1793	193.55	0.005365519598900669	17.476164733348128	
429.3281	200.96	0.11101178245877374	-3.7567853943302754	
429.3374	226.39	0.08085082176806843	4.859292240711172	
532.8665	20.03	0.18053204377180102	-2.7498627778278046	
533.0226	67.22	0.18311862037332607	-2.6809773400589743	
552.4636	273.28	0.01178228680839099	-13.100810748048268	
533.291	205.29	0.0482712043798603	-6.154158675116912	
534.8618	20.03	0.2280798264356927	-2.253073225239328	
534.9263	20.68	0.19505547976736523	-2.580534296608762	C21H18O15S
600.854	20.03	0.2020445560189503	-2.4630346554020277	
600.854	22.94	0.2020445560189503	-2.465271181952113	
553.8755	1.17	0.20784165378356445	2.4170665938352798	
553.8755	22.54	0.7041306299747098	0.6354670361272245	
485.0237	22.02	0.7179059763971131	-0.6037591534205771	
535.0204	68.0	0.6621176389148433	-0.7441621070756723	
485.1662	193.81	0.7118666317936803	0.614048423471222	
485.1662	202.4	0.956034766368251	0.08381439353589586	
536.1695	193.16	0.09108566822318628	4.268641444567579	
536.8845	21.36	0.021441436039223296	8.735992626238463	
536.8845	22.54	0.20106696932634224	2.4827086483689267	
604.8723	21.36	0.046877051584817	6.416037864528913	
604.8723	22.54	0.2503388793734667	2.0921375848551644	
537.9009	21.89	0.20343756240195432	-2.441784753418254	C39H70NO7P
538.1425	202.27	0.18951682660723077	2.6305747081789526	
556.875	22.41	0.29735694545404273	-1.8985553701815716	
666.8416	20.29	0.17234333022630893	-2.8208950326476603	
666.8416	23.07	0.8545137245772129	-0.31847327959381355	
539.0138	22.28	0.5007369785429993	-1.1664984611426459	
668.3187	262.35	0.19881689806142178	-2.551425263939726	
558.1999	191.19	0.42000579792007064	1.395641729120774	
540.1643	193.03	0.19913145663481419	2.5439994384393154	
669.3221	262.35	0.19913145663481419	-2.502020752543851	
670.2975	190.14	0.09836434996793336	4.141094765483506	
610.8093	19.9	0.3085332446916685	-1.8273204256799365	
559.4369	286.57	0.4419226977068173	1.3280901800799025	
674.2522	201.09	0.9345850898721094	-0.14310765121344046	
542.2639	195.39	0.4234063937079383	-1.3752449670390143	C37H71O8P
676.2801	276.96	0.08654807825229073	-4.407905869120552	
677.2833	276.96	0.08206400713286886	-4.566959268497515	
677.2833	284.87	0.3377436215022473	-1.6976206066652708	
561.3797	206.63	0.5038212587311522	1.1487065813977193	
678.2774	276.96	0.08654807825229073	-4.401407103693094	
678.2774	285.27	0.17131165541749993	-2.8880855048243355	
679.2808	276.3	0.8203848691618135	0.38653159870816345	
679.2808	277.36	0.11101178245877374	-3.674664580535573	
679.2808	285.27	0.2280798264356927	-2.2474348624404503	
680.0163	188.43	0.7728675093058988	0.4808783862409947	
563.0891	188.69	0.4037422200267781	1.4462332333690238	
682.2341	195.0	0.5652123042537013	0.9728103770763428	
682.2341	233.61	0.9738749458780788	0.04898887665022638	
563.2967	201.35	0.07271644640073176	-5.1059526483054976	
729.2618	216.9	0.9398547898428455	-0.12694480054314222	
729.2618	286.83	0.6231205290132986	-0.8448931631831451	
618.1693	107.52	0.956034766368251	-0.08569939831275784	C38H65NO9
565.0107	22.02	0.6660460428061946	-0.731878228061186	
732.5194	260.23	0.038812875760081994	6.97306161027264	
688.2685	210.96	0.9880843800935126	0.018323979769586645	
688.2685	244.67	0.08654807825229073	-4.402205427913419	
566.9034	20.42	0.9014034198131179	-0.2271781857951577	C42H74NO10P
734.8296	20.16	0.2202889534200176	-2.3244601270587517	
734.8296	22.94	0.5435921596621976	-1.0360278865767578	
736.2899	216.76	0.9398547898428455	0.1310064708349209	
736.2899	286.83	0.7936024310438399	-0.4298465164675556	C43H71O8P
567.9054	20.29	0.9309141018372039	0.15512513153310362	
737.2914	216.76	0.9335053478000923	0.1468326161971532	
737.2914	286.83	0.7393269778121908	-0.5533408954090973	
568.1127	214.9	0.19913145663481419	2.506559016616551	
694.2729	266.42	0.7050097364306032	-0.6298737560276213	C45H74NO8P
738.2954	217.03	0.8656687534965508	0.2988030310923207	
738.2954	287.23	0.5328459142233768	-1.0679505876959943	
568.8401	22.02	0.3085332446916685	-1.8308759942130601	
626.1074	36.13	0.7475712089730393	-0.5305679878416028	C50H95NO8
696.186	108.04	0.18053204377180102	-2.759436828265312	
740.2402	188.17	0.535290648762475	1.0573508549953359	
740.2402	192.89	0.35831596740725113	1.582225746548441	
570.1098	214.9	0.2634504452913326	2.0431904229225184	
570.8366	22.02	0.5201621418906476	-1.0961038380957444	
628.1982	107.65	0.8862431371695233	-0.25650359177836235	
628.2776	208.07	0.11101178245877374	3.6861189801685668	
697.189	107.65	0.5135049661287618	-1.1196046475403987	
629.2013	107.91	0.6973278935485548	-0.6490744119113623	
700.3086	253.13	0.7180771953508501	0.591791277921283	
572.2442	201.35	0.5393320707485763	-1.0452703221088728	
572.9243	20.97	0.04808302311703836	-6.323802385809941	
631.0769	188.69	0.5133059648914426	1.122499123141201	
632.2056	156.81	0.46436791230459284	1.2682351063365536	
747.1888	102.0	0.4535785294681735	1.3033207295155438	
701.0235	73.65	0.12567013609248848	3.42330919025171	
701.3114	252.61	0.6763859382657508	0.6909438036191766	
634.2966	206.37	0.49858265464193446	1.1727509141187955	C49H89O13P
702.2396	263.53	0.9268557223179987	0.17766895472356667	C40H75O10P
634.8913	20.42	0.9398547898428455	-0.1324961366212478	
702.879	20.68	0.643387624441503	-0.8019536444283439	
703.3002	276.3	0.247461099328309	-2.1182154112198117	
750.269	187.64	0.6867576654446202	0.6701033193547976	
638.1528	215.17	0.430826040185163	1.3578012363934364	
639.311	253.53	0.6660460428061946	0.7119856814120441	
575.8638	20.03	0.3593384956416844	-1.57092766612091	
754.216	214.77	0.9268557223179987	-0.17329008878726002	
754.216	219.26	0.645487549291493	0.7892123470305074	
754.216	262.88	0.14915837817139377	-3.1172272173606737	
754.216	273.81	0.20107421905113892	-2.477590763245005	C48H83O10P
754.2828	216.9	0.9398547898428455	0.1278228178420661	
754.2828	287.62	0.643387624441503	-0.8012954278550198	
708.2582	198.05	0.8419296652635206	0.3434467852494787	
708.2582	255.37	0.5450131288575472	-1.0313405105651938	
640.912	20.97	0.023825355082861082	-8.228832662159899	
709.2615	198.05	0.645487549291493	0.7878096982735255	
710.2663	214.51	0.4419226977068173	-1.328722156099638	
710.2663	219.13	0.645599588182465	0.7853726380950588	
756.2138	213.98	0.8862431371695233	-0.25556847786596876	
756.2138	218.86	0.8068808743317889	0.4082925813916665	
756.2138	219.52	0.15481886948398274	3.032173171924207	
756.2138	273.68	0.10761034614479575	-3.957797058197888	
757.2168	214.51	0.6077017892064209	-0.8835386380586951	C48H88NO9P
757.2168	219.39	0.9864045572439532	-0.027767456932141277	
757.2168	263.14	0.4146180763988135	-1.4134535801848818	
577.2766	91.74	0.021028828866014936	9.078068983009652	
711.2694	214.51	0.5137088245997992	-1.1167654290394116	
711.2694	219.26	0.4642501367402467	1.2764020907439064	
711.2694	262.35	0.11101178245877374	-3.6618203661974578	C45H77O13P
711.2694	273.94	0.18311862037332607	-2.6992989972288206	
643.8514	20.16	0.16480412940648695	-2.9338901485137474	
578.1416	214.9	0.23753415057679209	2.1874433184577757	
712.2637	214.51	0.46436791230459284	-1.2672724220260887	
712.2637	219.0	0.5986089234615836	0.9020773776160935	
712.2637	262.61	0.06784881493183038	-5.256199174520193	
712.2637	273.68	0.2030367925612807	-2.4534928672782828	
578.8692	21.89	0.2202889534200176	-2.329834194284665	
646.2216	178.43	0.9002621205625523	0.23321468966844897	
714.8448	21.89	0.19913145663481419	-2.5132447141866727	
646.8571	21.75	0.12567013609248848	-3.424274110661894	
579.1435	214.9	0.19525195662822042	2.5740275510743538	
580.1388	214.9	0.2239516591368589	2.279198818079774	
580.8666	21.89	0.2225003343556231	-2.293994165145571	C46H73O10P
648.2491	247.2	0.535860544123698	-1.053289369505157	
648.2491	253.27	0.32523897603507024	-1.7429016327826925	
648.8545	21.62	0.18951682660723077	-2.6352955706172763	
581.5632	449.29	0.0889932096628518	-4.347357305214407	
650.8667	20.42	0.8253649040932499	-0.37129098016718426	
650.8667	22.8	0.9554445675190868	0.09486602065146849	
582.1359	188.56	0.4363008860211671	1.344377057642041	
720.295	262.88	0.15484689395456053	-3.011324296781051	
720.295	293.54	0.11101178245877374	-3.6667991275929053	
720.4889	281.85	0.005365519598900669	18.409052208793895	
721.2333	276.3	0.8502791036505591	-0.330583608407699	
721.2333	284.35	0.6660460428061946	0.7175891392125321	
721.2981	262.88	0.19913145663481419	-2.5062468890099106	
721.2981	293.41	0.2202889534200176	-2.3408018674988744	
582.8796	20.29	0.7475712089730393	-0.5265870472295975	
582.8796	22.94	0.9554445675190868	-0.0912677421371873	
583.2595	79.72	0.21166134722783328	-2.3954164486130725	
583.3143	102.79	0.5798722082084	0.9390477823047305	
724.8736	21.1	0.9309141018372039	-0.15482916598375437	
770.2105	217.29	0.9268557223179987	0.17414696267755517	
770.2105	287.09	0.6660460428061946	-0.7317090899799197	
656.8858	21.1	0.8418770848847194	-0.34682868685814916	
770.8667	20.42	0.5986089234615836	0.8992546293748753	
657.0921	192.89	0.3485048698577101	1.6377691855360292	
726.261	217.29	0.9302369937995549	-0.16165547065553537	
726.261	286.96	0.2168546162397611	-2.368323845568327	
772.2088	217.29	0.9220055544180155	0.1917976996069319	
772.2088	287.09	0.8681463368151662	0.29081493460827823	
657.8891	20.97	0.6596570557220998	-0.7584040091245738	
658.278	247.46	0.186798928640601	2.655990140254842	
658.278	254.19	0.7874373618371642	0.4487975877476256	C52H97NO18
658.278	258.65	0.8418770848847194	-0.345746148941988	
586.2602	212.41	0.6660460428061946	-0.7238118289843168	
727.2644	217.29	0.9554445675190868	-0.09167330835654837	
727.2644	286.96	0.19011387796992973	-2.621843205490044	
773.2117	217.03	0.8862431371695233	0.2558523907060847	
773.2117	286.83	0.6596570557220998	-0.7631652539869048	
659.1079	219.39	0.5652123042537013	0.97102487385317	
728.2585	217.29	0.9302369937995549	-0.1603570814726378	
728.2585	286.83	0.28011304055234226	-1.9703422739816698	
660.2374	191.58	0.535290648762475	1.0566474801542916	
774.1291	107.38	0.956034766368251	-0.07993247692977042	
587.2647	212.41	0.6660460428061946	-0.7133372992862798	
588.1707	215.03	0.19913145663481419	2.5323741798952777	
588.2543	237.58	0.7626841073865293	0.49636792055247503	
588.2543	243.89	0.1420114018006834	-3.2112639803635488	
588.2543	249.04	0.4551180649799519	-1.2977440975296404	
588.898	20.97	0.6922402623289736	-0.6603976385821362	
661.2405	191.32	0.6089112682880978	0.8794341061675436	
776.1299	107.65	0.35485898563867285	1.5935010052892487	
589.1045	192.89	0.31501635980277715	1.7859487414456738	
589.1726	215.03	0.3377436215022473	1.699807862806667	
589.4034	306.17	0.24301622502617012	-2.1496608586528354	
589.9013	21.1	0.7180771953508501	-0.5882072140198867	
590.9025	21.1	0.7179287332720095	-0.6015299905399019	
591.12	219.39	0.5652123042537013	0.9685780448750013	C60H111NO18
810.08	195.82	0.7821582893082614	0.459225980832679	
810.08	201.75	0.795395554199539	0.42533185474091545	
782.832	21.62	0.36487558174716045	-1.5523113680962213	
887.5064	274.2	0.021182160246813235	-8.95191107221392	
888.5095	274.07	0.01958005147634004	-9.491318004392001	
598.8538	20.16	0.14915837817139377	-3.1029455816976625	
598.8538	22.94	0.2501517700982206	-2.0967252930295954	
792.8611	20.97	0.9477828090720486	-0.10960632305184259	
794.5071	285.91	0.012276780834195372	12.032828342292142	
999.5312	218.08	0.23454739850813022	2.202984964936574	
920.4519	285.0	0.18311862037332607	-2.689998012093764	
1027.2531	343.41	0.9191031129460034	0.19780105234112672	
1039.2259	223.33	0.06240641320582697	5.473537676208833	
928.8368	21.1	0.753751255574003	0.5146458187534714	
1119.7144	245.59	0.956034766368251	-0.08185680617192588	
1175.7766	280.38	0.11101178245877374	3.7178167554925787	
1176.7804	280.38	0.11101178245877374	3.7626158545218304	
1177.7838	280.38	0.12567013609248848	3.4177373534406774	
1178.7832	280.64	0.11101178245877374	3.743559624923842	
1221.7823	280.93	0.10197002951158321	4.066467503136123	
1222.7856	280.24	0.15478586975669187	3.049341784817308	
1223.7892	280.51	0.10910855327099675	3.8996874353354025	
860.8488	21.1	0.9268557223179987	0.1716692825788552	
865.2172	214.9	0.24301962355396772	2.1383274115994193	
