m/z	rtime	p-value	t-score	custom_id
108.9009	135.19	0.41614076238842646	1.9440938711983278	
108.9009	150.19	0.38899682865556456	2.0320623732284733	
109.0285	24.93	0.07175300817119663	5.830753373714709	
169.0613	50.51	0.6440296971230114	0.9232080587576305	
142.9433	201.48	0.41229449462997014	-1.9550257284466162	
142.9743	201.75	0.7613013078106509	-0.4955205414821734	
110.8979	135.19	0.5996321287167772	1.087070297130978	
110.8979	150.19	0.6536774983946111	0.8852332236598176	
170.0701	49.85	0.6648608877290209	0.8247329340593905	
170.8286	1.7	0.8365114630226562	0.31857219852943236	
170.8474	135.58	0.6521882719458371	-0.9022498692501542	
170.8474	149.8	0.5971942030975593	1.1659685608712003	
143.0535	147.17	0.672212964246619	-0.745032780691347	
143.0535	150.74	0.310303709637969	-2.417441367739388	
143.0535	152.45	0.5996321287167772	-1.1248102482372944	
113.9356	346.6	0.7415332601650112	-0.545582360244167	
171.0405	234.76	0.2905154335181732	2.541159922844094	
171.0405	239.91	0.5843320418651725	1.2321434769041615	
171.0479	32.33	0.051852765556544896	7.8730757950068355	
143.9777	201.61	0.784746564342982	-0.4283483946343732	
171.0558	26.91	0.6955561571281563	0.6775240758241381	
143.9904	222.26	0.9691637375580919	0.04990594136924881	
171.0769	292.24	0.33974108236624456	-2.2644804282690902	C7H12N2O3
114.932	346.87	0.7129741565884917	-0.6100245863404726	
144.0738	34.95	0.5518102241848755	-1.352679692720522	
144.8687	135.32	0.5862235929952674	1.2277081947664132	
144.8687	149.93	0.356580904383715	-2.154961944491207	
144.9724	201.61	0.7421344043800533	-0.5425770660149389	
172.0355	267.29	0.5614434947461938	-1.289438431433027	C6H6N2O4
172.0398	28.62	0.6571729945816481	0.8592609128734675	
144.9783	201.61	0.6968473265614183	-0.6724114640014904	
82.9531	34.82	0.05531601824485336	-6.861223746576454	
172.069	192.36	0.7323451315988478	0.5646357474469441	C8H12O4
172.5373	267.29	0.5803720976663758	-1.2396146144298326	
172.8276	1.56	0.6659239071824531	0.7643683656408189	
115.0584	222.26	0.0957887395489833	5.053298599086867	C6H12S,C6H12S
146.0531	210.97	0.5010492856749452	-1.5512163192217077	
116.0061	297.63	0.09060931318096968	-5.203028288107406	
116.0469	209.92	0.7603501040795758	0.49791179458453005	
116.0478	209.92	0.28861690365313813	2.5641142185572114	
172.985	201.48	0.09662617325653407	-4.914878448850038	
146.0814	180.11	0.36001329003410054	2.1370009285668483	
172.9907	25.73	0.0957887395489833	5.048275596873875	C6H6O4S,C6H6O4S
172.9907	27.57	0.13234089803297155	4.174711652352185	C6H6O4S,C6H6O4S
146.8659	135.58	0.6183907209714933	1.0087091133168498	
146.8659	149.8	0.28276622982343647	-2.613794244541235	
116.0936	210.05	0.5650235072117615	1.2794311512102137	
116.0945	210.18	0.8066172964002412	0.3701744220735102	
84.9502	34.69	0.1058026641213037	-4.625265742339131	
147.0176	270.31	0.11988969283595328	-4.375933311092405	
173.0333	267.43	0.5423068092426598	-1.4143404865753935	
173.0376	267.43	0.5461168901537213	-1.3999528918984248	C6H6N2O4
147.0667	197.78	0.06546845057866825	6.418410888179433	C7H12OS
147.0667	200.96	0.8549706417916224	-0.28421608374898744	
173.056	233.85	0.30269426348046813	2.458453731038735	
147.9204	2.75	0.7911137779487103	0.4052632461082365	
87.0441	192.1	0.4314402001273174	1.8501810928406588	
173.0812	192.1	0.9183173130590153	0.1448321904437619	
173.8419	135.85	0.6183907209714933	0.9990445716650146	
173.8419	150.19	0.5423068092426598	1.4154324379823775	
117.0677	210.31	0.03579711431652842	9.397306529214733	
173.994	25.59	0.04927117131677648	8.402201884961014	C6H6O4S,C6H6O4S
173.994	27.44	0.5010492856749452	1.548911705751051	C6H6O4S,C6H6O4S
174.0114	254.89	0.44592298464596164	1.7885023540313587	C7H7FO2S
174.0114	259.25	0.13457476738986657	4.142769992873138	C7H7FO2S
149.0001	28.22	0.8865861296820463	0.2245655314890866	
118.0746	210.31	0.025840338872159956	12.853369876265639	
149.0462	189.84	0.02766622950485957	11.095539553824246	
149.0462	191.05	0.10388980041161212	4.7517307368618384	
174.0552	27.3	0.6183907209714933	0.9900462649524209	
89.0427	249.11	0.6169776454701792	-1.0215806191297685	
149.0599	34.69	0.0707633974315735	6.104388812780759	
174.9637	134.93	0.7709152721831172	0.4635351735816524	
174.9637	145.86	0.44604107346150934	1.780823774431979	
174.9865	25.73	0.4771427957024437	1.6281590499743532	
174.9865	27.57	0.24925484224105532	2.810238652509285	
150.0221	265.85	0.6922551348436548	-0.6904038055248752	
119.0491	205.16	0.6636521477824681	0.8309501372325764	
175.0353	318.24	0.7277236232129696	-0.578387017169761	
150.0301	270.84	0.9800939869045987	0.02907901494603961	C5H6O5
150.0413	135.98	0.21172126879026226	-3.1119573964932017	
150.8858	134.8	0.5614434947461938	1.2965146852792082	
150.8858	150.45	0.7563988472227612	0.5106255522907185	
175.0718	305.9	0.1308388463221839	-4.211882061756684	
175.8391	135.85	0.45332879995809106	1.7537082076916284	
175.8391	150.06	0.6038156578402545	1.0767582351481486	
151.0586	50.11	0.4771427957024437	1.6273156250057292	
151.8733	149.8	0.9082909675142762	0.16980648567683165	
176.0193	329.14	0.6659239071824531	-0.7763986306966846	
152.8829	134.8	0.5522561955266297	1.348347151446746	
152.8829	150.45	0.7415332601650112	0.5464304805315947	
152.9855	32.33	0.5614434947461938	1.2928010856109222	
152.9855	283.31	0.4710810476040066	-1.6977594659954762	
152.995	191.97	0.19504993316002903	-3.2442510712966945	C3H7O5P
152.995	210.97	0.16843225202658904	-3.6542586136660296	
93.0335	204.63	0.6356939265285563	0.9498160915136924	
176.8359	135.85	0.599387826228083	1.1516041819135525	
176.8359	150.06	0.45950575727404336	1.730921268621797	
153.016	216.35	0.30269426348046813	2.4596206043700524	
176.9162	364.07	0.6424957040029428	-0.9348172712224773	
121.0312	243.2	0.17175135781687864	3.5608732401194203	
153.8992	1.17	0.33453415764351535	2.288911469725952	
95.9751	191.05	0.6183907209714933	0.9876770356977708	
122.0601	49.85	0.6571729945816481	0.8585332963190254	
122.8932	39.81	0.5996321287167772	-1.0884880058394326	
96.0274	32.85	0.44604107346150934	-1.7758550807988822	
96.9211	135.19	0.5614789105684258	1.2864923104500914	
96.9211	149.93	0.5467432228087824	1.3959407188125519	
177.9124	134.8	0.8557410026117567	0.2820564378145775	
177.9124	150.58	0.9275589346565528	-0.1256047171683667	
154.868	149.8	0.973448952133424	0.04170493215017088	
124.0063	212.41	0.05519241909240528	-7.348166201361484	
154.88	134.93	0.5893162732004675	1.2065356016105315	
154.88	150.45	0.7193652701730309	0.5945612869473418	
178.8332	149.93	0.6659239071824531	0.7633736273036338	
124.9904	34.3	0.5202090317174712	-1.497822275012368	
97.0648	27.04	0.2978656961048073	2.505367794561601	
178.912	364.07	0.5996321287167772	-1.1039630723154774	
125.0425	225.15	0.6641689387977104	-0.8289742563189213	
97.9762	201.35	0.5588712573708974	-1.3096768181277259	
155.0089	172.5	0.8976320138819851	-0.2014845611485825	
125.8721	134.8	0.49452110901951457	1.5700409711767875	
125.8721	151.53	0.9183173130590153	0.14521067694652806	
125.9898	34.43	0.2506752383521269	-2.786093715032939	
125.9938	34.3	0.38283131178968655	-2.0648384063027576	
98.948	1.04	0.6973411626154353	-0.6682208533052699	
126.9041	29.54	0.6183907209714933	-1.000598784674796	
126.9862	34.3	0.4427965777534996	-1.8038868231563694	C5H4O2S
126.9948	34.3	0.47688294264614084	-1.6381283618702447	
155.8733	29.01	0.10147105949730775	4.802807053175788	
127.0028	192.63	0.7628908613864139	-0.48091113599387153	
127.0754	191.71	0.6955561571281563	0.6765045337946967	
127.8692	151.14	0.47688294264614084	1.647379032831556	
156.0269	266.24	0.8007683264474504	0.3823881409061367	
179.8402	135.32	0.880833473398426	-0.23436627895229584	
179.8402	150.45	0.5996321287167772	-1.0994827526083863	
179.8819	363.02	0.6841081328493969	-0.7085343729983191	
179.8819	365.51	0.7737942150094467	0.45748057576546225	
100.0394	191.84	0.051852765556544896	7.8731164254002275	
156.954	201.22	0.5996321287167772	-1.126567413362844	
128.9586	201.75	0.880833473398426	-0.23582441579286437	
128.9982	135.06	0.6617906732053388	0.8390744053905267	
129.0267	36.26	0.9082909675142762	-0.1708098530175265	
129.0277	36.13	0.6571729945816481	-0.861280298007375	
129.0285	36.53	0.6038156578402545	1.0750798873628362	
129.0377	213.46	0.5996321287167772	1.1046007901405641	
129.0377	220.42	0.5971942030975593	-1.1633403280521637	
129.0804	36.26	0.9228084413596234	-0.13442447296329646	
129.0815	36.26	0.5971942030975593	-1.157762874276002	
157.9933	201.61	0.2996951795363475	-2.4921284989501626	
129.0826	36.0	0.675663660280378	0.7340104930006025	
103.9193	39.55	0.47688294264614084	-1.6397453693732593	
181.0594	192.63	0.5518102241848755	1.383098627135129	
181.0594	213.59	0.16591315085013877	3.7322682848105613	
181.0692	204.77	0.5451517398594556	1.4069511598890783	C9H11NO3
181.8369	150.32	0.48686844709594435	-1.5867163525608425	
182.0428	221.47	0.3290054455596511	2.3111074558916234	
131.0609	36.13	0.8365114630226562	-0.3207298394708266	
182.0455	33.9	0.0707633974315735	-6.113703202607664	
182.0664	204.9	0.611598562182782	1.0561974002304488	
182.0703	205.03	0.7330005487622185	0.5626190599720255	
132.0115	165.25	0.16843225202658904	-3.6708151761401107	
132.0115	169.87	0.1795006211035941	-3.4933516415299977	
132.0374	192.1	0.47543370067613067	1.6666275778856903	
132.9454	201.75	0.7855175120399833	-0.42167154589098654	
158.9878	201.75	0.42916726074058004	-1.8705936567499182	
158.9933	201.75	0.4305130619732217	-1.8652236503269277	
159.0556	28.09	0.675663660280378	0.7349016532754394	
195.0605	269.53	0.7863382883734465	-0.4181180520672071	
195.1386	26.52	0.16843225202658904	3.64262495653469	
159.8778	39.15	0.6426610854524448	-0.9320804651678984	
184.0585	210.31	0.2854009148187972	2.5906433893063046	C6H13NO4
184.0585	215.17	0.5314190755577682	1.453116725704546	
195.9263	364.2	0.639483035942194	-0.9403129394903078	
195.9312	364.2	0.6440296971230114	-0.9205408032502329	
196.0222	220.03	0.7283497165865308	-0.5743898133470181	
134.9426	201.75	0.7689114816939558	-0.4718504831835423	
196.0613	212.15	0.6183907209714933	-0.9887153082386244	C9H11NO4
196.8108	150.32	0.45332879995809106	1.7521703800883546	
196.8765	134.53	0.6536774983946111	0.8864520540482107	
196.8765	151.01	0.49452110901951457	-1.567119432016471	
196.8848	363.94	0.5996321287167772	-1.0959935464975812	
196.8865	135.19	0.4427965777534996	1.805164722299687	
196.8865	150.45	0.5893162732004675	-1.2148459332288593	
185.0272	31.28	0.9160285670281672	-0.15294165231574394	C8H10O3S
159.9915	201.61	0.47650757776840974	-1.6624140333192865	
160.0145	389.54	0.252644706102656	-2.7728133704170497	
160.0145	391.25	0.18130742156115554	-3.408867435060773	
196.9227	364.2	0.6426610854524448	-0.9296756011846274	
196.9305	364.2	0.6449168029113124	-0.9179813510151122	
160.0397	37.18	0.19504993316002903	-3.2509393200334	
160.0608	191.71	0.11153602019267096	-4.54170258956479	C6H11NO4
197.0216	230.04	0.7956863840975783	0.39698930779019004	
135.9015	134.53	0.47688294264614084	1.6325194403321548	
135.9015	151.27	0.7854366382123532	0.424535012821194	
160.9923	201.75	0.4267942959418954	-1.8942971458957734	
197.0619	221.47	0.11988969283595328	4.414264862078565	C7H13NO4
186.0182	135.85	0.18130742156115554	-3.4183871590326937	
161.056	325.2	0.3224278090896874	-2.343850396588444	
161.0641	191.84	0.1308388463221839	-4.213116808934656	C6H11NO4
136.0478	35.74	0.16747849742841042	3.7124300140030977	
161.875	39.02	0.7007161869833402	-0.6531455294577332	
137.9857	163.67	0.09662617325653407	-4.930894338511148	
198.8736	134.8	0.7563988472227612	0.5164248351325829	
198.8736	151.01	0.05531601824485336	-6.880665331894026	
198.8836	150.32	0.356580904383715	-2.1578331794423358	
187.0009	201.48	0.052561435734648734	-7.637142992131997	C5H10O5
198.9184	363.94	0.6571729945816481	-0.8620262398197235	
198.927	363.94	0.6536774983946111	-0.8874073731178933	
138.906	2.75	0.6648608877290209	0.8144810606950691	
138.9521	273.99	0.09634206285545992	-4.969338653898911	
163.0393	34.95	0.1058026641213037	-4.667358870103786	
163.0393	204.77	0.5091264045986402	1.5298708200306161	
199.0067	31.93	0.8510983695563099	0.29039617075896523	C8H8O4S
199.0332	222.39	0.76250869859723	-0.49051177574989796	
187.097	192.23	0.9082909675142762	0.16904419172937873	C9H16O4
187.1334	34.82	0.052561435734648734	7.640418775441495	
187.8841	135.19	0.8798986400396509	-0.2414645697012948	
187.8841	150.32	0.6659239071824531	0.7702733575201012	
188.0158	319.69	0.7627868618804268	-0.4890064016190404	
163.896	134.8	0.8567126422802012	-0.27963536506081865	
199.0721	212.41	0.9193264145986173	-0.1414080809097789	C9H11NO4
199.0777	210.05	0.2422227179607076	2.873701060175142	C7H15NO4
164.8385	149.8	0.6522039379280599	-0.8960041123121602	
188.0559	297.76	0.05531601824485336	-7.183647875572512	
188.88	151.93	0.7854366382123532	-0.42353727402104624	
188.981	190.66	0.7968696653727861	0.39203902093088383	
188.9853	24.93	0.05531601824485336	6.942530010181883	C6H6O5S
188.9981	201.61	0.1058026641213037	-4.647545087809797	
189.0511	374.18	0.5223181749989543	-1.482993886727342	C7H9NO5
200.8051	149.8	0.6571729945816481	0.8556193870585096	
200.9724	226.36	0.21198627681751317	3.0961078208687813	C3H7NO5S2,C3H7NO5S2
200.9859	236.89	0.6973411626154353	-0.6695229687175366	
166.0779	159.05	0.03318444833592802	10.07181901920826	
166.8353	135.32	0.5451517398594556	1.4057894184224384	
166.8353	149.8	0.7628908613864139	0.4837992149126957	
190.0716	183.53	0.2449447886748355	-2.8524045628371404	C7H13NO5
219.0619	373.92	0.21172126879026226	-3.1295020707525567	
219.1064	180.11	0.35417492071486284	2.1934472534830256	C9H17NO5
219.5623	311.54	0.7245000567554899	-0.5854060618908198	
167.0536	47.88	0.07768839041268717	-5.584121326664395	C8H9NO3
167.8333	135.32	0.6183907209714933	0.9862456390280789	
167.8333	149.66	0.6743905083993909	0.7408161612525493	
191.8159	135.58	0.5971942030975593	1.1684081706123763	
168.0329	191.97	0.005460952149740185	-32.58066799108155	
220.0204	204.24	0.5803720976663758	1.2408928256474079	
202.9969	191.71	0.9010516647379384	0.1889615461629911	
203.0016	26.39	0.21172126879026226	3.122012257762534	
203.0016	30.59	0.0707633974315735	-5.931915425262458	C7H8O5S,C7H8O5S
168.8314	135.32	0.5423068092426598	1.4195084387667867	
168.8314	149.4	0.6846908806328593	0.7065568332437205	
203.0452	205.85	0.25317058471962944	2.7660332799001734	
220.0643	311.41	0.6650225423458465	-0.793839164759648	
168.8863	43.25	0.6655270094841399	-0.7849741458253733	
203.0669	369.06	0.43348178167949153	-1.8408960942290087	
220.1075	180.11	0.23247193425001017	2.9567267047599466	
203.7987	135.58	0.5915745150719189	1.2016238974473183	
203.7987	150.32	0.4800077677825737	1.6116584243953274	
220.845	134.53	0.612643961034884	1.0335196031364404	
220.845	151.01	0.5479988888355342	-1.3920970998574655	
204.005	30.59	0.09060931318096968	-5.191451213867078	C7H8O5S,C7H8O5S
204.0428	50.38	0.5010492856749452	1.5475907646825737	C8H11NO3
204.0855	156.16	0.02766622950485957	11.236502468062152	
220.9877	188.4	0.30827635364453104	2.433723858704907	
221.0039	234.11	0.35306744582865157	-2.202718882912729	
221.0851	29.27	0.2570162951770935	2.7372854624953127	
221.0851	31.93	0.3383683320953556	2.271606069135278	
221.0929	258.2	0.6617906732053388	0.8408320429628106	C11H14N2O3
221.8422	151.01	0.3986793494216304	-1.9987568100120772	
242.9961	37.97	0.4177708037289559	-1.9294294531982064	C9H8O6S
193.0536	34.43	0.5588712573708974	-1.3127268134060843	
205.0357	32.33	0.0707633974315735	5.879112983010349	
205.0463	50.24	0.47490775501615323	1.669869244624967	C8H11NO3
193.0647	269.79	0.6619276608453039	-0.8357838826109121	
193.1076	33.24	0.675663660280378	0.7331289425201934	
243.0622	160.23	0.1058026641213037	-4.686201474190309	C9H12N2O6
222.8421	134.53	0.5518102241848755	1.3815949001329433	
222.8421	151.01	0.9313410344924286	-0.11714796487173051	
205.8393	149.93	0.6183907209714933	-0.9850230145605415	
194.0633	269.79	0.5598158547130647	-1.302170845077677	
194.0681	269.79	0.6659239071824531	-0.7793396922885837	
243.8993	40.47	0.6496331583751843	-0.9075159575510084	
243.8993	43.25	0.731630456882807	-0.5667317917340973	
194.8132	135.58	0.4811078665038993	1.6075505400357204	
206.04	50.24	0.44464416243179855	1.793476173184813	C9H5N3O3
206.0726	345.55	0.09013903312343059	-5.272543943321715	
244.0227	321.66	0.13805189791589131	-4.078245662529249	
194.9269	364.2	0.6426610854524448	-0.927810506151386	
244.0317	189.45	0.05743708092723399	6.715280540774202	
244.0656	160.23	0.1308388463221839	-4.230306959102947	C9H12N2O6
244.0826	191.97	0.5971942030975593	1.158316611187124	
194.9881	218.45	0.6648608877290209	0.8118617112188942	C7HF5O
223.8392	134.53	0.5614434947461938	1.2882714976481127	
223.8392	151.14	0.5300581593186532	-1.4591473171063376	
223.8492	149.53	0.6824866099990397	-0.7154923566274254	
224.023	218.58	0.4427965777534996	1.8040909589793537	
224.8033	29.27	0.7189409248124827	-0.5966608123888975	
207.0694	33.64	0.7694079389261258	0.46892425416193056	
207.0805	275.04	0.32342219310400827	-2.337428896045812	
207.8364	135.58	0.7989696824273674	-0.387015603756143	
207.8364	149.93	0.6426610854524448	-0.9309163473041967	
245.0432	261.35	0.9377702170118384	-0.10624233914868111	
267.0731	132.96	0.6555682805106554	-0.8775370354981912	C9H16O9,C10H12N4O5
267.0731	134.93	0.6120414866416154	-1.0392759032062888	C9H16O9,C10H12N4O5
224.9781	201.35	0.7747367960915622	-0.4505700398100658	C10H7ClO2S
267.0909	36.4	0.9865153009523957	-0.017980809745476774	
208.0521	301.7	0.7189409248124827	-0.5962779476669713	
245.8948	40.2	0.6619276608453039	-0.8370067645671629	
245.8948	42.99	0.7347702219223827	-0.5591235763164373	
208.0614	149.66	0.6555682805106554	0.8789427515597852	
268.0769	133.22	0.6648608877290209	-0.8079195719106211	C9H16O9,C10H12N4O5
268.0769	134.8	0.5893162732004675	-1.2171613694652834	C9H16O9,C10H12N4O5
208.8448	134.8	0.7285789278542577	0.5719378598130526	
208.8448	150.88	0.47688294264614084	-1.6343150316752233	
268.8012	134.53	0.6648608877290209	0.8087206451062886	
268.8012	150.45	0.6841081328493969	-0.7087749564085253	
226.0471	36.4	0.7563988472227612	0.5145063607545532	C10H11ClN2O2
226.0471	52.37	0.923616883684615	-0.1321554018407427	C10H11ClN2O2
226.0695	222.26	0.5971942030975593	-1.1670859240908686	
226.0695	223.57	0.19504993316002903	-3.251853484028232	
269.005	199.88	0.594549492744441	-1.1905952717759962	
226.0831	231.09	0.3431174514797771	-2.241309858309144	
226.8011	29.41	0.5407710827778117	-1.4342993264859019	
209.0598	301.83	0.03579711431652842	-9.350580045602053	C14H10O2
269.1397	28.22	0.417073397175362	1.9364937013509307	
269.1397	30.59	0.16843225202658904	3.677752370781775	C15H18N4O
269.1397	34.3	0.611977250564741	1.0488707237233879	C15H18N4O
209.1543	28.22	0.7027114326960732	0.6446371059564923	
209.1543	31.54	0.16843225202658904	3.641183535933233	C13H22O2
209.1543	33.51	0.4423479239693882	1.8157066523366532	C13H22O2
227.0392	36.13	0.8580267210312265	0.2767696674850938	
210.0073	218.45	0.6111151082081197	1.0603021860754056	
210.038	220.03	0.47688294264614084	-1.6512657340611128	
210.0435	222.79	0.23849607172540313	2.920639086288327	
248.0799	37.84	0.5996321287167772	1.108965383132709	
210.1577	31.93	0.11988969283595328	4.374024833383844	C13H22O2
210.1577	33.24	0.24977490030241128	2.7984237666653096	C13H22O2
248.741	1.96	0.5518102241848755	1.3603566799593965	
210.8419	134.8	0.611598562182782	1.0516750020881418	
210.8419	150.58	0.779305957975603	-0.43889580992147814	
249.0396	321.79	0.05519241909240528	-7.300554666929419	
249.0551	162.75	0.028991454087704406	-10.770314266631168	C8H14N2O5S,C8H14N2O5S
270.2159	28.22	0.025840338872159956	12.993521384602694	C16H30O3
270.7982	134.8	0.5971942030975593	1.175369104285287	
270.7982	150.74	0.5202090317174712	-1.4977634529616546	
249.1167	28.36	0.7628908613864139	0.48177053189551783	
250.0455	189.84	0.42698045074431756	1.8884713307763579	
250.0586	162.49	0.05531601824485336	-6.829357639037909	C8H14N2O5S,C8H14N2O5S
250.1045	276.75	0.03251110967123108	10.284849658642198	C10H22NO2PS
228.086	354.48	0.2591142490152401	-2.720165378953322	
211.0414	220.16	0.43066329773292306	-1.8577055388607513	
271.072	362.75	0.6191828130453009	-0.9795073221170969	
271.072	365.77	0.7027114326960732	0.6469622054562142	
211.0755	253.45	0.22369244977086578	-3.0295055441637566	
211.0973	26.52	0.6579358168303412	-0.8516203045402883	
250.989	49.98	0.571779457927639	1.2624835022240657	
271.2282	28.22	0.025840338872159956	11.746640022506773	C16H32O3
211.885	134.27	0.5720007818675545	1.2587443757971706	
211.885	151.53	0.880833473398426	0.23905931126387345	
251.0973	197.51	0.7863382883734465	0.41737036127419086	
212.0593	209.92	0.18167761630066084	3.3996210060626653	
252.0742	188.66	0.025840338872159956	-12.09407583935735	
252.0742	191.84	0.22714286819349686	-3.0026426177117926	
252.0742	210.57	0.6955561571281563	-0.6775632716960484	
230.0121	210.31	0.18130742156115554	3.448029863273851	
212.839	134.8	0.5996321287167772	1.1197785088840038	
212.839	150.58	0.6183907209714933	-1.0041871877923634	
231.0282	191.84	0.896208398054571	0.20738396377602683	
231.0503	189.45	0.09634206285545992	5.010736822231141	
231.8104	38.89	0.6169776454701792	-1.0188551653506814	
253.0665	188.66	0.009502584462942722	-20.812424497317	
253.0665	191.58	0.2809679376606687	-2.624297056564416	
253.0665	210.84	0.5588712573708974	-1.3210625967338459	
253.0829	50.51	0.611598562182782	1.0513194398964019	
253.0864	301.7	0.03573125816184872	-9.608921000160432	C16H14O3
232.8536	150.88	0.31637482273233425	-2.3881870692706424	
274.9955	1.96	0.1833599113953143	3.375750164107344	
254.0802	179.46	0.900690828054764	-0.19205814041699296	C9H17NO5
254.0901	301.7	0.05172734408684022	-8.116382322704265	C16H14O3
213.9845	239.39	0.0707633974315735	5.974795387515344	
254.8266	151.01	0.8909774891925717	0.2153354276143464	
214.0482	202.4	0.05089559385964106	8.238745788745153	
214.0482	294.61	0.6982785535169608	-0.665785352178753	C10H11NO3
254.8944	364.33	0.6486915873460855	-0.91013967933176	
214.0719	36.0	0.9607554333442361	0.06604017167837865	
214.8199	1.7	0.6650225423458465	-0.7888089032131052	
254.9679	201.75	0.19339148079153673	-3.2849917442421495	
233.0777	369.06	0.16115342984062536	-3.8000315114938057	
233.0865	198.17	0.07255859932087619	5.737982772905511	C9H12N2O5,C9H12N2O5
233.0865	200.96	0.7129741565884917	-0.6105038755351886	
233.8081	39.29	0.6650225423458465	-0.7942292445805964	
233.8536	134.8	0.6648608877290209	0.809974069307661	
233.8536	150.74	0.5518102241848755	-1.3530015140450382	
276.0546	204.63	0.9082909675142762	0.1724046599272748	
255.0722	192.36	0.6768974517170981	0.7254774579768843	
255.0823	301.7	0.08003475502442572	-5.515693930145121	
234.8507	134.8	0.5704193585162443	1.2662156346934372	
234.8507	150.88	0.3431174514797771	-2.2394519058053737	
215.0017	33.9	0.0707633974315735	5.932154125752132	C8H8O5S
255.8938	364.07	0.6937005147579229	-0.6872726174962314	
276.9919	218.19	0.6648608877290209	0.823497614376138	
215.0671	234.5	0.2978656961048073	2.506049382086264	
277.0178	28.22	0.341236784222565	2.253634855793473	C14H14S3
277.0178	35.35	0.0707633974315735	5.9527342919381665	C14H14S3
235.8506	134.8	0.47688294264614084	1.640505382213815	
235.8506	150.74	0.693815013603294	-0.6859342910639962	
255.9713	202.01	0.47688294264614084	-1.6412570431449778	
277.0598	36.4	0.70006156049443	0.6586994447008209	C10H14N2O5
277.0598	48.41	0.5088509835039315	1.532412607489856	C10H14N2O5
256.0758	179.72	0.6183907209714933	1.0082553440403301	
256.8088	147.3	0.5996321287167772	1.0973206315037154	
215.1651	34.56	0.5257406971510538	1.471721388331428	
215.8606	135.58	0.6841081328493969	0.7096171345405541	
215.8766	134.14	0.5588712573708974	1.3121209027833243	
215.8766	147.83	0.6958801509012424	0.6748905078849919	
215.8766	151.53	0.7036591654399896	0.6410378315227335	
278.0212	28.22	0.4200580767989041	1.9205797982017108	C14H14S3
278.0212	35.35	0.356580904383715	2.156362873592082	C14H14S3
278.0438	204.24	0.4684133542590394	1.7097294224330397	
278.0625	220.82	0.1256681984386643	4.298140859894775	
278.0883	199.75	0.16932724196008797	3.6139033533360156	
278.0883	203.98	0.7973292626339795	0.39030356097767716	
278.0883	213.46	0.6659239071824531	0.7713850069989243	
256.8895	364.2	0.6426610854524448	-0.9280856994687802	
236.8479	134.8	0.7083472276049326	0.6265251019366872	
236.8479	150.88	0.5423068092426598	-1.4204309984884165	
236.8835	364.2	0.6536774983946111	-0.8868243790051547	
256.9238	35.87	0.7805892592466974	-0.43607580793196704	
278.973	36.92	0.880833473398426	0.23560716722431574	C9H8O6S
256.966	201.88	0.2905154335181732	-2.5445022744793264	
256.9908	258.6	0.053107700173502984	7.552651462426248	
279.0136	28.22	0.9082909675142762	0.17417183955559526	C8H10N4O5,C8H18O4S2
279.0136	35.35	0.9082909675142762	0.17112702891062537	
279.0476	204.11	0.24756826408198288	2.8350690955297746	
216.8766	39.55	0.5588712573708974	-1.3149315652453735	
279.0569	36.4	0.646841606630051	0.9140060669475369	C11H12N4O3S
279.0569	48.41	0.8841721512063639	0.22886832577642024	
257.86	366.04	0.6709592123927416	0.7491515461546333	
217.0126	191.71	0.6922551348436548	0.6904743751404875	
217.0173	55.69	0.9156816803220973	0.154596181500387	
280.0425	204.37	0.3224278090896874	2.346313318098313	
217.036	192.5	0.5202090317174712	-1.4901032088416017	
217.036	205.16	0.21172126879026226	-3.104730509557659	
217.036	209.79	0.5518102241848755	1.3560741002922572	
217.036	213.2	0.880833473398426	0.2344081633997568	
280.078	215.56	0.5300581593186532	1.459371984141965	C12H15N3O3S,C10H20NO4PS
217.0827	340.83	0.24756826408198288	-2.8318006163542653	C8H14N2O5
217.8498	134.53	0.47872985304876764	1.6182680656795265	
217.8498	151.01	0.6609507471082937	-0.8461547094671481	
280.9702	37.05	0.7957704471534109	0.39574685217394195	
280.979	217.93	0.6162670035107123	1.02554837578422	
217.8577	135.32	0.6120414866416154	1.046472329437692	
217.8577	149.8	0.9160350413247491	-0.15173243432942404	
217.8778	40.07	0.5893162732004675	-1.2144788558947472	
217.8778	43.25	0.6571729945816481	-0.8674305569012757	
258.0985	191.97	0.6648608877290209	0.822626878551722	
258.8296	39.55	0.5257406971510538	-1.4723159416074143	
281.108	197.65	0.6650225423458465	0.8023266144956076	
218.0222	204.24	0.5409947185516457	1.430300699134896	C9H11NO3
281.2488	26.91	0.0707633974315735	5.886535895142618	C18H34O2
218.0667	284.36	0.11988969283595328	-4.370250379324376	C8H13NO6
281.8637	134.14	0.5518102241848755	1.3539121447783706	
281.8637	151.27	0.5890508692955738	-1.2202506021244162	
218.8151	1.7	0.47726789760074867	-1.6230483049749824	
281.9476	38.5	0.37585027187026127	-2.089512884722921	
282.0071	50.11	0.1819498745190651	3.3910219822427714	
259.019	267.43	0.500384112386047	-1.5550171058173126	
238.8797	364.33	0.8886911678240096	0.2194776376706748	
238.8916	373.39	0.5518102241848755	-1.3704058462641575	H3O9P3
282.0834	167.9	0.18130742156115554	-3.456628373945343	C17H13NO4
282.0834	212.02	0.9581606467912339	-0.07444062293418481	C12H15N3O3S,C10H20NO4PS
282.1042	36.26	0.8120051423795154	0.3597021397568727	C12H20O6,C13H16N4O2
282.1115	197.51	0.6768974517170981	0.7257985583248094	
282.9565	29.93	0.7756546499274124	0.44709703147794827	
259.8396	363.81	0.6120414866416154	-1.0373174656449078	
283.0015	23.48	0.05531601824485336	7.033520222056896	
238.9942	201.75	0.5668883009497641	-1.2749157929278452	
219.0193	204.11	0.6648608877290209	0.8080197806133127	
219.0254	204.24	0.5518102241848755	1.3737598964044642	C9H11NO3
283.0675	192.23	0.6648608877290209	-0.8110064727356776	
219.0443	162.62	0.025840338872159956	-12.369700102447245	C5H9NO4S,C8H6ClN3
239.0595	149.4	0.22472047676321438	3.0191640285842642	C9H20OS3
239.0595	156.03	0.0707633974315735	5.968900328009238	C9H12O5S
239.0707	229.91	0.18130742156115554	-3.47215883555981	C15H12O3
260.7678	1.56	0.621943039039025	-0.9737759532522716	
260.816	134.8	0.5674878176392635	1.2723024954078759	
260.816	151.01	0.6120414866416154	-1.0426698389133786	
260.8276	39.42	0.43451781959004165	-1.8362450714717218	
260.8396	364.07	0.5996321287167772	-1.1033194888832638	
283.9446	38.5	0.31160638347195957	-2.4085002662729686	
293.0042	28.49	0.7741628612534347	0.45586082294726477	
293.0042	322.44	0.052561435734648734	-7.677692386367666	C9H19I
260.8738	373.39	0.5953324831964681	-1.1863669011946605	H3O9P3
293.0121	218.32	0.5574035758725949	1.3368586990825826	
260.9635	29.14	0.9275589346565528	0.12334218172232696	
284.0989	279.77	0.5893162732004675	1.207801176737047	
284.1142	49.85	0.9853485897124766	-0.020810151216277207	C13H19NO6
293.0541	361.97	0.6356939265285563	0.948259827825182	
293.0541	367.09	0.4721624638037214	1.6864050325148603	
294.0577	361.97	0.6650225423458465	-0.7920573690619612	
294.0577	366.83	0.35417492071486284	-2.186891714736814	
261.0414	155.47	0.24977490030241128	2.801790417774043	C9H12O5S
261.0593	216.35	0.17175135781687864	3.578052033376768	
261.073	308.0	0.16115342984062536	-3.793718677253636	
261.0925	213.33	0.21172126879026226	-3.1057533788720537	
261.8207	150.88	0.7283497165865308	-0.5733892209652639	
261.8357	363.81	0.6183907209714933	-0.9858074922831294	
240.9054	135.85	0.6617906732053388	0.8385895498319255	
285.1024	279.9	0.6571729945816481	0.8674511920372633	
261.8913	134.53	0.5996321287167772	1.147534647551592	
261.8913	151.27	0.6440296971230114	-0.9214127784686317	
294.9504	42.99	0.4407944575372752	-1.8213076787619644	
240.9521	201.61	0.5919152866572706	-1.1994830134193886	
262.8131	150.88	0.6952705085061167	0.6816098354564603	
241.1445	28.22	0.0839235963463854	5.4215678527283755	
241.181	28.22	0.11587116215868602	4.478412116189363	
286.0893	155.47	0.4427965777534996	1.7995694766001562	
286.0893	157.08	0.6099048555310776	1.0634817905407907	C13H16N2O4
296.0994	192.23	0.7083472276049326	-0.6265603383525824	
241.8392	1.04	0.4574854477410661	1.738036911379024	
263.0974	197.78	0.05531601824485336	6.89417427365687	
263.0974	200.96	0.7889042273841005	-0.4105414446439403	C8H14O7
263.854	152.58	0.7007161869833402	0.6546568336948876	
297.0747	36.26	0.8976320138819851	0.19959584851547513	C12H20O6,C13H16N4O2
297.0747	52.24	0.7756546499274124	-0.4479966093183998	
242.0799	314.7	0.6659239071824531	-0.7774993877841495	
264.0282	28.22	0.5971942030975593	-1.1693452042478671	C6H11O9P,C9H10N2O3S2,C6H11O9P
264.0282	204.11	0.80958438972359	0.36401213038099994	
264.0303	0.65	0.6650225423458465	-0.7911337122627953	
242.1761	34.56	0.8976320138819851	0.2001121681189426	
297.823	134.01	0.6183907209714933	0.9907485197813464	
297.823	151.79	0.6522039379280599	-0.896479117875873	
297.8273	1.3	0.5996321287167772	1.1386620472665303	
297.8694	151.01	0.6536774983946111	-0.8894953884016509	
264.1008	198.04	0.008284975377338133	24.65702118017233	
264.1008	201.09	0.8996623133434345	-0.19458344209728273	C8H14O7
242.9503	201.61	0.5518102241848755	-1.3707454994035282	
298.0075	267.29	0.5409947185516457	-1.427987426209585	
298.1146	279.77	0.9356360226427997	-0.11027375612552115	C11H17NO8
298.1298	50.67	0.7027114326960732	0.6472710362261969	C14H21NO6
298.2471	28.09	0.07501552654345628	5.661780053753708	C18H34O3
318.8286	134.14	0.5143626903548495	1.5170554252130972	
318.8286	137.03	0.47688294264614084	1.6444791742221903	
318.8286	151.53	0.6650225423458465	-0.8031505603081286	
265.0502	192.1	0.025840338872159956	-11.926664998932	C11H11ClN4O2
265.0589	46.3	0.42198073369818384	1.9113626935238162	
265.0932	197.78	0.11988969283595328	4.390942902011973	
265.0932	200.96	0.7628908613864139	-0.4837104258723102	
288.9692	297.76	0.15777077060247727	-3.837544992808243	
318.9801	268.74	0.6571729945816481	-0.8589673444924135	
318.9801	270.45	0.10147105949730775	-4.7993008969443025	
265.9196	362.89	0.7563988472227612	-0.5129916753366421	
265.9196	365.77	0.9715976331408962	-0.04542109884119229	
319.0005	151.14	0.16843225202658904	3.629581505387069	
289.0707	209.79	0.04766966290304656	8.574203302962994	
299.0707	156.29	0.09634206285545992	4.972696813444435	
299.1332	50.67	0.6650225423458465	0.787704146219507	C14H21NO6
266.005	322.05	0.06700873903401923	-6.333458426946292	
289.9447	152.98	0.38603043442899965	2.04473796598286	
289.9686	298.02	0.13798855717078576	-4.1009262102954125	
299.2594	28.22	0.05531601824485336	6.823412948939861	
266.0866	258.2	0.6650225423458465	0.7894166026605429	C12H14N2O5
319.077	189.58	0.05531601824485336	7.101570650637047	
299.8199	134.01	0.5996321287167772	1.137767807252782	
299.8199	136.9	0.6648608877290209	0.8103746137058004	
299.8199	151.79	0.6183907209714933	-0.9897794655397318	
266.8041	134.8	0.5257406971510538	1.4700561548044502	
266.8041	150.74	0.43066329773292306	-1.8569848625599117	
319.8274	134.14	0.44604107346150934	1.7772901048899181	
319.8274	137.03	0.48414269649063807	1.5993046002837505	
319.8274	140.31	0.9593487205530594	0.07038735495991416	
319.8274	151.53	0.5933094322224466	-1.1941860061541902	
320.098	240.57	0.6356939265285563	0.948757035662336	
320.098	252.26	0.8478324501699938	0.2969484544503016	
320.098	321.39	0.5971942030975593	-1.1719561342765634	C16H16N2O3S
300.0258	204.63	0.5720007818675545	1.2603136699328414	
300.1066	179.59	0.7563988472227612	-0.5116915195048573	
290.9659	297.89	0.06854947744029982	-6.260256808456469	
320.9975	150.74	0.1616192375843348	3.7809802954161023	
320.9975	199.22	0.7702109487882728	0.46673249926235527	
290.9974	24.4	0.022908374250427344	15.138554413272018	C13H8O6S
321.8717	2.88	0.6659239071824531	0.7725723398175498	
346.0015	267.29	0.5202090317174712	-1.4937228613378073	
321.9034	151.53	0.5124148323683757	-1.5223406298348579	
301.8633	150.88	0.5518102241848755	1.3716656860932444	
346.0669	202.27	0.5893162732004675	-1.2092010377404738	
291.8574	153.63	0.8043605651449875	-0.37427120722463364	
322.084	215.69	0.449674821302175	1.7664371394163743	
291.9418	152.98	0.2056348949119453	3.17951089226306	
291.9848	233.19	0.0707633974315735	-6.0086331857067705	
292.0111	218.58	0.5588712573708974	1.3060928220254562	C7H15Cl2N2O4P
292.034	210.18	0.42887401022339516	1.8738577037854525	C9H16N3O2PS2
292.0418	215.69	0.0707633974315735	-5.907431636157359	
292.0418	219.9	0.3989344104244743	-1.9952929618803101	
302.1692	24.93	0.6571729945816481	0.8567594100431459	C15H26O6,C16H22N4O2
347.0914	209.92	0.05531601824485336	7.0045392430141575	
323.0088	189.58	0.2056348949119453	3.175661824758813	
323.0388	201.22	0.8977966044115262	0.19819364330646688	
302.9878	189.58	0.7854366382123532	0.42536795270233446	
324.0053	189.45	0.2840302427433265	2.6051543952662755	
324.0939	212.54	0.15193296016884705	-3.9114752411767264	C10H12N4O6
292.8654	134.14	0.5996321287167772	1.0873387568999477	
292.8654	151.79	0.3189146143119843	-2.3721843416504975	
324.9137	201.75	0.7027114326960732	-0.6472550998441667	
303.0077	306.95	0.5588712573708974	-1.3277432217742484	
303.0504	134.93	0.6648608877290209	-0.8078067595094308	C9H16O9,C10H12N4O5
324.9913	362.1	0.6617906732053388	-0.841573474954807	
324.9913	366.96	0.42887401022339516	-1.878919659727623	
348.9352	297.76	0.21597105264897237	-3.07116046532319	
325.0907	189.31	0.20661647924330975	3.164534494597311	
325.1255	279.24	0.28861690365313813	2.5660676766711474	
349.0149	36.13	0.7356239322669976	-0.5568451873564628	
292.9833	28.36	0.24072039990303318	2.89017220695821	C6H11O9P,C9H10N2O3S2,C6H11O9P
349.0918	210.05	0.09060931318096968	5.184703096028139	C18H22BrNO
326.129	279.51	0.353017415698683	2.2061762613539315	
326.8301	1.3	0.5588712573708974	-1.3091435327457581	
375.0152	218.45	0.457037290324262	1.7427676907560374	
375.0311	53.03	0.7830019470055235	0.431772559812276	
375.0599	36.26	0.47688294264614084	1.6370246958698178	
375.1313	117.59	0.17175135781687864	-3.582243385659689	C17H20N4O6,C16H24O10
326.9916	361.97	0.353017415698683	-2.209330154830105	
326.9916	366.56	0.5522561955266297	-1.3487013744474452	
350.0171	321.52	0.18130742156115554	-3.410834106250862	
327.1003	215.56	0.7399930596116875	-0.5499120579385787	
305.0789	240.7	0.6099048555310776	1.0641201817666193	
305.0789	252.26	0.7709152721831172	-0.4635640043049428	
305.1608	27.44	0.5202090317174712	1.4905790363115046	C14H26O7,C15H22N4O3
350.9104	1.3	0.6571729945816481	-0.8623234086458235	
350.9104	2.62	0.6817354944265099	0.7177034504693307	
376.021	203.85	0.6571729945816481	0.8678681657485529	
376.034	38.63	0.31637482273233425	-2.3869784244483903	
305.9779	165.51	0.14085697246258697	-4.022410602832815	
376.139	118.12	0.6120414866416154	-1.0404848434017355	
327.9896	362.36	0.5799104481863205	-1.2436777585077443	
327.9896	366.56	0.17708494856101065	-3.5160259267102716	
351.0144	321.26	0.35417492071486284	-2.1886594974858995	C18H8O8
328.0231	189.58	0.5587439283757683	1.3330135036681179	
351.0336	34.56	0.5202090317174712	-1.4983961493072546	
351.0871	210.05	0.09662617325653407	4.937483833573816	
306.0266	218.58	0.356580904383715	2.1702199609616866	
352.0413	35.35	0.6183907209714933	0.9882291206281433	
352.0413	52.9	0.7747367960915622	-0.45142326180380393	C9H16N2O5Se
352.0646	229.64	0.14085697246258697	-4.028111879010813	
376.9859	28.22	0.2854009148187972	2.5861526917752165	
376.9859	49.98	0.2506752383521269	2.7852458044379116	
377.0238	189.05	0.09060931318096968	5.222295384794223	
377.0478	156.16	0.051852765556544896	7.972320378413918	C12H14N2O12
377.0552	36.53	0.4427965777534996	1.8011274585342492	
352.9382	199.09	0.9275589346565528	0.1244232009107566	
352.9382	206.24	0.356580904383715	-2.1654247361907126	
352.9452	201.75	0.5518102241848755	-1.358208053959297	
377.9267	319.16	0.41229449462997014	-1.9575282789107946	
378.0131	321.26	0.80958438972359	0.3645019974158186	C18H8O8
307.0276	218.85	0.47667639645354626	1.6575475270698217	C14H12O6S
307.065	215.43	0.4427965777534996	1.8030632321406599	
330.1031	191.71	0.15695801351027233	3.853314564715654	
330.1127	192.1	0.07255859932087619	5.759914002186833	
353.8488	1.04	0.7694079389261258	0.4698105202096435	
307.9496	362.49	0.6922551348436548	-0.6916117863404322	
307.9496	366.43	0.09126630971533616	5.155006037041445	
307.9664	37.18	0.386245421379858	2.0412700543349844	
307.9664	52.51	0.6659239071824531	-0.7807891390586331	
308.0989	213.46	0.4734757191825518	1.681704703939224	C9H16O9,C10H12N4O5
379.0007	32.46	0.06546845057866825	6.409010566663051	
308.9666	39.15	0.3641139937704408	-2.1207160545391748	
353.9486	201.48	0.16843225202658904	-3.641830312178373	
330.9559	199.22	0.5971942030975593	1.1592910374849248	
330.9559	205.29	0.9778760262362326	0.0332965371281814	
354.0322	205.55	0.960050348109589	0.06821675845237825	
354.0359	321.39	0.6440296971230114	-0.922682649741836	
354.7072	146.78	0.6183907209714933	0.9961925225556554	
309.1024	213.46	0.468552540744202	1.7070942144271524	C9H16O9,C10H12N4O5
354.9431	201.75	0.5409947185516457	-1.4261000436957725	
309.9453	362.1	0.7563988472227612	-0.5103197994576938	
309.9453	366.56	0.18645251248575093	3.350860196404009	
355.0293	205.55	0.7569042455326309	-0.5072398266570997	C14H12O11
355.0337	322.05	0.7083472276049326	-0.6243101379674293	
355.0447	35.35	0.6922551348436548	0.6927722293082612	
355.0447	52.77	0.5451517398594556	-1.4041413040674917	C18H12O8
355.0552	35.21	0.9010516647379384	-0.18801811514387193	
355.0552	52.9	0.4574854477410661	-1.7370954099669618	
356.0312	321.39	0.6571729945816481	-0.8644656494395516	C18H8O8
356.0475	28.36	0.7283497165865308	0.5755408417482644	C18H12O8
356.0475	35.35	0.7100286201524043	0.6185883528952436	
356.0475	52.64	0.47667639645354626	-1.658974979635822	C18H12O8
333.0596	191.97	0.27544725780035006	-2.647714904033435	
333.0596	350.67	0.5393608204743227	-1.4384817746310108	C9H19O11P
333.1175	191.84	0.42698045074431756	1.8899843368472953	
333.7998	134.14	0.5588712573708974	1.3184962794286919	
333.7998	137.29	0.5996321287167772	1.1437554747711272	
333.7998	148.61	0.7083472276049326	0.6243204676778491	
333.7998	151.53	0.3224278090896874	-2.344411216709114	
356.7049	146.91	0.6120414866416154	1.0368389290910862	
382.1007	301.3	0.1058026641213037	-4.705929358399401	C14H17N5O8
356.9405	37.58	0.7100286201524043	0.6204510979888885	
334.0001	191.05	0.5996321287167772	-1.1104375619990927	
311.0987	191.97	0.5971942030975593	1.1804114525626646	C11H20O10,C12H16N4O6
357.0442	34.03	0.44604107346150934	1.7783582469771608	
357.0621	160.23	0.9082909675142762	0.1773365826601101	C18H14O8
357.0621	164.33	0.9194697139830295	0.14001718919894643	
334.8636	1.3	0.6694016099329659	0.7548969930911025	
383.0654	192.63	0.38603043442899965	2.048653580895945	C17H18N2O5S
383.0654	199.62	0.16843225202658904	3.6561581754255443	
383.0654	203.85	0.5996321287167772	1.1159859243026082	
383.1228	205.42	0.8027040859226814	0.3775801646937348	
312.9074	148.35	0.4721624638037214	1.6867493193356409	
334.9904	244.77	0.49452110901951457	1.5679744310033632	
383.8844	29.8	0.6648608877290209	-0.8207258351996832	
384.1196	205.42	0.8971996986802081	-0.20491290772879808	C19H19N3O6
335.1241	191.84	0.6648608877290209	0.8100116977987099	
313.8384	29.41	0.5996321287167772	1.0967787885948246	
313.8384	134.14	0.4721624638037214	1.6894661429443376	
313.8384	137.42	0.4800077677825737	1.6124441925569346	
313.8384	140.18	0.7100286201524043	-0.6195989027110245	
313.8384	148.22	0.5996321287167772	-1.1379477621066612	
313.8384	151.53	0.672212964246619	-0.7450440121062285	
335.7968	134.14	0.5588712573708974	1.309701239763468	
335.7968	137.03	0.6150807191676033	1.0286480388667751	
335.7968	148.74	0.7164928872556958	0.6018546137237674	
335.7968	151.53	0.45071579356695235	-1.762003171427897	
358.9464	224.62	0.39398751115831887	2.014975650830335	
384.9904	267.29	0.47490775501615323	-1.6699862095279008	
358.995	218.45	0.6973411626154353	0.6686781435763586	
314.0214	273.86	0.18130742156115554	3.4179711184341897	C14H9ClF3NO2,C16H10ClNO4
314.0214	275.04	0.47419706259367683	1.678081658764773	
336.1166	191.58	0.5971942030975593	1.174115767963507	
314.1038	124.68	0.6990358837314801	-0.6635933613201498	
314.1172	213.33	0.9665615470573915	-0.05460880471710307	C19H15F2NO
336.859	1.17	0.6650225423458465	-0.794353757516232	
359.8768	134.01	0.6555682805106554	0.8807082776168956	
359.9987	218.45	0.8485343844488328	-0.29488073645956037	
336.9714	199.88	0.7863382883734465	-0.41669252948836494	
336.9714	201.48	0.5614434947461938	-1.2951784038517506	
360.0473	205.03	0.341236784222565	2.2569798371027403	C14H12O11
360.0656	220.82	0.17175135781687864	3.557806970217334	C18H16ClNO5
315.0056	321.66	0.30618006314128116	-2.443922305912961	
315.0077	1.96	0.6619276608453039	0.8345648410415137	
315.0361	362.1	0.6659239071824531	-0.7764506310626161	
315.0361	366.69	0.611598562182782	-1.0508585825212768	
337.0269	49.98	0.4232184713828274	1.9043298026930482	
315.0814	321.39	0.30269426348046813	-2.4597542862510866	C16H16N2O3S
337.0546	201.61	0.5518102241848755	1.3736127989182962	C9H15N4O8P
337.0633	321.26	0.3168995801912867	-2.3817219270017738	
361.0476	209.79	0.48686844709594435	1.5878091500272635	
388.0298	218.45	0.417073397175362	1.9372231109878286	
337.1431	24.8	0.5588712573708974	-1.3268786871174794	C15H26O6,C16H22N4O2
361.1167	270.97	0.668254777693026	-0.7576736421464544	
337.7939	134.14	0.4721624638037214	1.687172517946264	
337.7939	136.77	0.6996425552226793	0.6616050400438773	
337.7939	151.53	0.24925484224105532	-2.818496026059099	
315.137	26.91	0.24072039990303318	2.8867842392954395	C16H24O4
389.0311	218.45	0.33794774016425067	2.276209888672687	
338.058	201.48	0.5314190755577682	1.4530070939770527	C9H15N4O8P
338.8592	1.3	0.9156816803220973	-0.1559821844966644	
362.0814	210.31	0.9502110104255019	-0.08739437108098505	
362.0814	213.2	0.5202090317174712	1.4956817858705456	
362.0814	215.56	0.44604107346150934	1.7788368267784203	
362.1309	198.56	0.1930696224917315	3.2933606846216796	
362.1309	205.03	0.5598158547130647	1.3011586972224556	
362.1901	24.93	0.8007683264474504	0.38268366013476107	C20H24N2O4
338.9294	201.61	0.5996321287167772	-1.098476600294168	
315.9996	200.01	0.6169776454701792	1.0227170825272005	C10H12N3O3PS2
315.9996	203.85	0.6650225423458465	0.7975408207570789	
362.982	217.93	0.588232747533228	1.2231137604071622	
316.117	314.43	0.6659239071824531	-0.7701513682684941	
316.8013	1.56	0.8453010923989036	-0.3013898472119152	
338.9888	389.8	0.24072039990303318	-2.902508275297894	
338.9888	391.51	0.17175135781687864	-3.5723106301621588	
363.0601	359.6	0.5518102241848755	-1.357005095053653	
316.8332	134.14	0.46756193461785267	1.7136717666215784	
316.8332	137.42	0.4200580767989041	1.9191144142384067	
316.8332	140.31	0.7027114326960732	0.6454106898009195	
316.8332	147.96	0.67606342014636	-0.7289994596999408	
316.8332	151.53	0.6579358168303412	-0.8515367069558712	
363.1329	197.78	0.1058026641213037	4.635619208549867	
363.1329	204.63	0.668254777693026	0.7585552088906087	
339.0524	201.61	0.611598562182782	1.0557133697346213	
339.087	289.48	0.42198073369818384	-1.9096203295397953	C19H16O6,C20H17FO2S
391.0211	362.89	0.9748687369466392	0.03855837044351161	
391.0211	366.17	0.5996321287167772	1.0869729120315756	C12H16CaO12
364.02	125.74	0.28962529157519734	-2.5523920508608646	
340.1251	191.71	0.30269426348046813	-2.471257023958836	C11H16N4O6
340.1412	191.97	0.6746823333100486	-0.7380607350341615	
392.069	179.59	0.7130449152250717	-0.6087794316951987	
340.9274	201.61	0.5757032150381065	-1.25156324476081	
317.1607	27.17	0.33453415764351535	2.2896070290872523	C19H23ClN2
317.8304	148.22	0.7933137830985909	-0.40123886643964124	
317.8304	151.53	0.5996321287167772	-1.1303049954874393	
365.1397	192.5	0.1569331516664323	3.8633234634626996	C12H24O12
366.1045	332.95	0.8798986400396509	-0.2415405964530559	
366.1504	204.9	0.9665615470573915	0.05470668483072008	
342.0799	321.39	0.7563988472227612	-0.5099607968299611	C16H16N2O3S
366.9465	297.76	0.21172126879026226	-3.1032407343016706	
367.0307	269.79	0.6759473401120221	-0.7303514751693463	
367.0618	267.43	0.4094150588911997	-1.9697337927406784	C18H16ClFN2O2
411.0079	53.03	0.8976320138819851	0.202804550858037	
343.0375	390.33	0.25903254781287366	-2.7250734555961444	
343.0745	201.75	0.6571729945816481	-0.8637628116071852	C9H15N4O8P
343.991	189.97	0.310303709637969	2.41876452891313	
412.9051	198.96	0.9451621176084074	0.09527745191867773	
412.9051	206.37	0.16591315085013877	-3.7348702338545317	
368.0311	269.66	0.7747367960915622	-0.45140865305050926	
413.0037	362.49	0.8778864393072605	-0.24759399845411464	
413.0037	366.69	0.8767138168556595	0.25028249009668574	C12H16CaO12
345.0517	210.05	0.05416590236435539	7.452370284390319	
345.0799	267.43	0.48414269649063807	-1.5979020339738639	C18H16ClFN2O2
368.912	199.62	0.6183907209714933	1.0073273491204258	
368.912	204.37	0.7197203709344971	0.5929379357277268	
447.0972	36.26	0.9568423011708025	0.07741980757630743	
447.1333	54.87	0.3577654489530336	2.1488496002888353	
369.0264	269.66	0.5996321287167772	-1.1043400359620998	
447.9394	362.23	0.46860253257227846	-1.7046285989282726	
447.9394	366.17	0.47688294264614084	-1.63671596499109	
369.0393	364.33	0.5996321287167772	-1.122998057478878	
413.9769	203.58	0.7569042455326309	0.5053648832580888	
369.1224	36.66	0.6955561571281563	-0.6789658158459864	C17H20N2O5S,C17H20N2O5S
369.1224	52.11	0.5409947185516457	-1.4294696224034829	C17H20N2O5S,C17H20N2O5S
370.0423	364.2	0.5996321287167772	-1.132334921184868	
370.0518	29.93	0.7569042455326309	-0.5035852589506831	
370.0756	25.19	0.18727905369013398	-3.3393196452149767	
370.7797	1.3	0.6648608877290209	0.817659632180146	
449.1743	251.87	0.13234089803297155	-4.179095857769707	C24H31ClO6
371.0148	28.22	0.6521882719458371	0.9011626367630927	
371.0347	363.94	0.6169776454701792	-1.0199030488350644	
371.0598	30.19	0.7569042455326309	-0.5044061578530459	
371.0639	36.53	0.8615766662753315	-0.27100562195370853	
371.1462	36.26	0.8422395150971551	0.3081610347293801	
371.8566	133.88	0.7047655237562174	0.6383882199005365	
372.0367	209.65	0.5933094322224466	-1.1946673199852367	C16H18ClN3S2
372.063	30.19	0.7450642117293733	-0.5374805920291561	
372.063	36.4	0.7628908613864139	0.48210680167035846	
372.7775	1.3	0.7628908613864139	0.48174265845882347	
450.9225	201.75	0.6650225423458465	-0.7915667770010975	
399.0967	204.77	0.711831589565002	0.61495099702777	
373.0544	30.19	0.6650225423458465	-0.8059357629417279	
373.0671	30.06	0.5996321287167772	-1.146246338277494	
373.1287	248.19	0.6659239071824531	-0.7632847514895965	C20H22O7
399.9862	189.58	0.310303709637969	2.416162953892114	C20H10Cl2O5
451.9256	201.75	0.6659239071824531	-0.7657858689909375	
400.0931	205.03	0.8879510833662176	-0.2216179784290607	C24H10N2O4
417.037	218.45	0.09634206285545992	-4.970068939101588	
374.0142	218.32	0.6183907209714933	0.9847411749156127	
374.0455	229.64	0.025840338872159956	-12.545410578491616	
374.0624	36.26	0.7889042273841005	-0.4104314611303139	
452.9204	201.61	0.6922551348436548	0.6948395694837595	
401.076	192.36	0.23177412046484291	2.9682881357818194	C17H18N2O5S
452.9255	37.71	0.5588712573708974	1.3130388235027033	
402.0788	192.36	0.2568531146584445	2.7425621435688647	C17H18N2O5S
419.0471	159.57	0.38283131178968655	2.0631025465698896	
403.0835	216.61	0.1058026641213037	4.635698272460571	
455.0139	218.45	0.5996321287167772	1.0885407831450566	
421.0788	205.03	0.7737942150094467	0.4583539517815452	
455.0626	37.05	0.6655270094841399	-0.7845533597456311	
422.0757	204.77	0.9136256292168966	0.16088251057519914	C24H10N2O4
456.0176	218.45	0.5971942030975593	1.1577767511143526	
456.0479	215.56	0.09695761965865109	-4.893821281458468	
456.0479	220.03	0.5614434947461938	-1.288653010799464	C12H19N4O11P2
405.1047	205.98	0.7777672509443376	0.442052296644464	
406.868	199.88	0.6949704993487359	0.6831960863582058	
406.868	203.58	0.8422395150971551	-0.30767389400463196	
457.0189	218.32	0.5893162732004675	1.2079570979147582	
407.0962	192.36	0.24280406514723848	2.8661936083475705	C17H18N2O5S
458.1075	204.5	0.5996321287167772	1.090125889597101	
499.0403	218.32	0.13805189791589131	-4.067847096499259	
499.1679	241.75	0.6183907209714933	1.0069603896662755	
499.1679	251.87	0.5996321287167772	1.0876825401549066	
500.9165	213.33	0.356580904383715	2.165490871425611	
500.9165	224.49	0.7002577655596832	-0.6572658415729592	
500.9708	213.72	0.4771427957024437	1.62545855082227	
500.9708	223.97	0.5588712573708974	1.321090208277986	
425.034	195.52	0.2538311752497045	2.758770463598399	
502.1018	361.97	0.5893162732004675	-1.2128921437829732	
502.1018	366.69	0.42887401022339516	-1.8795731595384995	
460.1676	264.9	0.8184182717650917	0.349029959849376	C21H27N5O5S
460.1676	269.66	0.30269426348046813	-2.47014628761074	
425.9571	363.02	0.5574035758725949	-1.3371422382314828	
425.9571	365.64	0.30269426348046813	-2.4590865624920646	
460.9935	390.99	0.07255859932087619	-5.772880820057259	
462.1149	311.54	0.5971942030975593	-1.1777289928149304	C19H19N7O6,C19H27N3O5S2,C19H19N7O6
505.0298	301.7	0.18130742156115554	-3.449726113945451	
505.0945	35.87	0.6996605382361766	0.6604094694173429	C30H18O8
505.0945	52.51	0.711831589565002	-0.6138612661695263	C30H18O8
506.0973	35.87	0.6650225423458465	0.8044629315007289	C30H18O8
506.0973	53.03	0.7769393394490695	-0.44427394459177205	C30H18O8
427.0519	301.7	0.08423393012609548	-5.394384009947131	
427.136	347.26	0.23177412046484291	-2.9656025012612433	C18H24N2O10
428.0528	220.82	0.2854009148187972	2.5832438040155123	
428.0528	301.57	0.23247193425001017	-2.95168731933922	
464.1552	359.73	0.5588712573708974	-1.3300942431180636	
429.1546	156.16	0.03573125816184872	9.600936192876956	C21H28O8
466.8888	199.88	0.5996321287167772	1.1213036568248782	
466.8888	203.45	0.5996321287167772	1.1138440707498491	
573.391	124.55	0.23177412046484291	2.9672208184623	
467.0069	364.07	0.6183907209714933	-0.9975067611881007	
467.1657	362.1	0.611598562182782	-1.0550502366526662	
467.1657	366.3	0.8365114630226562	0.31881567779247527	
431.0157	36.79	0.9183173130590153	-0.1439353699845061	
431.1344	191.71	0.14107263839353967	-4.010217880580129	C22H24O9
577.2481	360.0	0.4322070574496883	-1.846038018713082	
578.8391	212.94	0.5996321287167772	-1.139642653125446	
579.1759	240.7	0.8423109506985319	0.3064276312917857	
579.1759	252.13	0.9010516647379384	0.18939056601812848	
512.9462	37.58	0.6650225423458465	0.7895766128846056	
513.1465	241.36	0.5996321287167772	-1.096968577870208	
513.1465	251.61	0.7628908613864139	-0.48235872148604764	
582.9194	213.72	0.35417492071486284	2.186729679981047	
582.9194	223.7	0.5518102241848755	-1.3649322856931578	
582.9882	36.92	0.7854366382123532	0.4229096228742311	
433.1458	36.53	0.6659239071824531	-0.7739268973808656	
433.1458	52.77	0.7911137779487103	-0.4063732193798916	
433.9648	52.11	0.6531534457580925	-0.8933835120718071	
470.0329	218.45	0.356580904383715	2.1742218398520117	
471.0343	218.45	0.2996951795363475	2.4915395395928295	
586.957	364.2	0.6394828408091431	-0.94167529172412	
587.4069	124.29	0.4177708037289559	1.9301630048016862	
588.4102	124.29	0.38603043442899965	2.0469413272992796	
518.8723	213.07	0.7053585636193523	-0.6358886951224666	
518.8723	225.7	0.5223181749989543	-1.4816034511410976	
472.8337	1.56	0.5518102241848755	1.3664431381960578	
435.0315	200.27	0.7487868929981201	0.5314277549811448	C18H16N2O7S2,C18H16N2O7S2
435.0315	202.8	0.594549492744441	1.1891253748729702	
435.0523	34.95	0.8279297737128825	-0.33433131055013054	
435.0523	53.56	0.6571729945816481	-0.8551553794941276	
473.9978	203.45	0.9593487205530594	-0.07102590987429076	C10H16N5O11P3
522.8981	213.72	0.6536774983946111	-0.8847212187256507	
522.8981	224.23	0.24925484224105532	-2.8148854098459015	
522.9526	213.99	0.19434376961327895	3.273226005371867	
522.9526	223.31	0.7563988472227612	0.516818294245815	
522.9856	269.66	0.9183173130590153	-0.1471994035060972	
523.0015	218.32	0.6650225423458465	0.789124573416695	
523.9245	364.2	0.6007884674878331	-1.0838350846648845	
436.9066	201.61	0.7863382883734465	-0.4160695230668636	
524.0719	220.82	0.18130742156115554	3.4235434774631957	
474.9955	240.7	0.5996321287167772	1.1115663179854527	
474.9955	253.45	0.4312540088726442	1.8531731651953673	
525.1046	36.26	0.7563988472227612	-0.511560488164528	
437.0526	204.11	0.36001329003410054	2.1381302688472896	
437.2141	179.59	0.7031295131200026	0.6429121820626432	
437.8936	318.5	0.5202090317174712	-1.4890660510817888	
438.0267	38.63	0.7968696653727861	0.3930202923993309	
438.0495	204.24	0.24072039990303318	2.8850479915947753	C24H10N2O4
438.9045	201.61	0.7246410803442425	-0.5840688733455761	
604.9561	213.99	0.7421344043800533	-0.5424962341131404	
604.9561	223.57	0.5971942030975593	-1.1597558327129855	
605.0051	218.06	0.6659239071824531	0.7659382912330907	
606.0755	220.68	0.19021563304472314	3.3159177797836152	C17H27N3O17P2
440.1377	279.51	0.13805189791589131	-4.0729377253708865	
478.189	248.19	0.5996321287167772	-1.1132037248056796	C26H32ClFO5
440.895	213.46	0.7563942305615787	0.5202942440815915	
440.895	224.75	0.5461168901537213	-1.3988176222588502	
440.9494	213.59	0.3976696085660761	2.0038930240329798	
440.9494	223.84	0.9082909675142762	0.17376506791279206	
440.9982	218.45	0.6659239071824531	0.7646283414511407	
441.1057	36.26	0.2753706974285356	-2.652466876063201	
479.0534	192.36	0.19504993316002903	3.24369720273543	
442.0687	220.82	0.16843225202658904	3.6281366061479585	
442.1045	36.0	0.42887401022339516	-1.8742897210107945	
442.1384	311.41	0.76250869859723	-0.4913587900198846	C19H19N7O6,C19H27N3O5S2,C19H19N7O6
532.9253	200.27	0.6841081328493969	-0.7088936002804178	
532.9253	202.8	0.5518102241848755	1.355179501588983	
533.0084	200.7	0.8255918366895068	0.3385227640471697	
533.0084	202.93	0.3224278090896874	2.352921042669718	
443.1012	36.26	0.5996321287167772	-1.1148304300444216	
443.1409	311.54	0.7277236232129696	0.5776654691844968	C19H19N7O6,C19H27N3O5S2,C19H19N7O6
619.0206	218.45	0.5996321287167772	1.104319751582286	
619.2963	361.97	0.6190465801217867	-0.9820233881649115	
619.2963	366.43	0.7057701715771971	0.6335586420062472	
534.884	201.61	0.7747367960915622	-0.4537054933559921	
620.0242	218.45	0.6709592123927416	0.7496709057307547	
620.0543	215.3	0.8798986400396509	0.24375030008891843	
620.0543	220.03	0.24072039990303318	-2.896682346143616	
621.0255	218.58	0.8184182717650917	0.3496183506799833	
444.1044	36.13	0.6183907209714933	-1.0017003530674011	
482.1025	156.55	0.6183907209714933	-1.0112866394485316	
482.7894	1.17	0.6120414866416154	-1.035803615676535	
536.8819	201.48	0.6759473401120221	-0.7312838231925405	
537.0172	218.45	0.5971942030975593	1.1563259735832012	
445.1019	36.13	0.76250869859723	0.4922607686396031	
445.1835	362.36	0.6569169208093107	-0.8737396237168992	
445.1835	366.3	0.5423068092426598	1.4153841807610288	
538.0207	218.58	0.48686844709594435	1.5870430192192826	
538.0509	219.9	0.5518102241848755	-1.358518768547741	
539.0221	218.32	0.6183907209714933	1.013042172033435	
446.0086	269.39	0.6120414866416154	-1.0434252654036722	
485.0492	390.72	0.009502584462942722	-20.007029752535303	
485.2033	294.61	0.6659239071824531	-0.7782363444226573	
485.3384	122.06	0.2854009148187972	2.5851683039944975	
632.861	202.14	0.6648608877290209	-0.8252135165202173	
633.0363	218.45	0.4098635506651555	1.9659023459480398	
543.1514	362.62	0.6521882719458371	-0.898691053255346	C27H28O12
543.1514	365.51	0.9156816803220973	-0.1551034530483607	C27H28O12
486.7663	1.3	0.5162935119745203	-1.5118159867458032	
634.0398	218.45	0.28962529157519734	2.5554774857395857	
635.0414	218.58	0.2753706974285356	2.656677781351001	
488.182	271.63	0.7569042455326309	-0.505612510277318	
488.182	296.18	0.6183907209714933	1.007640217865516	
641.1194	363.67	0.5996321287167772	-1.1418090444144982	
488.9874	364.59	0.6555682805106554	-0.8768831543132629	
646.8772	201.88	0.8416328196837478	0.3107692541392787	
549.9027	202.14	0.621943039039025	0.9728836044649546	
550.898	201.75	0.6617906732053388	-0.8409743610737789	
551.0329	218.45	0.356580904383715	2.156430601018751	
648.8753	202.01	0.5588712573708974	-1.3073565717727733	
552.0365	218.45	0.3224278090896874	2.350014458660794	
553.038	218.45	0.18130742156115554	3.4382368399463146	
661.1721	276.09	0.38283131178968655	2.0610743023315035	
687.0083	218.32	0.5996321287167772	1.0905802341170279	
688.0786	220.68	0.32592175336859175	2.3268111235899207	
564.8661	200.14	0.3431174514797771	2.2384780538480586	
564.8661	203.45	0.3290054455596511	2.313301016374252	
701.0243	218.45	0.5996321287167772	1.131638505199808	
702.0275	218.45	0.6709592123927416	0.7502843473665403	
715.04	218.45	0.43066329773292306	1.8580304725577526	
716.0435	218.58	0.47490775501615323	1.6732308674822747	
717.0451	218.32	0.2928709321418167	2.5294276482950644	
729.0886	35.35	0.8356741623452216	0.3231130130637028	
729.0886	52.64	0.6521882719458371	-0.8993058727507335	
730.0921	35.35	0.9626933198436669	-0.06223029441877027	
735.2727	242.41	0.6313762703565022	0.9583359965916373	
735.2727	251.48	0.5971942030975593	1.1808315249337291	
757.254	240.97	0.6743905083993909	0.7396586175404293	
757.254	251.87	0.6190465801217867	0.981069773980462	
765.1598	35.48	0.8015993855151456	0.3801640316729995	
765.1598	52.64	0.7151227501694246	-0.6048410361100249	
767.2095	242.41	0.7007161869833402	0.6534440342734835	
767.2095	251.61	0.7053585636193523	0.6352709670844789	
783.0275	218.45	0.7083472276049326	0.6248344437465723	
797.0433	218.32	0.3641139937704408	2.1226880233775556	
798.0465	218.32	0.6120414866416154	1.0374566886273704	
865.0303	218.98	0.6038156578402545	1.0752169001848904	
879.0467	218.32	0.38926342254127766	2.028506639858005	
961.0489	218.58	0.38283131178968655	2.0662522388620865	
