m/z	rtime	p-value	t-score	custom_id
114.0164	22.55	0.9583904714015672	-0.17571253374821638	
219.1024	34.81	0.999037546303367	-0.002062250066985619	
115.0198	24.65	0.8237515673825011	0.8227128465559618	
190.8584	1.18	0.8011126566475035	-1.3221567719469116	
219.8915	22.29	0.8011126566475035	1.0287007806689001	
219.8915	189.56	0.825955974332634	0.7892882309361001	
219.8915	220.39	0.8011126566475035	2.171677136822965	
158.8459	22.15	0.833436831065004	0.69618908803574	
159.8593	22.42	0.825955974332634	0.7915108012075426	
191.9457	23.6	0.7058846581799354	-3.5331195681438783	
192.1025	28.87	0.9782917603252977	-0.09548892991838014	
221.0526	21.89	0.8011126566475035	1.5615596120125248	
221.1544	34.94	0.7058846581799354	-3.3758228638124024	C14H22O2
221.8885	22.42	0.8011126566475035	1.0640292035088152	
221.8885	189.56	0.8237515673825011	0.8510611260896751	
221.8885	220.52	0.8011126566475035	2.2341969876314653	
192.9583	22.29	0.8237515673825011	-0.8406058975945854	
221.9467	25.04	0.8011126566475035	-1.329588522890884	
192.993	25.04	0.8469356835924148	-0.5740955410729697	
118.9915	24.39	0.833436831065004	0.7019670140296127	
118.9915	238.19	0.8011126566475035	-1.1216342579981162	
160.9069	2.1	0.8011126566475035	-0.9903660274058879	
193.0864	26.12	0.8459141491856406	0.5935995716130206	
223.028	281.26	0.8322892562619122	-0.7071098327790393	
119.946	22.15	0.9612841971126976	0.1604088582639795	
119.9752	0.53	0.8011126566475035	-1.6217396390704497	
223.1338	35.07	0.9362805253604072	0.2373245755269346	
161.0238	2.36	0.9766696338847208	-0.10614928936521084	
161.0255	24.52	0.8011126566475035	2.02930719021225	
194.0817	37.58	0.9268611208949392	-0.26204935201631335	
223.8856	189.56	0.8115869531653531	0.9244104951427596	
223.8856	220.52	0.7727648653720732	2.6895951845706723	
161.8417	22.02	0.8406208027627152	0.6148924334702208	
161.849	22.29	0.8011126566475035	1.0052477645921143	
223.9178	25.31	0.8139638558939285	0.9008266344552976	
161.875	1.18	0.9583904714015672	0.18024387779674575	
224.0275	281.26	0.8376363252357438	-0.6407275002658106	
224.0275	440.89	0.8335866797680238	-0.6775021476257438	
195.1022	25.85	0.9268611208949392	0.2621179168010673	
195.1385	36.27	0.9606474128572904	-0.16315668660740554	C12H20O2
195.8104	22.29	0.8011126566475035	1.2183056996336477	
195.8547	0.53	0.9583904714015672	-0.18257758893944886	
121.943	22.15	0.8985213748375603	0.35749762138489594	
122.0601	23.86	0.8787120813410505	0.4326576762706975	
196.0222	23.07	0.9762817165263781	0.10844615021704931	
225.0074	34.67	0.8541520499976527	0.5403408766185376	
225.0074	37.45	0.8011126566475035	-1.0659122057984354	
225.0074	194.95	0.9583904714015672	0.18166622608653862	
225.0074	202.09	0.9222164670264369	0.27736783009276134	
225.0167	22.68	0.8011126566475035	1.0247495061974625	
225.025	251.5	0.825955974332634	-0.7674323554846953	
225.025	281.26	0.8011126566475035	-1.007334379725956	
225.025	379.82	0.8380579761828583	-0.6246621920820037	
225.0614	22.02	0.8011126566475035	1.3052533955230006	
197.0219	22.29	0.8115869531653531	0.9173880217532747	
226.0201	22.55	0.8406208027627152	0.6146897510970115	
226.0648	22.02	0.8011126566475035	1.6396479439448088	
197.8075	22.29	0.8011126566475035	1.2111785689685173	
197.8518	0.53	0.8559921554277228	-0.5317556928339521	
163.0605	24.91	0.9181023265047689	0.29255004098672155	
163.8389	22.42	0.8011126566475035	1.0046289924358802	
163.8461	22.42	0.8011126566475035	1.063999334611865	
163.9075	1.18	0.8469356835924148	-0.5875732416436786	
164.0709	24.52	0.333140742209567	5.994174801470062	
164.9265	23.47	0.8630146887473332	0.5046307448469357	
227.9823	21.89	0.728657587150575	-2.938727729110745	
199.8045	22.29	0.8011126566475035	1.2176387571041603	
228.1604	25.98	0.8011126566475035	-1.6783319511037909	C13H22O3
127.8692	22.42	0.8011126566475035	0.9865040056500662	
165.0401	201.96	0.8374614263002103	0.6444336077662625	
165.0401	225.25	0.892951101510268	-0.38003306104392987	
165.0401	379.82	0.989697096842691	0.04444190207746419	
165.8362	22.68	0.8011126566475035	1.257649700564666	
165.9053	1.05	0.8708167945884869	-0.4782439237232545	
165.9391	22.29	0.8115869531653531	-0.9131859535905261	
166.0502	23.73	0.8942212125639097	-0.3715246266934475	
201.8016	22.29	0.8011126566475035	1.2453601355852195	
229.9205	22.42	0.853188119078057	0.546627638810909	
166.8324	22.02	0.8374061791649671	0.6586205602521384	
229.9522	25.57	0.8011126566475035	1.2446694090197465	
230.882	1.18	0.8011126566475035	-1.590424409953813	
166.9235	23.47	0.8374061791649671	0.6470173128621969	
129.8663	22.42	0.811015654645381	0.9320239835585158	
203.0044	23.86	0.825955974332634	-0.767713771660127	
129.9903	22.02	0.8011126566475035	-2.12066929531286	
167.0536	23.73	0.9789212767654936	-0.08769452721700068	
231.0621	23.6	0.8011126566475035	-1.1153898428039688	
231.0816	22.02	0.8779488526000688	0.4447434373639898	
203.8439	22.42	0.8115869531653531	0.9207361545120114	
167.9311	1.18	0.9507249206154068	0.20536775804840027	
167.9364	22.42	0.9268611208949392	-0.2608685232281434	
232.9145	20.43	0.8573348050770294	0.5275732437943661	
232.9145	23.47	0.9362805253604072	0.23660777467004893	
203.9598	24.39	0.8335866797680238	-0.6794015279654981	
168.0659	23.73	0.8779488526000688	0.4407636571125893	
204.0428	23.47	0.7167296202484498	3.314534090641225	
130.9566	23.47	0.989697096842691	0.043133547458284606	
168.8864	1.18	0.8374061791649671	0.6550760955610743	
130.9914	22.02	0.8011126566475035	-1.9164558740468682	
168.9886	24.65	0.8011126566475035	1.126594496533597	
169.0692	23.6	0.8469356835924148	0.5746658285951742	
205.8393	22.42	0.8011126566475035	1.0016219139025986	
234.9549	27.43	0.8251424818831523	0.7971902230392417	
206.04	23.34	0.728657587150575	3.016449809732936	
170.8326	23.86	0.8011126566475035	1.3214122219115316	
133.0133	1.84	0.8011126566475035	-2.4284090274710217	
170.9435	21.89	0.8011126566475035	2.095515005234985	
236.0962	25.57	0.8011126566475035	1.7502463624566118	C9H20N2OS2
207.0118	24.91	0.8011126566475035	0.9787657129827602	
236.1052	35.07	0.7796522717443878	-2.5511244333395515	
135.0291	1.84	0.8011126566475035	-1.2103291529641425	
135.0303	22.15	0.5073116710507242	-5.035787162719202	
207.8363	22.42	0.8011126566475035	0.9945913865441887	
171.9461	20.16	0.892951101510268	-0.38015783633707534	
171.9461	25.17	0.8011126566475035	2.1063845661830483	
172.8298	23.86	0.8011126566475035	1.3047211650325727	
237.0919	1.84	0.728657587150575	-3.097298483450836	C16H14O2
237.0919	37.58	0.8011126566475035	-1.1418984400355003	C16H14O2
237.0919	42.2	0.9583904714015672	-0.1685622294311145	C16H14O2
208.9306	1.18	0.8376363252357438	-0.638348030827711	
172.9406	21.76	0.8011126566475035	2.0314830818711975	
136.8621	1.31	0.8011126566475035	-1.638238616280917	
209.0663	21.89	0.9897323533469897	0.037155800425445286	
209.082	27.82	0.8172701348057022	-0.8803708528629831	
209.082	31.13	0.728657587150575	3.210813737910379	
209.0968	37.58	0.8011126566475035	-0.9865640140208132	C15H14O
209.0968	41.41	0.9806244207802587	0.0833007660167896	C15H14O
238.0953	37.58	0.8011126566475035	-1.826298368208103	C16H14O2
238.0953	41.94	0.8702226886761376	-0.48000891967645454	C16H14O2
209.8334	22.42	0.8011126566475035	1.0650028159958358	
238.9316	21.5	0.728657587150575	3.0584910040431144	
209.9486	0.53	0.8480478297581967	-0.559542746812776	
209.9486	22.29	0.8779488526000688	0.44920927147581313	
239.0162	0.53	0.8997871405576178	-0.3461573287568337	
239.0594	281.26	0.8121300456271947	-0.9073018821173754	
239.0672	44.3	0.9642057819954861	-0.14861645899025416	
239.0713	31.13	0.8011126566475035	-2.3451113459828927	C15H12O3
239.0713	36.53	0.8192408100111536	-0.873575961853614	C15H12O3
239.0926	25.98	0.8172701348057022	-0.8786882579968911	C12H16O5
239.1288	36.27	0.9705136400258114	0.12366047014326044	C13H20O4
138.038	22.81	0.8115869531653531	0.9256214755259409	
138.0551	23.73	0.8985213748375603	0.36049593209590597	
174.0013	24.26	0.8863077580043757	0.40233629278606625	
138.8593	1.31	0.8011126566475035	-1.6432836125240236	
174.0554	2.23	0.8237515673825011	0.8312038193370076	
174.0554	24.78	0.8011126566475035	1.9337417704521547	
210.9494	22.29	0.8800059615986524	0.4283806797492873	
240.0589	281.39	0.8195915360518784	-0.8712195879637209	
240.0589	380.08	0.8322892562619122	-0.7179624332470556	
240.1322	36.01	0.8335866797680238	0.6845189811462773	C13H20O4
210.9919	20.84	0.825955974332634	-0.7650630520846525	
174.8282	23.86	0.8011126566475035	1.3240696580448927	
138.92	22.42	0.8011126566475035	1.6436874242568174	
240.9286	21.5	0.7796522717443878	2.5999854870840418	
211.8305	22.29	0.8011126566475035	1.1114149021380964	
241.0564	281.26	0.989697096842691	0.05804340716473991	
139.0202	254.52	0.8469356835924148	-0.5802187014338102	
212.9789	24.65	0.8011126566475035	0.9785970239288765	
140.9172	22.15	0.8011126566475035	1.225935981314917	
242.0071	23.07	0.8579994612483369	-0.5212795048744023	
242.0518	21.76	0.833436831065004	-0.6986167463235882	
242.1762	27.17	0.8011126566475035	-2.27354532441533	
177.055	25.31	0.9766696338847208	0.10001652604140872	
177.8442	22.15	0.8011126566475035	1.1425625641258141	
213.8728	22.42	0.833436831065004	0.7001993171653413	
213.8889	22.15	0.833436831065004	0.6976001390195956	
213.8889	24.39	0.8115869531653531	0.9100048914181903	
177.9049	22.15	0.8011126566475035	1.2070486647622154	
141.8672	1.18	0.9705136400258114	-0.12442677124846127	
177.9656	22.29	0.7058846581799354	-3.495525337593755	
213.9636	24.78	0.8011126566475035	1.6943996451613068	
214.8797	1.18	0.8992072795426934	0.34953876160813924	
214.9879	23.07	0.5627958282884737	4.666315691509584	
243.1795	27.3	0.8011126566475035	-2.310036217524824	
215.0325	22.15	0.728657587150575	3.0310120839997414	
243.8994	22.15	0.38896503353528955	-5.527894784749129	
179.0554	22.02	0.8011126566475035	1.0308281300863429	
243.9558	22.15	0.8011126566475035	-1.713871113947453	
179.8399	22.15	0.8237515673825011	0.8084782771332628	
144.0446	25.57	0.10641090672288607	10.217038473610517	
246.9815	26.64	0.9268611208949392	0.2616276154452877	
180.066	23.2	0.9979578179636769	0.0078669624560537	
247.1704	52.86	0.8011126566475035	1.4556838150016713	C16H24O2
247.8722	1.18	0.8374614263002103	-0.6450628261972772	
180.8616	24.26	0.8011126566475035	1.2405529062214256	
247.9928	23.86	0.8882974644940959	-0.39161040916174744	
180.9168	25.17	0.8011126566475035	0.9746374802592248	
215.1649	37.32	0.5950996347958651	-4.175901575157753	
181.0712	21.63	0.933113584474004	0.24725455261201948	
181.8369	22.15	0.8376363252357438	0.6349937204309009	
249.0228	24.78	0.011267338204117284	-23.400977574497755	
249.0228	28.87	0.0016958856912738054	-49.56136381851647	
249.1496	37.58	0.8251424818831523	-0.7979872850958959	C15H22O3
249.1496	69.44	0.8011126566475035	-1.1801289615917165	C15H22O3
181.9169	22.81	0.8172701348057022	0.8859003125257869	
249.9906	23.99	0.903905934767067	-0.33533058798915055	
250.1527	37.45	0.8011126566475035	1.1929295940189886	C15H22O3
250.1527	69.83	0.8541520499976527	0.5429791219095286	C15H22O3
215.9045	22.42	0.8011126566475035	1.4187314858776099	
216.0358	22.15	0.7796522717443878	2.561970772105526	
252.0735	26.38	0.8011126566475035	1.7645276783948052	
182.9294	22.29	0.8011126566475035	1.13807241882915	
216.8767	1.18	0.8876703526895391	0.394210490633309	
216.9369	22.55	0.8992072795426934	0.35321223460329654	
148.909	21.89	0.8237515673825011	0.8359721041615735	
216.9848	23.07	0.5861490455156222	4.404047561210396	
253.8269	22.42	0.8376363252357438	0.6421521271933359	
254.2491	256.36	0.8322892562619122	-0.7155961229343124	
148.9693	21.89	0.728657587150575	-2.925117860236751	
149.0	23.47	0.8237515673825011	0.8099521128935715	
149.0	193.63	0.9741653582477082	-0.11374841222663128	
149.0086	202.09	0.825955974332634	0.7939852223817367	
149.0086	225.25	0.9390595645633836	-0.22415411663030985	
149.0086	281.0	0.8374061791649671	-0.6589853398507869	
149.0086	379.82	0.9944063487191748	-0.021093681918826955	
217.0293	22.15	0.7167296202484498	3.3263422355299577	
184.876	0.79	0.8011126566475035	-2.251737592498195	
149.06	34.67	0.9979578179636769	-0.006944383142623059	
184.8859	3.68	0.8779488526000688	-0.44065768057799615	
149.9496	22.55	0.9766696338847208	-0.10027929919678823	
255.1967	37.32	0.994583866468244	0.01478824507313913	
255.8223	22.29	0.8469356835924148	0.5761289170963282	
255.9219	21.76	0.8011126566475035	1.8485566419099178	
150.0552	23.73	0.8531746489508875	0.5498324733095918	
150.1509	1.31	0.9657610649028847	0.1380671670765806	
185.1542	29.92	0.7900616567337446	2.5088660800865723	
256.8221	22.42	0.8011126566475035	1.7990732461035561	
256.92	1.45	0.8011126566475035	-1.4637991856385766	
218.9341	22.68	0.8757222055749387	0.4569488434623779	
151.0586	23.86	0.8708348195125634	0.46888438922571124	
151.112	25.85	0.8251424818831523	-0.7971700577284114	
218.9817	24.52	0.8702226886761376	0.48239698893661	
218.9817	26.25	0.8237515673825011	0.84340898983102	
218.9873	25.44	0.8172701348057022	-0.8791859596741817	
186.8971	1.18	0.8579994612483369	0.5213477396470201	
257.8192	22.29	0.8469356835924148	0.5846114730908775	
257.963	24.12	0.728657587150575	-2.9636198812038312	
187.0065	24.65	0.009571195286464362	26.995861738123132	
258.819	22.29	0.8509597301196776	0.5539704814176432	
258.9821	21.24	0.9898497374813381	-0.03230697489359179	
258.9821	23.34	0.9237382193253625	0.27078900356410934	
283.2838	289.03	0.8046785277601572	-0.9460859922185295	C18H37NO
284.2597	213.28	0.8234744281438053	0.8532668256360337	C17H35NO2
284.2597	219.87	0.833436831065004	0.6939737489617724	C17H35NO2
284.2597	226.73	0.8883802175183931	-0.39075195986992883	C17H35NO2
284.287	289.03	0.8618721211171899	-0.5104411321059015	C18H37NO
284.9249	21.5	0.9606474128572904	0.16272179953769947	
154.0615	1.71	0.2929582064962758	6.5420409117918945	
285.263	213.28	0.825955974332634	0.77269656759188	C17H35NO2
285.263	219.87	0.8237515673825011	0.8188587303914264	C17H35NO2
285.263	226.47	0.8876149588215756	-0.3985095760507122	C17H35NO2
260.9802	20.97	0.9228230481987918	0.2740429817255948	
260.9802	23.47	0.8825655720645704	0.4155427424969586	
260.9802	282.84	0.8011126566475035	0.9891452752994645	
261.1346	22.15	0.8480478297581967	0.5598126451124977	
261.1346	24.52	0.8237515673825011	0.821595454328497	C12H22O6
261.1346	56.14	0.8968422851522057	0.36366857506342365	
261.1346	104.45	0.825955974332634	-0.7837837760522152	
286.922	21.24	0.8011126566475035	1.203385137923583	
286.97	25.04	0.8418538048979756	0.606737882839969	
287.0888	21.89	0.811015654645381	-0.9330222413139967	
287.0888	23.2	0.9132888066654407	-0.3051102365977269	
189.017	246.23	0.8011126566475035	-1.831724378246837	
262.9763	25.31	0.8011126566475035	1.157686579516979	
156.9985	20.29	0.8011126566475035	-1.2685149745940931	
156.9985	23.73	0.9132888066654407	0.30331513088291084	
263.1654	37.45	0.8992072795426934	0.3508981154512556	
263.8415	220.39	0.728657587150575	3.1302687141537837	
289.9494	20.43	0.8011126566475035	-1.3508873341844496	
321.2106	120.4	0.9898497374813381	0.030856868740770357	
157.8622	22.29	0.8221871336749397	0.8575948214263774	
291.1453	24.52	0.8011126566475035	1.2247365529261898	
265.1481	48.64	0.8011126566475035	0.9930123534379475	
363.9431	20.97	0.8011126566475035	1.8762372926653683	
265.8391	220.79	0.8011126566475035	2.3922095376851216	
364.9383	20.97	0.7951025929394379	2.4717699478083266	
323.19	74.99	0.7966909251690932	2.4636406556257247	
323.2206	189.56	0.8011126566475035	1.6199614572726804	C17H34O4
292.9319	23.07	0.8942212125639097	0.3709341143273002	
265.9509	21.5	0.8374061791649671	-0.6586353487078314	
293.0494	21.24	0.8011126566475035	1.287672553227572	
266.0844	23.99	0.8172701348057022	0.8827077800258063	
266.1516	48.77	0.8011126566475035	1.0111402782781258	
293.1779	75.78	0.825955974332634	0.7899189998578736	
323.979	20.03	0.8273370973838146	-0.7371155033597341	
323.979	24.39	0.8335866797680238	-0.6795696260868048	
293.8646	22.29	0.8992072795426934	-0.3506150921502498	
324.2546	211.18	0.8265456369507785	0.7431073924552782	
324.2546	246.1	0.9144501506595953	-0.2991999592040187	
324.2546	263.61	0.8335866797680238	-0.6883585486553883	
293.9867	37.19	0.9789212767654936	0.09146352186438592	
294.1793	35.07	0.728657587150575	-2.9149170032824787	
294.1793	36.93	0.21941683207738705	-7.24674098575444	
294.1828	75.65	0.8237515673825011	0.8145158425996185	
294.9286	23.07	0.903905934767067	0.3330174797229013	
294.9536	20.84	0.8782148877936641	0.43868255657540095	
295.9549	20.84	0.8579994612483369	0.5226782291155221	
296.2232	191.67	0.8011126566475035	1.1192551217958184	
296.2596	195.77	0.8011126566475035	1.258910665424181	
296.8905	21.76	0.8011126566475035	2.377980845261192	
296.9509	20.84	0.8265456369507785	0.7468969850618085	
267.0089	189.43	0.8011126566475035	1.2172385115347522	
267.0089	220.65	0.8011126566475035	1.275337155754971	
367.2161	82.47	0.728657587150575	3.0820844164744203	
267.8363	220.39	0.8011126566475035	1.8548362754343513	
267.9446	22.29	0.9214007389035428	-0.2825461421700041	
267.9919	24.52	0.7796522717443878	-2.559412228301202	
268.0032	1.71	0.5950996347958651	4.22809025916508	
297.0472	31.0	0.8265456369507785	-0.7426063050442433	
297.0472	37.32	0.825955974332634	-0.7744126702367743	
297.0472	201.96	0.8322892562619122	0.7067736349728435	
297.0472	280.87	0.8876703526895391	-0.39651956889067036	
297.0472	313.43	0.8418538048979756	-0.6058045624612238	
297.0472	346.51	0.8011126566475035	-1.331237170031292	
297.0472	347.3	0.903905934767067	0.33704073287236663	
297.0472	411.35	0.8556370164561117	0.5350707452387413	
297.0472	411.88	0.989697096842691	-0.04752167255904953	
297.1346	24.78	0.9285211499320906	0.25810422454224474	
268.9842	26.64	0.9539256540755507	0.19516327461006375	
368.8883	20.97	0.8011126566475035	1.1321459319652936	
368.8883	23.07	0.8011126566475035	1.106059540710037	
368.9621	20.97	0.5755972133789429	4.591131687423028	
326.2703	289.03	0.8265456369507785	-0.7508301454037573	C19H37NO3
269.0232	23.47	0.8139638558939285	0.8982891067909284	
298.138	24.91	0.989697096842691	-0.05238788129108363	
298.1566	48.9	0.9376143145697934	0.23196156809809285	
269.0882	24.39	0.8011126566475035	1.7560317520394348	
269.1315	36.01	0.8011126566475035	1.0416954329236872	
269.1398	25.85	0.8807160315957355	0.42265339479120057	
269.1398	35.07	0.8011126566475035	-1.0660356025330577	
269.9421	22.02	0.9266751394129471	-0.2663743958463548	
269.9867	26.64	0.8541520499976527	0.5422372249147969	
369.3013	233.03	0.8011126566475035	2.1092847429271497	C22H42O4
298.9433	26.38	0.8011126566475035	2.1100729263325886	
299.0264	26.77	0.8237515673825011	-0.8423209388183646	
299.0264	31.52	0.989697096842691	-0.05196037063952652	
299.0264	201.57	0.8771543538160875	-0.4530142433642219	
327.2737	289.03	0.8011126566475035	-1.0450769454999846	C19H37NO3
299.1491	37.71	0.8011126566475035	-1.3643190754396524	
299.1491	49.03	0.8251424818831523	-0.8000737555456083	
299.2594	174.8	0.29983266213755044	6.275822549602251	C18H36O3
271.2281	116.46	0.8011126566475035	-1.0536681236326684	C16H32O3
299.9349	25.31	0.8011126566475035	1.7372967901721128	
299.9465	26.25	0.728657587150575	3.1520944346902953	
299.9734	21.1	0.5950996347958651	4.110928363197691	
299.9734	24.78	0.6370700206155445	3.829099327171349	
273.0537	24.52	0.8374061791649671	0.6477377882970655	
300.9023	23.07	0.8630146887473332	0.5044777683646678	
300.9391	26.25	0.8011126566475035	1.7880045936860174	
329.1549	37.19	0.8011126566475035	1.8376939871044646	
329.27	220.65	0.21941683207738705	7.344965794371639	C19H38O4
300.9634	25.98	0.8011126566475035	1.9795271050669418	
300.9746	21.1	0.5950996347958651	4.0908670934060885	
371.0663	37.45	0.8942212125639097	0.3738386696612256	
371.2019	89.06	0.7335150272788161	-2.8333356182476224	
301.2386	190.09	0.8011126566475035	1.7212432005487637	C17H34O4
301.934	25.98	0.8011126566475035	1.822760602357535	
373.0457	31.65	0.8406208027627152	-0.612734191170907	
373.0457	37.32	0.8011126566475035	-1.253617494121926	
373.0457	189.56	0.8374061791649671	-0.657357417887448	
373.0457	198.53	0.8011126566475035	-1.142474874843725	
373.0457	201.96	0.9222164670264369	0.27925762899186296	
302.9606	20.84	0.8011126566475035	-1.0578199856646084	
302.9606	24.12	0.8011126566475035	-1.1931627804190565	
373.1448	34.28	0.9606474128572904	-0.16274325545259116	
373.1448	37.19	0.8011126566475035	-1.0144944770192197	
374.1324	189.56	0.8011126566475035	1.271900769657963	
374.2452	32.44	0.8011126566475035	-1.216708718457252	
374.9069	21.37	0.7405920280535898	2.7681089934201175	
303.07	26.64	0.8011126566475035	-1.0277728153998207	
276.0178	24.52	0.8011126566475035	0.9877850961293239	
303.9221	22.29	0.8011126566475035	2.258566069991028	
375.2487	32.44	0.8011126566475035	-1.2258958644770284	
375.2786	219.34	0.8011126566475035	1.4449227575791126	
333.1114	24.65	0.8011126566475035	1.8896871350161994	
277.0599	23.07	0.7796522717443878	2.5826858798724714	
304.0734	26.77	0.9339749597797841	-0.2439427418829523	
376.2517	32.57	0.8421852613728898	-0.600746693253164	
333.9385	21.37	0.8011126566475035	1.1446628801145176	
334.1148	24.52	0.8011126566475035	2.3146380282036736	
304.9153	23.86	0.8172701348057022	-0.8878788534375527	
304.9576	24.12	0.8011126566475035	-1.4487007961977005	
376.8457	0.53	0.8011126566475035	-2.060179424820369	
277.9735	20.16	0.822982261275503	-0.8547771441149195	
277.9735	24.12	0.8011126566475035	-1.3343584122248886	
376.9967	21.63	0.9222164670264369	0.27703673060363027	
376.9967	23.2	0.8011126566475035	2.2008964310987977	
305.9182	22.42	0.8011126566475035	1.3684765801025365	
335.1084	24.39	0.8011126566475035	1.702227957566277	C10H17NO9
278.9801	20.84	0.8011126566475035	-1.3886828794620287	
377.061	25.31	0.8011126566475035	1.068430715431477	
306.8689	3.94	0.8011126566475035	-2.0774849899056584	
306.9194	21.37	0.7268533500206003	3.2331713873537624	
377.8984	5.12	0.8011126566475035	-1.8089981653549003	
377.8984	25.85	0.8556370164561117	0.5354584733898583	
279.1637	60.21	0.33399594107991787	5.910664238274569	
306.9386	22.29	0.8172701348057022	-0.8900245752038161	
378.0004	21.63	0.8779488526000688	0.4458462017551977	
378.0004	23.07	0.8011126566475035	1.826844103737745	
336.8794	26.12	0.9845547599592626	0.07210648201263944	
279.9204	22.42	0.88614383688175	-0.40558360679998817	
336.942	20.84	0.8011126566475035	-1.203563744987866	
378.9933	21.63	0.8406208027627152	0.6180787216091017	
378.9933	22.94	0.8011126566475035	2.195261352503147	
337.0545	27.82	0.014894058439887099	-18.31684151136825	
337.2059	94.45	0.8011126566475035	1.2427881053844951	
307.1555	26.9	0.728657587150575	3.100315668698489	
307.1555	31.39	0.11682348531909098	9.288392227369012	
307.1586	37.85	0.9650208892037412	0.14241676695098143	
307.1586	47.32	0.8011126566475035	1.9793405419496617	
307.1952	96.04	0.8011126566475035	1.0085341109293977	
307.2645	200.78	0.8335866797680238	0.6828989718328607	C20H36O2
379.0588	25.31	0.8011126566475035	1.0161508014515719	
281.2487	194.95	0.3412734852199534	5.801452075779049	C18H34O2
307.9153	22.42	0.8011126566475035	1.465444097831214	
282.2804	289.03	0.8190838040886589	-0.8747354706204481	C18H37NO
379.9316	21.24	0.8011126566475035	1.7828028512892666	
380.9602	26.77	0.9691174925131566	-0.13022193411666352	
339.3018	219.21	0.8011126566475035	1.0112986086904479	
308.8645	3.94	0.7796522717443878	-2.5582691298499074	
308.9164	21.37	0.6370700206155445	3.710334828822751	
283.1107	32.18	0.9705136400258114	-0.12626961522992236	
283.1107	130.03	0.8011126566475035	1.4454151229864356	
283.1107	158.98	0.8011126566475035	1.2529019952708473	
381.2319	104.32	0.8011126566475035	2.2239665190900935	
339.8978	22.29	0.8011126566475035	1.8481584993638456	
309.1533	37.58	0.8221871336749397	-0.8624457438102359	
340.3053	219.21	0.8115869531653531	0.9282613521674598	
309.1745	59.43	0.7417298901482049	2.737277259852047	
340.8459	3.94	0.8665406885717452	-0.49256585015638266	
340.968	26.51	0.8011126566475035	-1.2848147512666113	
409.2729	147.01	0.8942212125639097	-0.3726631168563446	C20H43O6P,C27H38O3
409.3116	225.81	0.8011126566475035	1.5647953998712743	C28H42O2
410.2219	32.44	0.8011126566475035	-1.515812411987304	
310.0022	25.04	0.7405920280535898	2.746902220587159	
384.3124	213.67	0.8221871336749397	0.8623160115912721	
384.9358	20.97	0.5625643020005214	4.730575708164821	
384.9828	32.18	0.8011126566475035	-1.0698583132682047	
341.1184	37.58	0.8011126566475035	-1.0959409091164918	
341.1184	41.55	0.8779488526000688	-0.44156948591433887	
411.2254	32.31	0.8376363252357438	-0.6285141023524721	
311.223	37.32	0.6370700206155445	3.8423910839424726	C18H32O4
311.2959	224.33	0.8011126566475035	1.6478860329784077	C20H40O2
341.8503	22.42	0.8011126566475035	1.9931567133230894	
411.8813	20.43	0.8011126566475035	-1.722565657981285	
341.8948	22.29	0.8011126566475035	2.145397041229602	
311.9442	21.37	0.7058846581799354	-3.369631395034823	
412.2186	32.44	0.833436831065004	-0.7034316917853479	
385.1788	33.36	0.8335866797680238	0.6779827427243914	
385.1788	36.93	0.8757222055749387	0.4583994212669023	
385.3074	219.34	0.8011126566475035	1.0103033014591425	
342.1219	37.58	0.8011126566475035	-1.914518346965316	
342.1219	41.81	0.9067724462879004	-0.3227262865779666	
312.9733	26.64	0.9705136400258114	0.12379393968682548	
342.8437	3.94	0.8011126566475035	-1.679164120043351	
312.9906	24.65	0.8011126566475035	-1.512005996037777	C17H10S2
413.1973	37.32	0.8011126566475035	-1.0544058089087045	C24H30O6
413.2223	32.31	0.8011126566475035	-1.9912957851170288	
386.023	24.78	0.9583904714015672	0.18315601000772333	
386.3109	219.34	0.989697096842691	0.05185430729875297	
313.0788	201.96	0.8376363252357438	0.6301917287736912	
313.0788	281.26	0.8011126566475035	-1.0402005029793338	
313.0788	313.56	0.8374061791649671	-0.661331252962384	
313.2388	37.19	0.8011126566475035	2.327062407604144	C18H34O4
313.2388	79.72	0.6370700206155445	3.6984830687648182	C18H34O4
313.2945	246.23	0.8011126566475035	-1.807872701308617	C19H39NO2
343.0199	254.52	0.8237515673825011	-0.8328729226867423	
414.1354	135.96	0.8172701348057022	0.8853660857900361	
343.1342	34.41	0.8265456369507785	-0.7529841279459554	
343.1342	42.33	0.9902341156838715	-0.029240746345747012	
343.1401	24.91	0.8992072795426934	0.3506938814397736	C16H24O8
313.9766	26.77	0.989697096842691	-0.046196451429756855	
343.8446	3.94	0.8011126566475035	1.5618062592693212	
314.2977	238.06	0.9583904714015672	-0.17160995097675896	C19H39NO2
314.2977	245.97	0.8825655720645704	-0.4143720563910314	C19H39NO2
314.2977	269.38	0.8011126566475035	-1.3430649108538237	C19H39NO2
414.9553	20.84	0.8011126566475035	2.1036086137220096	
387.0261	21.5	0.8011126566475035	-1.137208729108015	
344.0234	254.26	0.9217156184376055	-0.2814123453320641	
344.1435	24.91	0.989697096842691	0.05568581830005619	C16H24O8
344.2808	288.9	0.8011126566475035	-1.4445053823755591	
315.2542	37.45	0.5950996347958651	4.34703748661822	
315.2542	52.34	0.10641090672288607	10.008963941548945	
388.0199	24.78	0.8376363252357438	0.6389305639332716	
388.0294	21.5	0.8011126566475035	-1.0129252704248346	
416.0749	189.56	0.8172701348057022	0.8865107966953423	
346.1774	33.36	0.9979578179636769	-0.0067619277496755335	
346.1774	220.13	0.8011126566475035	1.7836602903228849	
417.0363	21.5	0.8011126566475035	-1.3473120312235547	
417.0363	23.34	0.8708331812965778	-0.4716585889905816	
389.0242	24.91	0.8139638558939285	0.8996075975813832	
417.156	27.03	0.8469356835924148	-0.5872692646685558	
417.2862	69.31	0.8011126566475035	-1.2454586086905732	C22H42O7
417.2862	79.98	0.9897323533469897	0.0355013897171045	C22H42O7
346.9676	20.84	0.833436831065004	0.7020900336405582	
389.8859	3.94	0.8376363252357438	-0.6263512919871494	
390.2402	37.85	0.8011126566475035	1.1730546526250611	
390.2402	41.68	0.8237515673825011	0.8386474216111421	
418.0717	189.56	0.8011126566475035	0.9885987851357209	
418.1298	135.96	0.989697096842691	-0.04330782110663719	
418.1594	27.03	0.8011126566475035	-1.3425491832083798	
318.9073	24.91	0.8418538048979756	-0.6071151134640613	
349.012	25.04	0.7796522717443878	2.6014927299813544	
318.981	28.61	0.8708331812965778	-0.4748033533176012	
349.882	22.55	0.8011126566475035	0.9829126328634156	
419.228	219.08	0.8782148877936641	-0.43864597034049624	
420.0687	189.56	0.8011126566475035	1.0329088001171935	
420.2508	32.44	0.8011126566475035	-1.3881674606537742	C20H40NO6P
320.1902	36.66	0.8011126566475035	1.625967674719564	
351.218	36.27	0.8011126566475035	1.6812324107629883	
351.2213	118.83	0.8011126566475035	1.3936832386347346	
453.1328	27.03	0.8480478297581967	-0.5652527313028063	
453.2049	68.39	0.833436831065004	0.6953834387738596	
453.2049	69.05	0.8221871336749397	0.857655160919469	
453.2049	79.45	0.8158097065046828	0.8942337776357091	
420.9465	20.97	0.8376363252357438	-0.6338454586601797	
420.9465	23.6	0.8579994612483369	-0.5246837118792635	
421.1555	36.93	0.9855946094525536	-0.06922838520782236	
421.227	70.92	0.994583866468244	-0.014201643974663702	C20H38O7S
421.2543	32.44	0.8011126566475035	-1.2719710528579489	C20H40NO6P
352.2861	298.39	0.8011126566475035	-1.0696574822119151	C21H39NO3
394.2812	195.9	0.8221871336749397	-0.8577118290295327	C27H38O2
352.9123	21.24	0.8011126566475035	1.596121464546459	
454.1715	32.44	0.8011126566475035	-1.5130891090954834	
422.159	36.93	0.9776757399941599	0.0970397681026979	
422.2305	71.18	0.9642057819954861	0.14778784368085318	C20H38O7S
422.2571	32.44	0.8011126566475035	-1.2942602860542956	C20H40NO6P
353.0493	22.02	0.8011126566475035	-1.0214088750729264	
353.0493	25.04	0.8011126566475035	-2.319759776086977	
353.2007	65.5	0.7335150272788161	2.8675801898656856	
422.9444	20.97	0.8228504484767417	-0.8558968315212656	
422.9444	23.34	0.8986733324951645	-0.3565595533617041	
422.9908	37.19	0.9368052856254016	-0.23424439068151345	
423.1523	36.93	0.8011126566475035	2.3203534573237303	
395.2441	34.67	0.8011126566475035	1.2396678522729356	C22H36O6
395.2441	104.71	0.8011126566475035	1.065220977388466	C22H36O6
395.2441	196.03	0.8011126566475035	1.5173536385269761	C22H36O6
423.3271	202.09	0.8011126566475035	1.278888017769159	C29H44O2
395.2745	196.16	0.8115869531653531	-0.9140057109005068	
395.2745	200.78	0.8618721211171899	0.5089390054023998	
455.1296	27.17	0.8265456369507785	-0.7419647236866135	
455.1748	32.31	0.8237515673825011	-0.8185164967363477	
354.0526	25.04	0.8011126566475035	-2.2111606888110393	
396.0516	25.17	0.900010344925274	-0.3450583873784776	
396.2475	34.54	0.8011126566475035	1.454585551493022	C22H36O6
396.2475	105.1	0.8011126566475035	1.9500726709217115	C22H36O6
396.2475	196.03	0.8011126566475035	1.3481236066911464	C22H36O6
396.2475	229.62	0.8011126566475035	1.3607490675693186	C22H36O6
396.2781	196.16	0.8011126566475035	-1.5134641102149125	
424.1326	39.68	0.9789212767654936	0.08701539418983158	
424.1326	40.76	0.9583904714015672	0.16930380821402535	
354.9097	21.37	0.8011126566475035	1.3821167676277366	
456.1223	37.58	0.8011126566475035	-1.3362080847638262	
456.1223	41.15	0.8011126566475035	-1.2508162668004537	
456.1223	41.68	0.8251424818831523	-0.8000821084458641	
456.1694	32.44	0.8011126566475035	-1.1068866521216176	C21H31NO8S
456.1825	189.17	0.7739876186113231	2.6801466389885342	
456.2746	219.87	0.8335866797680238	0.6864002910952856	
424.9113	20.03	0.8011126566475035	-2.099679761917315	
424.9113	23.34	0.8011126566475035	-1.5804775679646048	
397.2268	69.31	0.728657587150575	3.0243916705541665	
355.1682	34.54	0.9860073480738201	0.06715533910029577	
355.1682	36.93	0.8376363252357438	0.6282250312511342	
355.2857	220.92	0.994583866468244	0.0151306888233039	C21H40O4
426.0313	79.32	0.7058846581799354	3.442187227949151	
397.9506	26.64	0.825955974332634	-0.7897289195892735	
457.1728	32.31	0.8115869531653531	-0.9169785626717577	C21H31NO8S
457.2781	219.87	0.8341972859436431	0.6713103109822268	
457.9323	245.84	0.8011126566475035	-1.224939645450556	
457.9323	254.13	0.833436831065004	-0.6945552365191368	
458.1192	37.58	0.8011126566475035	-1.045128372446158	
458.1192	40.89	0.8265456369507785	-0.7475370136149067	
458.2809	159.12	0.8992072795426934	0.34930342025314026	C27H39NO5
458.2809	219.87	0.9038323256564439	0.33831682939281216	
427.2162	216.32	0.8011126566475035	1.7574924022721337	
427.3218	202.09	0.9320527408433659	-0.250807113262958	
400.3072	204.72	0.8251424818831523	0.7988790458240985	
428.2121	81.95	0.8237515673825011	0.822480434001822	
459.0028	39.16	0.9735928843011971	-0.11676762242092588	
459.0028	42.73	0.8011126566475035	1.348164059145016	
429.0806	28.35	0.014156549851749344	-19.426595467056057	C21H18O10
358.8689	3.94	0.8882974644940959	-0.3922279051198318	
429.1946	196.16	0.9484164095526694	-0.20894464250815195	
430.0839	28.48	0.1027872898124986	-10.774397835467534	C21H18O10
359.0319	22.15	0.903905934767067	-0.33289979416756404	
359.1539	216.19	0.8011126566475035	2.2742524226340595	
359.1656	37.58	0.9514959640515974	-0.20290471097463356	
459.2028	36.93	0.8876703526895391	-0.3938721444750441	
459.2618	32.57	0.9979578179636769	-0.006583126084270819	
430.9285	20.84	0.7796522717443878	2.6227628264515803	
401.0416	25.44	0.8011126566475035	1.216999828922325	
460.0247	189.56	0.8011126566475035	1.8813241883465592	
460.2063	36.93	0.9519570160571823	-0.19951838198029065	
460.2133	189.3	0.8011126566475035	1.3968716721016947	
460.3307	200.23	0.8011126566475035	1.7319632363366164	
460.3307	220.13	0.8011126566475035	1.7365713794927702	
401.9257	21.5	0.9807365113496791	0.08238926181617962	
402.0209	25.98	0.8573348050770294	-0.5277079321244419	
402.1637	220.92	0.8011126566475035	1.8906363150671397	
360.1304	24.52	0.9237382193253625	0.2706763555566432	
431.0518	24.39	0.8011126566475035	2.1468723355872217	
431.1398	36.4	0.8469356835924148	0.5678793128410666	
431.1842	36.93	0.8665406885717452	0.49331617256018656	
431.195	220.39	0.8011126566475035	2.0782774243406323	
431.3381	230.67	0.7058846581799354	-3.463139484484517	
461.209	37.19	0.9509133456526779	-0.20437687502579277	
431.8876	2.63	0.9583904714015672	0.1755803444165205	
432.1876	36.93	0.8630146887473332	0.5051665090259325	
462.0221	189.43	0.8011126566475035	1.0547309908878364	
462.8787	20.56	0.5950996347958651	4.195937340194764	
361.1578	36.93	0.8011126566475035	1.235500086276702	
361.1578	69.44	0.8011126566475035	1.2781579709875235	
403.3066	200.78	0.881128393173224	0.4187791418909162	C22H44O6
403.856	3.28	0.9268611208949392	0.26110640825229836	
404.0157	21.63	0.8011126566475035	-1.4119922504107312	
404.0157	23.2	0.8011126566475035	-1.2104211478892086	
404.31	200.78	0.8757222055749387	0.4562274691683702	C22H44O6
433.1507	27.3	0.825955974332634	0.7713643266719055	
362.1727	28.48	0.9625500098971123	-0.15676286041634574	
362.1727	35.07	0.9979578179636769	0.005835489783870681	
433.1901	36.93	0.8469356835924148	0.5813730166421135	
433.1901	220.0	0.7405920280535898	2.7477678054918924	
464.2769	32.44	0.989697096842691	-0.0403756149926669	
464.3231	194.55	0.8011126566475035	1.0426821500506074	
404.9293	20.84	0.8011126566475035	1.1804453155547063	
362.9413	20.84	0.8011126566475035	2.099107515698417	
433.9647	31.92	0.8942212125639097	-0.37518641192726576	
434.0262	21.63	0.8011126566475035	-1.7248224865387385	
434.0262	23.2	0.8011126566475035	-1.1073531312030622	
362.9702	28.61	0.9132888066654407	-0.31064022924056917	
434.309	254.52	0.8237515673825011	-0.8432547797443521	
405.3127	200.78	0.8832024738811565	0.4128596554395804	C22H44O6
406.0203	21.63	0.8011126566475035	-1.5511767724292813	
406.0203	23.2	0.8579994612483369	-0.5253477149436128	
406.2778	226.73	0.8745874645341062	-0.46142332919983436	
406.3152	200.78	0.9268611208949392	0.2632154069394872	C22H44O6
435.0277	21.63	0.8011126566475035	-1.4802702275812445	
435.0277	23.2	0.8139638558939285	-0.8975190330169437	
465.1048	36.93	0.8011126566475035	1.1657577296125712	C21H22O12
465.1669	150.17	0.8265456369507785	-0.7610322905115569	
499.8059	3.94	0.8011126566475035	-0.98152018470141	
465.3047	207.11	0.8011126566475035	1.3178094734842352	C27H46O4S
435.3124	254.0	0.8237515673825011	-0.8331994154442232	
500.0719	41.94	0.8876703526895391	0.39698620996448863	
500.2085	169.02	0.8341972859436431	0.6708591439152474	
500.2283	196.16	0.9417182478327639	0.22015211971516083	
500.2453	194.42	0.8011126566475035	0.9620084629237506	
500.301	193.63	0.8011126566475035	1.859211751126634	
500.301	197.74	0.8011126566475035	1.12379952984671	
407.0072	21.63	0.989697096842691	-0.05493263274824904	
407.0072	23.2	0.7768263708077531	2.6687786586420033	
436.06	79.59	0.7058846581799354	3.444172334589561	
436.3155	253.87	0.8942212125639097	-0.3735842330670893	
466.1604	150.03	0.8652354473518036	-0.4985079812533853	
466.3025	190.88	0.8702226886761376	0.4797114974181061	C23H47O7P,C28H41O2F3,C30H42O4
466.3081	206.98	0.8011126566475035	1.3564218295734023	C27H46O4S
407.2573	68.39	0.6370700206155445	-3.879262388114228	C20H41O6P
407.2809	226.6	0.8335866797680238	-0.6923874372403349	
436.9495	21.1	0.7058846581799354	3.4511435770279926	
437.0616	79.32	0.7268533500206003	3.252020324950288	
437.1376	31.39	0.8172701348057022	0.882650648763443	
437.2274	195.47	0.8221871336749397	0.859812274612642	
437.2408	32.44	0.7917123242465507	-2.4820767039818508	
501.2318	196.16	0.8800059615986524	0.4273286374619517	
501.249	194.42	0.8011126566475035	1.1743190930114913	
501.304	193.37	0.8011126566475035	1.7969017476370748	
437.3041	194.55	0.8011126566475035	1.316045267625124	
467.1026	36.93	0.9827813667508408	0.07870668357205762	
467.2971	191.14	0.8011126566475035	0.9780691504294116	C27H42O4F2
467.2971	194.16	0.8193444442825553	0.8724753281750125	
467.3146	192.19	0.8011126566475035	1.532625677341422	C30H44O4
502.0701	41.41	0.8376363252357438	0.6262367015872876	
502.2964	191.93	0.8011126566475035	1.1623786124705395	
502.2964	254.39	0.8725001197101325	0.4646223106430556	
468.1506	184.41	0.8779488526000688	-0.44049712687241754	
468.1824	194.16	0.7058846581799354	3.372710126160391	
468.3181	192.45	0.8011126566475035	1.4763773371545421	C30H44O4
438.0573	79.85	0.6370700206155445	3.7195893482580757	
438.2444	32.31	0.7900616567337446	-2.5033007157530243	
438.3075	194.55	0.8011126566475035	1.3170230349403462	
553.2337	278.24	0.8011126566475035	-1.157699124977846	
553.2337	283.1	0.8265456369507785	-0.7474899766511557	
553.2707	81.69	0.8341972859436431	0.6721161506875107	C25H46O11S
553.297	196.82	0.8273370973838146	0.7366438641073322	C25H48NO10P
553.326	103.14	0.9202277203578367	-0.2854669979650091	
554.1253	35.46	0.9539256540755507	-0.1938441981516623	
554.1253	37.32	0.825955974332634	0.7869312948876827	
554.2738	81.69	0.8011126566475035	1.0337718815375794	C25H46O11S
554.329	103.0	0.9584655173843397	-0.16770870801073823	
439.2253	195.47	0.8779488526000688	0.44780670172131926	
439.2835	142.16	0.9944063487191748	-0.01813352544218708	C28H40O4,C26H39O2F3
439.3007	194.42	0.8011126566475035	1.2801164593851853	
469.3112	192.45	0.8011126566475035	1.4169252062332236	
503.1674	37.58	0.8011126566475035	1.0234417130705489	
503.2271	196.16	0.8787120813410505	0.43170013828310905	
504.1277	184.41	0.8586885833070728	-0.5189082236263348	
504.2297	196.16	0.8863077580043757	0.40361308072661656	
440.3045	194.82	0.8115869531653531	0.9105320750114698	
470.1474	184.67	0.9834875659992796	0.07547344649651083	
470.198	158.46	0.8011126566475035	-1.5992520359247544	
470.2578	81.56	0.8237515673825011	0.8080645322605955	
470.315	192.06	0.8011126566475035	1.5387404814507506	
504.8663	22.02	0.8985213748375603	-0.3582267155323374	
555.2305	283.1	0.8011126566475035	-1.122942658637394	
555.2768	81.82	0.9377354673704654	0.2310581803655145	C25H46O11S
555.3316	103.66	0.9132888066654407	-0.3057473796909179	
556.1958	184.67	0.9625500098971123	0.15611293305844987	
556.2031	191.67	0.8237515673825011	0.8506171117408284	
556.2324	220.79	0.8011126566475035	1.5713853811342955	
505.2316	196.43	0.8469356835924148	0.585038880545778	
505.333	220.92	0.8011126566475035	1.2943481508354404	
506.0442	27.3	0.8011126566475035	-0.9664239880284162	
506.1141	220.13	0.9140277886129948	-0.3012146585619704	
506.1243	184.28	0.8172701348057022	-0.8866352796126914	
506.1743	68.65	0.8011126566475035	-1.8366315284413322	
506.2715	213.28	0.825955974332634	0.7870305290829588	
506.7277	198.53	0.8011126566475035	-1.1675510333788832	
506.7277	201.7	0.8370005864747703	0.6660109327971309	
557.1281	35.46	0.8011126566475035	1.0646509547053566	
557.1281	37.58	0.9514995089703999	-0.2021393090942258	
471.2005	158.85	0.8011126566475035	-1.7010716489332702	
471.2005	220.26	0.8011126566475035	2.0018497394994	
557.199	184.41	0.8011126566475035	1.006793071554944	
557.2064	191.53	0.8011126566475035	1.3139297332991737	
558.1198	37.19	0.8322892562619122	-0.7074352363293608	
558.2001	191.8	0.8044274907150538	0.9491180756757872	
558.2866	264.66	0.728657587150575	-3.0968654097205945	
441.8862	20.29	0.989697096842691	-0.04002858919706565	
472.1768	193.77	0.5950996347958651	4.260053569745469	
442.1667	189.17	0.8011126566475035	2.084885784595239	
442.8946	21.37	0.728657587150575	3.043210718248414	
507.0272	35.88	0.8265456369507785	-0.7597568298023742	
507.0272	37.19	0.8011126566475035	-1.0663127141098425	
472.9165	21.1	0.8011126566475035	1.7924824358518516	
507.2522	167.58	0.8322892562619122	0.720385052898835	
507.2748	169.94	0.8374061791649671	0.6580652735931212	
507.2748	213.28	0.8237515673825011	0.8154572414007655	
507.3693	217.11	0.8011126566475035	1.3050359991983485	C30H52O6
507.3693	265.05	0.8265456369507785	-0.7616211593577702	
508.1131	150.03	0.9169042549829028	-0.2954981903245708	
473.0224	22.02	0.8011126566475035	-1.8844991987328308	
559.123	37.45	0.8370005864747703	-0.66635776743815	
559.1427	53.52	0.825955974332634	0.7661367744096671	
559.2898	264.26	0.728657587150575	-3.1622792067948398	
559.4374	288.64	0.9368052856254016	-0.23393224896018502	C35H60O5
560.0135	21.63	0.8011126566475035	-2.30784506499934	
560.0135	24.39	0.9329336822389146	-0.24822835186357098	
560.1254	37.19	0.825955974332634	-0.7695105032584044	
560.1824	203.41	0.8308332868754486	0.7301008844722205	
443.1692	188.91	0.8011126566475035	2.312336113861302	
443.2478	216.32	0.8011126566475035	2.322944761367158	
473.2829	112.76	0.989697096842691	0.03925364162910671	
473.2829	189.04	0.8011126566475035	1.5121011360001244	
444.1061	220.52	0.8011126566475035	1.9035826670927296	
444.2499	216.32	0.8011126566475035	2.440323659098268	
474.2864	112.49	0.9583904714015672	0.17883117267852472	
474.2864	189.04	0.8011126566475035	1.5552964645810552	
444.9732	37.19	0.9659499673209655	0.1370683727669277	
509.2486	190.88	0.8265456369507785	0.7422839605366209	
474.8952	21.63	0.825955974332634	-0.7790794132678255	
474.8952	23.2	0.8469356835924148	0.5807497407681671	
510.1541	189.3	0.8011126566475035	1.285462145425647	
475.2894	112.89	0.9944063487191748	-0.01707018778048672	
475.2894	188.78	0.8011126566475035	1.4347599712892036	
445.1093	220.39	0.8011126566475035	1.2945097878268756	
445.2444	216.06	0.7796522717443878	2.6130234709375633	
563.0892	188.91	0.8713767998118991	0.4674788045435942	
563.3959	230.01	0.8469356835924148	-0.5819381217038693	
446.0887	79.59	0.6370700206155445	3.8519267883542616	
446.1029	220.52	0.8011126566475035	2.013693509142141	
446.1611	189.43	0.8011126566475035	1.5930095702981837	
446.2475	216.45	0.8174750138339814	0.8774749964131158	
564.1761	191.8	0.8011126566475035	1.0587738990737463	
564.1761	230.14	0.8469356835924148	0.5779163760616448	
564.3447	220.26	0.8011126566475035	1.9575488880341068	
511.2008	228.7	0.8623307580672555	0.5076237387152287	
511.2008	229.09	0.9766696338847208	0.10443291975901804	
511.2008	230.93	0.9583904714015672	0.17397371536487571	
511.2459	191.14	0.8708331812965778	0.4720219479503613	
511.2645	192.06	0.8011126566475035	1.5292231189560679	
512.2678	192.19	0.8011126566475035	1.3920432582892244	
476.086	189.43	0.8531746489508875	0.550526412124972	
476.1984	34.54	0.8374061791649671	-0.6554037168767388	
447.0642	37.32	0.8237515673825011	-0.8111943654618463	
476.3313	191.27	0.9625500098971123	-0.1561208187747751	
447.0908	79.85	0.7796522717443878	2.619312942166356	
447.1062	220.65	0.8011126566475035	1.898523549008487	
447.1347	31.52	0.9944063487191748	0.01971094354999674	
447.1347	35.59	0.8341972859436431	-0.672809072369218	
512.3371	277.32	0.8011126566475035	-1.7659787826323932	
447.1649	31.26	0.8374061791649671	0.6464815163279465	C23H28O9
447.1649	189.43	0.8011126566475035	1.158117142352607	
447.2968	141.37	0.8469356835924148	-0.5754028598653954	
447.333	194.55	0.8011126566475035	1.0194073130077104	
565.3482	220.52	0.8011126566475035	1.565519061292861	
566.1742	192.32	0.8044274907150538	0.9514459350616056	
566.1742	230.41	0.8011126566475035	1.0803660078939317	
566.2323	192.06	0.8237515673825011	0.8424110948932995	
448.0998	220.52	0.8011126566475035	1.2592114545780932	C21H21O11
448.1382	31.52	0.9741653582477082	-0.11387014688845237	
448.1382	35.59	0.8322892562619122	-0.7111985417393749	
448.1696	31.13	0.8237515673825011	-0.839344750357053	C23H28O9
448.1744	36.93	0.9583904714015672	0.17045815950923138	
448.3365	194.82	0.8011126566475035	1.0021718576172611	
476.8928	21.63	0.9054393684682177	0.3258289170712957	
476.8928	23.6	0.8908183329394108	0.38407160215439695	
476.922	20.56	0.903905934767067	-0.3299242042174534	
513.2622	192.06	0.8011126566475035	1.4122428326351617	C25H42N2O7S
514.0979	184.67	0.9766696338847208	-0.10065112591467923	
514.1469	189.17	0.8011126566475035	1.0603135944169113	
514.1469	220.79	0.8992072795426934	0.3527434211439125	
514.2657	192.19	0.8011126566475035	1.7217303883259252	C25H42N2O7S
449.1509	32.44	0.9583904714015672	-0.17039290087450457	
449.1741	37.19	0.8011126566475035	-1.045070452038153	C24H30O6
477.0888	189.7	0.8335866797680238	0.6798813247408647	
449.3125	142.02	0.9944063487191748	-0.01728180653594573	
449.3393	194.69	0.8265456369507785	0.7530335122995517	
477.3436	192.32	0.8011126566475035	0.9633689491596489	
514.8933	20.84	0.5625643020005214	4.714116302392922	
568.113	215.93	0.8011126566475035	1.002823835079378	
450.1545	31.92	0.8237515673825011	0.8181104181531966	
450.1773	36.93	0.8011126566475035	-1.047837412557214	C24H30O6
568.2162	196.69	0.7335150272788161	-2.83487742697437	
568.2162	201.7	0.8251424818831523	0.8010639838246439	
450.3158	141.63	0.9944063487191748	-0.016763569951640286	
478.0829	189.43	0.8469356835924148	0.5718711991133318	
478.1795	184.67	0.9637746635476535	0.1527427428032608	
478.2943	104.71	0.11682348531909098	-9.275224299589798	C23H46NO7P
568.7357	3.94	0.7405920280535898	-2.7589934160432743	
478.3471	192.19	0.8011126566475035	0.9676837968442387	
569.1719	53.52	0.9195683540147179	-0.28701473434946256	
515.1223	31.39	0.8011126566475035	1.3277166805351035	
570.1102	216.19	0.8011126566475035	1.0607659253629658	
570.2113	195.64	0.9519570160571823	-0.1996087870094734	C31H30O8
570.2612	81.69	0.9357184668348585	0.23880262777100192	
570.7363	3.94	0.728657587150575	-3.1707707028012644	
451.1705	37.32	0.8011126566475035	-1.3774023197259262	
451.2069	68.91	0.999037546303367	-0.002618660842007708	
451.2069	79.06	0.9054393684682177	-0.32619540278205306	
516.073	27.17	0.8011126566475035	-0.9860995053688517	
479.2246	215.93	0.8011126566475035	2.091093417695539	
516.2032	68.52	0.6370700206155445	-3.7648562727815618	
516.2396	214.85	0.825955974332634	0.7783533110098202	
479.3499	192.19	0.8046785277601572	0.9452983042753712	
479.3747	264.39	0.8322892562619122	-0.7076748986768928	
452.1734	36.93	0.8011126566475035	-1.2773697537155346	
452.2999	213.8	0.825955974332634	0.7764851877197458	C25H43NO6
480.1513	27.3	0.978785572497345	-0.0940930177958493	C23H26O11
480.2266	216.19	0.7405920280535898	2.787413389961384	
480.3781	264.39	0.8115869531653531	-0.9243556676509199	
571.2146	195.47	0.9237382193253625	-0.27162616046090804	C31H30O8
571.2638	81.95	0.8011126566475035	1.020163467285273	
452.9232	20.97	0.5073116710507242	5.013971804459156	
480.8326	4.33	0.7405920280535898	-2.8025365767745796	
517.0771	27.3	0.9132888066654407	0.3073229662700735	
572.2168	195.9	0.9630919446507987	-0.15435402215569305	C31H30O8
572.3023	283.36	0.8237515673825011	0.8177546314588282	
572.7333	3.94	0.7796522717443878	-2.542206126982343	
518.0912	189.3	0.825955974332634	0.7799559892845722	
481.2217	216.06	0.8011126566475035	1.4050989974417913	
481.2538	194.16	0.8011126566475035	1.1634126812133534	
519.1867	196.95	0.9642057819954861	-0.14534622856336604	
519.2139	203.54	0.825955974332634	0.7914435187250369	
613.1533	81.56	0.8335866797680238	0.6892162123655043	
482.1663	194.03	0.8469356835924148	0.5818135883702267	
482.2572	194.03	0.8011126566475035	1.0407008287481734	
614.2704	303.27	0.9345956482892019	0.24243369388696095	
614.2704	317.5	0.8011126566475035	-1.428680324962504	
520.0598	31.0	0.8237515673825011	0.8153048451079143	
575.1102	37.45	0.8011126566475035	-1.2935013960529176	
520.2264	192.06	0.8265456369507785	0.7512930837661168	
575.2344	103.66	0.8094295619070632	-0.9378709632500984	
575.2399	167.45	0.8265456369507785	-0.7477671503553595	
575.2399	213.67	0.9650208892037412	-0.14295239031414375	
615.2327	192.06	0.8341972859436431	0.6754751257696123	
615.2413	81.42	0.9859927838928216	0.06794509570397139	
615.2963	102.87	0.8011126566475035	-1.1274803617929976	
520.9107	20.97	0.5791784706094825	4.49808595384762	
576.2609	191.8	0.8011126566475035	0.9693445916987766	
482.8746	20.29	0.8237515673825011	0.8080339188902604	
616.0788	35.59	0.8700010347617225	0.48622140061231556	
616.0788	37.58	0.5791784706094825	-4.507120992112072	
616.2861	277.32	0.8011126566475035	-2.341397941960694	
616.2861	282.84	0.8115869531653531	-0.9152038426435453	
577.2324	102.74	0.8011126566475035	-1.7387723587688861	
577.264	192.06	0.8011126566475035	1.049759909882082	
577.3119	204.72	0.8011126566475035	1.1034441071274195	
577.448	289.69	0.8011126566475035	-1.8760471058310804	C35H62O6
617.2895	277.45	0.8011126566475035	-1.9631882976932324	
617.2895	282.84	0.8265456369507785	-0.7561300182546853	
578.1419	215.93	0.8011126566475035	1.6761511970865743	C30H27O12
521.2296	192.06	0.8374061791649671	0.6461688290984494	
521.2296	230.14	0.999037546303367	-0.003369916377749443	
522.033	189.17	0.8011126566475035	1.342492435767736	
522.2233	192.06	0.833436831065004	0.6961746001599216	
618.1697	108.42	0.7825723655037408	2.5319904441520236	
618.1902	135.15	0.8374061791649671	0.6487453374788291	
618.2918	277.06	0.8469356835924148	-0.5724146292845025	
618.2918	282.71	0.989697096842691	0.041686704821363184	
618.3018	231.19	0.8237515673825011	0.8080919791740889	
483.1695	203.8	0.8708331812965778	0.47575942339192784	
483.2516	194.42	0.8011126566475035	1.1268918385712487	
579.1438	215.38	0.8011126566475035	1.7044898887792619	C30H27O12
484.0306	62.87	0.989697096842691	0.03921565361732418	
484.2138	220.39	0.7335150272788161	2.879115053898774	
484.255	194.03	0.8011126566475035	1.6793979777371926	
484.3059	197.08	0.8011126566475035	0.9764786767573985	
484.3059	246.23	0.8011126566475035	-1.8012310674040939	
484.332	103.14	0.8469356835924148	-0.570034070212746	
580.1392	215.93	0.8011126566475035	1.759907148355184	
620.2809	196.56	0.9228230481987918	0.274316419942518	
580.2377	192.19	0.8322892562619122	0.713540733207978	
580.3398	102.22	0.8406208027627152	0.6172254674277136	
580.3398	219.34	0.8011126566475035	1.5702309512594916	
523.2267	191.8	0.9577761761747983	-0.18760535080029037	
621.185	81.29	0.989697096842691	-0.05410899194064196	
621.2581	81.82	0.8011126566475035	1.3619129940292307	
621.3064	285.07	0.5950996347958651	4.114469171502231	
581.1411	215.93	0.8011126566475035	1.5087318269757817	
581.2406	192.06	0.8115869531653531	0.9139718056027074	
581.3434	219.21	0.7856680519848088	2.5216411029784194	
524.1751	220.52	0.8011126566475035	1.3268122914414402	
581.3702	203.01	0.9583904714015672	0.18143272568926086	
485.283	81.56	0.8265456369507785	0.7475902188131526	C28H42N2O3S
485.3092	197.08	0.8011126566475035	0.9679409104360855	
485.3092	246.23	0.8011126566475035	-1.7078353419298156	
582.1364	189.56	0.8011126566475035	1.1246548244082102	
622.1131	35.88	0.8011126566475035	-0.9856781554197758	
622.1131	37.58	0.9789212767654936	-0.08850380533957194	
622.1878	81.56	0.8602604017018681	0.5131581084940058	
582.3748	196.43	0.6370700206155445	3.7378744828377917	
582.3748	199.18	0.728657587150575	2.915254480436943	
582.3748	203.01	0.8011126566475035	1.153889800452642	
622.2613	81.69	0.8335866797680238	0.6837616163928383	
622.3084	285.07	0.7058846581799354	3.368978509206608	
486.1151	189.43	0.8011126566475035	1.0684477035362028	
486.2863	81.29	0.8480478297581967	0.5589124444010483	C28H42N2O3S
486.3122	197.08	0.8011126566475035	0.9627535601748506	
486.3122	246.23	0.8011126566475035	-1.7708920033341082	
486.3416	103.27	0.8702226886761376	-0.4800859393998386	
623.1588	78.8	0.9333635862499887	-0.24544016757731282	C28H32O16
623.1588	101.43	0.8011126566475035	1.1721697469655872	C28H32O16
623.1836	81.69	0.8039372648373201	-0.9545112866027565	
623.3041	284.67	0.8011126566475035	2.0650904724045867	
624.1123	35.46	0.8863077580043757	-0.403881485766884	
624.1123	184.54	0.8094295619070632	-0.9374046631948959	
624.162	79.19	0.9897323533469897	-0.035307554105601414	C28H32O16
624.162	101.43	0.8011126566475035	1.357381036393005	C28H32O16
624.3059	285.33	0.8011126566475035	1.5536556587514483	
626.1077	35.46	0.989697096842691	-0.048317103697529666	
626.1077	37.19	0.9583904714015672	-0.1762139219983788	
626.1077	41.28	0.8779488526000688	0.44860653325142297	
626.2428	191.8	0.8985213748375603	0.35822505310105285	
626.2662	103.4	0.9383992475664528	-0.22949377242343383	
626.2719	213.28	0.8237515673825011	0.8426289457783611	
626.2719	219.87	0.833436831065004	0.6942943578473035	
584.0095	34.67	0.8011126566475035	1.1171445641435542	
584.0095	37.98	0.8469356835924148	0.5760015370918814	
584.0095	41.81	0.8335866797680238	0.679061116874652	
584.1907	68.52	0.8011126566475035	-2.0677065066332614	
584.2274	214.99	0.8708331812965778	0.4739921048660888	
584.2554	103.14	0.8708348195125634	-0.4689465610288536	
584.3	203.28	0.8011126566475035	1.0255904366990605	
627.0825	188.78	0.9762817165263781	0.10800941595147638	
627.1543	27.95	0.8011126566475035	1.631663211368736	
627.1543	30.32	0.853188119078057	0.5484385409570937	
627.2753	213.02	0.825955974332634	0.7788094618648921	
627.2753	219.87	0.8322892562619122	0.7096061897684037	
628.1132	35.46	0.8997871405576178	-0.34616269831670193	
628.1132	37.45	0.8215110873536035	-0.8671623321081233	
628.1246	215.93	0.8011126566475035	1.5893834381571479	
628.1575	27.95	0.8011126566475035	1.4481695479251024	
628.1575	30.32	0.8335866797680238	0.6825159755583563	
628.1985	108.29	0.7058846581799354	3.4182404274594664	
487.2893	81.56	0.811015654645381	0.9332324237039452	C28H42N2O3S
487.3149	197.21	0.8011126566475035	1.0558248039043938	
487.3149	246.1	0.8011126566475035	-1.9072660558247945	
487.3442	103.27	0.8702226886761376	-0.48227952254344164	
628.2781	213.28	0.8237515673825011	0.8286218529803668	
628.2781	220.0	0.8172701348057022	0.8850523446552323	
585.263	103.27	0.8115869531653531	-0.9199922934005288	
488.056	220.52	0.7335150272788161	2.8463111962475622	
488.2083	184.67	0.9390595645633836	0.22445430280010537	
586.162	52.73	0.9439216743362819	0.21670570319265575	
586.162	53.78	0.9766696338847208	0.09908599083022611	
526.1159	203.93	0.8322892562619122	0.7065273733914861	
488.2446	220.52	0.728657587150575	3.195032887554214	
488.2923	81.56	0.8406208027627152	0.6162957315375084	C28H42N2O3S
488.347	103.53	0.8406208027627152	-0.6124096843817943	
526.2608	192.06	0.8376363252357438	0.6300158951719736	
526.2608	230.14	0.8011126566475035	-1.6952772707291883	
586.2664	103.14	0.9368052856254016	-0.23370216525548318	
586.3179	303.4	0.8011126566475035	-1.399615019894216	
629.2017	108.29	0.7167296202484498	3.3062409259787566	
630.261	103.14	0.8949152542521387	-0.36712915994658185	
631.0771	189.56	0.8265456369507785	0.762411769598972	
631.2137	81.69	0.8807160315957355	0.4244765338392343	
631.266	103.14	0.8559921554277228	-0.5314928263060374	
587.2018	203.41	0.8011126566475035	1.004597820206217	
587.2661	103.4	0.8011126566475035	-0.9943147570783697	
588.1715	215.93	0.8011126566475035	2.3179597550593543	
632.2061	158.2	0.8757222055749387	0.4567403179587327	
588.2141	192.06	0.859493544866645	0.516404195107702	
588.2141	230.14	0.8374061791649671	-0.6467810057289243	
632.2169	81.56	0.8469356835924148	0.5673872602171387	
588.2548	238.71	0.8011126566475035	1.263179294239548	
588.2548	245.54	0.8011126566475035	-1.345520748072703	
588.2548	250.43	0.8652363898776437	-0.49608715615239013	
588.8985	20.97	0.6370700206155445	3.811364444322856	
527.3958	217.37	0.825955974332634	0.7714866962649305	
589.1733	215.93	0.8011126566475035	1.7904578982745405	
633.2093	158.2	0.8251424818831523	0.8006287442924452	
633.2154	81.95	0.8011126566475035	1.6647577792036852	
634.1393	184.41	0.983225007185057	-0.07689317577130593	
634.2973	207.76	0.8237515673825011	0.8104719378653014	C29H50NO12P
528.1093	34.15	0.9332536699837899	0.24632904130842256	
590.1707	215.93	0.8011126566475035	2.021337171538236	
489.2122	70.92	0.9612841971126976	0.1610473043926165	
528.1136	204.06	0.918317990528414	0.29153623529167205	
489.2535	216.45	0.8011126566475035	2.3094959779667508	
528.2599	192.19	0.8039372648373201	0.9562883612151182	
528.2599	230.41	0.825955974332634	-0.7706167046930151	
489.3956	309.2	0.9789212767654936	0.09262003028940732	C31H54O4
635.2076	81.03	0.8708331812965778	0.47246506271453914	
635.2076	81.69	0.19884736406295012	7.890016993667542	
635.2916	186.54	0.8011126566475035	1.1416116142880508	
636.1398	184.41	0.8559921554277228	0.5320015911785486	
592.0409	37.58	0.9132888066654407	0.3070614575590017	
592.0917	103.27	0.9642057819954861	0.15107740617239448	
490.0534	220.52	0.8011126566475035	2.2341044715697587	
490.1993	194.69	0.8011126566475035	-1.7894158729255727	
490.2164	194.03	0.8139638558939285	0.9033556887168801	
490.2556	216.32	0.8011126566475035	2.2331569208048467	
490.2815	159.64	0.8011126566475035	1.3787844717299393	
593.0653	31.52	0.8011126566475035	1.4735155665428876	
638.1533	216.19	0.8011126566475035	1.947784571481025	
638.175	81.56	0.8237515673825011	0.8187097647656617	
593.1231	278.11	0.8322892562619122	-0.7121603399478964	
638.3083	245.97	0.8480478297581967	-0.5615684975584393	
594.039	37.45	0.8418538048979756	-0.6032428493812613	
594.1237	278.24	0.8237515673825011	-0.8150013274685263	
529.1664	37.58	0.8011126566475035	2.02341122136943	
639.3116	245.97	0.8011126566475035	-2.2213002395518426	
639.3116	254.66	0.8406208027627152	-0.6118811266789789	
640.1492	79.06	0.8421852613728898	0.6002920767844546	
640.1492	101.82	0.8011126566475035	1.1950359786015203	
640.1575	49.03	0.8011126566475035	1.3822632390908696	C28H32O17
530.0887	31.0	0.8011126566475035	1.1232506749242628	
530.1014	36.93	0.968541330982091	0.13229360310349453	
530.2552	192.19	0.8115869531653531	0.9110977879746851	
595.1212	278.24	0.825955974332634	-0.7663817380676614	
492.0503	220.39	0.6509599305632497	3.6537961263806626	
492.1089	152.02	0.8011126566475035	-1.5178543393682344	
492.3183	191.27	0.8633667181318725	0.5027144667631487	
530.8661	20.84	0.5136878689519873	4.94113331659523	
596.2478	192.19	0.8406208027627152	0.6179371210740763	
596.2478	230.41	0.8011126566475035	-1.7148522622331546	
596.3351	108.55	0.8322892562619122	0.7233478486780286	
644.2488	192.32	0.8011126566475035	1.121382450915934	
645.1202	36.93	0.8011126566475035	-1.4284173802872826	C27H30O16
531.092	31.13	0.8011126566475035	1.277741165784642	
531.2585	192.19	0.8139638558939285	0.9010133604637678	
531.2585	230.14	0.8237515673825011	-0.8322035775217119	
646.1236	36.93	0.8011126566475035	-1.5928599796208205	C27H30O16
646.222	179.15	0.8115869531653531	0.9220164667451847	
597.131	37.58	0.8011126566475035	1.8999006613795677	
597.3105	81.56	0.8011126566475035	1.4540753218834437	
598.0079	113.54	0.8376363252357438	-0.6314273433179464	
598.0766	31.13	0.8237515673825011	0.8106492291153287	
598.2429	192.06	0.8322892562619122	0.71622770704835	
598.2429	230.14	0.8011126566475035	-2.272284307464465	
647.1175	36.93	0.8011126566475035	-1.2678452088210865	
647.2252	179.02	0.9705136400258114	-0.1229416822945188	
648.1209	36.93	0.9898497374813381	0.032165894877766985	
532.261	191.8	0.8011126566475035	1.4011299762382665	
532.261	230.41	0.8876703526895391	-0.3950104106518995	
648.2257	192.32	0.8717061797196797	0.46632027320544583	
648.2495	248.2	0.8011126566475035	1.32460178364288	
648.2495	254.79	0.8469356835924148	-0.5800091749035253	
648.2495	259.65	0.8011126566475035	-1.5675411506651693	
650.1553	198.0	0.8011126566475035	-1.648955376385131	
599.2461	191.93	0.8273370973838146	0.7384995745715607	
599.2461	230.01	0.5861490455156222	-4.426851937595422	
599.3729	220.92	0.9642057819954861	0.14559511819287355	
493.1237	36.93	0.8322892562619122	-0.7172049100259108	
493.1983	141.37	0.8322892562619122	-0.7117558860092851	
600.2485	192.19	0.8011126566475035	1.0829625520719255	
600.2485	230.41	0.8011126566475035	-1.8574683147268463	
600.3763	221.18	0.9056590121678237	-0.3248124021760515	
600.3763	230.01	0.8011126566475035	-2.238709821216228	
651.3229	188.64	0.8011126566475035	1.3561469864415567	
652.1512	198.13	0.8011126566475035	-2.3289149068061565	
652.2874	277.98	0.8011126566475035	-1.4056834600704011	
494.3341	192.06	0.8011126566475035	1.2369688318311853	
653.302	104.19	0.8787120813410505	0.4311454087044278	
654.2541	103.0	0.8265456369507785	-0.7435871716407243	
654.2826	262.16	0.9827813667508408	0.0782314561701489	
654.2826	290.74	0.9834875659992796	0.07501718130895661	
654.2826	298.13	0.8708348195125634	-0.46967407619295415	
655.1139	220.39	0.9642057819954861	0.14915747444595856	
655.1489	36.8	0.8115869531653531	-0.9238647950671207	C28H32O18
655.1601	201.96	0.8406208027627152	0.61580551234639	
655.252	102.74	0.9132888066654407	0.3065607120515826	
655.4226	134.63	0.8265456369507785	0.7462834547739501	
655.4226	206.45	0.8011126566475035	1.2059458546869934	
655.4226	243.7	0.825955974332634	0.7774148961904075	
534.3028	200.5	0.8374061791649671	0.6641253394367882	
534.3028	238.06	0.8011126566475035	-1.1480207295432574	
656.1524	36.8	0.8011126566475035	-0.9690194199562072	C28H32O18
656.1605	201.96	0.8376363252357438	0.6298336714416382	
656.3095	238.19	0.8237515673825011	-0.8299493253130492	
656.3095	246.23	0.8011126566475035	-1.3618206814248466	
601.3707	221.05	0.989697096842691	0.053699503289069604	
601.3707	230.54	0.8011126566475035	-1.564841759351933	
656.4261	134.76	0.8376363252357438	0.6289704382354909	
656.4261	206.45	0.8011126566475035	1.2015447616100294	
656.4261	243.97	0.8335866797680238	0.6906583900866665	
657.1548	36.8	0.8011126566475035	-0.9901411859973762	C28H32O18
657.3123	238.19	0.8011126566475035	-1.56685219141025	
657.3123	246.23	0.8011126566475035	-1.4957820985183734	
657.4292	134.63	0.8469356835924148	0.579612138493043	
657.4292	206.45	0.8011126566475035	1.1819296341558028	
657.4292	244.23	0.8011126566475035	1.5228586631805034	
495.1216	36.93	0.8237515673825011	-0.8411878935934359	
495.1954	194.55	0.8461125177538019	-0.5925593894008402	
658.1577	36.93	0.853188119078057	-0.5471381796002741	C28H32O18
495.3373	191.67	0.8011126566475035	1.5080739365989473	
658.2781	248.2	0.8011126566475035	1.0191764599673299	
658.2781	254.79	0.8480478297581967	0.5602309027595541	
658.2781	260.04	0.8011126566475035	1.0843878058140455	
658.2911	264.39	0.8221871336749397	-0.8632854767386573	
658.4319	134.89	0.8011126566475035	0.9785834648766346	
658.4319	206.19	0.8011126566475035	1.2077400043422104	
496.1447	68.52	0.7290395692775317	-2.904647667422254	
496.1447	79.85	0.8306005363538793	-0.7312451457059644	
496.1447	189.3	0.8011126566475035	1.128954487230774	
496.1823	214.33	0.825955974332634	-0.7655381228745994	
604.1258	32.84	0.8011126566475035	1.118972172533324	
604.1744	113.94	0.903905934767067	-0.3338155008285602	
659.0526	37.58	0.8011126566475035	-1.3136366057578575	
659.1081	220.39	0.8011126566475035	1.0814211243429523	
659.2939	264.39	0.8011126566475035	-1.110664000244882	
660.2377	191.67	0.8011126566475035	1.0817758718843196	
535.3062	200.5	0.8376363252357438	0.6259741359201206	
535.3062	238.06	0.8011126566475035	-1.1198696002139545	
660.2877	264.39	0.6370700206155445	-3.782264056169999	
661.0538	31.52	0.8011126566475035	-1.1081359383106217	
661.0538	35.33	0.8863077580043757	0.402685272114505	
661.0538	37.58	0.8968422851522057	0.3632787268016303	
661.241	191.53	0.8011126566475035	1.0806955631547648	
661.9983	171.65	0.8335866797680238	-0.686795604719704	
662.1343	68.78	0.7335150272788161	-2.8454481166818444	
536.1448	203.54	0.8335866797680238	0.6835077511535746	
536.3093	200.5	0.8406208027627152	0.6189998656054639	
536.3093	238.06	0.8011126566475035	-1.3793628445913564	
662.2489	208.95	0.8456271248002781	0.5947410085020156	
662.2489	213.02	0.8469356835924148	0.5707753692572263	
662.2489	226.73	0.8011126566475035	1.9048032849818362	
662.3133	220.92	0.989697096842691	0.059542315055369104	
662.3133	230.41	0.8273370973838146	-0.7399796941756837	
497.0824	27.03	0.8322892562619122	-0.7153418343438156	
497.1681	31.13	0.8787120813410505	0.43347198376636553	
497.8082	4.07	0.7796522717443878	-2.5599575300841426	
664.2445	238.84	0.8618721211171899	-0.5097064349248529	
498.2853	159.77	0.8011126566475035	-1.099404344352216	
498.2853	193.11	0.8011126566475035	1.1238698771939601	
498.2853	198.66	0.8011126566475035	1.0420063284370864	
608.1025	37.58	0.8011126566475035	-1.170227587239985	
665.2562	284.28	0.01383148274614335	20.67132310712353	
666.2307	192.32	0.8215756260085157	0.8661073566798215	
498.9165	20.97	0.728657587150575	3.0071600587381377	
538.0622	37.58	0.8011126566475035	-1.4401332850417585	
538.143	203.41	0.8237515673825011	0.8107656292358674	
538.2291	264.39	0.8011126566475035	-2.016947881677044	
667.2545	284.81	0.8011126566475035	2.1903403379345505	
610.1676	220.39	0.728657587150575	2.969261984844804	
610.2767	213.15	0.8011126566475035	1.3718710147807944	
610.2767	219.87	0.8787120813410505	0.4329754153591826	
610.2767	226.34	0.8992072795426934	-0.3491143708952582	
610.405	230.01	0.8011126566475035	-1.339524736442638	
668.3192	264.13	0.9351415955538801	-0.2402592352347527	
669.2861	192.19	0.8011126566475035	1.1251895004563288	
499.08	27.3	0.9898497374813381	-0.034138840564237105	
669.2976	103.66	0.8322892562619122	-0.7219917152139289	
669.3226	264.39	0.8949152542521387	-0.36833905961391056	
669.4598	209.86	0.8876149588215756	0.39883044997706535	
499.3646	193.5	0.8011126566475035	1.091575015433929	
611.1556	81.56	0.9583904714015672	-0.1794337283528332	
611.1707	220.52	0.7796522717443878	2.6165335685310915	
611.2844	102.87	0.8011126566475035	-1.011938151923428	
670.0299	171.39	0.9705136400258114	-0.12353144082713921	
670.2997	103.66	0.8652354473518036	-0.49799079591898576	
670.2997	190.75	0.8011126566475035	1.534054819136309	
670.2997	198.26	0.8011126566475035	1.1234263624081153	
539.0663	37.71	0.8011126566475035	-1.696283813875415	
689.0697	36.8	0.8374061791649671	-0.6617243752362444	
689.1723	81.69	0.8541520499976527	0.5412573368858817	
671.0313	171.25	0.8011126566475035	-1.3145857994841335	
689.2456	81.56	0.9741653582477082	0.11442254871121431	
689.2699	211.83	0.8374061791649671	0.6523600692528945	
689.3011	103.0	0.884929659599087	-0.40853815747131605	
690.0729	36.66	0.8265456369507785	-0.7478460268810759	
690.2634	81.42	0.8590043962691511	0.5177560794334242	
690.2808	246.23	0.8011126566475035	-1.8791367283426315	
690.2808	254.52	0.8011126566475035	-1.4362833334821472	C34H46ClN3O10
691.0678	36.8	0.8322892562619122	-0.7112106750499734	
691.2667	81.42	0.9044815262052275	-0.32848214299832595	
691.2837	246.1	0.8011126566475035	-2.1558818024182815	
691.2837	254.0	0.8011126566475035	-1.2299952324396284	C34H46ClN3O10
691.3992	134.37	0.989697096842691	0.04642040026613848	
692.0714	36.8	0.9268611208949392	-0.26089854638621346	
692.1712	184.54	0.8469356835924148	-0.5730560627269083	
692.1991	248.2	0.8011126566475035	-1.0371061289400447	
692.1991	254.66	0.9583904714015672	-0.18113184913716607	
692.1991	259.38	0.8011126566475035	-2.209190992240696	
692.2693	268.33	0.7405920280535898	-2.7804349717385053	
671.4176	114.72	0.8011126566475035	1.2402047684055924	
671.4176	198.13	0.8011126566475035	1.1855334826875727	
671.4176	231.72	0.8011126566475035	1.2902114186958868	
692.4028	134.1	0.989697096842691	0.05072952230512093	
693.0736	36.93	0.881128393173224	-0.4183533824190942	
693.3978	134.1	0.8480478297581967	0.5625621402646355	C34H63O12P
694.0219	35.2	0.8011126566475035	-1.0915664691632423	
694.0219	37.71	0.8011126566475035	-1.4411489237290829	
694.0954	35.46	0.8011126566475035	0.9641633353958368	
694.0954	37.58	0.968541330982091	-0.1324193067114671	
694.1594	36.8	0.8265456369507785	-0.7477112184798035	
672.1391	36.8	0.8011126566475035	-1.135375519027589	
694.1971	248.2	0.9789212767654936	-0.0886607951485919	
694.1971	254.66	0.8418538048979756	0.6031083297867934	
694.1971	260.04	0.8094295619070632	-0.9368520454151611	
672.2167	81.69	0.8011126566475035	1.455899841961922	
696.1864	108.55	0.5950996347958651	4.2779886646295155	
540.0593	37.58	0.8044274907150538	-0.9485345321420663	
540.226	265.05	0.8011126566475035	-1.433591972775751	
672.4209	113.67	0.8787120813410505	0.4354965103730163	
672.4209	198.13	0.8011126566475035	1.1392301324579375	
672.4209	231.33	0.8011126566475035	1.4084157141379499	
697.1893	108.55	0.8011126566475035	1.635144834899409	
698.2296	256.1	0.989697096842691	0.04687148689685918	
698.2489	103.53	0.9583904714015672	-0.18392956551248912	
699.2015	81.69	0.9186460354644622	0.29038737755989047	
699.2521	103.4	0.8541520499976527	-0.539491864397925	
673.1426	36.8	0.8011126566475035	-0.9615709197403496	
700.2041	81.82	0.8115869531653531	0.9282028905914251	
700.3092	238.19	0.8322892562619122	-0.7186438221141332	
700.3092	254.13	0.8011126566475035	-1.0324634178997325	
701.2029	82.08	0.8011126566475035	1.3988740892556117	
790.5873	198.66	0.9583904714015672	-0.1731395745499154	
790.5873	201.7	0.8011126566475035	1.101405114135533	
701.3124	238.19	0.8374061791649671	-0.6568443656671091	
701.3124	254.13	0.8011126566475035	-0.9695427615029981	
701.4282	134.89	0.8335866797680238	0.6796432696525881	
701.4282	206.06	0.8011126566475035	1.0876090752892729	
702.1268	184.54	0.8237515673825011	-0.829303813992184	
702.2403	264.13	0.9519570160571823	0.19929746532195994	
702.2403	264.79	0.900010344925274	0.343626285120613	
791.5835	198.66	0.8011126566475035	-1.0743603781692252	
702.3047	277.45	0.8011126566475035	-1.8108034555184407	
702.3047	282.71	0.8406208027627152	-0.6121491812176328	
674.1446	36.8	0.9897323533469897	-0.03773526255212446	
702.4316	134.63	0.8011126566475035	1.3127945573486381	
702.4316	206.19	0.8011126566475035	1.0527325636267306	
674.2526	201.57	0.8011126566475035	0.985134326104894	
674.265	303.14	0.8807160315957355	-0.4203672271600833	
674.265	308.28	0.8011126566475035	-1.3726757398786467	
703.301	279.55	0.8011126566475035	-1.3023394895514941	
703.3062	270.04	0.9390595645633836	-0.2245164504363875	
703.3062	276.8	0.8011126566475035	-1.1327575535514665	
703.3062	282.44	0.8374061791649671	0.6496029784666562	
675.2559	201.57	0.8807160315957355	-0.42059033470556945	
704.0511	35.46	0.8011126566475035	-1.1330730538405898	
705.0547	35.59	0.8011126566475035	-1.350849702866434	
676.0194	31.0	0.8011126566475035	1.6539529313662036	
706.0529	35.46	0.9766696338847208	-0.10576337161493796	
676.1863	192.32	0.8782830730228102	0.43702673253490903	
676.1863	230.14	0.6370700206155445	-3.875286923923459	
676.2114	81.82	0.8771543538160875	0.45315595514668666	
706.187	198.53	0.8011126566475035	-1.0918358071647278	
706.187	201.83	0.825955974332634	0.7661349104404959	
706.198	209.08	0.8011126566475035	0.9917473472605797	
706.198	212.88	0.8011126566475035	2.294826725976749	
706.198	226.47	0.8011126566475035	1.3230444506223888	
676.2808	279.68	0.8011126566475035	-1.6529464459556034	
676.2808	286.8	0.8011126566475035	-1.6926329731975747	
707.1902	198.4	0.8541864493190849	-0.5383258570188912	
707.1902	201.83	0.8011126566475035	0.9821323294806491	
677.023	31.13	0.8782830730228102	0.43752450764648027	
798.5059	328.06	0.8011126566475035	1.3871080023509625	C46H74NO8P
708.1947	198.13	0.8265456369507785	-0.745078107894683	
708.1947	201.17	0.8011126566475035	1.2300894310930472	
708.1947	202.36	0.8376363252357438	0.6268055199330578	
708.1947	208.68	0.8418538048979756	-0.6045217348842252	
708.1947	213.15	0.8237515673825011	0.8286710060095233	
708.1947	226.6	0.8011126566475035	1.3387610294584158	
708.1947	238.84	0.8011126566475035	1.4099146593981382	
708.2511	213.8	0.9351415955538801	-0.24096089231582543	
708.2511	248.86	0.8652354473518036	0.49935795475322187	
708.2511	287.72	0.8011126566475035	-1.4506675765249224	
708.2587	198.4	0.9879467510809814	0.06311337862984423	
708.2587	256.1	0.8596526144884423	-0.5146463113183213	
677.2145	81.42	0.728657587150575	3.0161381139216332	
677.2841	279.55	0.8011126566475035	-1.9902736546805109	
677.2841	286.8	0.8011126566475035	-1.678678812856604	
541.2708	112.89	0.8139638558939285	0.9023766850608331	
709.262	198.26	0.9583904714015672	-0.17592578639068876	
709.262	256.49	0.9583904714015672	0.17759206904152197	
709.4335	206.19	0.8011126566475035	1.2255260176513674	
709.4335	244.23	0.8011126566475035	1.512724826734612	
710.2668	214.72	0.8825655720645704	0.4151266087698251	
710.2668	220.13	0.8011126566475035	2.436437415891945	
710.2668	264.13	0.728657587150575	-3.1406847848043262	
677.4044	206.45	0.8011126566475035	1.1392871404093239	
677.4044	243.83	0.8011126566475035	1.4640567276813288	
711.2698	214.85	0.8469356835924148	0.5753711981983858	
711.2698	220.39	0.8011126566475035	1.8715757370713304	
711.2698	264.39	0.728657587150575	-2.9552909157418257	
711.2698	274.93	0.8011126566475035	-1.6632069925853257	
799.5099	328.72	0.8011126566475035	1.395219078073771	C46H74NO8P
712.2639	214.72	0.8779488526000688	0.4428243205015905	
712.2639	220.26	0.7796522717443878	2.572513479290653	
712.2639	264.39	0.8011126566475035	-2.2932219860557037	
712.4594	220.65	0.7405920280535898	2.8094028889109164	
713.2671	214.85	0.8376363252357438	0.6365587162185573	
713.2671	219.73	0.8807160315957355	-0.4220398748390366	
713.2671	220.39	0.8011126566475035	1.0477876413913894	
713.2671	264.39	0.8011126566475035	-1.4682104304221175	
713.2671	274.67	0.8011126566475035	-2.271644735542791	
678.1868	192.19	0.903905934767067	0.33325828801380897	
678.1868	230.14	0.6370700206155445	-3.882637950638643	
678.2779	279.55	0.8011126566475035	-1.6579090107318935	
678.2779	286.8	0.8011126566475035	-1.9084040722802929	
678.4079	206.06	0.8011126566475035	1.101911506402993	
678.4079	243.97	0.8011126566475035	1.666767375224176	
800.5055	321.59	0.8011126566475035	1.744358734096364	
800.5055	328.45	0.8011126566475035	1.7668017543951842	C43H76NO8P
679.2812	279.42	0.8011126566475035	-1.2016477116156803	
679.2812	286.53	0.8011126566475035	-2.3969912011029786	
680.0585	171.65	0.9195683540147179	0.28771388028683187	
680.2435	103.14	0.8011126566475035	-1.01580035786883	
681.0592	171.52	0.9762817165263781	-0.10870857128935803	
681.2459	102.87	0.8469356835924148	-0.5904496162400311	
681.297	136.49	0.8011126566475035	-1.2413751104071205	
682.057	171.52	0.9132888066654407	-0.3083730904595174	
682.2347	195.47	0.8011126566475035	1.4430957299983924	
682.2347	234.35	0.8237515673825011	0.8281531961463788	
682.2347	243.97	0.90911780044122	0.31916664521757027	
682.2347	262.69	0.8942212125639097	0.37671557146853124	
682.3004	136.62	0.8011126566475035	-1.0781820471109378	
682.3345	267.55	0.8011126566475035	-1.0391989468929255	
682.3345	277.72	0.8374061791649671	-0.650977166222524	
803.1986	251.5	0.8376363252357438	-0.6388980887317582	
718.3026	238.19	0.8011126566475035	-1.9317200610510088	
718.3026	246.23	0.8011126566475035	-1.939036173188868	
718.3026	254.0	0.8011126566475035	-1.2854767247835766	
718.4185	133.71	0.8469356835924148	0.567766816473521	
804.1994	251.64	0.825955974332634	-0.778425948702045	
683.1441	36.93	0.9917813686607467	-0.025654749551595194	
683.3034	136.49	0.8011126566475035	-1.0964568202743779	
719.1456	225.38	0.8876703526895391	-0.3955915007069554	
805.1976	251.64	0.8807160315957355	-0.42157105686292423	
719.3051	254.13	0.8011126566475035	-1.2399747996232546	
720.1394	201.96	0.8044274907150538	0.9491128787354102	
684.3062	136.49	0.8779488526000688	-0.45104642422501673	
684.3139	254.52	0.8322892562619122	-0.7197305815033231	
720.2307	279.55	0.8011126566475035	-1.1357727287770414	
808.0392	224.99	0.8215110873536035	0.8676459113437445	
720.2956	264.53	0.8011126566475035	-2.1719078487372028	
685.3096	264.39	0.8011126566475035	1.8239534752098683	
685.3096	273.1	0.8011126566475035	1.07048206006764	
543.0255	21.89	0.8011126566475035	-2.056507516744516	
543.0255	24.26	0.8011126566475035	-1.300022909764899	
721.2338	279.29	0.8011126566475035	-1.9924038506266393	
721.2338	285.33	0.7303039299277776	-2.8932854860634207	
721.2389	102.87	0.8374061791649671	-0.6495126487236935	
810.0368	225.25	0.8011126566475035	1.154772116632769	
721.299	215.51	0.8011126566475035	1.3182763692654544	
721.299	264.53	0.8011126566475035	-1.9166018840186427	
722.2287	279.55	0.8011126566475035	-1.181681162696702	
722.2909	238.06	0.9144501506595953	0.2992641089498843	
722.2909	246.1	0.858238145852064	-0.5202158746535573	
722.6002	198.53	0.8541520499976527	-0.5437183137803129	
723.1367	36.8	0.8011126566475035	1.3832987284098357	
686.3097	287.45	0.8011126566475035	-2.035008255654617	
723.2319	279.55	0.8011126566475035	-1.757009623540677	
723.2941	238.19	0.9897323533469897	0.035466618345822945	
723.2941	245.7	0.9657610649028847	-0.13871050543494082	
723.2941	246.36	0.8942212125639097	-0.3725653363282411	
723.3085	135.96	0.8011126566475035	-2.3911640466694584	
723.4106	206.32	0.8011126566475035	1.0979347993085176	
723.4106	244.23	0.8011126566475035	1.3499465127792325	
724.2461	191.14	0.8011126566475035	1.1555545979484232	
687.313	287.45	0.8011126566475035	-1.6937987976635922	
543.2418	81.42	0.9711023493798995	-0.12143607705751608	
688.0785	35.2	0.8807160315957355	0.42075527234130267	
688.0785	37.58	0.9583904714015672	-0.16973266154696393	
724.6002	198.66	0.88614383688175	-0.406215695053626	C47H80O5
688.2689	211.18	0.8322892562619122	0.7272968555272945	
688.2689	245.7	0.9132888066654407	-0.3038811842518618	
725.6033	198.66	0.8573348050770294	-0.5284758208234813	C47H80O5
726.194	81.95	0.8480478297581967	0.5629056723429126	
726.2616	217.9	0.9132888066654407	0.30758117421388714	
726.2616	289.29	0.8011126566475035	-1.4737983018862546	
818.0681	224.99	0.9876273361011494	0.06429714998579138	
820.0663	225.25	0.903905934767067	-0.33600488670410694	
966.5447	314.21	0.8011126566475035	1.379445605524039	
727.265	217.5	0.9789212767654936	-0.08943675933049101	
727.265	289.42	0.8011126566475035	-1.2342824366392933	
727.4442	129.9	0.989697096842691	-0.056949998888924415	
727.4442	202.49	0.8011126566475035	1.0891034446498913	
967.5726	206.84	0.8011126566475035	1.0353252815122507	
728.2591	217.77	0.9691174925131566	0.13004353889194772	
728.2591	289.29	0.8011126566475035	-1.6336318747469236	
728.4474	129.38	0.8779488526000688	-0.4440880704839853	
728.4474	202.36	0.8046785277601572	0.9451402676767044	
825.5239	321.06	0.8376363252357438	0.6262772521155661	
825.5239	328.85	0.8011126566475035	1.128346386370161	
969.573	206.58	0.8011126566475035	1.0067737657902909	
969.6115	261.11	0.8942212125639097	-0.3719260194272906	
970.5744	206.45	0.8172701348057022	0.8807563504394861	
828.0968	225.38	0.9789212767654936	0.09078584042276523	
970.615	260.85	0.900010344925274	-0.34403767687317693	
971.5742	81.56	0.8011126566475035	1.7091414993945024	C47H89O18P
971.5742	206.32	0.8237515673825011	0.8144999411508747	
544.2452	81.29	0.8949152542521387	0.3670784984396826	
829.0976	225.38	0.8278501726644932	-0.7351867896004107	
971.6181	260.57	0.8322892562619122	-0.7206760397359758	
971.6844	103.0	0.8011126566475035	2.1357798791752045	
544.3005	103.27	0.8011126566475035	-0.9833445694767607	C28H48O8S
829.4366	328.72	0.8011126566475035	1.3224258655751897	
972.3771	157.28	0.8011126566475035	-1.4033977576802055	
729.1797	225.25	0.890131805062967	-0.38564248215573893	
976.1339	281.26	0.8011126566475035	-1.032169959325005	
729.2621	217.37	0.9097465837158172	0.3176598898933416	
729.2621	289.42	0.8011126566475035	-1.156199955871119	
977.1346	281.65	0.9583904714015672	0.17195541285689686	
977.6017	206.58	0.8011126566475035	1.00801008742883	
730.1803	225.25	0.9535406709157315	-0.1965997398864798	
978.5965	218.16	0.8011126566475035	1.3826875019561022	
978.6049	206.84	0.8011126566475035	0.9930213973294969	
730.2433	177.58	0.8480478297581967	0.5597962392439915	
730.2433	181.91	0.8376363252357438	-0.6259662731243942	
730.2433	185.33	0.8011126566475035	1.1758812080616252	
730.2433	189.56	0.8011126566475035	1.1171225443347683	
730.2433	194.16	0.8011126566475035	1.1371973237024433	
730.2531	284.28	0.29983266213755044	6.255016364095954	
979.6	218.16	0.8011126566475035	1.2304727765196006	
731.1783	224.99	0.9762817165263781	-0.10861053409011083	
731.255	284.28	0.21259610261589676	7.590106313846459	
980.6028	218.29	0.8011126566475035	1.287714578294038	
732.2535	284.02	0.8011126566475035	2.374524516246996	
983.5669	195.64	0.8011126566475035	1.1573771610022758	
983.5669	207.76	0.9642057819954861	0.14712924705694533	
983.5882	218.16	0.8011126566475035	1.361721478846893	
983.5882	260.98	0.989697096842691	0.04074742562521916	
984.5917	218.16	0.8011126566475035	1.2141316963573914	
984.5917	260.85	0.8708331812965778	-0.47121638893238965	
734.2187	192.32	0.8011126566475035	1.1917049984822259	
734.2187	229.62	0.8011126566475035	-1.21825751459186	
734.2302	246.1	0.8011126566475035	-1.983972125416347	
734.2302	254.52	0.8011126566475035	-1.3019659432836612	
987.6225	212.88	0.8121300456271947	0.9080176536609216	
988.626	213.15	0.8011126566475035	1.2674337867859582	
837.4979	347.04	0.7268533500206003	-3.258193445708954	
837.4979	348.48	0.9625500098971123	0.15578974558426778	
735.2218	191.93	0.8011126566475035	1.0458905357022492	
735.2218	230.01	0.8892463354317167	-0.3889440980184547	
735.2337	238.19	0.9766696338847208	-0.09984146219882463	
735.2337	246.1	0.7796522717443878	-2.5442124273316837	
735.2337	254.0	0.8221871336749397	-0.8580399603293862	
735.3492	133.84	0.8011126566475035	0.9681187893871535	
993.5552	81.56	0.8011126566475035	1.115308627493243	C47H89O18P
735.5222	158.59	0.9320527408433659	0.2511967964359918	
994.5922	206.58	0.9132888066654407	-0.3080027948625701	
995.5271	218.16	0.8011126566475035	1.3502792893465063	
995.5954	206.84	0.8011126566475035	1.1343162769685364	
996.5304	218.29	0.8011126566475035	1.420704609334191	
736.2901	217.37	0.9766696338847208	-0.10054478218337902	
736.2901	289.03	0.8039372648373201	-0.9552951358328231	
736.5253	158.59	0.989697096842691	-0.050001856082075344	
842.4918	198.79	0.8237515673825011	0.832079643530938	
997.1792	202.36	0.8011126566475035	2.071545644057198	
997.5263	218.16	0.8011126566475035	1.2705688379357158	
737.231	238.19	0.9650208892037412	-0.14204178423292696	
737.231	268.73	0.8011126566475035	-1.8774993828536013	
998.5288	218.16	0.8011126566475035	1.3447124489806002	
999.5314	218.16	0.8011126566475035	1.450324398455324	
737.2919	217.24	0.9642057819954861	-0.14731382948461424	
737.2919	288.77	0.8011126566475035	-1.3320406971466614	
737.3477	133.97	0.8374061791649671	0.6517809067482946	
1000.6174	218.16	0.8011126566475035	1.0186470122113085	
738.2957	217.37	0.9390595645633836	0.22689936571053376	
738.2957	288.77	0.8652363898776437	-0.4967694087105024	
545.2389	81.69	0.8892463354317167	0.38820861300597753	
545.2943	103.14	0.8011126566475035	-1.0590216516285598	
546.1228	220.92	0.8011126566475035	1.4110301880429144	
546.1669	184.54	0.8985213748375603	0.3589212971673654	
739.2272	268.47	0.8011126566475035	-1.129346226901619	
739.3201	238.19	0.8322892562619122	-0.7099983630656952	C36H52O16
739.3201	246.23	0.8011126566475035	-1.570766475351586	C36H52O16
1011.5231	206.58	0.8011126566475035	1.080082051078683	
1012.4971	322.38	0.8251424818831523	-0.8039084671295743	
1012.4971	328.32	0.9222164670264369	-0.27918892152254826	
739.5414	325.26	0.8011126566475035	-1.417570693522786	
1012.5258	206.45	0.8011126566475035	1.0793377675292097	
740.241	188.38	0.8011126566475035	1.0652636194403222	
1013.5229	206.84	0.8011126566475035	1.1083316383837671	
740.3229	238.19	0.8011126566475035	-1.2492491435819744	C36H52O16
740.3229	246.1	0.9898497374813381	-0.03051948274642021	C36H52O16
740.3229	254.13	0.9132888066654407	-0.30414349958209025	C36H52O16
1014.525	206.45	0.8011126566475035	1.0971769978083075	
741.2478	217.63	0.9705136400258114	0.12311657563119381	
1015.6171	212.88	0.9132888066654407	-0.3072762582967865	
744.1744	192.32	0.8702226886761376	0.4803354218090938	
744.1744	229.62	0.2929582064962758	-6.486461262762296	
1027.2543	346.78	0.903905934767067	-0.33199998268406394	
1028.2539	346.78	0.890131805062967	-0.38634984789304233	
1028.4409	199.05	0.8237515673825011	-0.816761620643528	
1028.4409	201.83	0.8011126566475035	1.0025046922397005	
1029.1974	223.28	0.7911134090821049	2.49175675911653	
1039.2267	223.41	0.8011126566475035	2.01226302533465	
1040.1243	313.43	0.9311700759617869	0.253387156148433	
1040.2299	223.41	0.7268533500206003	3.246183196597766	
748.1415	81.16	0.989697096842691	-0.04290982184791899	
748.231	103.14	0.8011126566475035	-1.9551591382983837	
1043.4272	322.51	0.7911134090821049	-2.489156867100128	
1043.4272	327.4	0.8846933508372863	0.409580021190674	
1044.4316	322.11	0.825955974332634	-0.7870207701099291	
1044.4316	328.32	0.9324066847455172	-0.249622670257775	
750.2695	188.51	0.8011126566475035	1.0105371390214308	
751.27	188.91	0.8708331812965778	0.4762985360809596	
859.5373	195.08	0.8011126566475035	1.3751027122710804	C45H81O13P,C52H76O10
859.5373	230.54	0.8139638558939285	0.8972456009107245	
752.2005	213.94	0.8376363252357438	0.6409252623254384	
752.2005	221.31	0.8011126566475035	1.7145233218391562	
752.2005	249.12	0.8011126566475035	1.3369675613793728	
547.2455	192.19	0.8700010347617225	0.48638064258012587	
547.2455	230.28	0.8559921554277228	0.5334059893852898	
753.2805	217.63	0.9572231605115128	0.18904548288967102	
753.2805	289.82	0.8633667181318725	-0.5025016603961429	
1060.5241	218.16	0.8044274907150538	0.9510085030869587	
1061.528	217.63	0.8011126566475035	1.5704958469430657	
548.067	221.31	0.8011126566475035	0.9978796693189473	
548.0913	37.58	0.8011126566475035	-1.1332202828960407	
548.1933	103.92	0.8011126566475035	-1.5922936110833559	
548.2424	238.58	0.8011126566475035	1.6649581275825067	
548.2581	264.66	0.728657587150575	-2.9883468528230397	
865.218	214.85	0.8011126566475035	1.2814413510887934	
865.218	220.0	0.8011126566475035	1.2817844341047089	
865.218	250.17	0.833436831065004	0.6985460875977282	
865.218	274.93	0.8011126566475035	-1.6226480603556932	
865.218	292.31	0.7796522717443878	-2.6023043486015043	
754.2169	214.99	0.8011126566475035	1.1222631334821453	
754.2169	220.13	0.8011126566475035	1.6364926568994749	
754.2169	264.39	0.8011126566475035	-1.8595156386106084	
754.2832	217.37	0.9390595645633836	0.22454680052411252	
754.2832	290.21	0.8469356835924148	-0.5680531476292334	
755.127	201.31	0.8011126566475035	0.965932735001235	
755.22	214.85	0.8011126566475035	1.2574202736129902	
755.22	220.26	0.8011126566475035	1.5272547065094229	
755.22	264.79	0.8011126566475035	-1.0197179330873134	
755.22	274.41	0.8011126566475035	-1.6753800570981003	
866.494	321.06	0.8011126566475035	1.1715142121715607	
866.494	328.72	0.8115869531653531	0.9099173451926796	
756.2143	214.72	0.8011126566475035	1.0718629057132987	C33H41O20
756.2143	219.87	0.8011126566475035	1.4148614134795592	C33H41O20
756.2143	264.13	0.8011126566475035	-1.3573597198341358	C33H41O20
756.2565	211.44	0.8011126566475035	0.9954371694498484	
757.2175	214.85	0.8011126566475035	1.1594209547204795	C33H41O20
757.2175	220.0	0.8011126566475035	2.094313788080535	C33H41O20
757.2175	264.13	0.8011126566475035	-2.016850990703227	C33H41O20
757.2175	274.67	0.7405920280535898	-2.750301396345825	C33H41O20
1100.5129	314.74	0.9214007389035428	0.283299316792521	
1101.2728	379.82	0.9836412188759392	0.0740502566889286	
1102.2728	379.82	0.9390595645633836	0.22574020238433246	
549.0945	37.58	0.8011126566475035	-1.0047000498287795	
1109.3032	269.65	0.8948267861994688	-0.36945851557712295	
1109.3032	270.04	0.7796522717443878	2.5655127717482222	
875.5329	194.16	0.8011126566475035	2.036064273712884	
1119.7157	245.7	0.989697096842691	-0.042557881084691225	
877.217	281.0	0.8341972859436431	-0.6723149140200421	
1120.7188	245.97	0.8412710739024254	-0.6103215414859529	
766.2361	103.14	0.8418538048979756	-0.6084769852202132	
550.0883	37.58	0.8011126566475035	-1.3507417007513354	
878.2179	281.0	0.8115869531653531	-0.9162867973270159	
879.2162	281.26	0.8341972859436431	-0.6737481769316547	
768.1935	81.29	0.8011126566475035	1.506074685713831	
768.1935	191.14	0.8039372648373201	0.9542905700873062	
880.2158	281.26	0.8867563017010657	-0.40104561848406006	
881.2136	217.37	0.8779488526000688	0.4504850001635759	
881.2136	281.65	0.948215926942673	-0.20994908963496856	
1135.7106	243.05	0.9898497374813381	0.030550079269899735	
770.211	217.63	0.8787120813410505	0.43171066721166085	
770.211	289.95	0.8846933508372863	-0.40959381582845894	
1136.7144	243.57	0.8800059615986524	0.42781058614322043	
882.0579	251.37	0.8011126566475035	-1.1401013035674894	
771.2142	217.63	0.917243176963906	0.2943366087489723	
771.2142	289.82	0.8011126566475035	-0.9876878597560014	
771.246	195.77	0.8011126566475035	1.3807783959875741	
772.0386	35.46	0.903905934767067	-0.3300227415995584	
772.209	217.5	0.9193713841644138	0.2887608731679471	C33H41O21
551.0916	37.45	0.8011126566475035	-1.1851834894977806	
773.0418	35.46	0.8115869531653531	-0.9100391793953869	
773.2123	217.37	0.9583904714015672	0.17407843355732755	C33H41O21
773.2123	289.69	0.8992072795426934	0.35142036433074253	C33H41O21
774.0399	35.33	0.8011126566475035	1.3777864329324079	
1169.7712	117.52	0.9716343940297397	-0.1200013077932967	
1173.7629	279.16	0.8011126566475035	-2.0398704063993223	
1174.7664	279.16	0.8011126566475035	-2.2164713663617497	
1175.7775	281.26	0.8011126566475035	-1.1199082159398859	
1176.7813	281.26	0.8011126566475035	-1.2832005448945332	
1177.2907	411.75	0.9132888066654407	-0.3028556819914631	
884.0558	252.03	0.8011126566475035	-1.1392231093823784	
1177.7847	281.26	0.8011126566475035	-1.2164342725254949	
1178.7879	281.26	0.8011126566475035	-1.0335280727221265	
552.1426	216.19	0.9656718873481747	-0.14046529464692864	
552.206	141.63	0.8011126566475035	1.0409933575289638	
1179.7905	281.39	0.8702226886761376	-0.4808068893788022	
552.2935	196.82	0.825955974332634	0.7817905442424139	C25H48NO10P
552.3195	103.66	0.8011126566475035	-1.9334839094226801	
886.5227	314.21	0.8418538048979756	-0.6038081883520943	
552.7615	3.94	0.8011126566475035	-0.9960609402914608	
1189.7581	259.38	0.8011126566475035	-1.4214549064202662	
1190.7614	258.73	0.8579994612483369	-0.5236501508422936	
1191.7734	261.24	0.8997871405576178	-0.34689121365011377	
892.0869	250.98	0.8172701348057022	-0.8841359056983742	
1192.777	261.24	0.903905934767067	-0.3308645238135658	
1193.7806	261.51	0.9997805980678611	-0.000292535914733938	
781.275	196.56	0.825955974332634	0.7756448170335223	
1194.7838	261.11	0.8469356835924148	-0.5848129602626486	
893.0878	251.11	0.9789212767654936	-0.089041194221383	
894.0853	251.37	0.9222164670264369	0.27738229636917194	
785.4755	32.44	0.8011126566475035	-1.7374280018638353	
1211.755	281.26	0.8011126566475035	-1.3926332794617529	
1212.7584	281.26	0.8011126566475035	-1.503431528509734	
1213.757	281.26	0.8011126566475035	-1.4107724604955634	
786.1305	198.13	0.8011126566475035	-0.9896346071446477	
1214.7578	281.26	0.8011126566475035	-1.723614847585326	
786.188	188.12	0.9642057819954861	0.14572483654482504	
1215.7599	281.26	0.9766696338847208	0.10041070598998911	
1221.7834	280.87	0.8652363898776437	-0.49563894101681943	
1222.7868	281.0	0.8335866797680238	-0.6917483928747015	
1223.7901	281.26	0.8322892562619122	-0.7121160993744442	
1224.7933	281.26	0.848319226509499	-0.5578025046736228	
1227.7499	261.11	0.8011126566475035	-1.2815433612387939	
1228.7533	260.98	0.8011126566475035	-1.4275522064886255	
1229.7519	260.98	0.8011126566475035	-1.766411115410258	
1230.7528	261.11	0.8011126566475035	-0.9752148828552483	
1231.7548	261.24	0.8011126566475035	-1.0289339401795023	C61H112N2O21
1237.7787	261.24	0.8779488526000688	0.44454309359267824	
1238.774	281.26	0.8011126566475035	-1.9054028720068954	
1239.7769	281.65	0.9917813686607467	0.02607847917374303	
1240.7802	281.79	0.9657610649028847	-0.13943555584508163	
902.1157	251.5	0.9539256540755507	-0.19459143526975814	
1243.7444	244.49	0.8702226886761376	0.48434050729529793	C61H112N2O21
1244.768	281.0	0.8708331812965778	0.47688105590148383	
903.1165	251.24	0.9766696338847208	0.10299221710662675	
904.3912	157.93	0.8011126566475035	-1.8043647660181166	
1254.7691	260.98	0.825955974332634	-0.766270039005332	
1255.7039	281.26	0.8265456369507785	-0.758889089385393	
1255.7722	260.98	0.8596526144884423	-0.515159692197874	
1256.7075	281.65	0.8251424818831523	-0.8018202606058332	
1256.7754	260.98	0.8942212125639097	0.3715108214777083	
1257.7041	281.26	0.8011126566475035	-1.6361971343291708	
1258.7061	281.26	0.8011126566475035	-1.6196074008961518	
1259.7085	281.39	0.9301473223840969	-0.2553806377456697	
1271.699	261.51	0.8374061791649671	0.6628541697841125	
1272.7022	261.51	0.8273370973838146	-0.7378269763690605	
1273.6992	261.24	0.8418538048979756	-0.6023002859176191	
1274.7014	261.24	0.8779488526000688	-0.4459906834399581	
1275.7041	260.98	0.8011126566475035	-0.9699918213163333	
913.5856	216.71	0.8453968935744957	0.5958181499090809	C49H87O13P,C49H86O15
914.589	216.58	0.8469356835924148	0.5822436378862555	C49H87O13P,C49H86O15
915.6007	218.16	0.8011126566475035	1.1527331956724212	C49H89O13P
915.6007	260.85	0.8579994612483369	-0.5217683200342652	C49H89O13P
916.6043	218.16	0.8011126566475035	1.172838173415551	C49H89O13P
916.6043	260.98	0.8676549622961702	-0.4904957760344347	C49H89O13P
917.6075	218.16	0.8011126566475035	1.1099524708853985	C49H89O13P
917.6075	261.11	0.8807160315957355	-0.42066638319083605	C49H89O13P
1336.6956	260.57	0.9944063487191748	-0.01991418552828682	
1337.699	260.57	0.8011126566475035	-1.4227919562320996	
931.5961	207.5	0.8011126566475035	1.0109932166609077	
931.5961	245.7	0.8541520499976527	0.539158923973713	
932.4732	313.03	0.8237515673825011	-0.8326126279029422	
932.5996	207.5	0.8011126566475035	0.995153438124306	
932.5996	245.28	0.8748240063683601	0.4603726514807971	
937.5829	218.29	0.8011126566475035	1.2744551398445292	C49H89O13P
937.5829	260.85	0.9228230481987918	-0.27498299235046386	C49H89O13P
938.5863	218.16	0.8011126566475035	1.3626698988480863	C49H89O13P
938.5863	260.85	0.944770895032676	-0.21491137161646431	C49H89O13P
939.5895	218.16	0.8011126566475035	1.1451873186314798	C49H89O13P
939.5895	260.98	0.9853697492231693	-0.07028833886097943	C49H89O13P
947.5901	198.79	0.9806244207802587	-0.08372374544653498	
947.5901	202.23	0.8237515673825011	0.8341558078639074	
947.5901	205.38	0.728657587150575	2.937413748154518	
947.5901	208.29	0.8011126566475035	1.0748738954901085	
951.2361	313.29	0.853188119078057	-0.5479296938228531	
951.5773	218.55	0.8011126566475035	1.3838617306853638	C49H89O13P
952.2366	313.29	0.8541520499976527	-0.5446954383890069	
952.5808	218.29	0.8011126566475035	1.493595000171605	C49H89O13P
953.578	218.42	0.8011126566475035	1.3046064289372106	
954.5795	218.55	0.8011126566475035	1.2118196956278784	
955.5817	218.29	0.8011126566475035	1.2498427061668318	
959.4504	198.79	0.8011126566475035	-1.205871011448761	
959.4504	201.44	0.8265456369507785	0.7445900368990521	
960.4533	198.92	0.8011126566475035	-1.1847464378351094	
960.4533	201.31	0.825955974332634	0.7860555210351625	
961.6063	217.9	0.8011126566475035	1.2470429501001365	
962.6097	218.03	0.8011126566475035	1.29271294634921	
963.6129	218.16	0.8011126566475035	1.2808685653434568	
