m/z	rtime	p-value	t-score	custom_id
132.0446	28.24	0.6927887189226495	-1.5852588433230361	C8H5NO
132.0527	159.14	0.8588762819350246	0.42306789177444243	
132.0769	252.96	0.15378025233503567	7.873564074232601	C4H9N3O2
175.2036	358.7	0.9637196502836383	0.14145643351168924	
218.0653	269.18	0.6725548942573717	-2.0216191008933153	
132.1152	265.76	0.6812312722528001	-1.9262982324149256	
218.1249	295.96	0.7028588590702385	1.3076860214129076	
73.0848	209.69	0.6725548942573717	2.1025969191033593	
176.0295	216.13	0.7568045540633314	0.7394275921892123	
132.9874	108.14	0.8363264300383775	-0.47178134551399703	
132.9874	110.9	0.8535984403727217	-0.43287806982493515	
132.9874	112.74	0.7476778569250115	-0.806035912991145	
132.9874	213.89	0.7324279688646349	0.8788903727596848	
133.0279	362.77	0.5180210459679307	-3.1986497292800613	
218.9434	200.73	0.7117041806630846	-1.1642481875980892	
133.0801	252.83	0.6725548942573717	2.1017414738380027	C4H9N3O2
133.0861	26.79	0.15601398583441597	7.158881205837948	
219.0267	204.67	0.8910995005723643	0.3310073876958379	
133.1014	25.2	0.9888569385269603	0.04306853142422458	
133.1014	27.84	0.9360573548977015	-0.23470267115725973	
219.0476	192.56	0.5961728158522465	2.7085219317787037	
219.0576	269.31	0.52768197174968	-3.146924895683921	C13H11ClO,C11H10N2OS
133.1222	266.16	0.6691707625569182	-2.2456837862666013	
133.1247	265.76	0.9954357987498624	-0.0124964704697742	
176.8754	200.73	0.6927887189226495	-1.5699129320022178	CK2O3
219.9076	198.21	0.9833641566518029	-0.06492041752907665	
219.9076	205.06	0.9755563481084827	0.09921958160565049	
134.0353	190.85	0.7117041806630846	1.0409956044937219	C5H8O2S
219.9468	200.73	0.7159832579971264	-0.9490610158865522	
134.0813	41.57	0.6927887189226495	-1.576215614797924	C5H11NO3
134.0813	48.95	0.7078083684410321	-1.2016844464934804	C5H11NO3
220.03	198.21	0.6927887189226495	1.6947209173283944	
220.03	204.67	0.7816482074254042	0.6420487782872952	
220.03	210.74	0.7411120002699592	-0.8303480311451146	
220.0371	198.07	0.9360573548977015	0.23146254926160634	
220.0371	204.54	0.7434583781213081	0.8227265336378661	C9H11NO3
220.1181	179.0	0.7296287733606077	-0.9076049739526498	C9H17NO5
177.8883	200.73	0.6997815410161204	1.3364427072100196	
135.0277	190.72	0.7021897504750262	1.3266559684851509	
177.9668	200.99	0.5710105090240958	-2.8743361638325027	H2KO4P
178.0242	202.96	0.8919726725103713	-0.32697714165647607	
178.0711	191.12	0.7117041806630846	1.1158680292820724	
220.9016	200.73	0.6959957269043691	-1.4578185986634091	
220.9415	200.6	0.785961293432887	-0.6187249878917856	
220.9475	200.6	0.7379828414634302	-0.842527688519696	
135.0635	50.0	0.8120052492155747	-0.5528184475177421	C8H7NO
221.0248	198.21	0.6959957269043691	1.4605436569877426	
221.0248	204.67	0.9360573548977015	0.23800534242241547	
221.0248	211.14	0.9124984879669734	-0.2816579183470586	
221.0344	204.14	0.7786484633974665	0.6696972700360608	
135.068	203.36	0.9124984879669734	0.28367271454595194	
221.8998	135.41	0.7117041806630846	0.9902413746551137	
221.8998	150.28	0.7117041806630846	1.1070257817938431	
221.9049	200.86	0.6997815410161204	-1.3356574262732885	
77.0391	159.01	0.34013037002380847	4.820244287330074	
178.8736	200.73	0.6927887189226495	-1.7714176505455501	
178.8811	198.21	0.7411120002699592	0.8308382717619126	
178.8811	205.06	0.9699498776284781	-0.11921169599769836	
77.9274	200.73	0.7492317432610285	-0.7897946595933116	
222.0956	174.67	0.8681828194750343	0.3908666169575904	C11H12N2O3
222.0956	191.25	0.7117041806630846	1.1404496997565112	C11H12N2O3
80.0032	200.73	0.7492317432610285	0.7913645101921984	
80.9873	200.6	0.6959957269043691	1.4769356261050766	
80.9937	200.73	0.7434583781213081	0.8221253123166408	
136.9098	200.73	0.6970173941851413	-1.381312947159482	
136.9109	201.12	0.9124984879669734	-0.28224618185926675	
136.9402	200.73	0.7599110540248991	-0.7145625873129104	H2KO4P
81.0453	197.02	0.9829815761725411	0.07497207527877736	
136.9695	200.99	0.7492317432610285	0.7965669343775819	
136.9707	200.47	0.7117041806630846	1.1171675468633373	
222.8997	200.73	0.7078083684410321	-1.2697984283030317	
179.0901	357.78	0.7117041806630846	-1.0818719957911713	
81.9884	200.73	0.7476778569250115	0.8072723400026588	
137.0598	204.41	0.7078083684410321	1.2283714395764251	C8H8O2
137.071	194.27	0.6725548942573717	2.1003088760795876	C5H8FNO2
223.0637	136.19	0.7078083684410321	1.2578762261842484	
137.0792	204.14	0.7117041806630846	1.1061318019536837	C6H6O
223.1078	204.14	0.7117041806630846	1.02040966757161	C9H11NO3
223.1116	302.03	0.7117041806630846	1.0473606181357347	
179.8812	198.21	0.7324279688646349	-0.8692435145356293	
179.8812	205.06	0.937846262680006	-0.22729665671738647	
137.9435	200.73	0.7324279688646349	-0.8942636102985319	H2KO4P
138.0526	222.17	0.7117041806630846	1.112480389431265	
138.9383	200.73	0.7787651247937059	-0.6529991334772813	
138.9443	200.73	0.6927887189226495	1.733856043247732	
223.1918	192.03	0.9658493941279802	-0.1313998840357572	
139.0503	182.68	0.8268569204859104	-0.5023158974044188	C6H6N2O2
84.9118	202.96	0.7476778569250115	0.8061194550417229	
139.0979	198.73	0.7324279688646349	0.8717127418441887	C6H10N4
224.1496	25.87	0.5621558265716938	2.945343212053893	
224.1496	27.71	0.6927887189226495	1.7174042822476971	C11H16N4O
139.9148	198.73	0.6456417814655374	2.4615184362064313	
139.9148	203.62	0.7324279688646349	-0.8798609383287281	
139.9417	200.73	0.9833641566518029	0.06500343759181021	
181.0948	213.76	0.785961293432887	-0.6216828018689645	
225.0347	215.73	0.8535984403727217	0.4331229196466614	
225.0468	198.21	0.7159832579971264	0.9529199888048471	
225.0468	204.93	0.8669552589064555	0.39889581985594214	
225.0468	210.74	0.7324279688646349	-0.8851021565941901	
225.1486	28.1	0.5755040671375758	2.80343668398934	
140.9364	200.73	0.7504093394238048	-0.7798050932615587	
140.9426	200.6	0.9831579484570877	-0.06948565500851822	
225.1592	26.53	0.8050210302109603	-0.5763515170231205	C12H20N2O2
86.9092	203.09	0.6725548942573717	2.0519015850112807	
87.0269	190.85	0.7078083684410321	1.2147868198638911	
141.0716	213.63	0.7117041806630846	-1.0675797790004016	
182.0926	268.78	0.7599110540248991	0.7118202976558895	C9H10N2O2,C7H15O3P
141.1136	31.03	0.8240536220027517	0.5198647935094988	
88.0221	190.16	0.6725548942573717	2.1279053186106114	
183.0226	35.89	0.6927887189226495	-1.5876726889252177	
142.0613	28.24	0.824449947892235	-0.5145084803109028	
226.1803	34.44	0.6691707625569182	-2.1934014035390157	
226.9879	212.71	0.6970173941851413	-1.3773239776556263	
89.0603	26.79	0.20487067140634052	6.315580352679435	
143.019	388.93	0.7725489778296819	-0.6909643294980116	
143.073	155.99	0.5078260985780397	3.2908686175776554	
144.0479	197.16	0.785961293432887	0.6198795639416866	
184.0857	204.14	0.6959957269043691	1.4145794757904575	
184.097	30.07	0.7117041806630846	-1.0076304522374864	
184.097	161.51	0.7117041806630846	1.0461030060854364	
144.9276	198.47	0.7078083684410321	-1.1950426105961949	
144.9276	205.06	0.7117041806630846	-1.1322865349202607	
145.0474	197.29	0.8910995005723643	0.3290049878454857	
145.0496	191.51	0.7117041806630846	1.1238559985586545	
145.0511	197.16	0.7556451483195086	0.751443226698126	
145.0841	159.01	0.627936358441661	2.5613352115802086	
95.0497	204.41	0.7117041806630846	1.1481585542263968	C6H6O
229.1437	28.1	0.7159832579971264	-0.9488148709788773	C12H20O4
229.1548	192.56	0.9658493941279802	-0.1319278450011628	
229.1548	205.06	0.7324279688646349	-0.8721757078511786	C11H20N2O3
146.0436	197.16	0.7504093394238048	0.7696313568248296	
96.0813	209.43	0.7318748106085787	0.9011233522094574	C6H9N
146.0925	254.67	0.6706422184408889	-2.1865519391589032	C7H6N2O
96.9223	198.07	0.6456417814655374	2.379269288361828	
96.9223	204.93	0.7078083684410321	1.2227307150780962	
96.9223	210.74	0.9831579484570877	0.06956477535357668	
97.0289	191.51	0.6927887189226495	1.628181801678623	
230.9952	363.16	0.6927887189226495	-1.7105353843291775	
147.0634	155.99	0.6927887189226495	1.6603289250268005	C9H7NO
98.9193	198.21	0.9056306162813823	-0.29875905456155555	
98.9193	204.93	0.7786484633974665	0.6653176924716234	
187.0578	191.12	0.7117041806630846	1.0289113739418363	
147.1164	26.4	0.3922426761995329	3.9553979586379007	
148.0393	27.97	0.6959957269043691	-1.4130598784478094	
148.0393	204.41	0.8369062165039222	0.4699390609564797	
187.1442	190.85	0.6691707625569182	2.2339773813146167	C10H17NO2
148.0475	204.27	0.6997815410161204	1.3497026668587546	C9H6O2,C2H6N6S
148.1333	191.9	0.8697537567280331	0.38574093296384265	
148.9403	200.6	0.6812312722528001	1.8925354044860248	
233.0352	269.31	0.6812312722528001	-1.9258386691120075	C14H10O
233.2013	28.63	0.8766044524900711	0.36785868106257597	
150.0245	190.85	0.8050210302109603	0.5754832526131751	
234.1966	194.53	0.8369062165039222	0.4677140429440021	C12H20N2
234.8091	198.99	0.4122246551423399	-3.7764380857759927	
234.8091	203.09	0.7492317432610285	-0.8021313757906736	
234.9173	200.73	0.6927887189226495	-1.5528707294925206	
150.0775	198.21	0.11013699388175174	-11.416946096314591	C6H7N5
235.0748	191.12	0.6927887189226495	-1.6942755418094424	C8H14N2O4S
235.0748	209.69	0.6927887189226495	-1.5374666036020872	C8H7N3O5
235.9206	200.73	0.6927887189226495	-1.5337283001086934	
150.9768	199.52	0.8300666054903997	-0.49103668525726946	
150.9768	202.3	0.7078083684410321	-1.2005964103674278	
236.0225	209.3	0.6725548942573717	2.160719747548512	
151.0581	190.72	0.6970173941851413	1.3949590571078088	
190.9876	18.86	0.7786484633974665	-0.6716992731364135	
190.9876	22.97	0.7117041806630846	-1.0884907639682977	
190.9927	267.86	0.6845005269523617	-1.8391218112645245	
236.9153	200.86	0.6787702092527116	-2.0056487080976546	
104.0534	190.85	0.7078083684410321	1.2491919612553637	C4H9NS
104.058	159.4	0.6725548942573717	2.101522040386552	
191.0816	27.97	0.6997815410161204	-1.342908316565839	C10H10N2O2
191.085	190.72	0.7117041806630846	1.0064710479519747	
152.0568	135.54	0.7787651247937059	0.6518932133997458	
152.0623	190.98	0.6959957269043691	1.4532808894406963	
191.9987	191.77	0.6812312722528001	1.9133288366055274	
192.0302	191.25	0.6822800927380217	1.8642698239213784	
192.0302	210.09	0.7379828414634302	0.8493459077865259	
105.0227	213.89	0.6927887189226495	1.7155937920943085	
192.0627	50.0	0.7117041806630846	-1.00866284309881	
105.0565	190.72	0.7157293618553003	0.9569614152906941	C4H9NS
237.8917	202.3	0.8240536220027517	0.5205221490546602	
237.9187	200.86	0.6927887189226495	-1.6117888955118853	
153.0575	190.85	0.7318748106085787	0.9018711046731561	
153.0601	135.54	0.7802551364639247	0.6475471585638121	
106.0491	190.85	0.6927887189226495	1.5106157513428595	
238.0452	294.25	0.1322052772633765	-9.490815846238293	
107.0658	190.59	0.7078083684410321	1.2629553405721532	
238.1652	27.05	0.9652985276875704	-0.13407691194896842	
238.1652	34.84	0.679546278212778	2.0007276305676553	
238.1915	192.3	0.9948487176412283	-0.017970546256809987	
154.0566	189.9	0.8027838852234301	-0.5821727811726987	
238.9136	200.73	0.7117041806630846	-1.0695255548245584	
238.9197	200.99	0.7117041806630846	-1.1656814344495365	
193.1437	34.58	0.7824871050757429	-0.6388947643340791	
193.1628	37.6	0.3565663371051188	4.349671854032836	
239.0438	269.18	0.8294849642332824	0.4936923775322196	
193.9982	201.52	0.7028588590702385	1.3070396156155326	C3H10NO4P,C7H7O4
155.0689	191.12	0.7078083684410321	1.1867473673449982	
109.0637	190.85	0.6970173941851413	1.3718500706003365	
155.0751	191.12	0.7117041806630846	0.9977558998686289	C6H6N4O
109.0652	27.19	0.5621558265716938	3.005773709359295	
109.0652	204.27	0.8833724521571016	0.3499881228167773	
194.1005	49.87	0.9645625399313613	-0.13709843944495692	C8H9NO2
194.855	198.6	0.9032348245574919	0.3065274243549963	
194.855	203.88	0.7117041806630846	-0.9902142179070516	
240.1376	269.18	0.7117041806630846	-1.0827036566169381	C16H17NO
195.08	269.18	0.6691707625569182	-2.2270152774145675	C14H10O
156.0422	200.18	0.9560056226163004	0.16945043372867064	C3H10NO4P,C7H7O4
241.0086	198.86	0.8339125481044193	-0.48249167562940826	
241.0086	202.57	0.824449947892235	0.5149099973100016	
241.0859	228.9	0.6959957269043691	-1.4505103417349678	C15H12O3
195.8552	198.6	0.627936358441661	-2.585432539200631	
195.8552	204.01	0.7324279688646349	-0.8834448680522328	
157.0761	155.86	0.6615821214432389	2.3358443818963197	
195.996	201.52	0.7052263873640819	1.3019466024389172	
195.996	214.55	0.788393073620137	0.6085759250133153	
195.996	219.54	0.6959957269043691	1.4478386542675172	
196.0175	188.72	0.7117041806630846	-1.160348975195466	
242.0189	198.6	0.8535984403727217	-0.43338038737074414	
242.0189	203.88	0.9744306735458628	0.10427903590545996	
196.0638	209.17	0.6927887189226495	1.7323722218607542	
196.0833	269.18	0.6456417814655374	-2.510046359298119	C14H10O
112.0216	197.16	0.7916479290907265	0.5999250881958238	
242.0376	220.72	0.903313217359284	-0.30545979151060204	
242.0998	179.27	0.7379828414634302	0.8499931289905466	C9H17NO5
158.0403	200.18	0.9866276320429057	-0.04893700549327245	
158.0602	28.24	0.6959957269043691	-1.451892747055324	C10H7NO
158.068	190.85	0.7117041806630846	1.0456273309616309	
242.9385	232.18	0.7630592272529503	-0.7055857684134329	
242.9385	233.23	0.6927887189226495	-1.6646143908130113	
243.0161	198.47	0.6959957269043691	-1.4256842500744944	
243.0161	203.88	0.7136029088055301	0.9767556352777043	
243.0226	198.47	0.7078083684410321	-1.211121410980962	
243.0226	203.88	0.6927887189226495	1.5220099928759556	
196.8532	198.6	0.8744879222578387	-0.37248751160984594	
196.8532	203.88	0.6959957269043691	-1.4343636404766855	
196.9615	200.73	0.9680278955761087	0.12389015127549903	
243.0409	220.72	0.999228927800123	0.0010280964928944013	
158.1005	222.56	0.7028588590702385	1.3219124826413342	C7H12N2O2
243.1033	179.27	0.7504093394238048	0.770452829614426	C9H17NO5
112.8961	200.86	0.6927887189226495	1.5329239136344002	
113.0297	197.16	0.7777227848058832	0.6806566423603775	
197.0757	269.18	0.6615821214432389	-2.306492202646802	
197.1147	135.41	0.8293919032815086	0.49576030493701295	
244.0175	203.88	0.6927887189226495	-1.698460978153481	
159.0474	136.06	0.7117041806630846	1.0631313066607733	
159.0474	149.1	0.7839707861795749	0.6360843820715114	
159.0805	25.07	0.5710105090240958	-2.87722665089432	C11H10O
244.0532	214.42	0.6812312722528001	-1.8975258514361173	
244.1294	310.3	0.9652985276875704	-0.13431530081818246	
244.1908	34.58	0.6691707625569182	-2.241546984288405	C14H21NO2
198.0876	251.39	0.009641309263940117	-22.767519534257538	
198.0975	191.51	0.6615821214432389	2.303039174578614	
198.1045	357.51	0.3565663371051188	4.383899491698891	
160.0758	27.84	0.824449947892235	-0.5178077011806547	C8H6O
160.0758	156.25	0.4836871478942463	3.412530759080941	
245.0011	233.36	0.6927887189226495	-1.5124550599467401	
114.8932	200.73	0.6065571943985906	2.636536693804943	
115.0545	155.99	0.6970173941851413	1.375092435614998	
245.9478	225.19	0.9385136532470261	0.22421385475375713	
160.1162	209.69	0.8127646887708518	0.5482660974399581	C5H11NO2
198.5455	314.11	0.7117041806630846	-1.0204780805239877	
198.9596	200.73	0.7492317432610285	-0.7876930052980331	
246.0973	191.25	0.7117041806630846	1.068990559396124	
246.1238	155.99	0.5044696089950341	3.3399237065122827	C11H12N2O2
160.9015	198.73	0.7078083684410321	-1.2418460893912955	CK2O3
160.9015	203.49	0.7078083684410321	-1.2299921103046925	CK2O3
116.0471	221.51	0.7492317432610285	0.7856832575879121	
161.0317	220.85	0.7916479290907265	0.5999776416010686	
161.0378	220.85	0.8697537567280331	0.3848533928129032	
161.071	27.97	0.7117041806630846	-0.9994489791951211	C10H7NO
161.079	27.84	0.6959957269043691	-1.488376372079563	C8H6O
116.0936	222.3	0.7492317432610285	0.7868610356960231	
199.1007	191.64	0.6927887189226495	1.5314867386251934	
117.055	25.87	0.6725548942573717	2.1588383615087587	
117.068	222.17	0.6959957269043691	1.4953478656356696	
248.0218	362.64	0.3565663371051188	-4.516743333489805	
248.1283	35.36	0.6970173941851413	-1.3736479921709122	C14H14N2O2
161.9929	199.65	0.7078083684410321	-1.2582490926493748	H2NaO4P
161.9929	201.52	0.9744306735458628	0.10496479942086255	
117.0913	28.1	0.8068634046939639	-0.5702730449094845	
162.0386	221.12	0.7586624063300684	0.7284687356424585	
162.0551	35.89	0.7078083684410321	-1.2450214968069462	
162.0551	37.46	0.6927887189226495	-1.7426080707625902	
199.5428	313.98	0.7117041806630846	-1.0335951316094847	
249.1195	299.77	0.759090057907757	0.7239949569607435	
118.0615	253.1	0.15601398583441597	7.366819030414074	C3H7N3O2
250.0176	363.29	0.7028588590702385	-1.3065321186486463	
118.0751	222.17	0.6812312722528001	1.9755603676002291	
118.0775	222.17	0.6959957269043691	1.4441484276497232	
250.0935	34.97	0.6927887189226495	1.689868910697865	
162.1127	288.18	0.7586624063300684	0.7319517593075879	C7H15NO3
118.1099	209.03	0.9478122333897764	0.191884636858984	
119.0494	204.27	0.7117041806630846	1.0056836993117506	C8H6O
119.0688	158.49	0.761672235186414	0.7083142332709516	
163.0536	214.16	0.6812312722528001	-1.8996799169607586	
119.0836	209.69	0.6927887189226495	1.5157495766003435	
200.8631	198.21	0.8333113729236984	-0.48559793272794644	
200.8631	205.62	0.7117041806630846	-0.9899166241089434	
251.0962	34.97	0.6927887189226495	1.6325468901785931	
251.0962	198.6	0.5621558265716938	3.0031219038051957	C11H14N4OS
120.0449	257.72	0.7379828414634302	0.8375146283997923	C7H5NO
120.0528	204.27	0.7117041806630846	1.0125950823489125	C8H6O
163.0979	197.16	0.7787651247937059	0.658187930533781	C6H7N3
120.0907	209.69	0.6959957269043691	1.4167736377891176	
120.0932	209.43	0.7324279688646349	0.8888830035770819	C5H11NO2
120.1022	192.3	0.7028588590702385	1.3162559776337066	C5H13NO2
201.9839	225.05	0.7545651336296186	-0.7573963383261848	C3H7NO5S2,C3H7NO5S2
121.0165	200.73	0.6812312722528001	1.9527496082054332	
202.0645	221.12	0.7078083684410321	1.2080975578299047	C6H8N4O4
202.0686	192.95	0.5710105090240958	2.8972481657845384	C6H13NO5
164.0707	204.14	0.7117041806630846	1.032981503892649	C7H6O2
164.082	33.39	0.8268569204859104	-0.5044464596893674	C6H6N2O
121.0651	159.27	0.6970173941851413	1.3806573800047126	C8H8O
121.0781	158.75	0.7117041806630846	1.011061462902955	
164.1282	190.85	0.5870529749937445	2.734028717851103	
202.9695	199.65	0.6970173941851413	-1.369964704792292	
202.9695	202.3	0.6812312722528001	-1.9246705317379798	
202.9695	214.16	0.7944511605446907	0.5942357171370215	
253.0854	187.8	0.7118952962449326	-0.9812652812788607	
253.0854	190.85	0.8268569204859104	-0.5016998302787017	C16H12O3
121.9698	199.78	0.9012133554314368	0.31041169451621586	H2NaO4P
121.9698	202.17	0.6970173941851413	-1.3882196441937977	
253.1646	31.16	0.7117041806630846	1.017840124510814	
164.9352	200.6	0.7434583781213081	0.8219114917154713	
122.0469	197.29	0.7078083684410321	1.2153411997695722	
253.2387	194.79	0.6927887189226495	-1.7757860182033518	
122.9248	200.6	0.6997815410161204	-1.3331240967106488	
122.9646	199.78	0.8294849642332824	0.494478796960935	
122.9646	201.12	0.8588762819350246	-0.4145899162497327	
203.0767	209.17	0.6927887189226495	1.717519820272489	
203.0767	214.29	0.7516631391497456	-0.767031110798955	
203.0814	27.71	0.6927887189226495	-1.5614761039335958	C11H10N2O2
203.0814	187.54	0.9412419884630995	-0.21231812759533494	
203.0814	191.12	0.6988319998763899	1.3577666168594924	
203.1028	302.82	0.7078083684410321	1.1906075882727296	
203.114	268.39	0.8120052492155747	0.5547121126860372	
203.1391	192.03	0.6927887189226495	1.6219250521447943	
254.1963	28.24	0.6691707625569182	2.241835919909948	C13H22O4
123.0684	197.16	0.7568045540633314	0.7415352411018212	
165.924	1.95	0.8186694655087923	-0.5342347397769196	
123.0749	197.16	0.765076646054214	0.7010540404629807	C6H7N3
165.9304	200.04	0.6970173941851413	1.4032638790305934	
204.0245	232.31	0.6959957269043691	-1.4719502968729206	
204.0631	197.42	0.8354619795351768	0.47477220017185284	
204.0631	204.93	0.7504093394238048	0.7708052934542833	C9H11NO3
255.101	301.24	0.6812312722528001	-1.92132083128015	C16H14O3
204.1174	191.51	0.6927887189226495	1.6808011986868272	
255.1591	31.56	0.4809564762297946	3.4460236913755624	
166.0581	204.41	0.7117041806630846	1.1366952015632121	C9H8O3
123.941	198.34	0.6959957269043691	1.4345162808480925	KO3S
123.941	204.67	0.6927887189226495	1.525621130028447	KO3S
204.9278	200.6	0.7117041806630846	-1.0129760587727412	
124.0477	204.14	0.7117041806630846	1.0564673040731152	C7H6O2
256.0169	214.55	0.7117041806630846	-1.0897728858862556	
256.0169	219.67	0.8862265120307442	-0.34527344318875103	
124.0527	33.26	0.7556451483195086	0.7493392496405301	
256.1045	301.24	0.6456417814655374	-2.3723240245875066	C16H14O3
124.0589	33.26	0.7568045540633314	-0.7399278759903999	C6H6N2O
124.0782	197.29	0.9438796685781831	0.19998271701568907	C6H7N3
205.0683	191.12	0.5710105090240958	-2.8807225689850644	
124.9229	200.73	0.6927887189226495	-1.6542763747737073	
256.9825	200.6	0.3565663371051188	4.454501150916283	
125.0599	33.52	0.7324279688646349	-0.869597054862719	C7H8O2,C7H8O2
257.0567	190.98	0.6927887189226495	-1.7900112608501557	
257.0567	209.69	0.6959957269043691	-1.4320055048221922	C8H7N3O5
125.0793	50.13	0.7078083684410321	-1.2020912925710707	C7H9NO
166.9508	200.6	0.9853598403351956	-0.054602469966533486	
126.0374	197.02	0.9680278955761087	0.12696291962666253	
126.0664	34.97	0.9829815761725411	0.07472421001923618	C5H7N3O
167.9542	200.99	0.7504093394238048	-0.7736476784568915	
206.0814	204.27	0.7078083684410321	1.2097344254475673	C9H8O3
257.9328	371.2	0.20487067140634052	-5.968324196654619	
257.9933	202.96	0.7073679969997957	-1.2949174949995896	
258.0884	269.18	0.5621558265716938	-2.96444362750445	
127.0392	191.51	0.6959957269043691	1.4305272897624546	
258.1103	314.37	0.20487067140634052	-6.168825947582605	C8H20NO6P
168.0902	159.01	0.6927887189226495	1.6301927062679205	
168.1496	191.9	0.7296287733606077	0.9082380630140685	
258.9809	200.31	0.7117041806630846	1.0491105951138608	
168.9489	200.6	0.8091834978374225	-0.561297792390066	
258.99	202.96	0.6970173941851413	-1.3799816333571497	
258.9966	202.96	0.7117041806630846	-0.986566710874677	
207.104	156.12	0.6812312722528001	1.945830409480616	C11H12N2O2
207.1857	34.84	0.3565663371051188	-4.171847715142659	
169.0691	47.77	0.7117041806630846	-1.0879061065128053	C8H9NO3
128.9328	1.17	0.9888569385269603	-0.04490233230716353	
169.0761	27.45	0.6456417814655374	-2.4247148820291216	
259.0922	269.31	0.7117041806630846	-1.0263477197698367	
259.1135	314.37	0.20487067140634052	-5.9402705450957995	C8H20NO6P
169.086	27.05	0.4513112560264957	3.5369636145917887	C9H12O3
259.9912	202.83	0.697314148553704	-1.3621768798971747	
169.1265	36.68	0.7078083684410321	-1.2590271532261585	
260.0272	294.38	0.15360269522264747	-8.058292029065914	
170.0425	320.19	0.6959957269043691	-1.438420931444922	C5H8NNaO4
170.0482	191.25	0.7073679969997957	1.2907148997600324	
170.0482	210.22	0.8488677741520654	0.44206125859698286	
260.1138	314.37	0.244597792605578	-5.531298025354812	
260.1494	26.0	0.4190417251642952	3.6362299414577652	
260.988	202.96	0.7599110540248991	-0.7142599056916707	
260.9949	202.7	0.7117041806630846	-1.1455358877110193	
130.0695	266.16	0.7117041806630846	1.1446015255780295	C5H8N2O2
261.0307	203.49	0.6927887189226495	-1.7186263240489286	
171.0785	50.43	0.8240536220027517	-0.5201109937786063	
209.0957	274.72	0.6812312722528001	1.928582039739777	C15H12O
209.1174	26.4	0.5980537297829288	2.6602745386566364	C12H13NO2
130.9298	1.17	0.8681828194750343	-0.38946957939559845	
262.1438	34.71	0.8910995005723643	-0.3314066012881873	
131.0705	27.05	0.4190417251642952	3.638728905160374	
131.0705	266.29	0.7117041806630846	0.9982807176133865	
263.0026	200.47	0.8700596993658118	-0.38351567589785046	
209.9963	198.6	0.6927887189226495	-1.5387379516495758	
209.9963	203.62	0.840001934925888	-0.460535294816056	
131.0928	192.56	0.943254793586834	-0.2080209544003943	
172.0718	300.72	0.7078083684410321	1.1908980509876137	C6H9N3O3
172.0718	308.99	0.7557233407195288	0.7471578009113655	C6H9N3O3
263.8587	198.21	0.7556451483195086	-0.7495141614464474	
263.8587	205.49	0.9782115736550235	-0.0888440782096863	
264.0819	179.27	0.7530040739689087	-0.7643272063340629	
264.9278	200.86	0.7117041806630846	-1.1300176141211151	
173.0711	26.79	0.7078083684410321	-1.184488523753007	C8H5NO
301.0296	199.12	0.9904946710464995	0.03382043458473962	
301.0296	202.7	0.6725548942573717	-2.0299956106755195	
173.0887	50.13	0.807789311478834	-0.5651894140176408	
301.1116	213.24	0.6970173941851413	-1.378933263465677	
301.2051	34.84	0.7117041806630846	-1.1451012352800016	
302.0587	220.72	0.7379828414634302	-0.8407679207649202	C16H12ClNO3,C14H11N3O3S
266.0748	157.57	0.8910995005723643	-0.3326306609575554	C9H13N3O5
266.1144	197.16	0.7492317432610285	0.7876199157105782	C14H17ClN2O
173.9832	216.65	0.7379828414634302	-0.8523280253788391	
174.0139	214.55	0.7504093394238048	0.7767316055689223	
174.0139	219.8	0.6927887189226495	1.5255874035313988	
174.0388	134.32	0.7802551364639247	0.646675605264705	
302.9046	200.6	0.6812312722528001	-1.9844489174891402	
174.0551	28.5	0.7118952962449326	-0.9808176243571557	C10H7NO2,C5H8ClN5
267.059	159.93	0.7070130527593961	-1.298069683283107	
267.0646	190.98	0.9831579484570877	-0.07006112495202739	
267.0646	208.9	0.7117041806630846	0.9891359842626383	C11H11ClN4O2
267.0975	257.72	0.7117041806630846	0.9891034434046375	
267.1074	197.16	0.7545651336296186	0.7570642327261065	C11H14N4O4,C10H18O8
211.9969	34.05	0.7117041806630846	-1.1139449139487072	
267.1175	197.29	0.7117041806630846	1.0551997948046858	C14H17ClN2O
267.1226	25.87	0.6725548942573717	2.0493085790382253	C13H11N3O
267.1452	34.97	0.8910995005723643	0.3294195970422083	C12H13NO3
304.1194	239.31	0.6970173941851413	1.3979893811422863	C14H14O5
174.149	37.6	0.3565663371051188	4.165813325241598	C9H19NO2
212.1065	269.18	0.6691707625569182	-2.221562662407707	
268.0792	191.12	0.7078083684410321	1.252011365141575	
175.0173	214.16	0.9478122333897764	0.18955824896484394	
175.0173	219.8	0.7073679969997957	1.2839378107120738	
268.1012	257.72	0.6927887189226495	1.5281488276397759	
268.1108	197.02	0.8221938326429472	0.5250593545994349	C12H14N4OS,C11H18O5S,C16H10FN3
175.0591	320.48	0.7117041806630846	-1.076388319338738	C5H8NNaO4
175.0591	321.27	0.6725548942573717	-2.0974415416918957	
268.1486	34.97	0.785961293432887	0.6175339533351126	C12H13NO3
306.0809	167.71	0.5621558265716938	-2.939678277351556	C10H13N5O5
306.1912	26.92	0.4124064758093893	3.7133533778137635	C12H24O6
269.043	35.89	0.9948487176412283	-0.01796799884013636	C15H8O5,C7H12N2O7S
269.0882	134.97	0.9866276320429057	0.049495248021445386	C9H16O9,C10H12N4O5
213.0905	252.31	0.840221657118796	-0.45929858343194285	C14H12O2
269.2155	26.66	0.6691707625569182	2.202116523548421	C13H25NO4
308.0482	205.19	0.7476778569250115	-0.8056913815288836	
308.0482	208.9	0.6959957269043691	-1.4325822815556786	
308.0482	212.32	0.7078083684410321	-1.209655871614994	
349.2305	357.51	0.17532672591964257	6.730239552020429	
270.1911	28.37	0.3400417688604611	4.947447476329748	C15H20N2O2
308.8497	200.6	0.7117041806630846	1.1023297691015457	
350.0175	212.71	0.6927887189226495	-1.5913538801017282	
350.0303	190.98	0.6997815410161204	1.3458312959439485	
350.2174	27.45	0.4190417251642952	3.6373845473783586	
270.3156	28.24	0.8755167752471672	-0.3701421178570077	
309.036	223.22	0.6959957269043691	1.4503469827456155	C15H10O6
271.0386	36.02	0.7568045540633314	-0.7424312294420776	
309.9688	297.4	0.7117041806630846	-1.065166396723642	
310.025	220.46	0.7117041806630846	-1.1322277305528483	C8H12N3O6PS
310.0698	36.02	0.7078083684410321	1.2605566135675816	C15H8O5,C7H12N2O7S
271.9731	212.71	0.9782115736550235	0.08952667515094964	
214.1416	35.1	0.941098311439026	0.21544643230937607	
272.1856	32.08	0.7117041806630846	1.083224731524147	C15H24O4
311.0227	205.62	0.953664672622383	0.1733425996279178	
311.0284	190.98	0.8130620108118508	-0.5460542341177806	
311.0284	220.59	0.9782115736550235	0.09329142942178703	C8H12N3O6PS
352.2329	26.79	0.5621558265716938	2.958212803390028	
311.059	220.72	0.7079487755628936	1.1803662640672532	
311.0614	257.46	0.9954357987498624	0.013338798264602474	
311.2065	31.69	0.8333113729236984	0.4849037433819463	C16H30MgO4
353.0478	34.44	0.7586624063300684	-0.7302458222157654	
312.0405	214.29	0.7078083684410321	-1.2322247886903608	
215.0405	214.42	0.7786484633974665	0.6692037808917513	
215.0405	219.93	0.6927887189226495	1.52421428618349	
312.238	27.19	0.5621558265716938	3.0386440292041486	C15H29NO5
273.03	205.62	0.6456417814655374	-2.471412230233347	
273.03	209.56	0.6927887189226495	-1.5751715509153286	C8H7N3O5
273.0857	2.61	0.627936358441661	2.5647403626795393	
273.0857	362.64	0.3565663371051188	-4.346910632650697	C9H13ClN6O2
313.0668	209.3	0.7117041806630846	1.1489831533740829	C15H14O6
273.091	28.37	0.6927887189226495	1.7718886172809858	C19H12O2,C11H16N2O4S
313.0747	213.5	0.9833641566518029	0.05948245744928328	C12H20NO4S
313.1043	310.83	0.7117041806630846	-1.0880530787123561	C14H12N6O3
354.0512	34.44	0.8588762819350246	-0.4191062761727533	
354.0512	220.59	0.8950761472298894	0.32127384622851357	
313.8998	201.12	0.5778440095205416	-2.776262312344432	
354.0787	25.2	0.7772037591545676	-0.6843156479258743	
354.0787	228.63	0.7117041806630846	1.0422784673109897	
354.0787	265.24	0.8588762819350246	0.42053699774062436	
274.0837	211.0	0.6845005269523617	-1.8393755442520854	C11H14ClN5
314.138	269.04	0.7324279688646349	-0.8916112942370602	C18H19NO4
314.146	134.97	0.9799205151220416	-0.08165786481709154	
274.0922	338.24	0.7117041806630846	-1.1139199491225915	
314.8979	201.25	0.7078083684410321	-1.2560453090481167	
274.0942	28.37	0.6691707625569182	2.196081401886232	C19H12O2,C11H16N2O4S
315.0623	209.17	0.6456417814655374	2.3874140433115647	C18H12O4
315.1415	269.04	0.8649151841325982	-0.4023247038903049	C18H19NO4
355.0634	35.23	0.9637196502836383	0.14151196974837085	
355.0804	228.5	0.7138873384618076	0.9641016006130244	
355.2833	25.74	0.6927887189226495	-1.7188612935681375	C21H38O4
216.0633	294.12	0.1322052772633765	-9.428954837543358	C7H12N2O3
355.9699	202.44	0.6970173941851413	-1.3909938244647417	
356.0666	35.23	0.7117041806630846	-1.1335200668641268	
356.0666	52.66	0.7117041806630846	1.0929614012896072	
356.0666	213.5	0.941098311439026	0.2159114700686321	
316.0935	187.67	0.7599110540248991	0.7123280581316289	C13H10N2O5
316.0935	191.25	0.8681828194750343	-0.38999503654378437	
216.8369	198.6	0.7117041806630846	-1.0612556624276424	
216.8369	204.27	0.7078083684410321	-1.2042713844815345	
316.9203	200.73	0.6845005269523617	-1.8383137865287467	
275.0537	209.3	0.7078083684410321	1.2635477972778482	
275.0673	187.8	0.7159832579971264	-0.9532208111277836	C13H10N2O5
275.0673	191.12	0.7504093394238048	-0.7717895879848277	C16H12O3
356.9666	202.04	0.6959957269043691	-1.4576789541067774	
317.0035	200.6	0.8176811364485247	0.5364119408774354	
357.059	35.23	0.8064718983986574	0.5717413846617655	
217.0618	269.18	0.6456417814655374	-2.4305858103266047	
357.0694	35.23	0.7117041806630846	-1.0189369407568172	
275.135	324.55	0.7159832579971264	-0.9494051710998607	C9H11N3O4
217.1048	35.76	0.9478122333897764	-0.18760178000702382	
217.1048	213.24	0.8681828194750343	-0.38868808340237043	
357.9684	199.65	0.7078083684410321	-1.2148704514366087	
357.9684	202.3	0.7318748106085787	-0.9001567388764343	
317.9237	200.73	0.6812312722528001	-1.9559526336106579	
217.1185	284.47	0.9520539955611473	-0.17951796159847025	
217.1297	266.81	0.8091834978374225	-0.5605134972275051	C7H9N3O2
358.2435	31.82	0.8734692221955259	-0.3774587898327459	
318.0061	199.78	0.807789311478834	0.5667962624351999	
358.9446	203.49	0.8120052492155747	0.5502865972225464	
318.1912	26.92	0.3856564137866093	4.019344071159478	C15H27NO6
318.8785	200.73	0.6927887189226495	-1.7039636980177513	C8H4Cl6
276.0256	188.06	0.7324279688646349	-0.8893923728168104	
318.9182	200.6	0.7117041806630846	-1.0279805669618776	
276.0574	209.03	0.7242058015029952	0.926801262116873	
400.1215	35.23	0.7777227848058832	0.6802928847027233	
400.8817	200.6	0.6456417814655374	-2.432203850138962	
319.882	200.73	0.6812312722528001	-1.919126066037076	C8H4Cl6
401.1595	28.1	0.20487067140634052	5.927230684210391	C22H24O7
401.1701	283.55	0.6970173941851413	-1.3654804053311345	
401.262	36.02	0.7117041806630846	0.988547836395334	
401.7636	36.02	0.6456417814655374	2.380825012975673	
402.2648	36.02	0.6725548942573717	2.033985898845897	
402.2698	31.56	0.6927887189226495	-1.615883446064649	
277.0491	209.3	0.7556451483195086	0.7539994048796069	
320.2068	26.53	0.1322052772633765	10.140284443931337	
320.2068	34.71	0.7556451483195086	-0.753481330155105	
320.8764	200.99	0.6927887189226495	-1.7418905290476516	
277.083	301.24	0.6812312722528001	-1.9531461502603957	C16H14O3
403.1374	36.02	0.6927887189226495	1.7247085960145014	
277.9986	214.81	0.9782115736550235	-0.09283662468319667	
277.9986	219.67	0.6927887189226495	1.6786666951714573	
322.0544	270.23	0.7786484633974665	0.6611489645739186	C14H9ClF3NO2
278.0865	300.98	0.6725548942573717	-2.08508469548225	C16H14O3
404.2066	25.87	0.3565663371051188	4.394560238689183	C23H25N5O2
405.1504	357.51	0.40104071412069353	3.9020899216177654	
362.9048	200.73	0.6927887189226495	-1.5703416895776876	
405.2099	25.87	0.824449947892235	0.5091817058230421	C23H25N5O2
406.0437	220.2	0.7117041806630846	-1.0301820688146517	
362.9564	214.16	0.6997815410161204	1.3367969408173164	
406.148	357.65	0.3565663371051188	4.419795178281702	C20H23NO8
407.047	220.33	0.7379828414634302	-0.857555328515623	
363.0155	363.16	0.6959957269043691	-1.489737686677428	
408.0478	388.8	0.8268569204859104	-0.5007055421591731	
408.0593	214.68	0.8120052492155747	-0.5521936494449126	C16H14F3N3O3S
363.1307	270.78	0.6927887189226495	-1.5607568711147723	
279.0923	34.18	0.9701992555123246	0.1159782500326588	C12H14N4O2S,C12H14N4O2S
279.0985	239.7	0.7117041806630846	1.0992880934176796	
279.0985	253.1	0.7117041806630846	-1.0187326586700405	
324.0223	198.47	0.9124984879669734	0.28503897342884216	
324.0223	204.01	0.7786484633974665	0.6614869742025024	
324.0413	220.46	0.7138873384618076	-0.9684094121509917	C16H12ClNO3,C14H11N3O3S
363.955	214.16	0.7078083684410321	-1.2522320258788369	
324.2016	26.92	0.4836871478942463	3.3998484167920244	
324.8975	233.49	0.6959957269043691	-1.4560336099244156	
364.007	179.27	0.7324279688646349	0.887592957055756	
409.0475	388.93	0.7379828414634302	-0.8532236144367802	
324.9598	191.25	0.7226340142819982	0.9376189175001705	
409.062	214.55	0.5870529749937445	-2.7380188197097493	C16H14F3N3O3S
409.0669	159.54	0.9160988637854753	0.2719342004800366	
324.9883	233.23	0.6927887189226495	-1.5806273956198138	
364.2329	27.19	0.505548660623358	3.315287784944103	
364.9526	214.02	0.6959957269043691	1.502293554155895	
279.9749	198.86	0.7028588590702385	-1.3155593171499793	
279.9749	203.49	0.7117041806630846	-1.1415767715993954	
325.0377	213.24	0.9614923027874749	0.15570038631136732	
325.044	220.46	0.7159832579971264	-0.9478372922765806	C16H12ClNO3,C14H11N3O3S
410.0455	388.8	0.8354619795351768	-0.47515346283462767	C10H14N5Na2O8P
280.0703	269.44	0.6927887189226495	-1.6930166983012362	
280.092	313.98	0.52768197174968	-3.141419517277345	C8H20NO6P
410.8791	200.73	0.7073679969997957	-1.2854651918711772	
325.9609	191.51	0.7324279688646349	0.8884751061562121	
325.9706	205.88	0.8130620108118508	0.5449403120537243	
365.9864	191.64	0.6456417814655374	2.3904733405691903	
366.0372	389.06	0.7260228823012179	-0.9214939396184214	
326.0455	220.33	0.7117041806630846	-1.0242531990632822	
326.0565	214.55	0.7117041806630846	-1.0280002154421057	
366.1089	263.79	0.7117041806630846	1.043749062286816	C10H24N2O8S2
366.1089	295.56	0.6959957269043691	-1.4334329669203236	C10H24N2O8S2
326.2172	27.84	0.7492317432610285	0.7866971758468865	C15H27NO6
411.0623	159.54	0.9056306162813823	0.30062819487509806	
411.1343	269.31	0.15601398583441597	-7.530342910609361	
411.2224	34.71	0.7492317432610285	0.7874637981126754	
326.9966	204.41	0.7379828414634302	0.8400516849092403	
367.056	308.86	0.6927887189226495	1.52005566904274	
327.0596	214.55	0.7117041806630846	-1.121371005627586	
367.1646	266.16	0.9782115736550235	0.0901470586649056	C19H19NO4
327.2013	34.84	0.6997815410161204	-1.3535399273585234	C14H30O8
327.2013	45.67	0.9160988637854753	-0.2711779066432177	
412.7461	35.76	0.6959957269043691	1.4102121343706806	
328.2329	27.71	0.40104071412069353	3.887446745126246	
414.2699	28.24	0.943254793586834	-0.20394255960353336	
414.7618	36.28	0.9833641566518029	-0.06322796307607001	
282.1195	198.07	0.4124064758093893	-3.7049138857329913	C11H15N5O4,C10H19NO8
414.8972	200.99	0.6812312722528001	-1.899765616665953	
282.1911	26.0	0.6725548942573717	2.037598544970038	
282.1911	27.45	0.3565663371051188	4.66876137182276	
282.1911	35.1	0.8369062165039222	0.46719169469461014	
329.0497	240.1	0.6456417814655374	2.370628274115468	
282.9499	214.16	0.7138873384618076	0.9706456934206954	
369.0761	266.81	0.8712994505467164	-0.38104904386850463	
369.1823	24.81	0.6725548942573717	-2.0373328658753347	C20H29ClO4,C21H24N2O4,C18H28N2O4S
369.2165	249.42	0.8064718983986574	0.5723136613378654	
329.157	250.73	0.6959957269043691	1.4949378428656286	C19H21NO4
329.2364	27.71	0.6456417814655374	2.428986735482172	
283.0632	388.93	0.9390643394806242	-0.22112040452440607	
415.2536	34.97	0.6456417814655374	2.4521373004537947	
330.0134	357.51	0.7787651247937059	0.6526682264906105	
283.1177	28.1	0.4077250182107944	3.8282533806374297	C14H18O6
415.9019	200.86	0.7492317432610285	0.7921756486670605	
283.123	198.07	0.6927887189226495	-1.8139847417094361	C11H15N5O4,C10H19NO8
283.1433	241.54	0.8803021437044117	0.3596464592985256	
283.1433	250.47	0.5870529749937445	-2.7316931161289526	
283.1543	27.32	0.785961293432887	0.6154957074441336	C15H22O5
283.1751	34.84	0.6927887189226495	-1.5898157919307692	C12H26O7
283.1751	44.06	0.7078083684410321	-1.2169566286136462	
370.2436	28.1	0.7777227848058832	-0.6795308188873481	C17H31NO7
370.7355	35.89	0.7324279688646349	0.8713730072037355	
370.7355	65.17	0.6691707625569182	-2.201020930546409	
330.7878	199.65	0.7786484633974665	-0.6633930749682805	
330.7878	201.12	0.7078083684410321	-1.1823808369582032	
330.9799	191.77	0.9986764330668682	0.002779675459552598	
416.8556	200.73	0.6822800927380217	-1.8673826117345214	
416.8952	200.86	0.6845005269523617	-1.8354112920206063	
331.1304	35.49	0.9829815761725411	0.07487008858957073	C19H17NO2S
417.0049	35.36	0.9573389069784773	0.16383796083658134	
371.2125	357.51	0.15360269522264747	8.273458258427281	
371.2275	34.97	0.8588762819350246	-0.4145524533500957	C16H34O9
371.2275	46.85	0.9906548937901355	-0.02934085368297768	
371.2559	200.31	0.8681828194750343	0.38975071018061413	
371.2559	202.04	0.785961293432887	0.6248355750139278	
284.099	167.71	0.6615821214432389	-2.3091259224111105	C10H13N5O5
418.0719	35.36	0.9888569385269603	-0.04292806875531739	C18H16ClN5O3S
332.0562	198.86	0.7476778569250115	0.807060153216237	
332.0562	202.83	0.8588762819350246	-0.4217638802721096	
332.2067	27.32	0.0033822067971532323	33.3991286980359	C16H29NO6
418.8537	200.6	0.6927887189226495	-1.7395213550724147	
418.9888	217.44	0.7492317432610285	-0.7871632757786791	
419.0749	35.36	0.8417619416953045	-0.45646620418485934	C18H16ClN5O3S
419.0749	204.67	0.9906548937901355	-0.027819476540886238	C19H18N2O5S2
419.1701	28.1	0.20487067140634052	6.20276886915427	C22H26O8
332.8941	200.73	0.6927887189226495	-1.7789269077760101	
284.9722	198.6	0.7078083684410321	-1.2356507388666187	
284.9722	214.29	0.6812312722528001	-1.9213233065301376	
372.1903	300.16	0.7117041806630846	0.9994142712280031	
285.0556	215.6	0.6615821214432389	-2.322519737433287	
420.0231	214.81	0.915155370050489	0.2764786948671688	
420.0231	219.54	0.6970173941851413	1.4008547743509874	
285.0982	34.84	0.6927887189226495	-1.517075624028354	C14H12O6
333.0411	33.52	0.6959957269043691	1.4461054512130926	
421.0262	214.55	0.8910995005723643	0.33122575333991594	
421.0262	219.8	0.9680278955761087	-0.12444677643866603	
421.2594	35.76	0.6754315678477454	2.0139121321051663	C24H36O6
421.7611	35.76	0.6725548942573717	2.076053225817227	
333.8975	200.99	0.6725548942573717	-2.0760228956328826	
421.9993	203.49	0.7492317432610285	-0.7848540921909644	
286.2117	27.19	0.3565663371051188	4.137652317652685	
422.9878	238.13	0.943254793586834	-0.20590812719715176	C19H12Cl2O5S
423.275	36.28	0.7324279688646349	0.8857471835844457	C24H38O6,C25H34N4O2
423.7767	36.28	0.7379828414634302	0.8501685121225563	
287.0448	209.17	0.7117041806630846	1.0242380852800193	
374.051	313.72	0.15601398583441597	-7.152780945781171	
424.278	36.28	0.7786484633974665	-0.6598471928540572	C24H38O6,C25H34N4O2
424.8851	190.98	0.9520539955611473	-0.17830068915859715	
424.9578	362.64	0.17532672591964257	-6.765357871200003	
288.0231	240.88	0.7108853510473572	1.1711953466605585	
288.1232	131.43	0.6959957269043691	1.4258322053321755	
425.0917	240.88	0.5180210459679307	3.2167728499803663	
425.0917	250.86	0.8218544434442099	-0.5284306599076783	
425.0917	251.39	0.6822800927380217	1.8676488511220215	
288.2897	28.24	0.9160747127781191	0.27438566044891305	
426.0584	389.06	0.8333113729236984	-0.48419288296478663	
426.0958	158.22	0.9833641566518029	-0.05909659507458189	
376.0608	228.5	0.7028588590702385	1.311865202970595	
334.8921	200.73	0.6812312722528001	-1.9362271068147507	
289.0465	191.12	0.7117041806630846	1.0219458193232835	
289.0465	208.64	0.6927887189226495	1.7181886589652768	C11H11ClN4O2
426.9731	363.29	0.6725548942573717	-2.10383121870958	
377.011	188.85	0.7117041806630846	-1.057473567076513	
289.0795	257.72	0.7379828414634302	0.8468976092072912	
377.0453	30.21	0.7318748106085787	0.9005596341941702	
377.0453	35.23	0.8588762819350246	-0.42092200512148736	
377.233	35.36	0.5621558265716938	3.015318588533603	
377.233	59.79	0.4809564762297946	3.4358441416166143	
290.0821	257.59	0.785961293432887	0.624825239170709	
290.1597	27.05	0.3565663371051188	4.279353487262081	C15H18O5,C16H14N4O
428.1301	357.51	0.6959957269043691	1.4218557552665332	C20H23NO8
335.8954	200.73	0.7274894419744553	-0.9149468220812976	
428.2491	34.71	0.7786484633974665	0.6773301372612205	
290.8837	200.47	0.6725548942573717	-2.0726035242216514	
290.8837	201.25	0.7476778569250115	0.8061053502219463	
291.0404	205.19	0.6927887189226495	-1.736583257333779	C15H11ClO4
379.0828	221.12	0.7816482074254042	0.6419399993556871	C19H17ClN2O3
291.0849	209.3	0.6959957269043691	1.4742817438097555	C15H14O6
291.1935	24.81	0.9360573548977015	-0.23270253317995088	
379.2488	35.89	0.4077250182107944	3.8352189905939666	C22H34O5
379.2682	24.68	0.6959957269043691	1.4104225795032395	
379.7505	35.76	0.6725548942573717	2.142070964167627	
336.2017	26.92	0.5755040671375758	2.8209337810293524	
291.963	201.12	0.7078083684410321	-1.2061991820970024	
336.8899	200.86	0.6927887189226495	-1.5557032279049339	
430.8712	200.86	0.6822800927380217	-1.870389579083046	
336.9857	217.44	0.7599110540248991	-0.7155002309926395	
292.0161	269.57	0.6812312722528001	-1.964497337098222	
337.0356	33.26	0.7159832579971264	-0.947186723408069	
380.0615	36.02	0.753222542465883	0.7628544059704032	
380.0852	221.12	0.7379828414634302	0.8382788837662518	C19H17ClN2O3
380.2518	35.89	0.3565663371051188	4.139475150893324	C22H34O5
431.8745	200.86	0.7078083684410321	-1.219357252308909	
292.1756	27.19	0.3565663371051188	4.1469287831025134	C15H20O5,C16H16N4O
292.2017	24.68	0.7265352093154515	-0.9196781568513547	
292.9597	214.42	0.7073679969997957	-1.2822083373695916	
432.0844	240.75	0.7274894419744553	-0.9151228020434293	C18H23FINO2
432.2803	34.97	0.7786484633974665	0.6600296388984503	
432.2803	48.17	0.7324279688646349	-0.8839840559598856	
381.9368	204.67	0.7586624063300684	0.7270769358426984	
293.0803	209.43	0.6970173941851413	1.3658295222785477	C18H12O4
432.8691	200.73	0.9833641566518029	0.06281759065615476	
338.0196	214.55	0.9833641566518029	0.06163084041180044	C6H8N3O7P2
338.0196	219.54	0.6845005269523617	1.8365149853770273	
433.2838	34.97	0.997460658237278	-0.007440592957226917	
433.2838	48.3	0.7787651247937059	-0.6569906009055297	
293.9475	188.85	0.9360573548977015	-0.23046362508666096	
433.8729	200.86	0.7117041806630846	-1.1352054218093262	
294.0483	388.93	0.785961293432887	-0.618348401298476	
434.125	221.64	0.6997815410161204	1.3419516601865213	C20H21N5O3S
434.3125	24.81	0.6725548942573717	-2.030344782865781	
434.7593	35.89	0.7117041806630846	1.0223194513275615	
434.8675	200.73	0.8588762819350246	-0.42138593014568276	
339.0232	214.55	0.8176811364485247	0.5370988275981081	C6H8N3O7P2
339.0232	219.67	0.7117041806630846	1.0724302651680708	
339.0486	197.16	0.8458135333927325	0.4486604016517867	C14H13Cl2NS
339.0486	205.19	0.7117041806630846	1.1576861624831178	C14H13Cl2NS
436.2831	28.37	0.5755040671375758	2.802451590963359	
436.775	36.54	0.7117041806630846	-1.0760650418105946	
339.996	198.86	0.6959957269043691	-1.500126140584514	
339.996	203.22	0.6927887189226495	-1.5373656251256507	
385.1128	270.39	0.6927887189226495	-1.5791973538491018	C17H20O10
295.0339	162.16	0.8037509433785334	-0.5790095115238241	
437.9732	198.99	0.7117041806630846	-1.1564433357694355	
437.9732	202.83	0.6959957269043691	-1.4765536565283524	
295.0777	357.51	0.7073679969997957	1.2834496351371003	
386.8172	199.52	0.6927887189226495	1.6613152671281144	
386.8172	201.91	0.6927887189226495	1.5486327577631835	
340.9929	203.49	0.6615821214432389	-2.319665716298641	
295.9488	202.44	0.6927887189226495	-1.5359246770228967	
341.0285	238.0	0.6927887189226495	-1.5593369007242124	
341.0445	205.19	0.753222542465883	-0.7619119846146042	
296.0089	33.26	0.7411120002699592	-0.8309631071453446	
341.1489	270.52	0.7078083684410321	-1.2580247286235475	
387.0447	388.93	0.9573389069784773	0.16402175222003582	
387.0849	159.54	0.7492317432610285	0.7960373414102682	
387.18	25.87	0.3044145636395589	5.1533890637995565	C22H26O6
441.0568	204.93	0.7117041806630846	1.1050034248466294	C19H18N2O5S2
441.1521	28.1	0.3922426761995329	3.9604905938847357	C22H26O8
296.9261	29.15	0.7078083684410321	1.1833758605970164	
296.9281	199.52	0.6725548942573717	-2.0564916164300766	
296.9281	202.44	0.9751255928317802	0.10176253480480549	
296.9456	199.26	0.7465863325087032	-0.815896486665119	
296.9456	202.57	0.7078083684410321	-1.2446561092119703	
388.0804	363.03	0.6725548942573717	-2.1594361251873346	
388.1834	25.87	0.505548660623358	3.3094336850981048	C22H26O6
388.2541	34.97	0.9478122333897764	-0.18749438466178173	
388.2541	46.72	0.7586624063300684	-0.73458806503913	
297.0492	187.41	0.6812312722528001	-1.9474271066518998	C13H10N2O5
297.0798	221.51	0.7117041806630846	1.1392892316674834	C9H14N4O6
297.1016	30.21	0.9645625399313613	0.1369852779308031	
342.1526	270.78	0.8130620108118508	-0.5454654835196984	
342.1693	240.1	0.7078083684410321	-1.232410166498184	
443.2726	35.89	0.6959957269043691	1.4781675980724756	
297.1908	31.16	0.7786484633974665	0.6630120143844593	
443.7742	35.89	0.6691707625569182	2.2161721629119837	
444.1527	310.83	0.6927887189226495	-1.7029996751609688	C19H19N7O6,C19H27N3O5S2,C19H19N7O6
342.9704	192.69	0.9782701773688188	0.08677120354531928	
342.9704	203.88	0.9645254130759562	0.13901573257766278	
444.2756	35.89	0.7324279688646349	0.8827154797393734	
444.9602	214.16	0.6927887189226495	1.610151483371023	
298.0221	205.32	0.7117041806630846	1.113330195999843	C14H13Cl2NS
298.0333	209.3	0.7078083684410321	1.1820555544167408	
389.0803	159.4	0.9637196502836383	0.14520433927925666	
445.0748	204.01	0.7138873384618076	0.9696872870502833	
389.2576	34.97	0.7944511605446907	0.5947478267284337	
389.2576	46.72	0.3565663371051188	-4.217581436939158	
445.2882	36.41	0.9904946710464995	0.03428022638559429	
445.7899	36.41	0.6927887189226495	-1.8039648390375824	
343.2955	37.99	0.7379828414634302	-0.8402780660017694	
298.0833	221.51	0.7117041806630846	1.0496096058077171	C9H14N4O6
298.0968	34.58	0.6927887189226495	-1.573004874167753	C11H15N5O3S
298.2224	30.77	0.6927887189226495	1.5294650888934964	
446.2911	36.54	0.7118952962449326	-0.9800875840714021	
446.296	31.95	0.6927887189226495	-1.6317250355450725	
344.0364	270.1	0.9723665721520988	0.11024798229142652	C14H9ClF3NO2
390.7329	35.49	0.7324279688646349	0.87323272868565	
344.2279	34.84	0.6691707625569182	-2.275189583762826	
344.2279	45.24	0.7324279688646349	-0.874649622025027	
448.0779	158.49	0.9462237255430347	0.19536413233230507	
299.0439	238.39	0.8936902138736281	-0.3239244024132669	C12H10N2O5,C9H11FN2O6
299.0649	301.11	0.6927887189226495	-1.6194709660156275	
448.9552	362.5	0.6927887189226495	-1.5474504724436706	
391.058	266.81	0.7885433978153811	-0.6073938515796174	
299.2581	32.34	0.7117041806630846	-1.057457142749919	
345.2314	34.84	0.7159832579971264	-0.9469531381341543	
300.0431	232.05	0.6959957269043691	-1.4596502724949267	
450.0747	388.8	0.924037827052007	-0.2559043683404143	
392.7486	36.02	0.7786484633974665	0.6719366597703306	
300.2017	34.84	0.6725548942573717	-2.058977024132208	
451.1891	251.52	0.6725548942573717	-2.1411524813775915	C24H31ClO6
347.0941	267.07	0.7379828414634302	0.8380221999574277	
393.0193	35.36	0.6959957269043691	-1.4514772456578888	
452.1278	209.3	0.7117041806630846	1.000000000000001	
393.0621	220.46	0.7073679969997957	1.2828672513950399	
393.2504	36.02	0.6725548942573717	2.0287133522738268	
348.0976	267.07	0.7078083684410321	1.2183803091695764	
467.3014	36.68	0.943254793586834	0.20759993391404147	
452.9848	209.3	0.6456417814655374	2.4743200572976503	
452.9948	35.23	0.8681828194750343	0.392894459272306	
467.803	36.68	0.7492317432610285	-0.7840544867233357	
467.9999	362.64	0.5980537297829288	-2.680829361125702	
467.9999	363.69	0.7078083684410321	-1.2187090333311719	
453.947	202.04	0.6927887189226495	-1.6705789656319707	
469.0179	389.06	0.785961293432887	-0.6170494632732253	
560.3278	34.97	0.6927887189226495	1.5816737675693529	
469.1801	360.14	0.6959957269043691	-1.4217015833420312	
469.1801	365.82	0.15601398583441597	-7.254777769248652	
454.9447	202.04	0.7078083684410321	-1.2288894986094896	
454.9887	35.23	0.7117041806630846	1.1510514781424035	
454.9887	52.66	0.6927887189226495	-1.5842685305650108	
395.2922	24.81	0.8738676581146921	0.3753970553141208	
455.1606	268.91	0.9438796685781831	-0.1992389269032113	C24H29ClO5,C22H28N2O5S
455.2487	34.84	0.9202354067525925	0.26346732356939995	C20H38O11,C24H38O6S
455.9454	202.04	0.7073679969997957	-1.2870674922506378	
470.0188	388.8	0.9948487176412283	0.019871412808740403	
455.9804	425.87	0.7117041806630846	-1.0671133747661283	
561.024	35.76	0.9680278955761087	0.12369113953177398	
561.024	202.96	0.8806148962372514	-0.3552632996992476	
561.3313	31.42	0.9507149887310015	-0.18291815717177276	
561.3313	34.97	0.6927887189226495	1.8088326933249665	
561.3582	35.89	0.7786484633974665	-0.6618448412412008	
471.0158	388.93	0.9799205151220416	-0.08263270775884766	
396.2941	24.81	0.20487067140634052	-5.934179457645842	
458.2961	28.24	0.7108853510473572	1.1707760242405938	
458.3325	28.1	0.6927887189226495	-1.666222247132879	
472.2753	34.84	0.8091834978374225	0.5620354003793107	
473.1712	252.31	0.6725548942573717	-2.1496325436939703	C24H31ClO6
474.0314	220.2	0.7078083684410321	-1.2696985908394116	
564.359	35.23	0.5621558265716938	2.9392983246540325	
564.359	54.5	0.6927887189226495	1.7252202664930854	
460.3117	28.76	0.6812312722528001	-1.8938522732073992	
397.9108	203.88	0.9160988637854753	0.270457189723443	
475.0647	35.63	0.6456417814655374	2.43569877492457	C20H20O10S
475.0647	220.33	0.7078083684410321	1.216052714259858	
461.0489	203.49	0.8984835564275648	-0.3152013333594615	
461.0858	220.72	0.9523436128916881	0.17695496457343043	C25H16O9
565.3625	35.23	0.5755040671375758	2.832000034946843	
565.3625	53.97	0.6959957269043691	1.4634112896779317	
462.0455	203.49	0.9948487176412283	0.016979647466614074	C19H18N2O5S2
398.0428	228.37	0.7021897504750262	1.328057986576187	
476.3037	35.1	0.7028588590702385	1.3213570854572332	
476.3037	49.61	0.7476778569250115	-0.8112037881773805	
566.3647	35.23	0.8803021437044117	0.3595135448308313	
398.2406	24.81	0.6456417814655374	-2.418413605308395	
476.9708	35.36	0.785961293432887	0.6158271901130669	
476.9708	52.66	0.7078083684410321	-1.2455549600127016	
477.0228	202.96	0.7117041806630846	-1.0577333437139935	
477.1425	269.18	0.6691707625569182	-2.198185764356061	
566.9654	362.64	0.3565663371051188	-4.235759867362712	
399.0275	36.02	0.8268569204859104	0.49979660506944323	
399.0275	52.92	0.7078083684410321	-1.222487006686968	
477.3098	35.1	0.7108853510473572	1.1729079027210114	
477.3098	49.61	0.8429444665211729	-0.453802250252532	
477.973	35.36	0.627936358441661	2.559098402217117	
478.0201	203.09	0.7274894419744553	-0.9168464889554755	
464.8776	190.72	0.824449947892235	-0.5118851365660476	
464.8776	193.22	0.7117041806630846	1.1042181000140334	
464.8776	195.97	0.7586624063300684	0.733652987742539	
399.2463	35.49	0.3565663371051188	4.351727845083328	
399.748	35.63	0.5755040671375758	2.803509475811546	
399.748	63.46	0.6353654367552506	2.540838365949685	
568.3614	29.15	0.9637196502836383	-0.14318130379815297	
568.3614	34.84	0.9565001746303773	0.16784762934205527	
465.2857	36.15	0.6812312722528001	1.9556041024709012	
465.7874	36.15	0.6959957269043691	1.4107154826455222	
568.863	29.29	0.9699498776284781	0.11728803097788798	
568.863	34.84	0.9160988637854753	0.27186688549643334	
480.3092	28.5	0.7078083684410321	1.193568072443746	C23H46NO7P
480.3092	34.58	0.7117041806630846	1.0169185390479851	
466.2888	36.28	0.9622461959193823	-0.15277761227147116	
480.8109	28.63	0.824449947892235	-0.5133085743782394	
570.0499	220.06	0.7028588590702385	-1.3066038428980347	
571.0532	220.2	0.7118952962449326	-0.9822950348248096	
482.3245	127.58	0.7242058015029952	0.9283915061795832	C23H48NO7P,C25H43N3O6
572.0656	214.94	0.7586624063300684	-0.7296909216874179	
485.2894	24.81	0.7476778569250115	-0.8076864096168342	
486.9762	217.44	0.7078083684410321	-1.1870875852198628	
575.3513	35.36	0.7117041806630846	0.9875084369894186	
575.6993	35.89	0.9072063127895619	-0.294901128079252	
487.2988	36.41	0.6970173941851413	1.3667601728028802	
487.3526	122.19	0.7117041806630846	1.1144025251929395	
487.8004	36.41	0.8744879222578387	0.372354330610774	
488.0468	220.2	0.7098710920991858	-1.1765337972401397	
576.0337	36.15	0.7138873384618076	-0.968910827091156	
488.3008	36.54	0.6845005269523617	1.8502316818292923	
488.356	122.33	0.6927887189226495	1.6528549953841665	
577.3668	38.51	0.8268569204859104	-0.5015747951302673	
577.8696	38.51	0.970260340161374	0.11490667308003787	
489.0502	220.2	0.7241187521475035	-0.9322994743097376	
489.3144	37.07	0.7492317432610285	-0.790871210913794	
489.8161	37.07	0.8881218682788055	-0.3413329717854322	
672.006	217.44	0.8037509433785334	-0.5797627383161784	
490.0624	214.81	0.7118952962449326	-0.9824144947104351	
582.0727	35.63	0.5180210459679307	3.1915853839266037	
582.0727	52.92	0.6456417814655374	-2.4356672633230123	
582.9951	217.18	0.7586624063300684	-0.7255652080514599	
494.3245	126.79	0.6812312722528001	1.8939041138006558	C24H48NO7P,C24H48NO7P
584.0292	214.94	0.8429444665211729	-0.4530955235508703	
584.0292	219.54	0.6959957269043691	1.5023924063184018	
674.4437	35.49	0.7641756805308746	0.7031882580158063	
674.7784	35.36	0.8120052492155747	-0.5555970597305736	
704.1289	35.76	0.8354619795351768	-0.4787122855539724	
704.2127	24.02	0.9906548937901355	-0.02824839510446629	
704.5399	150.58	0.7599110540248991	0.7187436672520915	
500.874	363.16	0.6927887189226495	-1.7339558527579324	
500.9919	217.83	0.7157293618553003	-0.9573837547639389	
501.9952	217.44	0.7379828414634302	-0.8407735544495507	
502.0261	214.94	0.9833641566518029	-0.06177100640657422	
502.0261	219.41	0.7117041806630846	1.1592516007517635	
502.1852	240.62	0.7078083684410321	1.2392113700519274	
502.3161	24.94	0.6927887189226495	-1.7993162341452305	
502.3222	28.24	0.6970173941851413	1.3906948169328583	
502.3222	35.1	0.9699498776284781	0.11922407122795943	
502.8239	28.63	0.9983972213346555	-0.0041663159319832895	
502.8239	34.71	0.7916479290907265	-0.600386158881495	
590.3749	36.28	0.9954357987498624	-0.01215570632870819	
503.1176	360.4	0.6927887189226495	-1.7129405331993868	
503.1176	361.19	0.0033822067971532323	32.793810027277104	
503.1176	365.13	0.14865028817532155	-8.833900079072023	
590.709	36.28	0.8354619795351768	-0.4764842396641006	
590.876	29.42	0.8738676581146921	0.3750402826068265	
590.876	34.84	0.8588762819350246	0.41695780728043297	
504.1155	360.4	0.6927887189226495	-1.530872939497168	
504.1155	365.26	0.15360269522264747	-8.143412816655449	
591.3783	36.28	0.824449947892235	-0.5138473658796214	
504.338	29.02	0.4122246551423399	-3.758865944960736	
678.291	269.04	0.7592598034591534	-0.7221017516299911	
678.4269	28.24	0.6970173941851413	1.4006110442422237	
678.4269	30.34	0.9744306735458628	0.10388340328822841	
678.4269	35.1	0.807789311478834	-0.5651749314445434	
678.4269	38.12	0.824449947892235	-0.5085743030066731	
678.7924	268.65	0.6927887189226495	-1.5296934721664937	
509.3119	36.54	0.9222398853063006	0.26004943981796347	
509.8137	36.68	0.7078083684410321	1.2488533142988179	
597.0107	217.83	0.7916479290907265	0.599630246762485	
598.0141	217.83	0.6927887189226495	1.5299023726694276	
678.9286	30.34	0.7379828414634302	0.8392422473563191	
678.9286	31.42	0.8681828194750343	0.3925482822688674	
678.9286	35.1	0.9390643394806242	0.22088853043564236	
511.3276	37.2	0.8588762819350246	-0.41848716760162646	
599.0157	217.83	0.7599110540248991	0.7116048800508079	
511.8293	37.2	0.9896064793371107	-0.037929304012073325	
679.0137	217.83	0.7864435874339426	0.6123951540756198	
512.8745	200.73	0.7078083684410321	-1.1871077865784005	
513.1062	228.11	0.7242058015029952	-0.9279368313605064	
514.8327	200.73	0.6927887189226495	-1.6380480428002078	
514.8724	200.73	0.6997815410161204	-1.34261644169506	
679.5154	217.31	0.9723665721520988	-0.11065906199742574	C40H70O8
603.5226	200.18	0.785961293432887	0.6207246336536333	
603.5226	202.17	0.6927887189226495	1.7652058458520623	
515.1609	240.88	0.6970173941851413	1.3853070108606635	
515.1609	250.86	0.9478122333897764	0.19122110842656442	
604.3539	35.1	0.6725548942573717	2.1266217745613987	
604.3539	50.95	0.9124984879669734	-0.28166526100405853	
605.0504	36.54	0.6812312722528001	-1.9057802686399534	
516.1282	221.12	0.9744306735458628	-0.10364297985188423	
516.3016	34.84	0.8363264300383775	0.47211355153568646	C26H45NO7S,C26H45NO7S
605.3573	35.1	0.6691707625569182	2.2570923612491733	
605.3573	50.82	0.6927887189226495	1.5432067939644516	
605.3845	36.41	0.7241187521475035	0.9331210810319264	
516.8308	200.86	0.6927887189226495	-1.6607118831914656	
680.0171	217.83	0.7562762196003902	0.7443142621973541	
516.9976	35.36	0.7117041806630846	1.1281139768593957	
517.0123	217.83	0.824449947892235	0.5108020775167443	
517.305	34.84	0.8637187470342399	-0.40570803988695286	C26H45NO7S,C26H45NO7S
517.3309	35.36	0.7592598034591534	0.7216910191826602	
518.0157	217.7	0.7562762196003902	0.7449833199089014	
518.3536	28.37	0.6927887189226495	-1.8000939889822651	
608.3853	35.36	0.7324279688646349	-0.8757218110537945	
608.3853	57.16	0.7138873384618076	-0.964589509951644	
609.3887	35.36	0.7787651247937059	-0.6531917507545325	
521.3363	35.1	0.6927887189226495	1.7117916630535432	
521.3363	51.87	0.9896064793371107	0.0381308682954626	
610.3911	35.36	0.6691707625569182	2.219288250651056	
523.0984	240.1	0.6456417814655374	2.4401068058513498	
523.0984	251.91	0.6927887189226495	-1.66280434043393	
610.8514	200.86	0.9227272375838341	-0.2584785331833447	
611.3142	124.3	0.7117041806630846	1.0444835135554031	C37H42N2O6
524.0228	35.23	0.6927887189226495	1.579867169108425	
524.0228	52.66	0.6927887189226495	1.5330398277405985	
681.0189	217.7	0.9906548937901355	-0.02756595122390819	
524.3352	28.89	0.7504093394238048	0.7812456419290082	
524.3352	34.71	0.7324279688646349	-0.881223973662769	C28H41N7O3
524.8369	28.89	0.9251423799813158	-0.2535805304766969	
524.8369	34.71	0.9699498776284781	-0.11747583910426451	
525.0252	35.23	0.6927887189226495	1.7484333157916168	
525.0252	52.66	0.7078083684410321	1.196595439439208	
526.024	35.1	0.785961293432887	-0.6145324888371992	
526.024	52.66	0.9983972213346555	-0.004830370695365018	
526.0979	360.27	0.6927887189226495	-1.687401455369101	
526.0979	365.95	0.6691707625569182	-2.2811499647163083	
526.1223	241.28	0.4124064758093893	3.7366414972869655	
526.1223	250.47	0.52768197174968	-3.1357384046031505	
612.3877	29.68	0.9755563481084827	-0.09995789466944617	
612.3877	34.97	0.941098311439026	0.2160555323194752	
527.1425	278.14	0.6927887189226495	-1.6691954810940008	
527.1782	257.59	0.7787651247937059	0.6565819810116688	
612.8094	200.73	0.6456417814655374	-2.434886925332753	
612.8498	200.73	0.8463666390099992	-0.44665828665856067	
612.8894	29.81	0.9360573548977015	0.23366597399985786	
612.8894	34.97	0.6927887189226495	1.646092235219799	
528.0172	34.84	0.807789311478834	0.56782557484187	
528.0172	52.66	0.7379828414634302	-0.8473508451432274	
528.3933	124.43	0.7117041806630846	1.0136323219625796	
528.8483	200.86	0.5277424817312918	-3.1237732725790877	
529.8517	200.73	0.7556451483195086	0.7518980580581484	
530.3475	24.81	0.8463666390099992	0.44605001499341784	
708.0989	220.46	0.9039056103950734	0.3037691043086518	
530.403	124.43	0.7117041806630846	1.0062247864511604	
530.8465	200.86	0.683433064463555	-1.8595074973862722	
531.1241	240.1	0.9906548937901355	-0.03151398390269313	
531.1241	251.39	0.7504093394238048	-0.7700099997662079	
531.325	36.81	0.9385136532470261	0.2235295129739815	
531.4057	124.43	0.7117041806630846	0.9948500606618065	
531.6729	35.49	0.7777227848058832	-0.6816313374061642	
531.8267	36.68	0.824449947892235	0.5101456867527824	
708.2139	221.51	0.7242058015029952	0.9268134804919822	
618.2358	240.1	0.6959957269043691	1.4386410356910462	
618.2358	251.52	0.7242058015029952	-0.9258621237566705	C33H36N3O7P
618.7376	240.23	0.7117041806630846	0.9952471220767575	
618.7376	251.78	0.3565663371051188	-4.171624462325704	
532.8449	200.73	0.6997815410161204	-1.3435799511605644	
619.2361	240.49	0.7138873384618076	0.9660510047552895	
619.2361	251.91	0.7117041806630846	-0.9865363750405969	C33H36N3O7P
619.7256	36.81	0.7296287733606077	-0.9078620785902224	
533.3407	37.73	0.8968637168771882	-0.31813594237564014	
533.8424	37.86	0.9896064793371107	-0.036999621901544835	
620.06	36.68	0.6691707625569182	-2.228001399729147	
620.394	36.94	0.7138873384618076	-0.9722080397460918	
536.1216	241.02	0.6927887189226495	1.6086717106753794	C20H22N8O6S2
536.1216	251.52	0.7586624063300684	0.7259765263688691	C20H22N8O6S2
537.117	240.62	0.6927887189226495	1.6900668481894054	
537.117	251.13	0.5180210459679307	3.209031943578018	
625.0922	220.46	0.7540259235847413	-0.7598634704375733	
538.1192	251.65	0.6810955617967654	1.9948334394738994	
625.9852	216.52	0.7117041806630846	1.1399888092718882	
625.9852	219.01	0.736039542637518	0.8625630157732815	
626.8253	200.73	0.6927887189226495	-1.6949718989332674	
627.8286	201.12	0.8784919113600819	-0.3636396640288558	
628.824	200.73	0.7117041806630846	-1.1017509726829584	
629.2268	239.31	0.9866276320429057	0.05035963977298814	
629.2268	253.23	0.7117041806630846	-0.9928131557235285	
541.049	34.97	0.7078083684410321	1.262855226047581	
541.049	52.79	0.6812312722528001	1.9556412910518004	
630.4176	30.07	0.8009386957491942	0.5853959336816404	
630.4176	35.23	0.8681828194750343	-0.3906924721994733	
542.9657	363.16	0.5980537297829288	-2.6577405361946593	
543.089	220.59	0.9632346532966225	-0.14786331547011894	
545.0182	216.91	0.9896064793371107	0.038121328111074555	
545.1654	362.24	0.6959957269043691	-1.4488012589914139	C27H28O12
546.3485	35.49	0.8862265120307442	-0.3445958637033367	
546.6831	35.76	0.7242058015029952	0.9248985585277122	
546.8501	29.02	0.9412419884630995	0.2128917044649263	
546.8501	34.71	0.9632346532966225	-0.1475759416566103	
634.9023	30.07	0.7146573256416144	-0.9619347792383363	
634.9023	34.97	0.7117041806630846	-1.038462704733544	
635.4042	28.24	0.7078083684410321	1.2280191946897372	
635.4042	29.81	0.7117041806630846	1.0310510075458224	
635.4042	34.97	0.7324279688646349	0.8783626340606074	
635.4042	36.81	0.7117041806630846	0.9947337491103145	
547.3523	28.24	0.9888569385269603	0.04200611955087115	
547.3523	34.97	0.8120052492155747	-0.5505493946631722	
548.3642	29.15	0.7434583781213081	-0.8245360355881924	
638.0122	217.83	0.6822800927380217	1.8679936257341088	
638.5139	217.44	0.7117041806630846	1.0249458186917506	
551.3816	124.43	0.7157293618553003	0.9571969293249948	
551.9241	202.04	0.6970173941851413	-1.3893528669489434	
640.9325	363.16	0.6927887189226495	-1.764692268787189	
552.3849	124.3	0.7117041806630846	1.0016933669054937	
553.338	35.36	0.8618582636145485	0.4089211960087033	C30H48O9
553.338	37.2	0.9622461959193823	-0.15293110796168016	C30H48O9
643.1328	362.5	0.34013037002380847	-4.8148377455194655	
644.135	362.64	0.5180210459679307	-3.255155652283336	
555.3538	37.86	0.8910995005723643	-0.3305976235614377	C30H50O9
555.8554	37.99	0.7786484633974665	-0.6603645309985	
645.0931	35.36	0.785961293432887	0.6270302079566586	
645.1293	362.11	0.6927887189226495	-1.5121477559101868	
645.4277	35.23	0.785961293432887	0.6194950353811425	
556.0343	220.2	0.6927887189226495	-1.6363454631607193	
711.2691	252.18	0.5980537297829288	-2.6938550370730323	C44H34N4O4
648.3802	35.1	0.5180210459679307	3.1991040911167046	
648.3802	52.79	0.8354619795351768	0.47822493172833896	
649.0762	37.2	0.7358613042260677	-0.8639255665822683	
649.3834	35.1	0.6725548942573717	2.078312733914628	
649.3834	53.32	0.7117041806630846	1.086542245334816	
649.4109	37.33	0.7028588590702385	-1.3139653787471015	
650.9826	216.91	0.6927887189226495	-1.6049326158669055	
651.3068	124.16	0.7138873384618076	0.966069103535947	
652.0529	220.06	0.7117041806630846	-1.127114844985488	
652.3091	124.16	0.7786484633974665	-0.6760863864672072	
653.0563	219.93	0.9056306162813823	-0.299225615569736	
654.0685	214.81	0.6927887189226495	-1.6746701647827724	
656.414	30.21	0.840001934925888	0.4609590258970027	
656.414	34.97	0.943254793586834	0.20641641797205015	
656.9154	30.21	0.8588762819350246	0.41545614625446436	
656.9154	34.97	0.7816482074254042	-0.6438415807519201	
659.7685	35.49	0.7078083684410321	1.2461975316398335	
660.103	35.36	0.7117041806630846	-1.1020130952480056	
713.0073	217.44	0.929873776217137	-0.24683962671953244	
689.4537	35.63	0.8903249916012761	0.33672772462138717	
663.7517	37.73	0.785961293432887	-0.620575129151412	
664.9981	217.18	0.7117041806630846	-1.0014226563465478	
666.0321	215.21	0.7786484633974665	-0.6601064826664429	
666.0321	219.41	0.7492317432610285	0.7850804883524661	
760.361	242.72	0.861809165054478	-0.4099509017094804	
760.5049	28.5	0.943254793586834	0.2043828769715935	
760.5049	34.84	0.7379828414634302	-0.8500836953932235	
760.9987	28.5	0.9941511346495167	0.02194511534027439	
760.9987	34.84	0.9782701773688188	-0.08684028725537674	
761.0168	217.44	0.7117041806630846	1.0654147736851958	
761.4989	28.5	0.9831579484570877	-0.07060940823964337	
761.4989	34.71	0.5710105090240958	-2.8556111276717857	
761.5185	217.83	0.6927887189226495	1.6584563783603248	
692.4063	35.23	0.5980537297829288	2.680699002849371	
692.4063	55.98	0.6456417814655374	2.472685304926429	
762.0202	217.44	0.7117041806630846	1.1117713249670553	
735.0602	220.06	0.6812312722528001	-1.9389981317182745	
735.1747	221.12	0.7786484633974665	0.6602588118546233	
693.4095	35.23	0.6812312722528001	1.9228582806793837	
693.4095	55.58	0.9597423546498814	0.15886895489605538	
716.4767	28.37	0.9680278955761087	0.12555722723967802	
716.4767	34.71	0.7586624063300684	-0.7259663085632133	
763.022	217.18	0.6725548942573717	2.102001861433623	
763.022	217.96	0.6822800927380217	-1.883752128739196	
716.9804	28.5	0.9637196502836383	0.14253474250023754	
716.9804	34.71	0.8806148962372514	-0.356011602188707	
736.0634	220.2	0.7324279688646349	-0.8820033578306735	
736.0714	215.08	0.6691707625569182	-2.2214285589671676	
694.4636	28.5	0.7117041806630846	1.018047566587357	C35H68NO10P
694.4636	34.71	0.7379828414634302	0.8408600563600788	
736.4325	35.36	0.6154154788968637	2.6151022287943975	
736.4325	58.87	0.7241187521475035	0.9321977164256927	
718.0233	135.24	0.785961293432887	0.6169406333747283	
737.4359	35.36	0.3565663371051188	4.685861554128045	
718.8036	35.89	0.7324279688646349	0.8939930028239971	
737.7863	240.62	0.7078083684410321	1.19677264273309	
737.7863	250.99	0.5778440095205416	-2.780101649894546	
766.4798	28.37	0.7117041806630846	1.0599062998728264	
766.4798	35.36	0.7465863325087032	-0.8159616850679523	
738.4912	28.5	0.8354619795351768	0.4770677537813341	C41H68O11
738.4912	34.71	0.953664672622383	-0.1742551325893629	
738.7857	240.62	0.7557233407195288	-0.7471132402413904	
738.7857	251.26	0.6997815410161204	-1.3345691244346065	
697.4411	35.63	0.5778440095205416	2.772369740925596	
697.4411	63.59	0.5621558265716938	2.9508302801699613	C38H65O9P
738.9936	28.5	0.7599110540248991	0.7184260470423252	
738.9936	34.71	0.7787651247937059	-0.6515342626920227	
739.1012	135.54	0.6997815410161204	1.3498332490395144	
720.0152	217.83	0.7078083684410321	1.2046128999035113	C15H25N5O20P4
739.4835	28.63	0.8535984403727217	0.4324724608325478	C38H65NO8S
739.4835	34.71	0.6725548942573717	-2.105599279679044	
720.5168	217.44	0.8806148962372514	0.35752504758423337	
768.226	251.13	0.3565663371051188	4.617272096324783	
768.538	24.81	0.7802551364639247	-0.6480388083737952	
740.2853	241.15	0.6845005269523617	-1.8426213882836486	
721.018	217.18	0.7117041806630846	-0.987251381715593	C15H25N5O20P4
769.5003	28.63	0.9632346532966225	-0.14850735506711188	
769.5003	34.84	0.6822800927380217	1.8842881500163118	C38H72NO12P
769.5412	24.81	0.8197176574392863	-0.5319861462473257	
721.6364	220.85	0.9360573548977015	0.23062157955939547	
741.2834	240.49	0.6959957269043691	1.424447587781296	
741.2834	250.99	0.8120052492155747	0.5501712276264532	
741.4674	35.89	0.6725548942573717	2.0599267032971067	
741.4674	67.7	0.34013037002380847	4.821312619881162	C40H69O10P
700.4403	35.1	0.6725548942573717	2.0225661384802276	
700.9415	35.23	0.7599110540248991	-0.7115011022304881	
771.2233	241.28	0.6691707625569182	2.273476605289168	
773.2201	241.54	0.6615821214432389	2.3185931990507664	
789.9911	216.13	0.6927887189226495	1.7075241795329075	
789.9911	218.75	0.6959957269043691	1.4400709515756	
774.2208	241.02	0.7078083684410321	1.21550057540774	
774.2208	243.77	0.6822800927380217	1.8800005447116717	C33H41O21
774.2208	250.86	0.9360573548977015	0.23423773385367136	
744.968	35.23	0.8588762819350246	0.41445817004387914	
726.8025	200.73	0.9131231785991898	0.27992428872338604	
747.0012	217.44	0.7864435874339426	-0.6119454489824581	
776.5065	219.8	0.6927887189226495	-1.5159188168702562	
747.0703	35.23	0.8300666054903997	0.49127300198390006	
795.0107	217.83	0.697314148553704	-1.36144072192683	
748.0035	217.96	0.7117041806630846	-1.0287332582360906	
748.0356	215.08	0.6927887189226495	1.6859193013247218	
748.0356	219.8	0.7504093394238048	0.7711044368094299	
748.5709	35.36	0.7117041806630846	-1.106500526551243	
749.2758	239.18	0.7117041806630846	-1.0980922320127742	
749.2758	253.23	0.6725548942573717	-2.0554933278650265	
780.4588	35.49	0.5710105090240958	2.8644738751844954	
780.4588	62.28	0.7138873384618076	0.9732965773801495	
802.0185	217.83	0.4105244378059622	3.801021390056272	
803.0209	217.57	0.9782115736550235	-0.08885140933581319	
751.5113	24.81	0.8221938326429472	-0.5250833557580583	C46H70O8
804.531	28.76	0.9593541810579471	0.16034246445815759	
804.531	34.97	0.9860349480541202	-0.052720888852504685	
782.5179	28.63	0.9412419884630995	0.21348722898686587	
782.5179	34.84	0.8174343740976117	0.5386869567830895	
805.0325	28.76	0.8833724521571016	0.35001538831160767	
805.0325	34.97	0.9569965608429979	-0.1662420598031298	
805.5295	28.63	0.9831579484570877	0.07115793309678164	
805.5295	34.97	0.9632346532966225	-0.15034928260010127	
783.0198	28.63	0.9833641566518029	-0.05819889336391692	
783.0198	34.84	0.824449947892235	-0.5093750792499514	
783.5211	28.63	0.8898589310753506	0.33826178180165706	
783.5211	34.97	0.9381144148364189	0.22598518134090687	
753.2576	241.02	0.8369062165039222	0.46798588624473286	
753.2576	250.73	0.785961293432887	0.6171382152955519	
843.0199	217.83	0.7504093394238048	0.7759374639898038	
843.5215	217.44	0.6456417814655374	2.431555681462111	
754.009	217.83	0.9091435585090321	-0.2915764109426011	
844.0233	217.44	0.6927887189226495	1.5676656301782572	
754.5106	217.57	0.6725548942573717	-2.111622163278198	
848.5571	29.02	0.9520539955611473	0.17850643582124945	C48H79O10P
848.5571	35.1	0.9438796685781831	0.19983403256326282	C48H79O10P
849.0589	29.02	0.9782115736550235	0.09272884591656282	
849.0589	34.97	0.785961293432887	0.6215306931527659	
849.5574	29.02	0.9199784171657188	0.26475662009765605	C48H79O10P
849.5574	34.97	0.8649151841325982	-0.40308074374167346	C48H79O10P
816.0594	219.93	0.7324279688646349	-0.8817281612094341	
856.3345	240.62	0.9906548937901355	-0.032583085538994506	
856.3345	250.99	0.5621558265716938	-2.9452910208322196	
856.8357	240.62	0.7296287733606077	-0.9102731599393908	
817.2444	361.72	0.7117041806630846	-1.1195664565915666	
759.2675	252.83	0.6725548942573717	-2.0647443384424102	
870.5699	29.42	0.8806148962372514	0.355565245790732	
870.5699	35.1	0.9833641566518029	0.05988328673267937	
871.5715	29.29	0.9637196502836383	0.14101763919274077	
871.5715	35.1	0.995305165615312	-0.015363935592983753	
824.485	35.76	0.5980537297829288	2.670402714079434	
826.5438	28.89	0.910944872393375	0.2884164091057868	
826.5438	34.97	0.9794062785402556	0.084316845514043	
877.0134	217.04	0.7504093394238048	-0.7699801467539129	
827.046	28.89	0.9968431682507228	-0.009274535198166437	
827.046	34.97	0.7434583781213081	0.825137020028432	
827.5419	28.76	0.9833641566518029	0.06664657308617028	
827.5419	34.97	0.6970173941851413	1.381705922212656	
828.5164	36.15	0.7117041806630846	1.161396579433993	C45H71O9P
829.0044	217.31	0.7492317432610285	-0.7870013629928695	
829.5398	219.41	0.7379828414634302	-0.848486349168499	
884.0211	217.83	0.6927887189226495	1.6336094052861747	
830.0406	219.67	0.7117041806630846	1.1264563500901659	
884.5231	217.44	0.876740198324139	0.3667265306568248	
892.5828	29.81	0.9360573548977015	0.23315187605789878	
892.5828	35.23	0.8681828194750343	0.39461299962923113	
893.0849	29.81	0.840001934925888	0.4620235315414487	
893.0849	35.1	0.9435133841107225	0.20264057498001817	
893.5857	29.68	0.9012133554314368	0.30994947642451315	
893.5857	35.1	0.7073679969997957	1.2863585811649718	
914.596	30.07	0.7824871050757429	0.6391717423663	
914.596	35.23	0.8219998062458463	-0.5272676746994251	
915.098	29.81	0.7786484633974665	0.6604442295322724	
915.098	31.42	0.6456417814655374	-2.3796803912283435	
915.098	35.23	0.9072063127895619	0.29563155681892217	
925.023	217.44	0.7028588590702385	1.3110905734931102	
925.5244	217.83	0.24223063610089474	5.602236793295737	
926.0261	217.44	0.7586624063300684	-0.7328245021397501	
959.0162	216.91	0.785961293432887	-0.6246731292811425	
966.0243	217.31	0.6927887189226495	1.7974809851563818	
966.5255	217.57	0.9478122333897764	0.18777863434023884	
976.3867	241.54	0.6456417814655374	2.3788545112334702	
977.3833	241.54	0.6615821214432389	2.3026487844464127	C44H64O24
978.384	241.41	0.627936358441661	2.5670085375362977	C44H64O24
978.384	250.47	0.5710105090240958	-2.908193679423982	C44H64O24
