m/z	rtime	p-value	t-score	custom_id
108.9009	135.19	0.5179421398112524	-1.0144083969287059	
108.9009	150.19	0.5590458010430351	-0.9266816961043329	
109.0285	24.93	0.03949083789234327	-4.871080428789177	
169.0613	50.51	0.663176050813586	-0.6640010740541279	
142.9433	201.48	0.33872762934604694	-1.5117182981557178	
142.9743	201.75	0.20674351515061365	-2.0989824647683757	
110.8979	135.19	0.46673668165067705	-1.1448106613458675	
110.8979	150.19	0.5662687062941328	-0.8995584068623859	
170.0701	49.85	0.49401495863475603	1.0777870143260508	
170.8286	1.7	0.39090056112387955	-1.3547394713539602	
170.8474	135.58	0.32232602211216854	-1.5715756678201036	
170.8474	149.8	0.6227064514523469	-0.7660778743070472	
143.0535	147.17	0.10688173749337218	-3.0312170701787844	
143.0535	150.74	0.660435782320757	-0.6712306200517492	
143.0535	152.45	0.8214799685309663	-0.3393260219274903	
113.9356	346.6	0.6337997627604741	-0.736343066512214	
171.0405	234.76	0.3422947898859915	1.4961068083183549	
171.0405	239.91	0.8368842674344	-0.30088034856020307	
171.0479	32.33	0.02251810257707015	6.409658487718164	
143.9777	201.61	0.21936448472457315	-2.028178670619612	
171.0558	26.91	0.025529014526576483	-6.031128952779417	
143.9904	222.26	0.6442374471973848	-0.7100282114222513	
171.0769	292.24	0.0035722015461612747	-14.598461638118673	C7H12N2O3
114.932	346.87	0.6774148144484647	0.6248923021212944	
144.0738	34.95	0.08285349523148253	-3.4589317192299864	
144.8687	135.32	0.5825114672027862	-0.8636125936696148	
144.8687	149.93	0.9299669681903918	0.12138321064588485	
144.9724	201.61	0.17091150252765894	-2.359892910549222	
172.0355	267.29	0.7841096859693378	0.4066381391026005	C6H6N2O4
172.0398	28.62	0.025822070843622147	-5.997730391965177	
144.9783	201.61	0.10396645706824663	-3.086986173327651	
82.9531	34.82	0.8417708708859409	0.2898920762834856	
172.069	192.36	0.3926309524176134	1.349703463562401	C8H12O4
172.5373	267.29	0.7833100503596412	0.4088200970555023	
172.8276	1.56	0.5638552980635116	-0.9045003649588068	
115.0584	222.26	0.02251810257707015	-6.403487038593618	C6H12S,C6H12S
146.0531	210.97	0.9257681993632298	-0.13158148447667717	
116.0061	297.63	0.0007134792687957603	-28.00008815379379	
116.0469	209.92	0.20072052562029932	-2.1338343679306866	
116.0478	209.92	0.12353352435097388	-2.836306989322066	
172.985	201.48	0.00484470420870004	-12.836046584027669	
146.0814	180.11	0.23690912254629362	-1.9342474582198816	
172.9907	25.73	0.00992591325150444	-9.310470099018389	C6H6O4S,C6H6O4S
172.9907	27.57	0.18332334825028296	-2.2751588354011094	C6H6O4S,C6H6O4S
146.8659	135.58	0.5618553856298737	-0.9184960600041963	
146.8659	149.8	0.8368842674344	-0.30112428144797043	
116.0936	210.05	0.15153162301302148	-2.5284574882958593	
116.0945	210.18	0.14853148167497912	-2.5604574098203896	
84.9502	34.69	0.9053212085824597	0.1693506496663791	
147.0176	270.31	0.08092165878865967	-3.503544113632527	
173.0333	267.43	0.7833100503596412	0.4120161602027985	
173.0376	267.43	0.7224067166523234	0.5285171701466154	C6H6N2O4
147.0667	197.78	0.03949083789234327	-4.868725480282961	C7H12OS
147.0667	200.96	0.14802875089106618	-2.5680158574447858	
173.056	233.85	0.5154719597091934	1.0228099237004664	
147.9204	2.75	0.314775042840421	-1.6042607405839642	
87.0441	192.1	0.3222778581034776	1.5749814786782939	
173.0812	192.1	0.6844654626401268	0.606347578889175	
173.8419	135.85	0.49758928687099924	-1.0655483121615132	
173.8419	150.19	0.4765235948267113	-1.1196988472044818	
117.0677	210.31	0.019885554444698868	-6.870519023228994	
173.994	25.59	0.00484470420870004	-12.736477093586718	C6H6O4S,C6H6O4S
173.994	27.44	0.44500713499482025	-1.2011548087118162	C6H6O4S,C6H6O4S
174.0114	254.89	0.7083231149358655	-0.5533480385354523	C7H7FO2S
174.0114	259.25	0.051224797641666646	-4.349597444360861	C7H7FO2S
149.0001	28.22	0.3741698709539651	-1.4011303313143257	
118.0746	210.31	0.017404694507049345	-7.35364338119286	
149.0462	189.84	0.011067829500140115	8.767443158862026	
149.0462	191.05	0.02126663915093414	6.615402884858666	
174.0552	27.3	0.04255235936380246	-4.711305666685944	
89.0427	249.11	0.1801210779985474	-2.306140064284868	
149.0599	34.69	0.045692720035172565	-4.568557224044224	
174.9637	134.93	0.5997479083739253	-0.8226584340578565	
174.9637	145.86	0.28934556002874134	-1.694486760718422	
174.9865	25.73	0.1418440805147917	-2.6151135250354316	
174.9865	27.57	0.26100544207655296	-1.8092950857136256	
150.0221	265.85	0.641401770170294	0.7152354449628971	
119.0491	205.16	0.003993033804666584	14.095407116846156	
175.0353	318.24	0.2739740531807223	-1.75280835326342	
150.0301	270.84	0.7479904504463634	-0.4854143575426808	C5H6O5
150.0413	135.98	0.21161745061526455	-2.06998958568085	
150.8858	134.8	0.5057137748295306	-1.041980494618276	
150.8858	150.45	0.5828267402033656	-0.8577622814345386	
175.0718	305.9	0.007388917938673168	-10.299959882539687	
175.8391	135.85	0.5618553856298737	-0.9169598617552952	
175.8391	150.06	0.45665316314198984	-1.1708589328771193	
151.0586	50.11	0.6286267240602871	0.7517639313128981	
151.8733	149.8	0.5754714487643534	-0.8817730717549438	
176.0193	329.14	0.0015560919042880632	-20.961738130044246	
152.8829	134.8	0.6322517306900708	-0.7419713058342575	
152.8829	150.45	0.5825114672027862	-0.8605484154607506	
152.9855	32.33	0.14842106183606676	-2.5633339405940325	
152.9855	283.31	0.027790106697094828	-5.782543516463492	
152.995	191.97	0.01712694802475885	-7.40331844699107	C3H7O5P
152.995	210.97	0.03192503533834732	-5.475775598297325	
93.0335	204.63	0.01913568887490255	7.01395986040049	
176.8359	135.85	0.4989469071852813	-1.0595996035633355	
176.8359	150.06	0.4708872288314682	-1.132339365369269	
153.016	216.35	0.18768105398021334	2.244275704579153	
176.9162	364.07	0.10680508675107116	3.0374177371804034	
121.0312	243.2	0.7523013993871075	-0.4769841416694524	
153.8992	1.17	0.16802621731698944	2.3841319938577055	
95.9751	191.05	0.0868466514388708	3.387153791018195	
122.0601	49.85	0.782188354097193	-0.4170417876025119	
122.8932	39.81	0.22012650263748362	-2.0197499075634715	
96.0274	32.85	0.011392856906552291	-8.675583668816069	
96.9211	135.19	0.5020358778814101	-1.0530694161716059	
96.9211	149.93	0.5618553856298737	-0.9180767806340889	
177.9124	134.8	0.5027817576121827	-1.050590428498755	
177.9124	150.58	0.8440235949272742	-0.2781744891959546	
154.868	149.8	0.5480101143444723	-0.950911521173473	
124.0063	212.41	0.07122304463013357	3.7206678267831035	
154.88	134.93	0.38115575051491024	-1.3825159718798705	
154.88	150.45	0.6094147860088628	-0.7963992541705722	
178.8332	149.93	0.529063647484276	-0.9897087418979519	
124.9904	34.3	0.11670125779662274	-2.926318848436583	
97.0648	27.04	0.1237279128760597	2.813688500220696	
178.912	364.07	0.11979075924782516	2.8871789258940472	
125.0425	225.15	0.35878383828878163	-1.4509482159151814	
97.9762	201.35	0.3615635770807939	-1.43962543270477	
155.0089	172.5	0.10491959020636768	-3.0621194820270943	
125.8721	134.8	0.5259617467870951	-0.9995709776079957	
125.8721	151.53	0.02126663915093414	-6.567032932076889	
125.9898	34.43	0.07256417296204816	-3.6897183040202464	
125.9938	34.3	0.1418440805147917	-2.6158252668835877	
98.948	1.04	0.09005399733575449	-3.331753302326307	
126.9041	29.54	0.5676231395575672	0.8962819759330118	
126.9862	34.3	0.08285349523148253	-3.458564993846917	C5H4O2S
126.9948	34.3	0.16291977341570782	-2.440129644641163	
155.8733	29.01	0.06388146373639216	-3.9584491349635647	
127.0028	192.63	0.907463296948494	0.1653525937534522	
127.0754	191.71	0.3235490798680509	1.562841004268077	
127.8692	151.14	0.03287828673771571	-5.388209415543789	
156.0269	266.24	0.8741128553497783	-0.22904479964444585	
179.8402	135.32	0.4172438793377916	-1.2827556697551261	
179.8402	150.45	0.4708872288314682	-1.1333285063316054	
179.8819	363.02	0.49401495863475603	-1.0781223785788612	
179.8819	365.51	0.3615635770807939	-1.4391007198097316	
100.0394	191.84	0.006766840541340218	10.603226458882666	
156.954	201.22	0.8334424904737482	-0.31315225038198213	
128.9586	201.75	0.15431967050567794	-2.5052471869012622	
128.9982	135.06	0.18452515741237874	-2.2670819719960202	
129.0267	36.26	0.15019245692596486	-2.547798814367863	
129.0277	36.13	0.3326234001788668	-1.5321742096241786	
129.0285	36.53	0.5788878953644804	-0.875347889866606	
129.0377	213.46	0.3222778581034776	-1.5738127244155158	
129.0377	220.42	0.13258584523671552	-2.713988136838693	
129.0804	36.26	0.2849014044937386	-1.7091443483478297	
129.0815	36.26	0.1917925426860328	-2.2173624255552564	
157.9933	201.61	0.9257681993632298	-0.1335333292996437	
129.0826	36.0	0.48093194681345425	-1.1105762278967268	
103.9193	39.55	0.2793311785881691	-1.728919989702831	
181.0594	192.63	0.04858345496651933	4.460354740973467	
181.0594	213.59	0.07122304463013357	3.7205823209730453	
181.0692	204.77	0.03426814488822558	5.267140333924313	C9H11NO3
181.8369	150.32	0.5179421398112524	-1.016083947845132	
182.0428	221.47	0.0008456685291359195	-24.84852629434302	
131.0609	36.13	0.01913568887490255	-6.986712181006643	
182.0455	33.9	0.0047013466071399905	-13.21382931172394	
182.0664	204.9	0.018278354576577296	7.161006433404306	
182.0703	205.03	0.01937506870378726	6.933686741021672	
132.0115	165.25	0.01170287631844367	-8.533161800900201	
132.0115	169.87	0.010917359346522906	-8.878542335306841	
132.0374	192.1	0.4213203386832905	1.269416222679765	
132.9454	201.75	0.9860479060404475	-0.027524881455815574	
158.9878	201.75	0.8854810309464629	-0.2047994529692047	
158.9933	201.75	0.8440235949272742	-0.2795289248706124	
159.0556	28.09	0.04184195735662594	-4.757770250164978	
195.0605	269.53	0.7833100503596412	0.40938660038792396	
195.1386	26.52	0.263389935999797	1.796980733493281	
159.8778	39.15	0.005966813910099606	-11.274026407041275	
184.0585	210.31	0.0022423495555857122	-17.041916708762134	C6H13NO4
184.0585	215.17	0.06810032493583099	-3.846459963793168	
195.9263	364.2	0.09753905505628535	3.179455451609174	
195.9312	364.2	0.06204571964147908	4.019411915029874	
196.0222	220.03	0.07617245166321772	-3.60760606414921	
134.9426	201.75	0.28337318345821993	1.7151886338077653	
196.0613	212.15	0.3103284765787405	1.6191660387939366	C9H11NO4
196.8108	150.32	0.34056922382168453	-1.5057752011394172	
196.8765	134.53	0.6392257008786989	-0.7224018999840983	
196.8765	151.01	0.18821744234294333	2.239843912376848	
196.8848	363.94	0.6483706562811118	0.6984958935638592	
196.8865	135.19	0.6703427894684124	-0.646890221832767	
196.8865	150.45	0.7774924712919429	-0.426423473442927	
185.0272	31.28	0.6101767595538594	-0.7925134415185282	C8H10O3S
159.9915	201.61	0.6883117609171324	-0.5976491344919612	
160.0145	389.54	0.20410284809067022	-2.1163075803962235	
160.0145	391.25	0.2480845679333714	-1.8752588670214636	
196.9227	364.2	0.07122304463013357	3.737621091465842	
196.9305	364.2	0.07122304463013357	3.7275525305975754	
160.0397	37.18	0.00484470420870004	-12.62848637116627	
160.0608	191.71	0.00033215156873719903	-37.69184197721207	C6H11NO4
197.0216	230.04	0.03949083789234327	4.919265585322602	
135.9015	134.53	0.48776733772624603	-1.0960136005993948	
135.9015	151.27	0.5997479083739253	-0.8170163942312044	
160.9923	201.75	0.45665316314198984	-1.1712282170030879	
197.0619	221.47	0.0048829420289582025	-12.416749397536705	C7H13NO4
186.0182	135.85	0.19871406098492675	-2.1661240677650344	
161.056	325.2	0.02251810257707015	-6.429574452832038	
161.0641	191.84	0.00030565487784022855	-41.2049656497335	C6H11NO4
136.0478	35.74	0.1956257552329114	2.187593183803073	
161.875	39.02	0.030601531575040353	-5.584969934475131	
137.9857	163.67	0.018279890309405838	-7.121836673417248	
198.8736	134.8	0.5997479083739253	-0.8160636537934646	
198.8736	151.01	0.20413478575947547	2.113669512799456	
198.8836	150.32	0.8364001610261755	-0.3060915780694108	
187.0009	201.48	0.0026685031183502402	-16.181470383022315	C5H10O5
198.9184	363.94	0.1956257552329114	2.1850514332938618	
198.927	363.94	0.27366729120760075	1.7556260607806136	
138.906	2.75	0.8440235949272742	0.2793064834111679	
138.9521	273.99	0.07372699057668472	-3.6602714383289845	
163.0393	34.95	0.00018645774602041955	-50.73283268311284	
163.0393	204.77	0.027991118567168877	5.761539207116423	
199.0067	31.93	0.369387220305929	1.4143917634420402	C8H8O4S
199.0332	222.39	0.1237279128760597	-2.8110474108353833	
187.097	192.23	0.9763145586365657	-0.04673850689091635	C9H16O4
187.1334	34.82	0.01821853008816947	-7.1950872977197395	
187.8841	135.19	0.2480845679333714	-1.8744517486955465	
187.8841	150.32	0.2773007322111753	-1.7378410618028426	
188.0158	319.69	0.6392257008786989	0.7243489140646899	
163.896	134.8	0.4182723605723436	-1.2793921549085858	
199.0721	212.41	0.810872403432735	0.35665135092514716	C9H11NO4
199.0777	210.05	0.07984580145757622	-3.5235648185946187	C7H15NO4
164.8385	149.8	0.8897822015488481	0.19798986052472764	
188.0559	297.76	0.00484470420870004	-12.62592318851907	
188.88	151.93	0.8106400152028708	-0.35814127090345954	
188.981	190.66	0.4071691165131869	-1.3085958608219352	
188.9853	24.93	0.0015560919042880632	-20.757318230493837	C6H6O5S
188.9981	201.61	0.031421420597404645	-5.508706428904367	
189.0511	374.18	0.00484470420870004	-12.864604367648122	C7H9NO5
200.8051	149.8	0.2525105183298517	-1.8515522653035614	
200.9724	226.36	0.10482857334422323	3.0675885623060806	C3H7NO5S2,C3H7NO5S2
200.9859	236.89	0.23998084815444848	1.9141668735746238	
166.0779	159.05	0.00484470420870004	-12.725188130528561	
166.8353	135.32	0.5858160684574071	-0.8508920766206333	
166.8353	149.8	0.6227064514523469	-0.7675707558081738	
190.0716	183.53	0.00019955541545892645	-47.652485177450465	C7H13NO5
219.0619	373.92	0.047203238955282105	-4.520123391851424	
219.1064	180.11	0.1414316506923533	-2.6267991208921626	C9H17NO5
219.5623	311.54	0.0001476727626486574	56.87140785794997	
167.0536	47.88	0.005966813910099606	-11.306315956515931	C8H9NO3
167.8333	135.32	0.43994024471962045	-1.222257960933727	
167.8333	149.66	0.3661297775100587	-1.4245183675122257	
191.8159	135.58	0.8440235949272742	-0.28375639393544394	
168.0329	191.97	0.10208552330832775	-3.1175390773778235	
220.0204	204.24	0.9152709640929658	-0.15153327293890925	
202.9969	191.71	0.3873395778229424	1.3650847169292526	
203.0016	26.39	0.014224390618687927	-7.9769175809274735	
203.0016	30.59	0.006766840541340218	-10.575112894864581	C7H8O5S,C7H8O5S
168.8314	135.32	0.5376496289849169	-0.970924602931474	
168.8314	149.4	0.7539031615665456	-0.47210560982471367	
203.0452	205.85	0.7901351677233448	0.39528618593518133	
220.0643	311.41	0.000124474947454926	64.28327573598331	
168.8863	43.25	0.7219204982721749	-0.5303768942029027	
203.0669	369.06	0.016453584282719855	-7.50102361136667	
220.1075	180.11	0.6701736085697012	0.6485456981578154	
203.7987	135.58	0.39288675123710287	-1.3465633204619105	
203.7987	150.32	0.3235490798680509	-1.5645229879901685	
220.845	134.53	0.6844654626401268	-0.6052557461619018	
220.845	151.01	0.1460380381654244	2.5830209952887833	
204.005	30.59	0.004919095142310825	-12.220884072748817	C7H8O5S,C7H8O5S
204.0428	50.38	0.7930227487705185	-0.38809317946603555	C8H11NO3
204.0855	156.16	0.0015560919042880632	-20.54166365160035	
220.9877	188.4	0.43874984760180613	1.2261233336280386	
221.0039	234.11	0.03604801978578207	-5.163224409823382	
221.0851	29.27	0.869360581003284	0.23759235930436576	
221.0851	31.93	0.21792258534431044	2.035637733039323	
221.0929	258.2	0.020915790990326342	6.734244238443998	C11H14N2O3
221.8422	151.01	0.09160691329983474	3.2910818708357485	
242.9961	37.97	0.07005009208545003	3.7894898893713336	C9H8O6S
193.0536	34.43	0.0020690562758476348	17.907107702686705	
205.0357	32.33	0.028023642436577737	5.75020316014495	
205.0463	50.24	0.23537240685732577	-1.9421376995849107	C8H11NO3
193.0647	269.79	0.8906922925168839	0.1956197851253274	
193.1076	33.24	0.045408170490343104	-4.582525139806246	
243.0622	160.23	0.01821853008816947	-7.200386512952213	C9H12N2O6
222.8421	134.53	0.7418957376243103	-0.4954240937251351	
222.8421	151.01	0.3652343399817326	1.4279099339082306	
205.8393	149.93	0.44353206615728175	-1.208124291847349	
194.0633	269.79	0.8334424904737482	-0.31497305186415486	
194.0681	269.79	0.8912271741635283	0.19138373168573547	
243.8993	40.47	0.3235490798680509	-1.5630874945583857	
243.8993	43.25	0.5812182962009212	-0.8671397824412321	
194.8132	135.58	0.9053212085824597	-0.16980200620638902	
206.04	50.24	0.49401495863475603	-1.0786302903224971	C9H5N3O3
206.0726	345.55	0.002028720563622321	-18.49620802193395	
244.0227	321.66	0.025109780003922586	-6.083684554916267	
194.9269	364.2	0.07656163141660247	3.590274552432715	
244.0317	189.45	0.07646092746520257	3.5969647311400146	
244.0656	160.23	0.049993908692938537	-4.401535671624519	C9H12N2O6
244.0826	191.97	0.20072052562029932	2.1362129876823013	
194.9881	218.45	0.12486405774350805	-2.7961831893297195	C7HF5O
223.8392	134.53	0.7385396442674744	-0.5010646393818056	
223.8392	151.14	0.2265336446160331	1.9852072549476363	
223.8492	149.53	0.6481271537583494	-0.6999627097691941	
224.023	218.58	0.16802621731698944	-2.3839438117516543	
224.8033	29.27	0.6895066369530883	0.5937788070067687	
207.0694	33.64	0.018279890309405838	7.1314364996634625	
207.0805	275.04	0.16910723460301993	2.371588208343626	
207.8364	135.58	0.20040461676013197	-2.1439538704758276	
207.8364	149.93	0.6653536466791667	-0.6583159008098526	
245.0432	261.35	0.5626872222617985	-0.9144841079541003	
267.0731	132.96	0.5154719597091934	-1.0218402620841758	C9H16O9,C10H12N4O5
267.0731	134.93	0.49758928687099924	-1.0657699640286105	C9H16O9,C10H12N4O5
224.9781	201.35	0.1169591326549693	-2.92147726498659	C10H7ClO2S
267.0909	36.4	0.7219204982721749	-0.5302864092799546	
208.0521	301.7	0.5638552980635116	0.905291610538845	
245.8948	40.2	0.3283219730779816	-1.5476825545938142	
245.8948	42.99	0.683020042670748	-0.6127692394520373	
208.0614	149.66	0.8364001610261755	-0.3068327984531235	
268.0769	133.22	0.4981828334017712	-1.0625814469853134	C9H16O9,C10H12N4O5
268.0769	134.8	0.49475644946188363	-1.074082124163866	C9H16O9,C10H12N4O5
208.8448	134.8	0.4380283509663474	-1.2300441639775463	
208.8448	150.88	0.6762841250006063	-0.6288710255801344	
268.8012	134.53	0.3928599270458116	-1.3479145590302735	
268.8012	150.45	0.8313905414902437	-0.32065515911660497	
226.0471	36.4	0.7774924712919429	0.42550945407088125	C10H11ClN2O2
226.0471	52.37	0.08993233772595828	-3.3364321687462035	C10H11ClN2O2
226.0695	222.26	0.07122304463013357	-3.7187238168046752	
226.0695	223.57	0.12314132015002292	-2.8480004595824737	
269.005	199.88	0.06915194394726581	-3.8127066132211604	
226.0831	231.09	0.003390717005472749	-14.896185838166856	
226.8011	29.41	0.36445159170845576	1.431047088694622	
209.0598	301.83	0.6611285339325815	0.6687935550640279	C14H10O2
269.1397	28.22	0.4229918334110035	1.263520577475839	
269.1397	30.59	0.04255235936380246	4.7105140235245875	C15H18N4O
269.1397	34.3	0.9929778820811133	0.01024383696351959	C15H18N4O
209.1543	28.22	0.7008858888125103	0.5726670239021253	
209.1543	31.54	0.15638420822653457	2.490710761265893	C13H22O2
209.1543	33.51	0.6643173254930701	-0.6612709477833485	C13H22O2
227.0392	36.13	0.3095032745583259	-1.622843491718162	
210.0073	218.45	0.051406074828072384	-4.338571315252957	
210.038	220.03	0.03713332370553894	-5.063124583494039	
210.0435	222.79	0.036153626666343294	-5.119393433761559	
248.0799	37.84	0.19871406098492675	2.1651129351678082	
210.1577	31.93	0.07777538590225073	3.5598667788590714	C13H22O2
210.1577	33.24	0.9528425403221178	-0.08392761278530383	C13H22O2
248.741	1.96	0.5632519588468745	-0.9115292371082143	
210.8419	134.8	0.3595107443212445	-1.4479031873440726	
210.8419	150.58	0.8548889058471633	-0.25888622218585505	
249.0396	321.79	0.014343066559820638	-7.912379189037935	
249.0551	162.75	0.7083992409456594	-0.5510576937753218	C8H14N2O5S,C8H14N2O5S
270.2159	28.22	0.19872736759563106	-2.154959878289664	C16H30O3
270.7982	134.8	0.24480937786616128	-1.8890612516040624	
270.7982	150.74	0.7067776003044645	-0.560053795398792	
249.1167	28.36	0.06388146373639216	3.957459316688845	
250.0455	189.84	0.787966589972224	0.400403926514328	
250.0586	162.49	0.16307529820763825	-2.435142912284294	C8H14N2O5S,C8H14N2O5S
250.1045	276.75	0.05889881631686999	-4.110619017107036	C10H22NO2PS
228.086	354.48	0.01508680471274688	-7.753278335866437	
211.0414	220.16	0.022826538398535816	-6.343530957950918	
271.072	362.75	0.19872736759563106	-2.1568137858667944	
271.072	365.77	0.49401495863475603	-1.0820376158967604	
211.0755	253.45	0.24202933349661013	-1.9043904304265122	
211.0973	26.52	0.687150080155064	0.6003737823763912	
250.989	49.98	0.6094708111055007	0.7946987309640702	
271.2282	28.22	0.8440235949272742	-0.2777732072910518	C16H32O3
211.885	134.27	0.656201557992111	-0.6805999288067166	
211.885	151.53	0.7739696274436175	-0.436917026543928	
251.0973	197.51	0.051406074828072384	-4.334754652134861	
212.0593	209.92	0.023054038526301144	-6.302799004584035	
252.0742	188.66	0.02126663915093414	-6.596933198490154	
252.0742	191.84	0.8222967009097133	0.33711715682084625	
252.0742	210.57	0.036153626666343294	5.116808121469294	
230.0121	210.31	0.09234851391261537	-3.2764117395170342	
212.839	134.8	0.275780450051687	-1.7457124004564308	
212.839	150.58	0.7774924712919429	-0.42825875942280023	
231.0282	191.84	0.6844654626401268	-0.60743259319323	
231.0503	189.45	0.8310266579980773	0.32227506636757575	
231.8104	38.89	0.1414316506923533	-2.6308599078496044	
253.0665	188.66	0.023151023954759795	-6.28393267834024	
253.0665	191.58	0.7239260471681382	0.524233179505617	
253.0665	210.84	0.03949083789234327	4.871868638573818	
253.0829	50.51	0.7483687140347272	-0.4833746261736735	
253.0864	301.7	0.8289713328793828	0.32724773480296687	C16H14O3
232.8536	150.88	0.16291977341570782	2.446252890625579	
274.9955	1.96	0.6452056645626063	0.706993023801051	
254.0802	179.46	0.4583923694318128	1.1663793866075074	C9H17NO5
254.0901	301.7	0.8440235949272742	0.2797224595516616	C16H14O3
213.9845	239.39	0.09753905505628535	3.1808787766390165	
254.8266	151.01	0.07950137157596765	3.531888837704955	
214.0482	202.4	0.010917359346522906	-8.932403978633538	
214.0482	294.61	0.032392633160418065	-5.434431670269299	C10H11NO3
254.8944	364.33	0.033082807563673634	5.363054968001156	
214.0719	36.0	0.05079814161069355	-4.370736074963277	
214.8199	1.7	0.7882923703325987	0.3988495139006832	
254.9679	201.75	0.5618553856298737	-0.9181137595355138	
233.0777	369.06	0.010960083786987448	-8.816365821416536	
233.0865	198.17	0.010779813165333023	-9.017298918758849	C9H12N2O5,C9H12N2O5
233.0865	200.96	0.12156819538217607	-2.8673966163122966	
233.8081	39.29	0.1237279128760597	-2.826557413229263	
233.8536	134.8	0.7050430547876124	-0.5656033703333331	
233.8536	150.74	0.2573433756900805	1.8244693134065122	
276.0546	204.63	0.27366729120760075	1.7552405797615622	
255.0722	192.36	0.18332334825028296	-2.2748828293044068	
255.0823	301.7	0.8334424904737482	0.31225147754284927	
234.8507	134.8	0.6392257008786989	-0.7211707792085665	
234.8507	150.88	0.18657639019345026	2.251467223999527	
215.0017	33.9	0.005017206078993181	12.02608596191033	C8H8O5S
255.8938	364.07	0.09753905505628535	3.188884452569475	
276.9919	218.19	0.051672132054951615	-4.323057902662159	
215.0671	234.5	0.014224390618687927	-7.957839521881417	
277.0178	28.22	0.01170287631844367	8.546187722186291	C14H14S3
277.0178	35.35	0.003213623378240965	15.208565613163865	C14H14S3
235.8506	134.8	0.7008858888125103	-0.5724518090588815	
235.8506	150.74	0.17406688739304785	2.3392522555420294	
255.9713	202.01	0.5958294475506656	-0.8317127266126033	
277.0598	36.4	0.23690912254629362	1.9332819711712623	C10H14N2O5
277.0598	48.41	0.369387220305929	1.414470455102248	C10H14N2O5
256.0758	179.72	0.2773007322111753	1.7366168050510196	
256.8088	147.3	0.6844654626401268	-0.6052317533902041	
215.1651	34.56	0.06810032493583099	-3.8418364399898497	
215.8606	135.58	0.6136822936744052	-0.7839091254008943	
215.8766	134.14	0.5969264199560204	-0.8283058889213855	
215.8766	147.83	0.24202933349661013	1.9036479587224109	
215.8766	151.53	0.8334424904737482	0.31347372781622623	
278.0212	28.22	0.010917359346522906	8.859470845991071	C14H14S3
278.0212	35.35	0.03783915007352945	5.022983680297416	C14H14S3
278.0438	204.24	0.13258584523671552	-2.717008951758725	
278.0625	220.82	0.01170287631844367	-8.515505661724694	
278.0883	199.75	0.1956257552329114	2.186155439724203	
278.0883	203.98	0.3103954660566095	1.617570195195686	
278.0883	213.46	0.03287828673771571	5.380568675766381	
256.8895	364.2	0.06264953428758278	3.9986630564584607	
236.8479	134.8	0.6986160694071208	-0.5778013961828693	
236.8479	150.88	0.16802621731698944	2.386168964728249	
236.8835	364.2	0.04015720715844291	4.832829525836668	
256.9238	35.87	0.2525105183298517	-1.8514662224961305	
278.973	36.92	0.10101457566879961	-3.1342341574775916	C9H8O6S
256.966	201.88	0.5753099638292728	-0.8831822981614746	
256.9908	258.6	0.027589231695004414	5.8037447636227215	
279.0136	28.22	0.03612335522377886	5.1333614290125595	C8H10N4O5,C8H18O4S2
279.0136	35.35	0.07122304463013357	3.7289407378468913	
279.0476	204.11	0.2088355613199166	-2.0866603787506963	
216.8766	39.55	0.1956257552329114	-2.186228273679412	
279.0569	36.4	0.30462427002959114	1.6391896389917178	C11H12N4O3S
279.0569	48.41	0.08432313731853994	3.4291939175586923	
257.86	366.04	0.8106400152028708	-0.3580899253051878	
217.0126	191.71	0.3610140072124388	1.4430428917931464	
217.0173	55.69	0.9107217218262817	0.1595958768010465	
280.0425	204.37	0.2945151676291325	-1.6721963015398351	
217.036	192.5	0.3326234001788668	-1.535220037936149	
217.036	205.16	0.03891201230396561	-4.955723058429963	
217.036	209.79	0.059640024869379304	-4.087415631121146	
217.036	213.2	0.579330434922019	-0.8723513775628635	
280.078	215.56	0.03206550011714459	-5.460472025280641	C12H15N3O3S,C10H20NO4PS
217.0827	340.83	0.025822070843622147	-5.96863762729562	C8H14N2O5
217.8498	134.53	0.850428356851389	-0.26590272032659534	
217.8498	151.01	0.13441392394545718	2.6984304727965	
280.9702	37.05	0.44500713499482025	-1.2019060470823204	
280.979	217.93	0.21974395978183467	-2.025001649624879	
217.8577	135.32	0.6971734039847707	-0.5809048794201277	
217.8577	149.8	0.9890713341685726	0.020962823070719873	
217.8778	40.07	0.07372699057668472	-3.665875470078188	
217.8778	43.25	0.10749734366637517	-3.0226464405666817	
258.0985	191.97	0.09022277554093709	3.3240278396160243	
258.8296	39.55	0.13968159281757567	-2.6454507177538895	
281.108	197.65	0.02126663915093414	-6.594826651213305	
218.0222	204.24	0.16210384868097188	-2.453060520266365	C9H11NO3
281.2488	26.91	0.10419079606270759	-3.079449410039133	C18H34O2
218.0667	284.36	0.004013416669378314	-13.894783301042565	C8H13NO6
281.8637	134.14	0.8297331642079679	-0.3251087329985735	
281.8637	151.27	0.017717212819671	7.301115117934343	
218.8151	1.7	0.9528094900629087	-0.08617207448835876	
281.9476	38.5	0.02016830336253097	-6.814889105189907	
282.0071	50.11	0.016106029959062133	7.562452622144822	
259.019	267.43	0.6460673866670942	0.704039113121141	
238.8797	364.33	0.09753905505628535	3.1851022957760966	
238.8916	373.39	0.0048829420289582025	12.302561811202093	H3O9P3
282.0834	167.9	0.20410284809067022	-2.115529822446634	C17H13NO4
282.0834	212.02	0.5789391962978558	-0.8741104420082417	C12H15N3O3S,C10H20NO4PS
282.1042	36.26	0.03713332370553894	-5.056856604329614	C12H20O6,C13H16N4O2
282.1115	197.51	0.01376609307120872	-8.115016535877709	
282.9565	29.93	0.7757205268615914	-0.43347335638694384	
259.8396	363.81	0.8744775988863237	0.22506823226753095	
283.0015	23.48	0.06262550496910478	-4.003653561793607	
238.9942	201.75	0.03949083789234327	-4.883690802897128	
219.0193	204.11	0.12318739315813707	-2.84159274664573	
219.0254	204.24	0.1418440805147917	-2.619327252849539	C9H11NO3
283.0675	192.23	0.07039665128284825	-3.771600120760409	
219.0443	162.62	0.7571211432235216	-0.4660674478511362	C5H9NO4S,C8H6ClN3
239.0595	149.4	0.3222778581034776	-1.5730891700496121	C9H20OS3
239.0595	156.03	0.005017206078993181	-11.992410772867393	C9H12O5S
239.0707	229.91	0.9929778820811133	0.011359053115622198	C15H12O3
260.7678	1.56	0.5638552980635116	-0.9056840832333117	
260.816	134.8	0.6757492887437567	-0.6318181513176397	
260.816	151.01	0.24480937786616128	1.8902573299402263	
260.8276	39.42	0.16402039836109744	-2.4257114419731476	
260.8396	364.07	0.6537747351372556	0.6862936292251859	
283.9446	38.5	0.02263284387042366	-6.374849266317758	
293.0042	28.49	0.2481964220397062	-1.8719130464500566	
293.0042	322.44	0.7081917843191344	-0.5565105265932685	C9H19I
260.8738	373.39	0.002028720563622321	18.419908594719324	H3O9P3
293.0121	218.32	0.19251041356951357	-2.2103376288584475	
260.9635	29.14	0.5892454416851581	0.8433712863031008	
284.0989	279.77	0.029805542860292918	-5.634925561080146	
284.1142	49.85	0.02251810257707015	-6.437652759650288	C13H19NO6
293.0541	361.97	0.26241949917150875	1.8031474420274853	
293.0541	367.09	0.22776649255842493	1.9788397292578324	
294.0577	361.97	0.25688651226702613	-1.8290270683964223	
294.0577	366.83	0.6235089099203921	-0.7626374497559355	
261.0414	155.47	0.00033215156873719903	-37.27047091262969	C9H12O5S
261.0593	216.35	0.08092165878865967	3.5017497563178615	
261.073	308.0	0.002028720563622321	-18.477697882776994	
261.0925	213.33	0.02126663915093414	-6.639538647292622	
261.8207	150.88	0.13675275966180372	2.679493647168727	
261.8357	363.81	0.7773348406340581	0.43021153740550316	
240.9054	135.85	0.6332233689110635	-0.7394323173253432	
285.1024	279.9	0.0314094666479143	-5.518089281385198	
261.8913	134.53	0.5997479083739253	-0.8187018740570365	
261.8913	151.27	0.2896837130376471	1.692045964565161	
294.9504	42.99	0.0888930243499521	-3.3542684538782863	
240.9521	201.61	0.13847314838215252	-2.6597754063043393	
262.8131	150.88	0.5179421398112524	1.0141251191274208	
241.1445	28.22	0.19985423997035748	2.1481591570145677	
241.181	28.22	0.5490388552329586	0.9456406254904385	
286.0893	155.47	0.1657663589152284	-2.409848662313584	
286.0893	157.08	0.12685648223862295	-2.773468389326509	C13H16N2O4
296.0994	192.23	0.05082778945246727	-4.364741855101741	
241.8392	1.04	0.4708872288314682	1.1325465952072025	
263.0974	197.78	0.016031982982686186	-7.590853173619392	
263.0974	200.96	0.1567494104916693	-2.4864349987210486	C8H14O7
263.854	152.58	0.8502333042550687	0.26821251839010674	
297.0747	36.26	0.054589799652956586	-4.233743266634425	C12H20O6,C13H16N4O2
297.0747	52.24	0.025109780003922586	-6.08000956781289	
242.0799	314.7	0.0065273095604220155	-10.831967396059982	
264.0282	28.22	0.9304770728847306	-0.11949908791911468	C6H11O9P,C9H10N2O3S2,C6H11O9P
264.0282	204.11	0.1237279128760597	-2.8160827496719616	
264.0303	0.65	0.06810032493583099	-3.838904487716825	
242.1761	34.56	0.46487172870378224	1.1519180061340568	
297.823	134.01	0.6235089099203921	-0.7627470137735165	
297.823	151.79	0.08146629960286644	3.4908717777453098	
297.8273	1.3	0.38115575051491024	1.3813097375614343	
297.8694	151.01	0.6762841250006063	0.6288525813390304	
264.1008	198.04	0.023518494878763705	-6.234928090243643	
264.1008	201.09	0.1630739641498443	-2.4371988592040927	C8H14O7
242.9503	201.61	0.18238531648809142	-2.2867355774706812	
298.0075	267.29	0.4745877759971556	1.1244089434150486	
298.1146	279.77	0.03698470343215778	-5.076937084361546	C11H17NO8
298.1298	50.67	0.04996413097180236	-4.4132737815617284	C14H21NO6
298.2471	28.09	0.6844654626401268	0.6056135244126185	C18H34O3
318.8286	134.14	0.8765325422184786	-0.22120838056770095	
318.8286	137.03	0.46673668165067705	-1.1453896887233121	
318.8286	151.53	0.12420289676543853	2.8038170285679227	
265.0502	192.1	0.04378125734313996	4.660252356309098	C11H11ClN4O2
265.0589	46.3	0.4091951581411348	-1.3011342980239569	
265.0932	197.78	0.010779813165333023	-8.993744839408551	
265.0932	200.96	0.3524393214095612	-1.4687131152947968	
288.9692	297.76	0.0007876129634294198	-25.642702876370127	
318.9801	268.74	0.8676997828631492	-0.24092837925797192	
318.9801	270.45	0.05197966933685461	-4.30537532709128	
265.9196	362.89	0.5999590595908503	-0.8146078977089	
265.9196	365.77	0.8440235949272742	0.2785814389665547	
319.0005	151.14	0.2586949464771618	-1.8184506436590981	
289.0707	209.79	0.9708376079000046	0.056481065906918364	
299.0707	156.29	0.0065273095604220155	-10.771710519021099	
299.1332	50.67	0.10688173749337218	-3.0315775379090635	C14H21NO6
266.005	322.05	0.02527547432839684	-6.05830098630584	
289.9447	152.98	0.16802621731698944	-2.392705661110682	
289.9686	298.02	0.0004629863763752277	-32.440221947120776	
299.2594	28.22	0.9292616495081525	-0.12473538975269959	
266.0866	258.2	0.00618751788154651	11.077325275885576	C12H14N2O5
319.077	189.58	0.21676380312294824	2.043666046977995	
299.8199	134.01	0.6392257008786989	-0.7206197759875308	
299.8199	136.9	0.6011190372925066	-0.8105907870309589	
299.8199	151.79	0.09086846039283553	3.3061607897071537	
266.8041	134.8	0.27591013442772233	-1.7438432637090384	
266.8041	150.74	0.6703427894684124	-0.6460853279515388	
319.8274	134.14	0.5825114672027862	-0.8628254316303686	
319.8274	137.03	0.4708872288314682	-1.132825702276991	
319.8274	140.31	0.613638432841165	-0.7862429589379071	
319.8274	151.53	0.08193548062735456	3.4810872041847616	
320.098	240.57	0.7229306574803432	0.5266968526534986	
320.098	252.26	0.2978868673831753	1.6596440590770154	
320.098	321.39	0.15092339526232804	2.539347138671365	C16H16N2O3S
300.0258	204.63	0.07492655750231507	-3.6379387917094603	
300.1066	179.59	0.1237279128760597	2.818824292883446	
290.9659	297.89	0.0007822145853081577	-26.058600684845437	
320.9975	150.74	0.22012650263748362	-2.0185194778733773	
320.9975	199.22	0.22942099223407067	-1.9708987949369132	
290.9974	24.4	0.0020690562758476348	-18.03034457538415	C13H8O6S
321.8717	2.88	0.9463695633431944	0.09614595655193361	
346.0015	267.29	0.5036268983528746	1.0479436836323723	
321.9034	151.53	0.773775584066742	0.43829799793981117	
301.8633	150.88	0.5527555582008775	0.938382255502875	
346.0669	202.27	0.029293815928792714	-5.671163634947769	
291.8574	153.63	0.7917348267206529	0.39092161226649963	
322.084	215.69	0.34201990711661895	1.498131134478967	
291.9418	152.98	0.25366212555107504	-1.8444803018391631	
291.9848	233.19	0.06850706560819268	-3.8277768579398828	
292.0111	218.58	0.008290503533486804	-9.956263479407143	C7H15Cl2N2O4P
292.034	210.18	0.8368842674344	-0.3020854928342142	C9H16N3O2PS2
292.0418	215.69	0.01262258389671114	-8.3250023894976	
292.0418	219.9	0.0061756847761336425	-11.128390169034919	
302.1692	24.93	0.9257681993632298	0.1327872108745845	C15H26O6,C16H22N4O2
347.0914	209.92	0.02126663915093414	-6.644130658909887	
323.0088	189.58	0.03949083789234327	4.876452773333313	
323.0388	201.22	0.9528094900629087	0.0852076777932475	
302.9878	189.58	0.10638744092538288	-3.0441667996875656	
324.0053	189.45	0.06039952654731703	4.065812355140066	
324.0939	212.54	0.009048921776950516	-9.636262397363328	C10H12N4O6
292.8654	134.14	0.5810081061460715	-0.8686179608027299	
292.8654	151.79	0.8840305039287852	0.20787348773351305	
324.9137	201.75	0.2095017403012362	-2.082145478404423	
303.0077	306.95	0.6337997627604741	-0.7371412629009655	
303.0504	134.93	0.49755387819207286	-1.0680140123059607	C9H16O9,C10H12N4O5
324.9913	362.1	0.07122304463013357	-3.7248594844964344	
324.9913	366.96	0.8744775988863237	-0.22537474843655142	
348.9352	297.76	0.0065273095604220155	-10.75471490376529	
325.0907	189.31	0.45284615356096336	1.1804749119662077	
325.1255	279.24	0.09022277554093709	3.3233262411765403	
349.0149	36.13	0.049993908692938537	-4.396468344160313	
292.9833	28.36	0.3326234001788668	1.5319080957902667	C6H11O9P,C9H10N2O3S2,C6H11O9P
349.0918	210.05	0.48877849793356665	-1.093017448507379	C18H22BrNO
326.129	279.51	0.09721104539538915	3.200833982147521	
326.8301	1.3	0.6227064514523469	-0.7665308710918481	
375.0152	218.45	0.49401495863475603	-1.0790192114105832	
375.0311	53.03	0.5632519588468745	-0.911262870363632	
375.0599	36.26	0.035930802843801825	-5.178055808463485	
375.1313	117.59	0.48572368865660576	-1.1008400776306062	C17H20N4O6,C16H24O10
326.9916	361.97	0.19180728914048095	-2.2154569761522787	
326.9916	366.56	0.0057376821958132936	-11.485551594135654	
350.0171	321.52	0.115542066311677	-2.9389711085475474	
327.1003	215.56	0.09947480885745903	-3.153099664084101	
305.0789	240.7	0.7240199622425992	0.5230009520137509	
305.0789	252.26	0.42164414797786587	1.2674961170895196	
305.1608	27.44	0.6717217320705684	0.6408131423548831	C14H26O7,C15H22N4O3
350.9104	1.3	0.38240874625470217	1.377228340648843	
350.9104	2.62	0.6322517306900708	0.7440451850738378	
376.021	203.85	0.0699589785986087	-3.7950950075208887	
376.034	38.63	0.01913568887490255	-6.983588136683044	
305.9779	165.51	0.00992591325150444	-9.334500851407698	
376.139	118.12	0.6407147859645163	-0.7173472933121843	
327.9896	362.36	0.032392633160418065	-5.42804738738161	
327.9896	366.56	0.04207819878434218	-4.738181915426103	
351.0144	321.26	0.03949083789234327	-4.920038494664555	C18H8O8
328.0231	189.58	0.12318739315813707	2.84179055579049	
351.0336	34.56	0.08626791547144647	3.3977120860802055	
351.0871	210.05	0.5958294475506656	-0.8311056364932213	
306.0266	218.58	0.2051669440431634	-2.1074787207614016	
352.0413	35.35	0.9107217218262817	0.15869406611827372	
352.0413	52.9	0.5997479083739253	-0.8206960777994272	C9H16N2O5Se
352.0646	229.64	0.025822070843622147	5.96224800257609	
376.9859	28.22	0.760739953165535	0.46011539797072165	
376.9859	49.98	0.2265336446160331	1.9870270662560328	
377.0238	189.05	0.2389121951048135	1.921311762408619	
377.0478	156.16	0.05662077278994099	-4.178449916709144	C12H14N2O12
377.0552	36.53	0.21731737243541677	-2.0397507862576765	
352.9382	199.09	0.04441483368752254	4.635134491193922	
352.9382	206.24	0.0831144566189825	-3.451721398390989	
352.9452	201.75	0.6774148144484647	-0.6239474535252516	
377.9267	319.16	0.5460827394666204	0.9561132407907356	
378.0131	321.26	0.09270175325292798	3.267453111556559	C18H8O8
307.0276	218.85	0.16802621731698944	-2.380219772063759	C14H12O6S
307.065	215.43	0.4507760671785207	1.1868580235707888	
330.1031	191.71	0.02251810257707015	6.421803096342813	
330.1127	192.1	0.0031935239180480666	15.345155904486838	
353.8488	1.04	0.1237279128760597	2.8139115420674417	
307.9496	362.49	0.02126663915093414	-6.571353938285259	
307.9496	366.43	0.00033215156873719903	-36.90565988550043	
307.9664	37.18	0.2910053056934024	-1.686722512190428	
307.9664	52.51	0.010917359346522906	-8.852286143466236	
308.0989	213.46	0.6266032816619825	-0.7564300149664586	C9H16O9,C10H12N4O5
379.0007	32.46	0.0631322924790011	3.984941896829304	
308.9666	39.15	0.1178356367317327	-2.9087777265769166	
353.9486	201.48	0.8214799685309663	-0.3403770107397737	
330.9559	199.22	0.18638032381454467	2.2557542415081198	
330.9559	205.29	0.09160691329983474	3.2881042379492533	
354.0322	205.55	0.0942544098630173	3.242442896360427	
354.0359	321.39	0.07510905626129774	3.628063886567915	
354.7072	146.78	0.6537674895790763	-0.6874201564233872	
309.1024	213.46	0.6940560366805403	-0.5863377129340407	C9H16O9,C10H12N4O5
354.9431	201.75	0.529063647484276	-0.9904293973682506	
309.9453	362.1	0.010473375750037327	-9.150826951706476	
309.9453	366.56	0.015307635506651755	-7.703754695075501	
355.0293	205.55	0.15092339526232804	2.538472077580444	C14H12O11
355.0337	322.05	0.8733614063096937	-0.2311941416388408	
355.0447	35.35	0.3161800808445669	1.5990728992159624	
355.0447	52.77	0.19851931607160894	-2.1701213366690384	C18H12O8
355.0552	35.21	0.2304164444219485	1.96550479830495	
355.0552	52.9	0.13258584523671552	-2.7203083844601976	
356.0312	321.39	0.07039665128284825	3.7751804859928493	C18H8O8
356.0475	28.36	0.1237279128760597	2.8274415110580757	C18H12O8
356.0475	35.35	0.34201990711661895	1.500170823086831	
356.0475	52.64	0.6212054839735188	-0.7716823847922117	C18H12O8
333.0596	191.97	0.017744509845886908	-7.280454723228747	
333.0596	350.67	0.03959740373043318	-4.858574963178296	C9H19O11P
333.1175	191.84	0.07492655750231507	3.6345199591347637	
333.7998	134.14	0.9794346071782764	0.04135486503876525	
333.7998	137.29	0.773775584066742	-0.43890608410862936	
333.7998	148.61	0.2265336446160331	1.9867568416137376	
333.7998	151.53	0.01448701742653322	7.857000627531624	
356.7049	146.91	0.6743334221387107	-0.6349176504044567	
382.1007	301.3	0.0048829420289582025	-12.449390972974504	C14H17N5O8
356.9405	37.58	0.05562914010368609	4.205282248467222	
334.0001	191.05	0.0383936194472406	-4.995367818093646	
311.0987	191.97	0.10491959020636768	-3.0611425908108374	C11H20O10,C12H16N4O6
357.0442	34.03	0.0020690562758476348	17.830025086996365	
357.0621	160.23	0.08883899034306092	3.3593570030116737	C18H14O8
357.0621	164.33	0.43994024471962045	1.2210630970564278	
334.8636	1.3	0.3326234001788668	1.5305203307231336	
383.0654	192.63	0.0965601378537735	3.213926559654919	C17H18N2O5S
383.0654	199.62	0.03604801978578207	5.15270895652397	
383.0654	203.85	0.1891179045566532	2.2336895878415306	
383.1228	205.42	0.19872736759563106	2.1602139103847833	
312.9074	148.35	0.2720375513366084	-1.7633122008020619	
334.9904	244.77	0.20071855995428547	2.140808933669074	
383.8844	29.8	0.19871406098492675	-2.162100905289258	
384.1196	205.42	0.10396645706824663	3.0844787304476298	C19H19N3O6
335.1241	191.84	0.13258584523671552	2.714285913307389	
313.8384	29.41	0.09753905505628535	3.182763514532314	
313.8384	134.14	0.8840305039287852	-0.2088905096696135	
313.8384	137.42	0.6717217320705684	-0.6412585966563354	
313.8384	140.18	0.6392257008786989	-0.7260160983879653	
313.8384	148.22	0.034863339526471714	5.229731327180776	
313.8384	151.53	0.12690782163068856	2.768298665626915	
335.7968	134.14	0.9621522365185857	0.07042581227431376	
335.7968	137.03	0.6887688509296688	-0.595909662304188	
335.7968	148.74	0.2528616875341801	1.8487353517453622	
335.7968	151.53	0.014097765771143465	8.01993921786596	
358.9464	224.62	0.059640024869379304	-4.08589554865302	
384.9904	267.29	0.4383031086510985	1.228249532130108	
358.995	218.45	0.03426814488822558	-5.262789429749879	
314.0214	273.86	0.2719473334847448	1.7650779860576156	C14H9ClF3NO2,C16H10ClNO4
314.0214	275.04	0.3326234001788668	1.5298302291042014	
336.1166	191.58	0.13968159281757567	2.6463326901194977	
314.1038	124.68	0.5892454416851581	-0.8437062906151813	
314.1172	213.33	0.1237279128760597	-2.810014344621971	C19H15F2NO
336.859	1.17	0.8502333042550687	0.2673074316192574	
359.8768	134.01	0.5361963388778843	-0.9744712946711552	
359.9987	218.45	0.19431578764131507	-2.200133106759074	
336.9714	199.88	0.600982185611489	-0.8119328257607461	
336.9714	201.48	0.008290503533486804	-9.925947518708558	
360.0473	205.03	0.027189887460211216	-5.846633437048218	C14H12O11
360.0656	220.82	0.022890185624164696	-6.326816681777495	C18H16ClNO5
315.0056	321.66	0.03328436096581662	-5.345821538301602	
315.0077	1.96	0.7821310930764672	0.4182418911927927	
315.0361	362.1	0.03361212435578144	-5.323143510613671	
315.0361	366.69	0.16802621731698944	-2.3862871785083932	
337.0269	49.98	0.10208552330832775	3.1176984880779006	
315.0814	321.39	0.07656163141660247	-3.5882268609100674	C16H16N2O3S
337.0546	201.61	0.07617245166321772	3.604864935936676	C9H15N4O8P
337.0633	321.26	0.10482857334422323	-3.0694284173886834	
361.0476	209.79	0.5847419464320861	0.8536814283070085	
388.0298	218.45	0.09947480885745903	-3.1539526115927403	
337.1431	24.8	0.9836181469533886	0.032015901572623164	C15H26O6,C16H22N4O2
361.1167	270.97	0.10833447901751642	-3.012048343709734	
337.7939	134.14	0.9925818318627859	0.015021218791005842	
337.7939	136.77	0.6496947430223025	-0.6954800804594595	
337.7939	151.53	0.051672132054951615	4.31796500177594	
315.137	26.91	0.4377145983251273	1.2319165788434676	C16H24O4
389.0311	218.45	0.1418440805147917	-2.619944570131649	
338.058	201.48	0.10396645706824663	3.089371497964583	C9H15N4O8P
338.8592	1.3	0.6266032816619825	-0.75584756429483	
362.0814	210.31	0.06496906908592887	-3.929809379042562	
362.0814	213.2	0.002028720563622321	-18.716235949940117	
362.0814	215.56	0.02472884985690857	-6.138545016079885	
362.1309	198.56	0.8053098747438395	-0.3684957647362086	
362.1309	205.03	0.7083231149358655	-0.5522621096643369	
362.1901	24.93	0.12689043319513202	-2.770816321595696	C20H24N2O4
338.9294	201.61	0.11770876698796942	-2.912465943505914	
315.9996	200.01	0.02126663915093414	-6.651729514801852	C10H12N3O3PS2
315.9996	203.85	0.0715242581704125	-3.710039485091067	
362.982	217.93	0.23717562580689727	-1.93071294950245	
316.117	314.43	0.1321621397430138	-2.7264678652353966	
316.8013	1.56	0.9929778820811133	0.009362994890674627	
338.9888	389.8	0.16291977341570782	-2.4421294226861594	
338.9888	391.51	0.20072052562029932	-2.135019218758926	
363.0601	359.6	0.8417708708859409	0.29015501140596744	
316.8332	134.14	0.5825114672027862	-0.8605448317381347	
316.8332	137.42	0.6743334221387107	-0.635167855455703	
316.8332	140.31	0.7824169847765983	-0.4156153301312765	
316.8332	147.96	0.03853121346376037	4.983350887921195	
316.8332	151.53	0.06496906908592887	3.9285685575470017	
363.1329	197.78	0.04858345496651933	4.46244197124386	
363.1329	204.63	0.04522716585336208	4.593562051213977	
339.0524	201.61	0.05743790352220046	4.151048508923148	
339.087	289.48	0.0007151491086265497	-27.503076661252194	C19H16O6,C20H17FO2S
391.0211	362.89	0.8912271741635283	-0.19294703826385745	
391.0211	366.17	0.6653536466791667	0.6575795370579088	C12H16CaO12
364.02	125.74	0.13847314838215252	-2.660459091829677	
340.1251	191.71	0.0007211285363132792	-27.004403840820583	C11H16N4O6
340.1412	191.97	0.4414770982104097	1.2133273113198364	
392.069	179.59	0.04378125734313996	4.6653044061357924	
340.9274	201.61	0.18238531648809142	-2.285832681124722	
317.1607	27.17	0.9257681993632298	-0.13053521233450152	C19H23ClN2
317.8304	148.22	0.04051991166497806	4.814142874355257	
317.8304	151.53	0.0888930243499521	3.3521730449385916	
365.1397	192.5	0.06514197195173277	3.9186692174238242	C12H24O12
366.1045	332.95	0.049993908692938537	4.4053423135283545	
366.1504	204.9	0.060555073188431924	4.058042183689919	
342.0799	321.39	0.07067939032191295	3.7629469731993725	C16H16N2O3S
366.9465	297.76	0.0048829420289582025	-12.337817652581826	
367.0307	269.79	0.7732212739999007	0.44128132247172813	
367.0618	267.43	0.6322517306900708	-0.7430971860147574	C18H16ClFN2O2
411.0079	53.03	0.10396645706824663	-3.0891784292742486	
343.0375	390.33	0.07761709780496784	-3.565712386364207	
343.0745	201.75	0.02664116778271316	-5.889346896107604	C9H15N4O8P
343.991	189.97	0.3235490798680509	1.5668586820097983	
412.9051	198.96	0.15153162301302148	2.526596179966922	
412.9051	206.37	0.03949083789234327	4.894137024066132	
368.0311	269.66	0.6663763491040751	0.6550208490430891	
413.0037	362.49	0.27082283478559127	-1.7701145684745192	
413.0037	366.69	0.9706063623553997	-0.05804241927192179	C12H16CaO12
345.0517	210.05	0.03115732328466059	-5.548242092644517	
345.0799	267.43	0.4071514091359226	1.3099157972208915	C18H16ClFN2O2
368.912	199.62	0.21383171713590846	2.0590174917533646	
368.912	204.37	0.125881995902556	2.7834062439791287	
447.0972	36.26	0.1253799717933082	-2.7897261000921145	
447.1333	54.87	0.878760777754703	0.21712003084187356	
369.0264	269.66	0.6794243835908772	0.6200194251876977	
447.9394	362.23	0.44500713499482025	-1.2003198034933418	
447.9394	366.17	0.04774364070300666	-4.499632951915486	
369.0393	364.33	0.2389121951048135	1.9196197365097578	
413.9769	203.58	0.11155924235121029	-2.976955330255576	
369.1224	36.66	0.494023862453348	-1.0765649358435831	C17H20N2O5S,C17H20N2O5S
369.1224	52.11	0.1414316506923533	-2.6285246344981736	C17H20N2O5S,C17H20N2O5S
370.0423	364.2	0.4482161826934758	-1.1929542484114666	
370.0518	29.93	0.37709342707991644	-1.392989611749041	
370.0756	25.19	0.19871406098492675	-2.163271497416889	
370.7797	1.3	0.8912271741635283	-0.19151949950035438	
449.1743	251.87	0.6549907882411752	-0.6834419757560296	C24H31ClO6
371.0148	28.22	0.06514197195173277	3.91672090261776	
371.0347	363.94	0.6717217320705684	0.6426690112553063	
371.0598	30.19	0.39026819940821517	-1.3574089429799994	
371.0639	36.53	0.04207819878434218	-4.737823535233516	
371.1462	36.26	0.29448463875064596	-1.6737177063475026	
371.8566	133.88	0.6452056645626063	0.7063966001703599	
372.0367	209.65	0.0837095537405606	-3.4405337894458876	C16H18ClN3S2
372.063	30.19	0.3741698709539651	-1.4008837593407992	
372.063	36.4	0.06810032493583099	-3.85031776705513	
372.7775	1.3	0.7986528233093394	0.37952685870700015	
450.9225	201.75	0.7081917843191344	-0.5546441727657805	
399.0967	204.77	0.39435884845123953	1.3421055445363719	
373.0544	30.19	0.4091951581411348	-1.3008403129628339	
373.0671	30.06	0.13834644556405715	-2.6660552189147237	
373.1287	248.19	0.32081693363375013	-1.5839125917464396	C20H22O7
399.9862	189.58	0.03604801978578207	5.150625833392755	C20H10Cl2O5
451.9256	201.75	0.22026782257007416	-2.01631157572778	
400.0931	205.03	0.2910755450113479	1.6850777437649236	C24H10N2O4
417.037	218.45	0.00046683882923307296	-31.72945086497755	
374.0142	218.32	0.07095433958121107	-3.7504830967532774	
374.0455	229.64	0.18332334825028296	-2.277443684214894	
374.0624	36.26	0.048480159315518474	-4.474127441191672	
452.9204	201.61	0.6094147860088628	0.7959185928074656	
401.076	192.36	0.02016830336253097	6.818778590376444	C17H18N2O5S
452.9255	37.71	0.025109780003922586	6.086133141427307	
402.0788	192.36	0.03891201230396561	4.96201943762229	C17H18N2O5S
419.0471	159.57	0.023518494878763705	-6.234141494913062	
403.0835	216.61	0.05321291700492113	4.270762278693915	
455.0139	218.45	0.04964053692114656	-4.427054001107453	
421.0788	205.03	0.6611285339325815	-0.6680196266679077	
455.0626	37.05	0.10892752709149538	-3.0038076938862512	
422.0757	204.77	0.9882204951918996	-0.023369288882100228	C24H10N2O4
456.0176	218.45	0.09086846039283553	-3.307770456621392	
456.0479	215.56	0.0020797839315442866	-17.569448607521522	
456.0479	220.03	0.011455743625790053	-8.63760984565805	C12H19N4O11P2
405.1047	205.98	0.9814651317466575	0.03740448431969292	
406.868	199.88	0.34201990711661895	1.4985139920588786	
406.868	203.58	0.1237279128760597	2.8195545191696336	
457.0189	218.32	0.07372699057668472	-3.6618394777314784	
407.0962	192.36	0.05742348474117789	4.156186355824642	C17H18N2O5S
458.1075	204.5	0.35703338502567045	-1.4564203487656247	
499.0403	218.32	0.014343066559820638	-7.898356328961558	
499.1679	241.75	0.6136822936744052	0.784171827165216	
499.1679	251.87	0.7774924712919429	0.42732399270278154	
500.9165	213.33	0.23444044451075566	1.9471943991390048	
500.9165	224.49	0.4193398515194717	-1.2746849090771362	
500.9708	213.72	0.7067776003044645	-0.5613186366734908	
500.9708	223.97	0.2389121951048135	-1.9210446810709307	
425.034	195.52	0.1643063470667974	2.4220686435322225	
502.1018	361.97	0.09299523831250261	-3.259737199371867	
502.1018	366.69	0.12208885641395417	-2.860601187555042	
460.1676	264.9	0.4091951581411348	-1.300550400496167	C21H27N5O5S
460.1676	269.66	0.009855564101570914	-9.391583172271854	
425.9571	363.02	0.18178678824954647	-2.2958467418388073	
425.9571	365.64	0.22012650263748362	-2.021498914385148	
460.9935	390.99	0.17190793958952072	-2.352615153578842	
462.1149	311.54	0.00044716609227524065	33.44617070252857	C19H19N7O6,C19H27N3O5S2,C19H19N7O6
505.0298	301.7	0.3215533270971197	1.5805688957604629	
505.0945	35.87	0.6506752966640333	-0.6929587163229438	C30H18O8
505.0945	52.51	0.004013416669378314	-13.947842557257546	C30H18O8
506.0973	35.87	0.8372270311903903	-0.2992872830084661	C30H18O8
506.0973	53.03	0.16802621731698944	-2.3794454377250105	C30H18O8
427.0519	301.7	0.4409387412660413	1.2156156574599681	
427.136	347.26	6.937685339830887e-05	97.18012623428561	C18H24N2O10
428.0528	220.82	0.06741325676971016	-3.8676729672332786	
428.0528	301.57	0.5828267402033656	0.8587330871138519	
464.1552	359.73	0.09691165586261018	-3.20708384951592	
429.1546	156.16	0.005017206078993181	-12.085077885919684	C21H28O8
466.8888	199.88	0.12314132015002292	2.847017107529645	
466.8888	203.45	0.16795396295873416	2.3957440581461893	
573.391	124.55	0.23349387959041043	-1.9523249159834881	
467.0069	364.07	0.09270175325292798	3.2661665621654543	
467.1657	362.1	0.1237279128760597	-2.814204055110785	
467.1657	366.3	0.4193398515194717	-1.2755102866721886	
431.0157	36.79	0.39794908766200593	-1.3318537731616564	
431.1344	191.71	0.9174436523748369	0.14748484065207104	C22H24O9
577.2481	360.0	0.2628908628223452	1.800106232911077	
578.8391	212.94	0.08626791547144647	3.398155159602801	
579.1759	240.7	0.6820153830021235	-0.6152809119908329	
579.1759	252.13	0.6586329680329951	-0.6749078893794287	
512.9462	37.58	0.44500713499482025	1.202355051209196	
513.1465	241.36	0.798733440374327	-0.37829343346676747	
513.1465	251.61	0.9016918770770336	-0.176482475368171	
582.9194	213.72	0.22355315275814114	2.001692380974453	
582.9194	223.7	0.5638552980635116	0.9063847692675167	
582.9882	36.92	0.43023869021893696	-1.2478262242124434	
433.1458	36.53	0.03381192530605773	-5.298339536628381	
433.1458	52.77	0.025822070843622147	-5.985384210780459	
433.9648	52.11	0.0020797839315442866	-17.509202739742072	
470.0329	218.45	0.16402039836109744	-2.427529014505558	
471.0343	218.45	0.08285349523148253	-3.463559943167746	
586.957	364.2	0.09753905505628535	3.1863664862297467	
587.4069	124.29	0.5048591531035224	-1.044636233899872	
588.4102	124.29	0.5271901765138921	-0.9963525903405986	
518.8723	213.07	0.46673668165067705	1.1471879854155358	
518.8723	225.7	0.397535118199229	-1.3340231784954641	
472.8337	1.56	0.5997479083739253	0.8164979612687341	
435.0315	200.27	0.07095433958121107	3.75206708974335	C18H16N2O7S2,C18H16N2O7S2
435.0315	202.8	0.5291004704623362	0.9872869524741663	
435.0523	34.95	0.9249452681001762	0.13645026940647456	
435.0523	53.56	0.9929778820811133	-0.011418069894429075	
473.9978	203.45	0.05824174137984068	-4.1291443705100885	C10H16N5O11P3
522.8981	213.72	0.3283219730779816	1.548484996779366	
522.8981	224.23	0.3423855166225216	-1.4945402849148641	
522.9526	213.99	0.7917348267206529	0.39115441996608713	
522.9526	223.31	0.33371766954608223	-1.5256905167804709	
522.9856	269.66	0.638652970427235	0.7281883337481214	
523.0015	218.32	0.03381192530605773	-5.301428378110972	
523.9245	364.2	0.6311004228893584	-0.7470318078062039	
436.9066	201.61	0.03949083789234327	-4.889976183878766	
524.0719	220.82	0.010714769689048631	-9.066697662751764	
474.9955	240.7	0.529063647484276	0.9909851919491376	
474.9955	253.45	0.01913568887490255	6.97218122951991	
525.1046	36.26	0.014097765771143465	-8.03807794133183	
437.0526	204.11	0.31639215265161746	-1.597099518994222	
437.2141	179.59	0.9418991329828512	-0.10325191145835086	
437.8936	318.5	0.5638552980635116	0.9058013630327487	
438.0267	38.63	0.5131584490512492	1.0281246413897378	
438.0495	204.24	0.8322488595528088	-0.31838914706329724	C24H10N2O4
438.9045	201.61	0.2481964220397062	-1.870968030098768	
604.9561	213.99	0.7532903726490984	0.47454329319164656	
604.9561	223.57	0.7067776003044645	-0.5599004547343989	
605.0051	218.06	0.026335786909589775	-5.918030553147944	
606.0755	220.68	0.0065273095604220155	-10.80604832671516	C17H27N3O17P2
440.1377	279.51	0.025822070843622147	-5.960182033196386	
478.189	248.19	0.2525105183298517	1.8543974970856598	C26H32ClFO5
440.895	213.46	0.3093607031382487	1.624652569359655	
440.895	224.75	0.15092339526232804	-2.536768685368225	
440.9494	213.59	0.981599647965703	-0.03595743438384413	
440.9494	223.84	0.15153162301302148	-2.526583491964323	
440.9982	218.45	0.03949083789234327	-4.904453598543098	
441.1057	36.26	0.03136206789869356	-5.529265125492965	
479.0534	192.36	0.00484470420870004	12.57680662185125	
442.0687	220.82	0.005708373431776298	-11.551124524206863	
442.1045	36.0	0.041427866633757186	-4.77753667309116	
442.1384	311.41	0.000124474947454926	63.78655092356984	C19H19N7O6,C19H27N3O5S2,C19H19N7O6
532.9253	200.27	0.16526006970033685	-2.414692909640981	
532.9253	202.8	0.43994024471962045	-1.2187966382467004	
533.0084	200.7	0.5480101143444723	0.9506636029427078	
533.0084	202.93	0.12156819538217607	2.8674331981196137	
443.1012	36.26	0.009048921776950516	-9.635193600736827	
443.1409	311.54	0.02126663915093414	6.674140127813569	C19H19N7O6,C19H27N3O5S2,C19H19N7O6
619.0206	218.45	0.07018656739174943	-3.7831571190515016	
619.2963	361.97	0.46362846296201393	-1.1554387230342622	
619.2963	366.43	0.8414731385292273	-0.29257431926110855	
534.884	201.61	0.207366204228548	-2.0946115602748825	
620.0242	218.45	0.04522716585336208	-4.596075573252145	
620.0543	215.3	0.02126663915093414	-6.5843224780519085	
620.0543	220.03	0.02263284387042366	-6.370238861193805	
621.0255	218.58	0.21543757264239227	-2.050744589691057	
444.1044	36.13	0.06673952392853516	-3.88377153579545	
482.1025	156.55	0.04522716585336208	-4.601881108735127	
482.7894	1.17	0.7479904504463634	0.4849971809282393	
536.8819	201.48	0.5590458010430351	-0.9260697066000837	
537.0172	218.45	0.06388146373639216	-3.960050229192879	
445.1019	36.13	0.0047013466071399905	-13.181637283928266	
445.1835	362.36	0.29577175160448144	-1.667139258490209	
445.1835	366.3	0.7833100503596412	-0.40915591113884964	
538.0207	218.58	0.07730568503711727	-3.5737923845581405	
538.0509	219.9	0.018278354576577296	-7.155044585229761	
539.0221	218.32	0.20072052562029932	-2.134218906320911	
446.0086	269.39	0.658096346765397	0.6767861055336382	
485.0492	390.72	0.11890218676853444	-2.8971851479638686	
485.2033	294.61	0.0611126867561458	4.0423098313846095	
485.3384	122.06	0.5490388552329586	-0.9454875808768243	
632.861	202.14	0.4067667173144854	-1.3120018050978053	
633.0363	218.45	0.18238531648809142	-2.28521729116769	
543.1514	362.62	0.15308486174898026	-2.514889354760614	C27H28O12
543.1514	365.51	0.0272854331717222	-5.831170594640574	C27H28O12
486.7663	1.3	0.8440235949272742	-0.282054131615272	
634.0398	218.45	0.2573433756900805	-1.8251443070917595	
635.0414	218.58	0.8368842674344	-0.30292143986128095	
488.182	271.63	0.13847314838215252	-2.6583148014246984	
488.182	296.18	0.3222778581034776	-1.573875892569539	
641.1194	363.67	0.5490388552329586	-0.9462034019071383	
488.9874	364.59	0.5997479083739253	0.8180709329617096	
646.8772	201.88	0.7833100503596412	0.4106557146998898	
549.9027	202.14	0.6766588827123293	0.6272198703705788	
550.898	201.75	0.16291977341570782	-2.4410243349843195	
551.0329	218.45	0.18638032381454467	-2.2542850406380075	
648.8753	202.01	0.4981828334017712	-1.0621205192747276	
552.0365	218.45	0.19437599066654782	-2.1980342421644643	
553.038	218.45	0.18238531648809142	-2.290559135714266	
661.1721	276.09	0.4527511233330604	1.1818900719999688	
687.0083	218.32	0.09086846039283553	-3.3100437578226436	
688.0786	220.68	0.03251458540383801	-5.413946942286307	
564.8661	200.14	0.16802621731698944	2.379599297792269	
564.8661	203.45	0.19111904829031107	2.2223668585161858	
701.0243	218.45	0.10210644334864875	-3.1144585963135025	
702.0275	218.45	0.25667386829007954	-1.8312586251722398	
715.04	218.45	0.19872736759563106	-2.1556279740232833	
716.0435	218.58	0.24254027755566798	-1.900252773302538	
717.0451	218.32	0.7539031615665456	-0.47149123233699197	
729.0886	35.35	0.9299669681903918	-0.12213933980654865	
729.0886	52.64	0.21161745061526455	-2.069885089727243	
730.0921	35.35	0.8206937359921394	-0.3426342843719751	
735.2727	242.41	0.6392257008786989	0.7210952487013655	
735.2727	251.48	0.765165118743418	0.45309849581044703	
757.254	240.97	0.8080157313525261	0.3638050205060688	
757.254	251.87	0.9715185776047416	-0.05432610241020137	
765.1598	35.48	0.729490934396167	-0.5144391350098143	
765.1598	52.64	0.09105498755296901	-3.300817241771449	
767.2095	242.41	0.43994024471962045	-1.219507415029286	
767.2095	251.61	0.25640491801551724	-1.8336831002320106	
783.0275	218.45	0.14365051974524856	-2.600863694121439	
797.0433	218.32	0.26636035731629715	-1.7858571316103313	
798.0465	218.32	0.8742088494813722	-0.22775260032580266	
865.0303	218.98	0.7081917843191344	-0.5557154509269417	
879.0467	218.32	0.5291004704623362	-0.9879457608779061	
961.0489	218.58	0.03612335522377886	5.132717581754053	
