m/z	rtime	p-value	t-score	custom_id
114.0666	22.62	0.015588043157211696	-16.893546657511337	
174.0914	24.33	0.9445999657938898	-0.15557357491138546	
116.0623	38.8	0.8977237852629045	-0.8504970557379903	
268.1908	21.44	0.8222660660961908	1.5210549594953553	
268.1908	24.33	0.8977237852629045	0.8530752174509787	
268.2637	58.16	0.507325376127384	-2.875396974459322	
268.2637	228.51	0.9083967255600601	0.43662694622059134	C18H32O
268.2716	200.85	0.8129095398775535	-1.7026133685021918	C18H34O
174.1315	40.65	0.06263047946753689	-9.300583936749467	
221.1758	176.09	0.8977237852629045	0.511060893403608	
221.1758	183.86	0.8977237852629045	0.5457164097221057	
174.1359	176.35	0.8977237852629045	0.5259368422659522	
174.1359	183.73	0.8977237852629045	0.5628924550402208	
268.9976	1.24	0.8570783430257713	-1.356575709692289	
270.2429	176.35	0.8977237852629045	0.5719796740418538	
270.2429	183.86	0.8977237852629045	0.5890623336033561	
223.1541	24.72	0.8222660660961908	1.5486361926731154	
223.8841	21.97	0.2368867632991619	-4.613737099356887	
271.2056	206.78	0.925880396219323	0.29562143829595966	
271.2056	283.86	0.8977237852629045	0.9027767570818002	
271.2269	176.35	0.8977237852629045	0.574485353813852	
271.2269	183.86	0.8977237852629045	0.5957829005308367	C16H30O3
271.3189	141.57	0.8977237852629045	0.9648338083801533	
176.066	23.28	0.5782576087194199	2.494882741088916	
272.2221	181.76	0.8977237852629045	0.5981022773914797	C16H25NO2
272.2221	209.27	0.8977237852629045	0.5511455694466348	
224.1282	27.35	0.8792990245109331	-1.1238642445027345	
272.3221	141.7	0.8977237852629045	0.9149742278169152	
272.9442	20.78	0.712053945297563	-2.0532874178730194	
273.0911	29.71	0.9083967255600601	-0.4031257085973016	
273.0911	46.84	0.8284754512575134	1.4815541357361781	
273.0911	221.4	0.928994831518602	-0.2685649192735232	
273.0911	247.89	0.8977237852629045	0.8530402467206873	
273.1697	25.91	0.9083967255600601	0.4574939775376571	
273.2537	27.88	0.9706126554129293	0.10343762744528637	
273.9455	20.78	0.8222660660961908	-1.504928196579241	
119.0494	27.48	0.8977237852629045	0.8016214905265845	C8H6O
119.0688	39.06	0.8977237852629045	-0.935720705573305	
274.2741	34.6	0.9083967255600601	-0.42612914650312894	C16H35NO2
274.9418	20.92	0.6704192682270083	-2.172696413988182	
177.1275	37.09	0.925880396219323	-0.2885759942281187	
120.0528	27.35	0.8977237852629045	0.9449905239179277	C8H6O
120.0528	30.53	0.8792990245109331	1.075241622428883	C8H6O
177.1638	39.32	0.8222660660961908	-1.6099408299358198	
225.8811	22.23	0.5294680728272588	-2.6930833098205227	
276.1442	24.99	0.9083967255600601	0.39934928557798455	
226.1803	176.35	0.8977237852629045	0.5429454053965849	
277.1283	27.61	0.7456103297406935	-1.934896774592568	
178.1227	32.63	0.16007984290482893	-5.642477112590274	
226.2167	174.77	0.8977237852629045	0.9044898624467764	
226.2167	181.36	0.8977237852629045	0.941277452124294	C14H27NO
226.2167	204.39	0.8977237852629045	0.8722497536846937	
226.2167	209.27	0.8977237852629045	0.9342966211128998	C14H27NO
226.2167	228.51	0.8977237852629045	0.8418186580147046	C15H26O
121.0399	22.75	0.2912877032779015	-3.8830731785208896	
226.9516	21.05	0.4984595135330051	-2.931638515979381	C6H4Cl2O5
121.0844	24.59	0.8977237852629045	0.6431775380423203	
179.0638	31.05	0.014298610719596642	-19.440109016658788	
277.9571	0.98	0.8222660660961908	-1.5140722610465829	
122.0687	65.15	0.7456103297406935	1.9211832306205432	
179.1625	26.96	0.07328440111791805	-8.686503896465117	
278.9033	1.37	0.8989569713574787	-0.5005182058535134	
227.1835	176.35	0.8977237852629045	0.5529196325828228	
227.1835	183.73	0.8977237852629045	0.5726952140421412	
278.9539	0.98	0.8977237852629045	-0.7219235585298901	
278.9539	2.95	0.77311135147567	-1.8423332128348426	
278.9652	21.18	0.9083967255600601	0.41199210857303836	
227.2119	176.35	0.8977237852629045	0.5909427867203215	
227.2119	183.86	0.8977237852629045	0.6163815095884024	
279.0934	30.24	0.7921501430078857	-1.7972745577905083	
227.9549	21.05	0.712053945297563	-2.0371383934478957	C6H4Cl2O5
279.1137	206.78	0.9189786734388462	-0.34680327483954704	
180.1384	21.7	0.6211828819499574	-2.3370789560517324	
123.0682	23.67	0.8977237852629045	0.8593018161080567	
180.1748	27.35	0.9328641094396184	-0.24249918080759966	
180.1748	175.96	0.9083967255600601	0.45820452131978506	
180.1748	184.12	0.8977237852629045	0.5731265157681248	
123.941	22.75	0.5809198954662437	-2.474814481496462	
181.1086	22.49	0.8222660660961908	1.5605981152464514	
229.1185	22.75	0.8792990245109331	-1.2608054973374179	
280.1756	24.86	0.12370508302089896	-6.423784314222334	
124.0589	23.28	0.8977237852629045	0.7300690111563588	
124.0759	23.67	0.8977237852629045	-0.5763017650859945	
229.18	27.88	0.9188876331842762	0.3477799154706219	
229.18	176.35	0.8977237852629045	0.5195340042018441	C13H24O3
229.18	183.86	0.8977237852629045	0.553970706045212	C13H24O3
181.1588	176.35	0.8977237852629045	0.5796204322627242	
181.1588	183.99	0.8977237852629045	0.6009944220475071	
229.1992	176.35	0.8977237852629045	0.5746397657049732	
229.1992	183.86	0.8977237852629045	0.5962350240589467	
280.9543	0.98	0.5027138776315889	-2.900326114051232	
182.0294	22.49	0.8792990245109331	-1.257569847397098	
182.0814	23.28	0.6039504938920223	-2.393332672932394	
281.101	31.05	0.914531120189926	0.3606914010382811	
182.1037	22.23	0.011598844183212255	-22.5376675998485	
230.248	51.31	0.8690617823158351	-1.3227081547593427	C14H31NO
125.0793	23.8	0.8989569713574787	0.49738212001844734	
281.8426	22.1	0.24088508283406643	-4.439418637144621	
281.9521	1.24	0.5457197637626924	-2.618307782490389	
281.9521	3.08	0.25446591758165116	-4.240294904119296	
282.1053	31.05	0.8570783430257713	-1.3551890266828701	
282.1911	24.59	0.8977237852629045	-0.8121633502118988	
282.2042	27.61	0.8792990245109331	-1.15389045450022	
282.9497	0.98	0.7446282974417929	-1.9546435524908388	
283.1176	27.09	0.8977237852629045	0.9815089412383406	
283.144	35.38	0.8792990245109331	-1.0747113713282912	C15H20O5
283.175	22.75	0.2406771071079455	-4.4658922775948655	
283.2461	196.1	0.8977237852629045	0.514724161237781	
283.8397	22.1	0.2912877032779015	-3.89065373616021	
284.121	26.96	0.8977237852629045	0.7252910163115112	
284.9101	21.31	0.26139333320909025	-4.102968037124407	
127.073	22.62	0.2661078619192828	-4.0661387015569055	
285.1098	24.2	0.712053945297563	-2.033844699243521	
285.2787	200.98	0.8396126260362076	-1.435191503133524	C18H36O2
233.9129	21.84	0.3401293327231511	-3.52998694939391	
184.1697	176.22	0.9083967255600601	-0.40296300630392135	
184.1697	183.73	0.9143702104608399	-0.36858417442215796	
184.1697	228.11	0.9837674480773748	-0.06055684664473188	
184.8891	1.24	0.293841333914794	-3.8429204855277304	
184.99	68.2	0.6211828819499574	2.3300115280101417	
128.9537	1.24	0.8977237852629045	-0.932617193464448	
234.2217	25.12	0.0052849701689212025	-30.40276037346525	
286.2821	200.98	0.8792990245109331	-1.265453364637045	C18H36O2
286.2935	170.7	0.6504269200596535	2.2201354399042748	
235.0126	2.29	0.6211828819499574	-2.3418509911617162	
235.0143	199.12	0.9301279163675257	-0.26333848730908666	
185.1286	21.7	0.8977237852629045	-0.702085122600801	
287.2217	183.86	0.8977237852629045	0.6082627783346948	C17H26O3
130.0654	24.99	0.7456103297406935	1.915890936312828	
288.2896	34.2	0.5544895290623831	-2.585194858590139	
288.2896	37.09	0.5900029183482031	-2.4551869116956464	C18H33NO
130.1309	21.7	0.9726432920993574	0.0965439170088277	
289.0836	26.3	0.8702474372034606	1.316674688651529	
289.2486	27.09	0.8977237852629045	-0.6662037522155589	
289.9342	21.31	0.8222660660961908	-1.5048275782826654	
186.9956	1.24	0.7925689750420332	-1.78815617210488	
131.0857	39.19	0.8218526520523619	-1.637841622690862	
131.0857	610.65	0.8222660660961908	-1.5027098414528486	
291.0763	25.25	0.9437453591845658	0.15799558090756674	
291.1941	32.63	0.9880912289080647	-0.04892602315767589	
132.089	39.85	0.8527120139134519	-1.3963443325341869	
132.089	176.48	0.8977237852629045	0.7265334092932484	
292.2635	214.42	0.8989569713574787	0.4971603197457904	
292.2635	221.92	0.8977237852629045	0.6143216929358387	
292.2635	229.43	0.8977237852629045	-0.8379428768791799	
188.0707	24.59	0.2977396476240934	3.8064717383453233	
238.1651	24.72	0.86222469472958	-1.3454779594942603	
133.0762	24.86	0.0009639532034700918	-55.3940200172177	
294.1548	24.99	0.7456103297406935	-1.9336193429869524	
294.1548	27.74	0.7611011705219255	-1.8750488117828001	
239.1066	1.9	0.6374734131604242	-2.2730594297366924	
189.0735	21.84	0.6004293874412694	2.4127387492837196	
294.9389	21.05	0.5949343279552052	-2.4372034501312876	
295.1152	24.07	0.6211828819499574	2.3277925627095	
134.0602	23.67	0.8977237852629045	-0.7042602751372368	
240.1498	22.23	0.3573660487986277	-3.4453258779579987	
240.2322	36.83	0.3103676600104616	-3.7231879394058387	
135.0636	23.8	0.925880396219323	-0.2941095727657423	
190.0863	24.86	0.6211828819499574	2.3154758673114997	
135.1169	38.93	0.7921501430078857	-1.796531058340079	C10H14
241.2036	21.18	0.8977237852629045	-0.6414540919666296	
298.2741	159.61	0.925880396219323	0.2920019555512036	C16H32O2
298.2741	204.39	0.8792990245109331	1.189127251501066	C18H35NO2
298.2741	209.54	0.8911204319576309	1.0069037049606477	
298.3104	217.83	0.8792990245109331	-1.1215806603762886	
298.3469	147.24	0.9896112930890338	-0.037126169366162934	
299.0617	68.85	0.9083967255600601	-0.4007174523549004	
299.0878	23.94	0.8977237852629045	-0.9074158022338229	
299.1487	37.22	0.9258925994573398	-0.28223411588266917	
137.0458	22.36	0.04230523570452494	-11.330525012087666	
299.1852	26.43	0.8977237852629045	0.7973883033915653	
299.3138	217.3	0.8977237852629045	0.6035816462122444	
242.2116	27.88	0.9437085474555285	0.16234852353561566	C14H27NO2
242.2116	182.55	0.8979196482163382	0.5093664986231252	C14H27NO2
300.2017	22.62	0.26139333320909025	-4.142376851352301	
242.9255	21.18	0.46863448964019433	-3.0585097138811674	
191.1432	176.22	0.8977237852629045	0.5221905908446226	C13H18O
191.1432	183.99	0.8977237852629045	0.5951287856258186	C13H18O
138.0492	22.36	0.0874386120871992	-7.906724506456815	
300.2897	129.68	0.39297207633338965	-3.3044143844450686	C18H37NO2
138.1278	176.35	0.8977237852629045	0.8264825627958786	
192.122	29.71	0.21585028604559361	-4.86354151849844	
243.183	20.65	0.17362690920439067	5.390990478597879	
302.1656	24.46	0.996957480803003	-0.018058734121083473	
243.9418	21.44	0.712053945297563	-2.060456704740461	
193.0972	23.41	0.9356217365574845	-0.21584801743875492	
139.0503	22.49	0.17362690920439067	-5.439989644304604	
244.0345	22.36	0.836721354859425	-1.4650057561591758	
304.1237	26.17	0.9332075973633887	-0.2315959786732156	
304.1755	31.05	0.014298610719596642	-18.09208163950798	
193.1588	176.35	0.8977237852629045	0.5633635351905222	C13H20O
193.1588	183.86	0.8977237852629045	0.602784317596074	
244.1908	27.35	0.9332075973633887	-0.23189649938409176	
244.1908	183.86	0.8977237852629045	0.5825557660184602	
305.0996	24.59	0.8792990245109331	1.1179662000053414	
140.0536	22.49	0.31061916363367953	-3.6853796739393196	
194.1627	176.35	0.8977237852629045	0.6206604039402536	C13H20O
194.1627	183.86	0.8977237852629045	0.605801656690916	
245.1942	27.35	0.9313511720423995	-0.25241046596979033	
245.1942	176.35	0.8977237852629045	0.5809002208219011	
245.1942	183.86	0.8977237852629045	0.5858722629918839	
306.1394	26.56	0.9193767288325112	0.33356854321234897	
246.1021	21.97	0.9083967255600601	-0.414109267575682	
246.2429	27.48	0.8977237852629045	-0.5697562283183666	
246.9454	20.65	0.9418859010736903	-0.1717688215239577	
308.222	25.38	0.8920107907401732	0.9950664867220995	
308.2584	205.73	0.9030872798793491	-0.4843124855892563	
308.2946	200.98	0.9083967255600601	-0.414567001907172	C18H34O
308.8615	21.97	0.48721774919972266	-2.978095282438648	
247.8847	0.98	0.8396126260362076	-1.4331378582623566	
309.1472	26.3	0.8222660660961908	1.5986798933332758	
248.1857	26.3	0.9301279163675257	-0.2620942270847183	
249.0456	20.78	0.6866843646853277	2.1110560195927714	
249.1122	30.92	0.9193767288325112	0.330858596451214	
310.274	142.62	0.8977237852629045	0.6751142332386868	
310.274	149.6	0.8977237852629045	0.7495706247477303	C17H32O2
249.2576	200.98	0.8396126260362076	-1.4338594315054523	C18H32
250.0385	24.46	0.9083967255600601	0.409057393916842	
311.1467	25.25	0.8977237852629045	0.9611814263955285	
250.1779	27.74	0.928994831518602	0.2677287440924599	C14H24O2
250.1779	176.22	0.9030872798793491	0.48483688819685855	
250.1779	183.86	0.8977237852629045	0.5674278785353717	
198.0527	22.49	0.8260330196559068	-1.4862302403384164	
311.342	141.31	0.8792990245109331	1.2765468246596712	
250.2609	200.98	0.8977237852629045	-0.868170669316326	C18H32
311.9294	21.31	0.8222660660961908	-1.5965229132076477	
250.9029	21.97	0.6749792126940729	-2.1543298545659306	
312.3624	141.57	0.9190260282761941	-0.34394856241358235	
198.1675	21.84	0.8792990245109331	1.0883932398534313	C10H16O
198.1854	176.35	0.8977237852629045	0.5593677982310479	
198.1854	183.86	0.8977237852629045	0.5898581889688924	
198.9515	0.98	0.5115318371848088	-2.836829406262056	
198.9515	2.82	0.7342282019122562	-1.9846306367658015	
143.118	22.89	0.48721774919972266	-3.00899917349918	
313.1622	24.72	0.8792990245109331	1.1038990721163533	
313.2373	37.35	0.9063649706917605	-0.4706935700142928	C18H32O4
313.3212	208.22	0.9569930452970162	-0.1306250952252321	
251.9811	24.86	0.9147996536878179	-0.35515607698286455	
144.0557	11.94	0.5141275701061437	-2.7658149688102704	
144.0557	17.09	0.4099418386343051	-3.241200230928061	
314.3247	208.09	0.8977237852629045	-0.5715590442989853	
314.3415	133.75	0.9083967255600601	0.40023682887601253	C20H43NO
314.9322	20.52	0.8519439882318423	-1.399132648349475	
314.935	11.02	0.9083967255600601	0.4516767861337579	
144.0808	24.59	0.8977237852629045	-0.7299501656069316	
253.1645	24.2	0.8977237852629045	-0.8293305742453928	
200.0408	1.24	0.8570783430257713	1.3567044850543433	
315.3281	208.35	0.9246220578664216	0.3029903547813752	
200.1434	35.78	0.04571217674921615	-10.746556362132782	
200.1453	23.41	0.8977237852629045	-0.5149879914087541	
200.949	21.44	0.8977237852629045	-0.8919154379724391	
316.2118	21.57	0.8222660660961908	-1.5684237952641948	
316.2847	75.7	0.8218526520523619	-1.627790728238912	C18H37NO3
145.1008	35.65	0.8977237852629045	0.5436467600486558	
316.9615	1.9	0.9909383696158355	0.029966411217195465	
317.1359	23.94	0.8396126260362076	-1.43580906358437	
317.2151	21.44	0.8875945946007845	-1.0440842062474442	
254.2116	174.77	0.8977237852629045	0.6072706026314826	
254.2116	181.63	0.8977237852629045	0.6321492688492302	
254.2116	204.26	0.8977237852629045	0.5445307706738182	
254.2116	209.14	0.8977237852629045	0.6027409130078083	
254.2479	228.51	0.8977237852629045	0.5141611650071766	C16H31NO
145.1336	719.79	0.2900681963064476	-3.921877785090684	
255.1208	24.86	0.8806387759786842	1.0620253745440742	
255.1208	28.14	0.8792990245109331	1.248363061369623	
318.1911	29.85	0.8977237852629045	0.8913671117022963	
201.1235	23.41	0.8977237852629045	-0.7782000407708178	
146.0601	24.59	0.8530600764851062	-1.393977823027072	
319.0943	25.91	0.5027138776315889	-2.901737740023543	
319.1153	25.25	0.9083967255600601	-0.40301269130226647	C16H16O5
319.1945	26.04	0.8977237852629045	0.6201256978035741	
319.1945	29.71	0.9083967255600601	0.3991889995578551	
202.1803	21.44	0.21843104544828343	-4.8174611505921	C10H16O
256.2272	33.81	0.9307026836126909	0.26054732490288096	
256.2272	174.91	0.8977237852629045	0.6371105475797354	
256.2272	181.63	0.8977237852629045	0.6056800311456784	
256.2272	204.26	0.8977237852629045	0.5921765566189234	
256.2272	209.14	0.8977237852629045	0.584059984994297	C17H24O
256.9706	20.92	0.8121018740917564	1.729247165693894	
203.008	21.84	0.8222660660961908	-1.5253985627315934	
321.3152	228.51	0.9083967255600601	0.4443925072912948	C22H40O
257.0805	23.8	0.8222660660961908	-1.5139695262648016	
203.0527	21.97	0.9356217365574845	0.22187914940522907	
257.0994	2.29	0.8702474372034606	1.3166854083174249	
203.1391	23.41	0.9083967255600601	-0.43828828225178634	
323.1467	25.91	0.9030872798793491	0.4855573878201193	
148.9935	22.1	0.8127078094490916	-1.714023568031861	
324.2017	24.99	0.2406771071079455	-4.495154558527427	
324.2533	188.59	0.8977237852629045	0.5600321233973304	
150.0551	23.94	0.28368646934455893	-3.9663098767789506	
150.0584	24.07	0.9309653857995488	0.2584663529060763	
204.9982	21.44	0.34264062527134337	3.5116215668022615	
325.2007	27.22	0.8235008389810625	1.4975976974754734	
325.2007	28.66	0.8977237852629045	0.8685786513041006	
205.0972	24.33	0.650199583927591	2.2340445195320116	
326.2172	24.72	0.9122005716072752	-0.39142524954492225	
326.3053	140.92	0.2912877032779015	-3.8655722978577396	
326.3053	200.98	0.7456103297406935	-1.927816177006327	C18H36O2
326.3782	97.18	0.928994831518602	0.2693367723692906	
206.1389	0.98	0.8792990245109331	-1.1656010570707829	
260.1726	206.52	0.8129095398775535	-1.6824478083973153	C17H22O2
260.1726	217.04	0.9083967255600601	0.4413113551573237	C17H22O2
260.1726	260.94	0.9874372415647567	0.0532570449823148	C17H22O2
260.1726	278.61	0.8396126260362076	1.4523676691393477	C17H22O2
327.0392	25.12	0.8977237852629045	-0.7612413701566837	
327.2008	22.62	0.31944866860879856	-3.642576551795631	
206.894	21.7	0.15592701995804328	-5.753429805938171	
327.2894	185.3	0.8920107907401732	-0.9924309167132854	C20H38O3
327.3256	200.85	0.7456103297406935	-1.9320576170639057	C21H42O2
261.0736	23.41	0.8222660660961908	-1.5519293138323549	
261.0882	2.03	0.6767889414891128	-2.147881955177436	
207.1171	46.05	0.8977237852629045	0.7175992706856809	
328.321	186.35	0.7456103297406935	-1.9329265994641882	C22H36O
328.3289	200.85	0.6004293874412694	-2.40858697418236	C21H42O2
152.0568	22.23	0.04571217674921615	-10.401602900395456	
329.157	24.86	0.8792990245109331	1.195396354320624	
329.1943	25.51	0.9974316526696376	-0.008560715501467796	
329.1943	28.14	0.941616984117775	0.1914864543908001	
329.3244	186.35	0.8977237852629045	0.591940833256294	C22H36O
208.1203	46.05	0.8977237852629045	0.8199505561920742	
262.9155	21.18	0.5782576087194199	-2.5167199602796213	
262.9817	1.24	0.5141275701061437	-2.7531341317977622	
263.0132	1.64	0.8127078094490916	-1.71755779838299	
208.1697	176.35	0.8977237852629045	0.5391360350826723	C11H18O
208.1697	183.73	0.8977237852629045	0.574921379118789	C11H18O
263.0913	31.05	0.8127078094490916	1.715989992351591	
330.3366	80.43	0.9083967255600601	0.438431016251314	C20H43NO2
330.9027	21.44	0.24753283084404956	-4.357822040007881	
153.074	23.67	0.8977237852629045	-0.8116695362783398	
263.9261	158.43	0.9734644550120191	0.09463254706504756	
263.9261	199.12	0.3103676600104616	-3.7098758130198672	
263.9261	202.03	0.5793847341976638	-2.4877682032741983	
209.1385	24.59	0.9135207406418064	-0.38726492078836866	
264.9127	21.05	0.17362690920439067	-5.420583823191596	
209.1537	176.35	0.8977237852629045	0.550527332042798	
332.2068	30.24	0.6262589025135994	-2.303505390032195	
209.1776	176.35	0.8977237852629045	0.5355231843506445	
209.1776	183.86	0.8977237852629045	0.6116594302457814	
332.3312	78.46	0.9418859010736903	-0.169999142235766	
265.107	27.48	0.9143702104608399	0.3636322131522771	
265.107	30.92	0.8977237852629045	0.5268066918260254	
265.1117	22.89	0.9658408164006489	0.11124017110041973	
265.1223	42.22	0.8977237852629045	0.7538197977906782	
265.1294	22.75	0.8551152939324521	-1.3719216632323852	
210.0502	23.54	0.8238012708622288	1.495087967220563	
210.0502	25.51	0.9896112930890338	-0.03665384902833753	
333.3346	78.33	0.9755209015164358	-0.09113866655173787	
334.186	26.82	0.8792990245109331	1.1397515580216488	
334.8772	1.37	0.8822742332121115	-1.0578747367641563	
334.8772	2.82	0.8129095398775535	-1.6751739816006725	
210.1571	176.22	0.8977237852629045	0.5665370745830687	
210.1571	183.86	0.8977237852629045	0.5904600280009967	
335.177	206.78	0.9726432920993574	0.09666632565193589	
335.1898	26.82	0.8297317526177603	1.4780998812425457	
335.3035	208.62	0.8977237852629045	0.7262628864510251	
266.1727	27.22	0.9418859010736903	-0.17594303545033024	
266.1727	176.35	0.8977237852629045	0.5372827383899278	
266.1727	183.86	0.8977237852629045	0.6000889183632364	
210.1855	176.48	0.8977237852629045	0.5554872917602057	
210.1855	183.86	0.8977237852629045	0.5816104323272998	C14H22O
210.9778	21.05	0.9309653857995488	0.2582191220198441	
267.145	22.49	0.9884498136417242	0.044756686186372435	
267.2682	200.98	0.8382127585879565	-1.460864202055567	C18H34O
336.2017	27.88	0.8792990245109331	1.1322311837615888	
336.326	115.9	0.9627643655920806	0.11769897000524235	C22H41NO
336.326	116.43	0.9974316526696376	0.00870817356560221	
336.326	204.53	0.9047962348356763	0.47509447817558675	C22H41NO
211.1694	176.22	0.8977237852629045	0.55228992047252	C13H22O2
211.1694	183.86	0.8977237852629045	0.6055828757882389	
363.9549	1.37	0.8222660660961908	-1.5974898183388175	
363.9549	2.82	0.3764172664172759	-3.3790763977774483	
337.1047	24.33	0.5410321477944695	-2.65916285177302	
337.1623	25.12	0.8977237852629045	0.7630919795173973	
337.205	27.74	0.8792990245109331	1.2425593585301407	
212.0921	24.72	0.6820011668817223	-2.137012209732049	
212.1282	23.54	0.9143702104608399	-0.36476868093966247	
364.1966	25.91	0.9670298049867637	0.1088669932597618	
364.1966	28.27	0.9193767288325112	0.3318692071401917	
364.1966	28.93	0.8222660660961908	1.5209899761128707	
364.233	22.49	0.8792990245109331	-1.081912621901951	
364.233	33.81	0.9626428419948106	-0.11873577735582608	
212.201	156.59	0.9139331999801217	0.37977623834320673	
212.201	228.11	0.9139331999801217	0.37997535909075875	C14H24O
157.0803	2.03	0.7165482211221834	2.020464377757532	
365.016	21.57	0.8977237852629045	0.9161545366961716	
338.8698	1.37	0.9301279163675257	-0.2623599572206785	
365.1055	21.97	0.8977237852629045	-0.961561467081553	
365.1885	134.67	0.3796113214741217	-3.3603534169416416	
365.2363	27.48	0.925880396219323	0.2921831059600987	
339.1415	26.82	0.8977237852629045	0.8453699942509294	
339.1796	29.32	0.9437453591845658	-0.16109294312036657	
339.3451	228.51	0.9083967255600601	0.45270603500196166	C22H43NO
366.2216	230.35	0.8792990245109331	-1.0877483909276142	
367.173	27.35	0.8792990245109331	1.1137572283079231	
340.3481	228.11	0.9083967255600601	0.42503513595613207	C22H43NO
340.3576	261.73	0.8977237852629045	0.5529060270420534	C22H45NO
340.3938	190.7	0.7226433617932845	-2.0021437813556844	
368.0658	24.99	0.8977237852629045	-0.6616135537761041	
368.3159	176.35	0.8977237852629045	0.5863229767864909	
368.3159	183.86	0.8977237852629045	0.6250209660970103	C20H38O3
368.3523	201.24	0.8977237852629045	-0.6330903993026223	C21H42O2
368.3523	213.76	0.8792990245109331	1.2026027518753344	
368.3523	216.38	0.8977237852629045	-0.8503284752402164	
368.3523	225.34	0.8977237852629045	0.6545158446692855	
368.3523	259.73	0.8911204319576309	1.0133783818898312	
340.9311	20.92	0.5115318371848088	-2.7884826767167397	
368.425	220.06	0.6713392787372403	-2.165242267448809	
214.1414	21.44	0.8977237852629045	-0.5396175848101774	
341.1571	24.86	0.8792990245109331	1.1925565577450086	
341.1571	27.74	0.8792990245109331	1.2633363163934836	
369.1694	55.54	0.8757585996619581	-1.3029539761048152	
369.1694	74.63	0.712053945297563	-2.04015236497462	
369.1886	25.91	0.8977237852629045	0.727637217839479	
369.1886	28.93	0.8977237852629045	0.8938872475301451	
214.1803	26.3	0.9965084615093084	-0.01955636560521091	
369.2625	37.49	0.8977237852629045	-0.8308770864376566	
369.2999	161.97	0.9328641094396184	-0.24168443759523586	C20H34O3
214.253	37.09	0.5196952766590912	-2.7332503774085635	
369.3365	230.87	0.8396126260362076	-1.4457226950522652	
369.3365	513.22	0.8855914274468147	-1.0475575765376275	C23H44O3
369.4285	219.8	0.6443252418327203	-2.250945700066571	
158.9641	21.05	0.2912877032779015	-3.868180101220694	
158.9926	21.44	0.507325376127384	2.8690526615699294	
159.0278	21.84	0.07531150092453408	-8.515604839147683	
369.9568	20.65	0.5115318371848088	2.785852284363715	
370.1728	30.92	0.9376814354323324	-0.20475935901589273	C22H24O5
370.3	200.31	0.17665053949942983	-5.335626731596108	
370.368	198.73	0.04571217674921615	-10.424356750452867	C23H47NO2
370.8017	200.72	0.12160339775078108	-6.655404212843126	
159.0918	24.59	0.8222660660961908	1.5578409233771133	
343.1728	24.99	0.8792990245109331	1.0708425293760315	
343.2956	37.09	0.3103676600104616	-3.7005602550098833	
343.2956	39.98	0.12160339775078108	-6.759452167613497	
371.2045	27.48	0.8911204319576309	1.0020870506172408	
371.2794	37.22	0.04230523570452494	11.19275726502194	
371.3022	200.72	0.8551152939324521	-1.384564759744466	
371.327	58.03	0.5141275701061437	-2.754651439248081	
371.335	225.2	0.8222660660961908	1.6151585555248977	C22H43NO3
215.1433	62.52	0.8977237852629045	0.8536348463885975	
215.1433	207.04	0.9139331999801217	-0.3857841513039447	C15H18O
344.0658	25.12	0.8792990245109331	-1.288605697088882	
344.2068	29.32	0.8977237852629045	-0.5148750619430276	
344.2278	22.49	0.2061602163194197	-4.951772122698708	
160.0758	24.59	0.8977237852629045	-0.9300596341559052	
372.978	3.74	0.4969700136787983	-2.94239041662498	
345.1309	24.2	0.8129095398775535	-1.6759320037145478	
345.1888	25.64	0.8688840773117318	1.3255667715652673	
345.2999	185.04	0.8977237852629045	-0.9015398507449978	
345.336	201.11	0.7692693049152922	-1.856167762552222	C21H44O3
346.3395	200.98	0.8911204319576309	-0.9996713076495997	C21H44O3
161.079	24.86	0.8977237852629045	-0.6532592434496092	
375.9611	2.29	0.8222660660961908	-1.5875268313309454	
347.1771	305.21	0.8222660660961908	-1.6000489461288467	
376.2331	27.88	0.8977237852629045	0.6502394521474515	
376.3186	115.9	0.9418859010736903	0.18223138110155435	
376.3421	201.11	0.8218526520523619	-1.6301999493533648	
216.0346	25.25	0.10700020386344468	7.176635519521427	
377.2009	193.72	0.12160339775078108	-6.665834857896567	
377.3454	200.98	0.8129095398775535	-1.682966853021056	
349.02	24.86	0.8977237852629045	0.6353666305149306	
162.1125	23.28	0.15592701995804328	-5.776027427430792	
378.2088	193.98	0.10700020386344468	-7.129125334045352	
378.2124	27.35	0.8977237852629045	0.5236737141600873	
378.2124	33.68	0.9143702104608399	0.36207218042883293	
378.2124	37.09	0.8855914274468147	1.0474663620127984	
378.2887	201.64	0.8792990245109331	1.078004491736567	
378.3482	201.11	0.6211828819499574	-2.339500496098275	
349.9375	3.48	0.5115318371848088	-2.7776487336445412	
216.196	183.6	0.8977237852629045	0.5248532896274316	C11H18O
350.2576	158.95	0.8977237852629045	-0.519241279126827	C20H34O3
216.9228	21.44	0.2406771071079455	-4.475599145613867	
350.7594	158.82	0.9083967255600601	-0.4616522713102232	
163.1481	176.35	0.8977237852629045	0.5424206416294237	
163.1481	183.86	0.8977237852629045	0.5757050762754776	
380.1646	28.01	0.8977237852629045	-0.8941792363420238	
380.2087	194.11	0.2061602163194197	-4.978509305766613	
380.228	28.27	0.8792990245109331	1.0964238595243325	
380.3887	174.12	0.9995487094091464	-0.0014808320266824263	
352.8976	21.44	0.5070991046971488	-2.8842141924620823	
353.1571	24.72	0.8688840773117318	1.335006868992747	
164.1282	21.44	0.25446591758165116	-4.254258385762848	
164.1515	176.09	0.8977237852629045	0.5165062861470824	
164.1515	184.12	0.8977237852629045	0.6109439455290766	
381.2312	28.53	0.8977237852629045	0.8915131561666721	
218.2116	24.86	0.8792990245109331	-1.1586933323466269	
218.9199	21.44	0.3100536743472252	-3.7444714099487757	
218.9366	1.37	0.8792990245109331	-1.243793217706928	
219.0052	2.43	0.9356217365574845	-0.21468308205047099	
354.3367	156.33	0.9193767288325112	0.33247437749708664	C22H43NO2
354.348	207.96	0.9473182213318805	0.1475598921344516	
354.356	218.75	0.928994831518602	0.2715367332901717	
219.1231	24.99	0.12370508302089896	-6.469093243964754	
382.9195	20.78	0.8519439882318423	-1.4092501231483139	
383.1487	27.35	0.8977237852629045	0.7723663174178085	
355.1154	26.69	0.799098629504107	-1.767918780843052	
165.1638	176.35	0.8977237852629045	0.5664118978580546	C12H20
165.1638	183.86	0.8977237852629045	0.6056924621599332	C12H20
355.173	25.12	0.8396126260362076	1.4539776157749853	
383.2043	26.3	0.8920107907401732	0.9928979516874556	
355.3401	156.46	0.9195302682072142	0.31931771445608836	C22H43NO2
165.9247	22.1	0.26016280075628095	-4.181584719687635	
355.3682	228.38	0.9083967255600601	0.4038760193549009	
355.3767	243.79	0.8977237852629045	0.8275639934729714	
384.3837	168.97	0.8977237852629045	0.6681309724633416	C24H49NO2
166.0534	24.2	0.712053945297563	2.0333417993276264	
385.1647	30.11	0.8977237852629045	0.7078267260114185	C22H24O6
385.1834	25.77	0.8792990245109331	1.1947063277061156	
385.1834	28.27	0.8792990245109331	1.1860273192633004	
385.201	38.01	0.8977237852629045	0.5507108390423338	
385.2204	26.96	0.8550481920918375	1.3899920668576675	
385.2948	196.63	0.9418859010736903	-0.1763995512897083	
385.2948	199.12	0.8977237852629045	-0.7015005058745124	
385.2948	202.82	0.9147996536878179	-0.3590804960222189	
385.2948	233.5	0.9083967255600601	-0.4208302289458369	
385.2948	244.45	0.941616984117775	0.18533071937071335	
385.3313	105.88	0.8977237852629045	0.8970599846862509	
385.3313	459.79	0.8977237852629045	0.725065250079233	
385.3423	204.0	0.9193767288325112	-0.32900654782139216	
356.3522	160.4	0.8792990245109331	1.2121498428365598	C23H44O2
356.8805	1.37	0.9191500619868663	-0.34051791585464575	
386.1867	25.77	0.19999624411064404	5.098079492018359	
386.1867	28.27	0.014298610719596642	17.952240659696816	
386.3263	176.74	0.8977237852629045	0.5556191319072976	
386.3263	183.73	0.8977237852629045	0.5631010876283326	C23H42O4
386.3903	168.97	0.8977237852629045	0.755446996073299	C24H49NO2
386.3992	216.52	0.45581324621895497	-3.1040212408554693	
386.777	200.59	0.8977237852629045	-0.8710886367410299	
357.1309	23.94	0.8792990245109331	-1.116663300405907	
357.1309	27.74	0.8129095398775535	-1.6773349100533907	
357.1889	24.99	0.8792990245109331	1.0760550896106191	
387.199	24.86	0.8792990245109331	1.1616328168433092	
387.2752	200.72	0.8977237852629045	-0.6771881294428285	
387.3469	230.74	0.8222660660961908	-1.5383099794336106	
357.2831	65.83	0.9038667699886473	0.4782840864761055	C21H36O4
387.3817	200.72	0.5457197637626924	-2.6249379072753927	
387.7764	200.18	0.9195302682072142	-0.3232370444649815	
167.0896	24.86	0.9309653857995488	-0.2542589083947601	
357.3363	194.11	0.8792990245109331	1.2056277672443771	C22H44O3
357.3557	160.92	0.8977237852629045	0.7644968841641225	C23H44O2
411.3352	230.48	0.941616984117775	-0.18515909695486626	
412.2542	80.04	0.9083967255600601	-0.4304616040241893	
167.093	22.62	0.8792990245109331	-1.1431969961019328	
412.3213	52.23	0.8977237852629045	-0.9377304161799455	
412.4149	203.48	0.9332075973633887	0.23833038442348445	C26H53NO2,C27H41D7O2
412.4149	263.96	0.4499642637438673	-3.126027123126209	
413.1782	26.56	0.8977237852629045	0.8574341174893504	
413.1782	30.92	0.9833045244510775	0.06209234679429452	
413.2758	184.65	0.8757585996619581	-1.3019602109046529	
414.2698	24.72	0.9313511720423995	0.2507674671021765	
414.3298	202.56	0.8977237852629045	-0.9238838191809946	
414.3298	221.4	0.9246220578664216	0.3034806183282148	
414.3298	224.81	0.925880396219323	-0.289688187617213	
414.3298	230.22	0.8977237852629045	-0.7109593908513167	
414.3298	261.86	0.6211828819499574	2.3529313175442472	
414.3298	274.52	0.7824429502179004	1.8163621563273533	
414.4308	251.2	0.6006351853120102	-2.403322749489989	
388.2539	22.36	0.2061602163194197	-4.962881476797278	
388.2732	200.85	0.8977237852629045	-0.883580901828372	
358.2435	158.56	0.8977237852629045	-0.5509414061480553	
358.2483	32.36	0.9339553403529695	-0.22675598637246916	
358.368	127.06	0.8977237852629045	0.5304147036477408	
415.175	24.33	0.8127078094490916	-1.7128566264273435	
415.175	134.41	0.9810807448001477	0.07016667888362675	
415.1939	25.12	0.8977237852629045	0.7856515615445057	
415.1939	26.96	0.8977237852629045	0.6919951653413151	
415.2797	233.24	0.8977237852629045	0.7800019582937285	
388.7749	200.04	0.7972761219925385	-1.778457337641882	
415.3418	192.54	0.9264447208264389	0.27928547898410166	
359.1467	23.94	0.8977237852629045	-0.811867943285828	
359.1678	24.86	0.7925689750420332	1.7869565317616805	
415.9398	3.21	0.6704192682270083	-2.1818443125517994	
359.3155	200.98	0.7846343103295619	-1.8108667654188013	
359.3713	127.06	0.8989569713574787	0.5031919610147	
416.2462	168.05	0.8792990245109331	1.0781465168901567	
416.2851	233.1	0.8222660660961908	1.6204693219702364	
416.3452	192.54	0.9139331999801217	0.37222095249808435	
416.938	3.21	0.4099418386343051	-3.2434340343349986	
168.0657	23.67	0.1459465656206394	-6.098054256607126	
417.1589	283.86	0.9195302682072142	0.32003300095829457	
417.2096	25.38	0.8977237852629045	0.7282961251958214	
417.348	192.54	0.9808696765456633	-0.0728342365840847	
417.3686	176.35	0.8977237852629045	0.5619469551406019	
417.3686	183.86	0.8977237852629045	0.594849350065592	
417.9357	3.21	0.5782576087194199	-2.5052014512831633	
389.8717	20.52	0.6704192682270083	-2.180875533379517	
418.2436	28.27	0.9621063732896735	0.1211265689843027	
168.0963	22.62	0.941616984117775	0.1933740977535901	
419.1701	27.35	0.8977237852629045	0.8844435442770167	
419.2254	30.92	0.6443252418327203	2.2545618675804286	
419.2557	220.87	0.8911204319576309	-1.0235619169104955	C21H39O6P
420.173	27.22	0.8977237852629045	0.5783835620845034	
420.1799	189.51	0.9707978221340582	-0.10234191234942926	
390.0479	24.86	0.8977237852629045	-0.9409250311722346	
390.1886	30.79	0.8977237852629045	0.9478174677002125	C22H26O6
360.3213	228.11	0.9190260282761941	0.3422471176501944	
360.3623	119.71	0.8551152939324521	-1.373475785464032	
360.3745	127.45	0.8977237852629045	0.5380206800271929	
391.2244	190.03	0.8977237852629045	-0.7279369492606762	
361.2353	66.23	0.8977237852629045	0.7429949506231728	C20H34O4
361.3215	200.85	0.8129095398775535	-1.696462116377105	
422.3243	226.93	0.8792990245109331	-1.0852407227169842	C23H45NO4
423.1415	26.82	0.9998572745542982	-0.00019030059570485588	C22H24O7
423.1415	33.42	0.8977237852629045	0.6119823796173284	C22H24O7
391.9842	4.0	0.6004293874412694	-2.4145448089908235	
392.2278	30.11	0.10700020386344468	-7.183798371880428	
392.2541	37.75	0.941616984117775	0.1876106376111422	
424.2825	176.35	0.8977237852629045	0.5323114002849395	
424.2825	183.73	0.8977237852629045	0.5179060077733748	C23H42O4
425.1355	31.05	0.8551152939324521	-1.377729713729442	C22H26O6
362.2173	31.84	0.8792990245109331	1.0701041664164737	
362.3029	176.35	0.8977237852629045	0.5575623550878647	
362.3029	183.86	0.8977237852629045	0.5917126153741806	
362.3253	185.3	0.8977237852629045	-0.8340320193487053	
362.3253	200.85	0.46863448964019433	-3.0656554535790117	
169.1011	39.06	0.8222660660961908	-1.5074287578228256	
362.9263	21.05	0.6713392787372403	-2.1632381606646782	
426.1394	30.92	0.8129095398775535	-1.687844379080144	C22H26O6
426.3271	105.49	0.8977237852629045	-0.8888855258807841	
426.4307	264.61	0.018319499948099907	-15.677963439358159	
362.9561	1.24	0.8222660660961908	-1.5864330073161075	
393.2313	26.43	0.9418859010736903	0.1778303987339055	
393.2313	29.85	0.25446591758165116	-4.298512358636306	
464.2853	31.71	0.9195302682072142	-0.3215508554220937	
464.2853	33.42	0.9356217365574845	-0.21627716870109304	
428.2547	146.32	0.9376814354323324	-0.20924364444249757	
464.3946	192.54	0.9122005716072752	0.3916615783543863	
464.3946	196.1	0.8977237852629045	0.7147361694904498	C27H48O5
429.2269	37.35	0.8977237852629045	0.7030419491567503	
465.3919	303.77	0.8977237852629045	-0.5680375392283996	
465.3981	192.41	0.8977237852629045	0.9749361346594089	
465.3981	196.1	0.7132227413399929	2.0282159099028814	C27H48O5
395.0266	21.57	0.9896112930890338	-0.03662789431678467	
170.154	176.35	0.8977237852629045	0.5245581695989991	C11H18O
395.2732	32.76	0.9909383696158355	-0.030749317056970694	
395.3134	215.08	0.8977237852629045	-0.8584593809134342	
466.2353	221.0	0.2368867632991619	-4.593109475270294	
466.2651	26.96	0.8977237852629045	0.7265961870742649	
467.2053	71.22	0.9309653857995488	0.25627812395207283	C25H32O7
467.2693	215.08	0.9083967255600601	-0.402360839572355	
430.2225	30.92	0.9083967255600601	0.4391142732041228	
430.2225	105.75	0.9083967255600601	0.4567890406666663	
430.2511	284.65	0.9193767288325112	-0.3347936184666692	
467.3731	328.77	0.8792990245109331	1.190733232535141	C28H50O5
430.364	176.35	0.9083967255600601	0.46180052381539327	
430.364	183.73	0.8977237852629045	0.560088921932965	
430.3805	296.12	0.8911204319576309	0.9999999999999964	
396.2231	190.03	0.8147205761500289	1.6668089943419813	C18H35O7P,C25H30O4
396.2319	193.98	0.10700020386344468	-7.141088767171676	
468.273	215.08	0.9418859010736903	0.17465761363364624	
171.0783	23.94	0.9083967255600601	-0.439613594518644	
171.0844	23.67	0.9139331999801217	-0.37925083518767694	C10H6O2
430.9142	20.92	0.8079232299519858	-1.752579290353274	
431.095	28.53	0.8977237852629045	-0.5736215103954055	
431.1786	200.59	0.8792990245109331	1.0744734504961786	
431.2176	30.92	0.8977237852629045	0.5988119774400343	
469.269	205.05	0.9808696765456633	0.07216907235941954	
431.3368	221.26	0.8977237852629045	-0.6159255202229528	C24H46O6
397.1834	26.17	0.8977237852629045	0.5229670338750306	
397.1834	28.53	0.8977237852629045	0.5352440386207965	
431.3685	175.96	0.9418859010736903	0.17234934010299996	
431.3685	183.86	0.9083967255600601	0.4654423417653546	
469.3889	220.06	0.925880396219323	-0.28885153145167	
397.3678	265.14	0.8792990245109331	1.1802430315781272	
397.3678	544.31	0.8977237852629045	-0.9571547662988097	
432.0983	28.53	0.8977237852629045	-0.5593428830516056	
432.1818	200.72	0.8911204319576309	1.000000000000005	
432.2802	22.36	0.20445319959188166	-5.0398897323959755	
432.3405	221.4	0.9083967255600601	-0.42323774161782923	C24H46O6
432.3405	230.22	0.8977237852629045	-0.7494693201776332	C24H46O6
432.3877	176.22	0.9135207406418064	0.38829212000599156	
432.3877	183.86	0.9083967255600601	0.41589440678447404	
470.3327	244.45	0.9569930452970162	0.13018493322769625	C28H46O4
433.1021	28.4	0.8792990245109331	-1.0651142593922636	
433.168	103.75	0.9083967255600601	-0.4109445117125761	
398.2891	89.92	0.8792990245109331	1.1139586937621218	
433.3524	192.41	0.8977237852629045	0.5863323534174485	
398.3994	229.3	0.8396126260362076	-1.445536533923309	
433.3907	176.22	0.9083967255600601	0.40663798249007316	
433.3907	183.86	0.9083967255600601	0.40602726951256585	
434.2387	27.74	0.925880396219323	-0.29731155677031124	
434.275	28.01	0.8977237852629045	0.8343789306042264	
471.368	193.85	0.8792990245109331	-1.144936221683795	
172.085	23.67	0.9884498136417242	-0.046701043777424234	
172.0877	23.67	0.8977237852629045	-0.9330029295105292	
399.1439	28.93	0.8977237852629045	0.9163762912548031	C22H22O7
399.1569	43.27	0.7658357651000922	1.863236549796673	
399.1991	24.99	0.836721354859425	1.4651000395185116	
434.3556	192.54	0.941616984117775	0.19279630821585583	
399.2508	62.13	0.9376814354323324	0.20605391060768757	
435.2496	188.85	0.8977237852629045	-0.9756252008341972	
435.2797	264.61	0.9418859010736903	-0.17649242154774167	
473.3989	317.6	0.8977237852629045	0.8451889373248056	C31H52O3
436.1968	29.19	0.8911204319576309	1.0105649060859978	
436.2541	29.85	0.9195302682072142	-0.3195445983175133	
400.2542	62.0	0.9376814354323324	0.20443326706656537	
400.3504	203.21	0.8977237852629045	0.9263058947866621	C24H46O4
400.3504	210.19	0.8792990245109331	1.1464601185804457	C24H46O4
437.2001	27.22	0.996957480803003	-0.01457931652586883	
474.3128	188.72	0.925880396219323	-0.2911041229789213	
474.4025	317.86	0.8977237852629045	0.5877883703428676	C31H52O3
475.194	24.59	0.16007984290482893	-5.667993376643168	
475.2146	184.78	0.7754160059607315	-1.8329546952811733	
475.2807	35.12	0.7456103297406935	-1.9163010291523719	
437.2428	185.04	0.8792990245109331	-1.2155926938369221	
437.2585	193.85	0.15592701995804328	-5.8118863087838655	
437.2856	177.27	0.8911204319576309	-1.0041705042019688	
437.3604	264.88	0.8977237852629045	-0.8385501990268648	C27H48O4
173.0784	22.62	0.5282936962485364	-2.707683742975293	
475.3783	278.35	0.8977237852629045	0.5908633680736843	C30H50O4
401.1596	27.22	0.8977237852629045	0.8419690957256049	C22H24O7
401.2149	25.38	0.8792990245109331	1.146625086565856	
401.2149	28.4	0.8977237852629045	0.9577969505003838	
401.264	224.55	0.8911204319576309	1.0376234329205078	
476.2445	230.35	0.8792990245109331	-1.244712909025514	
401.3418	201.37	0.712053945297563	-2.046392264948134	
438.2618	193.98	0.0874386120871992	-7.990062876555473	
438.3637	264.75	0.8977237852629045	-0.9131927759505323	C27H48O4
476.3817	278.08	0.8977237852629045	0.564985359472972	C30H50O4
476.3946	185.83	0.8792990245109331	1.101546849661125	
476.3946	192.54	0.9909383696158355	0.030159898613906035	
439.1365	28.93	0.8977237852629045	0.8242768177011762	C24H22O8
477.2113	184.91	0.8792990245109331	-1.0661956206585967	
477.2165	283.47	0.8911204319576309	1.0000000000000002	
439.2743	220.61	0.5115318371848088	-2.786870021027709	
402.1629	27.22	0.8977237852629045	0.8114659007700108	C22H24O7
477.3172	230.22	0.8129095398775535	-1.6874727657522974	
477.3535	105.32	0.9030872798793491	0.4877569683697143	
478.3059	220.87	0.6862967057433393	-2.11944596341756	
440.2017	37.22	0.8911204319576309	-1.020701781464143	C24H30O6
478.3741	162.1	0.8977237852629045	-0.5590946091539545	
173.1325	176.35	0.8977237852629045	0.5528634363058426	
173.1325	183.86	0.8977237852629045	0.6030467712638425	
403.3056	196.37	0.9193767288325112	-0.3272616287984789	
440.2809	221.13	0.8129095398775535	-1.7096139427326011	
403.3415	105.32	0.8977237852629045	0.5135145998793696	
403.3415	195.3	0.8977237852629045	-0.6148723178304688	
403.3532	127.84	0.9083967255600601	0.437847359738763	
403.3532	183.73	0.8977237852629045	0.6150545202900408	
441.1315	24.86	0.5410321477944695	-2.6445268989090325	
441.1315	29.58	0.8977237852629045	-0.819345456199883	C23H22O6
441.1521	27.22	0.8977237852629045	0.9232770225875854	
403.92	3.48	0.8222660660961908	-1.5414101769321278	
441.319	172.15	0.9332075973633887	-0.23288232657781893	
404.2644	28.01	0.9328641094396184	0.24088630229401042	
480.2863	192.01	0.8222660660961908	-1.5368643290098198	
442.1552	27.22	0.8977237852629045	0.768270095321538	
404.3734	201.51	0.8977237852629045	-0.9697303741121694	
404.3734	230.87	0.9083967255600601	-0.4504348067925913	C25H44O3
480.4025	196.76	0.9083967255600601	-0.3978885594735991	
520.3636	305.63	0.7658357651000922	-1.8634099305605376	
443.1576	27.22	0.8792990245109331	1.1696181185636627	
443.2061	38.27	0.9216889877096572	-0.3133343325667883	C19H34O9
443.2252	26.04	0.8792990245109331	1.1363742737172797	
443.2252	28.53	0.8151007305942747	1.6556808494811674	
521.3831	220.87	0.9812487232906936	-0.0678700727263558	
521.3831	263.3	0.8829272830072676	-1.0531571583216301	
406.0427	21.7	0.9139331999801217	0.37227958758064567	
406.2125	30.92	0.9193767288325112	0.33656246771376125	
522.2402	186.49	0.8792990245109331	1.1876423948362782	
522.2621	247.23	0.9083967255600601	-0.4635543014370035	
481.2853	230.35	0.8792990245109331	-1.1129607698483135	
443.2683	134.93	0.8792990245109331	-1.1182437073455795	
443.3731	221.13	0.8977237852629045	0.6969079625554414	C27H46O4
481.3308	190.83	0.9047962348356763	0.47522896312316737	
481.3308	193.33	0.9190260282761941	-0.343992594134223	
444.2299	151.84	0.9356217365574845	-0.2188817399129166	
407.2149	31.05	0.6470668431019092	2.2427431222352627	
407.2355	184.65	0.9258925994573398	0.2835671676972565	
407.2355	305.08	0.8977237852629045	0.7581944019295385	
407.2482	230.35	0.8792990245109331	-1.1965020353660256	
407.3245	203.74	0.712053945297563	-2.042446120594851	
407.7887	200.72	0.7168534924842875	-2.0164416210734473	
444.3767	221.13	0.942218132651494	0.16751289502982195	C27H46O4
482.2885	230.87	0.8783999536461813	-1.2938352726476106	
523.3829	158.82	0.9356217365574845	-0.21792801922825777	
408.2899	200.59	0.5745833118592631	-2.533386618179367	
408.3085	176.35	0.8977237852629045	0.5482375988578424	
408.3085	183.86	0.8977237852629045	0.5829911453512926	C23H42O4
523.8845	158.82	0.9083967255600601	-0.4056002010350355	
524.1942	221.0	0.9083967255600601	-0.427335845735353	
483.3533	264.88	0.9030872798793491	0.48653361662527145	
524.8832	158.82	0.9437085474555285	-0.1622590198293653	
484.1803	199.26	0.9083967255600601	-0.42215963065146916	
484.1803	202.16	0.9339553403529695	-0.2276395441299786	
408.9188	20.92	0.5410321477944695	-2.6469318893500575	
409.1619	31.05	0.8977237852629045	0.8045778943336233	C22H26O6
409.2562	33.81	0.8977237852629045	-0.6962821844618041	
409.2882	200.85	0.8977237852629045	-0.9073424134497264	
484.3689	221.26	0.9083967255600601	0.399316186878285	C24H52NO6P
446.2958	22.49	0.9774292517759362	0.08709943221305352	
446.2958	24.59	0.8792990245109331	-1.0717971361543628	
526.0823	38.54	0.8977237852629045	-0.7869081146305672	
526.0823	42.09	0.759923231907789	-1.889453859978331	
409.329	230.35	0.8222660660961908	-1.5747064280440612	
409.9012	3.21	0.9027929531002276	-0.4916264471955835	
526.4105	217.04	0.04747125134870432	10.141036210806263	
485.3362	218.22	0.9955892450994394	0.02164442608591675	
526.4472	264.61	0.9083967255600601	0.43794307707745184	
485.3442	190.7	0.996957480803003	0.016756465983975385	
410.1652	31.05	0.8977237852629045	0.9669850689879408	C22H26O6
486.2652	230.35	0.8792990245109331	-1.225132690770352	
486.3005	214.95	0.9974316526696376	0.0078108053576833435	
486.3274	24.99	0.9784465780580451	-0.08185439828607666	
410.3323	230.22	0.8485018971556997	-1.4189416112725626	
487.2351	198.99	0.8222660660961908	-1.5527228772776587	
487.2351	202.16	0.8977237852629045	-0.5249125935290814	
527.2901	230.35	0.8977237852629045	-0.9489964546722135	
527.3636	231.0	0.8977237852629045	-0.8752039728745005	C24H52NO7P
488.2646	35.25	0.9143702104608399	-0.36175002784780047	C27H37NO7
489.3128	194.38	0.8977237852629045	0.8612404255410714	
528.2941	210.61	0.8977237852629045	0.9319763240557738	
528.2941	230.74	0.8977237852629045	-0.6135219016931704	
528.3475	264.88	0.8977237852629045	-0.8580647876075591	
448.4151	197.16	0.8977237852629045	0.7738274994861067	
569.3067	230.87	0.8427957388156312	-1.4267192130158215	
449.2456	210.61	0.04230523570452494	12.220002801151	
569.5149	403.16	0.925880396219323	-0.2906707048926626	C35H68O5
490.3817	203.48	0.8551152939324521	1.3751239081878914	C31H48O4
490.4257	317.6	0.8977237852629045	0.8064283249549173	
569.928	199.91	0.8977237852629045	-0.8146834995608083	
529.307	218.62	0.8222660660961908	1.5603943263742583	
529.3509	264.48	0.9301279163675257	0.2623566804226732	
530.1276	199.12	0.9356217365574845	0.22093329864118894	
530.1276	201.51	0.9339553403529695	0.22776936237516981	
530.299	230.74	0.8222660660961908	-1.57827878792041	
450.2699	26.43	0.9980878977345561	0.006060819139466241	
450.2699	27.88	0.9058010734421827	0.47306158529010817	
532.1517	215.73	0.7925689750420332	1.7873630076913851	
532.1517	221.66	0.9309653857995488	0.25540382100379133	
532.1517	227.33	0.8977237852629045	-0.6507708229276977	
532.2077	193.72	0.26139333320909025	-4.1250115424830405	
532.2277	220.74	0.9437453591845658	-0.1580206757007385	
532.2662	81.35	0.9083967255600601	-0.3975839961875495	
532.2662	83.06	0.8977237852629045	-0.5359142413684033	
450.3791	192.54	0.9195302682072142	0.32012852205060377	
492.176	220.74	0.5115318371848088	-2.8071803843927166	
533.3875	63.58	0.8911204319576309	1.016471084992703	
533.8636	158.69	0.8911204319576309	-1.036750154760244	
533.8855	165.95	0.06325840896698778	9.147152769706677	
571.3976	249.2	0.8977237852629045	0.8592645789965266	C33H56O6
492.405	278.08	0.9139331999801217	0.3732183453102294	C28H50O4
571.4108	188.59	0.9445999657938898	0.1552269604778609	
492.4256	221.66	0.8551152939324521	1.3775533848977908	
534.2229	220.74	0.8147205761500289	-1.6616519709403397	
571.4422	308.78	0.9896112930890338	-0.03533701288108041	C40H56O2
534.2829	168.05	0.8977237852629045	-0.91618534789788	C26H43O9P
534.2829	264.75	0.8977237852629045	-0.5736932192813953	
451.3761	223.5	0.8792990245109331	1.0758033831753353	
451.3761	283.86	0.8911204319576309	1.0284089374676175	
451.3825	192.54	0.9135207406418064	0.3876942599355701	
534.3919	195.3	0.8977237852629045	-0.5557084693668459	
535.1899	184.78	0.04230523570452494	11.315632714160069	
535.2259	220.87	0.7984637869284666	-1.771582492518172	
572.2542	264.09	0.6211828819499574	-2.3197072196991013	
572.2542	265.14	0.8570783430257713	1.352625512767139	
535.3341	300.19	0.9974316526696376	-0.009206719471893453	
452.249	32.5	0.8977237852629045	0.8884918017968662	
493.1427	104.14	0.8977237852629045	-0.9479347371606794	
493.1427	189.77	0.8222660660961908	-1.5720982544670032	
452.3852	192.41	0.9974316526696376	0.012273606643282609	
493.3273	2.43	0.9784465780580451	0.08135336346357634	
493.3273	243.27	0.8977237852629045	0.9056083220003501	
536.2774	264.75	0.8792990245109331	-1.1241694863966167	
536.293	230.35	0.8977237852629045	-0.9066478825389621	
493.3891	294.55	0.8396126260362076	1.4551038884673415	C30H52O5
453.3186	190.83	0.8792990245109331	-1.2710576747247697	C27H42O3F2,C27H42F2O3
537.2957	231.0	0.941616984117775	-0.18940904801396488	
453.3881	192.67	0.8129095398775535	1.6739909733170095	
538.2902	231.13	0.8911204319576309	-1.0357791180286442	
454.2648	27.22	0.8792990245109331	1.179838438502883	
454.3222	190.96	0.8792990245109331	-1.196461581424912	C27H42O3F2,C27H42F2O3
495.2333	214.82	0.9339553403529695	-0.2276320300284011	
495.238	196.24	0.903774440354226	-0.4817167565776732	
495.3005	28.14	0.941616984117775	-0.1952119842085357	
495.3005	246.97	0.8989569713574787	-0.5015059855265235	
495.4046	365.79	0.8792990245109331	1.0931259113670024	
575.9103	201.9	0.9418859010736903	0.17189909842127024	
539.2871	264.48	0.8121018740917564	1.7296703300386818	
455.2254	26.3	0.9473182213318805	0.14790876497786737	
576.1773	154.59	0.8129095398775535	1.6749548121406324	
576.1773	223.1	0.9788581236891385	-0.07822167502248911	
576.1773	235.63	0.8977237852629045	-0.9844473399707503	
539.3913	196.37	0.9985652781207344	0.004547718981911444	
576.2336	229.82	0.4928814851023609	-2.9585252694716186	
455.3223	230.61	0.8911204319576309	-1.0213379585370153	
576.4115	63.05	0.941616984117775	0.18734206825594119	
576.4115	201.64	0.8792990245109331	-1.1692960229677054	
540.0692	27.09	0.6920161579461692	2.0925185920548524	
496.163	190.03	0.8222660660961908	-1.5148864334560375	
456.17	184.91	0.8688840773117318	-1.325798419829379	
576.9116	1.77	0.8792990245109331	-1.0702377479605	
576.9116	199.39	0.6504269200596535	-2.216587678689502	
576.9116	201.9	0.8977237852629045	0.5375875450905209	
540.4265	258.16	0.7567780782743889	1.8986574673235603	
540.4475	151.97	0.9083967255600601	0.4132826508183183	
496.304	210.19	0.8977237852629045	-0.8124995584322943	
496.304	247.1	0.8977237852629045	-0.6025169600739497	
577.2368	229.95	0.6142841315654269	-2.3728493945237084	
456.2896	193.98	0.2406771071079455	-4.465505748440733	
456.301	220.74	0.9473182213318805	-0.14756367297550643	
577.4132	62.66	0.9027929531002276	0.48957267786683745	
577.4132	163.15	0.04230523570452494	11.757232085586988	
577.4132	202.16	0.9139331999801217	-0.37792144338462397	
456.3374	192.93	0.9808696765456633	0.07326255467372603	
496.4211	154.2	0.9190260282761941	-0.34234323587139376	
542.2073	53.15	0.8977237852629045	0.92100517145197	
457.1262	27.09	0.8396126260362076	-1.4425924964891494	
457.2409	25.64	0.8977237852629045	0.8853561156297814	
457.2409	26.69	0.8977237852629045	0.7289566385704392	
457.2861	166.35	0.810729903135126	-1.746663063385499	
457.2861	215.21	0.9188876331842762	0.3477881349391689	
457.2923	193.98	0.09148671681962321	-7.729386436508904	
497.3165	228.11	0.9332075973633887	0.23713199895558235	
457.3522	202.29	0.8129095398775535	1.7041903901982018	C26H48O6
497.3604	277.43	0.8989569713574787	0.501539901725751	C30H50O4
544.223	231.13	0.712053945297563	-2.0424297113946985	
544.2377	199.39	0.8977237852629045	-0.6667405937615724	
544.2377	202.16	0.8977237852629045	-0.5272533001988888	
544.3695	25.91	0.9323629246433037	-0.24575028930281353	
578.9062	1.77	0.8792990245109331	-1.193790007563554	
579.1675	79.51	0.8551152939324521	-1.3696531478686091	
545.2933	264.48	0.928994831518602	-0.27042612415894846	
498.4157	264.48	0.8690617823158351	1.3216034519177557	
546.1675	215.6	0.8977237852629045	0.7893403199930934	
546.1675	220.06	0.8977237852629045	0.6454109657152325	
546.1675	224.94	0.7456103297406935	1.9229772642275047	
458.3051	220.19	0.8222660660961908	-1.5010745695998309	
458.3051	221.13	0.8792990245109331	-1.1721037879211185	
546.3213	230.48	0.8792990245109331	-1.1792579230167064	
580.1711	79.64	0.8792990245109331	-1.2050961441309598	
580.2429	230.74	0.9812487232906936	0.0674522167825598	
499.296	184.78	0.8977237852629045	-0.8938744210962445	
499.3241	195.58	0.8977237852629045	-0.848188754627817	
459.2654	65.02	0.8806387759786842	-1.0609162990268475	
459.2654	177.53	0.8977237852629045	0.7747375702548227	
459.2654	198.34	0.8977237852629045	0.7285734818369176	
459.2722	184.78	0.8792990245109331	-1.0908956762530557	
459.4154	204.26	0.9083967255600601	0.43052527677272084	
459.4154	209.14	0.9083967255600601	0.440971264411094	
500.316	230.74	0.8792990245109331	-1.2643024106264558	
501.3193	230.48	0.8911204319576309	-1.0103117434445257	
501.35	230.74	0.9027929531002276	0.4894860678550347	
502.1758	185.04	0.8551152939324521	-1.3660907792921435	
502.3219	24.59	0.9083967255600601	0.4192992677448353	
502.3219	230.74	0.8977237852629045	-0.6296965824565175	
547.3245	230.35	0.8792990245109331	-1.1245160179560973	
502.3626	217.96	0.9831619057207409	0.06314400626438449	
502.3626	233.5	0.9083967255600601	0.4449192990729645	
582.2411	218.88	0.9195302682072142	0.3212928473786569	
582.2411	230.74	0.9437085474555285	-0.16296394012086865	
582.2831	265.14	0.8757585996619581	-1.30306610169743	
460.2536	33.81	0.996957480803003	0.015479968714752351	
503.1227	27.22	0.8977237852629045	-0.9496353682822293	
547.4722	323.38	0.8792990245109331	1.0761319960821096	C35H62O4
582.4368	221.53	0.9880664447429075	-0.04982862619881048	
503.371	264.09	0.7456103297406935	1.9272057244298195	
548.4758	323.38	0.8792990245109331	1.1463944112865312	C35H62O4
504.2755	264.75	0.8977237852629045	-0.5952831439115477	
549.3131	222.58	0.8977237852629045	0.7452579615576314	
583.6358	452.17	0.8519439882318423	-1.402482155735686	
583.6358	453.35	0.8570783430257713	-1.36022650830028	
549.3458	210.19	0.8977237852629045	0.5640950852731443	
549.4153	207.3	0.8977237852629045	-0.6820229733592283	C33H56O6
549.4535	200.85	0.35253115223337317	-3.470179526318562	C34H60O5
584.1693	183.99	0.9814677651364955	-0.06620402455181514	
584.2065	222.58	0.8222660660961908	-1.5226404371644695	
549.956	200.72	0.21987096178685603	-4.768924728154085	
550.2929	284.39	0.9083967255600601	-0.41542371220916074	
550.3405	159.21	0.9143702104608399	-0.36302623531465716	
584.4737	150.26	0.8977237852629045	0.5489345173612912	
550.3664	210.32	0.941616984117775	0.18830995247585225	
550.4188	248.81	0.8977237852629045	0.7329892046446991	C33H56O6
550.4563	200.85	0.5115318371848088	-2.811932628707922	C34H60O5
505.3084	210.61	0.8977237852629045	0.9116910055807699	
505.3491	264.88	0.8792990245109331	-1.1786488171771656	
585.4493	306.55	0.8792990245109331	1.1547623980962785	C35H62O5
550.8393	158.69	0.9083967255600601	-0.46032224808109595	
550.957	200.59	0.12370508302089896	-6.442374773368945	
551.3404	158.43	0.8977237852629045	-0.6229528261535792	
551.369	210.32	0.8911204319576309	1.0338169710219112	
551.392	218.75	0.9193507399444203	0.33941502831114573	C32H54O7
551.4582	200.72	0.48721774919972266	-2.9970731592698234	C34H60O5
551.8389	158.69	0.9038667699886473	-0.4786757842761918	
586.4627	257.5	0.8792990245109331	-1.177288809590528	
464.1443	189.77	0.8218526520523619	-1.629130611522064	
464.2048	184.91	0.8792990245109331	-1.185383006282194	
587.3921	221.26	0.9895883472048218	-0.04087728832093233	
506.2655	199.12	0.8396126260362076	-1.4431175248925963	
506.3116	210.74	0.8829272830072676	1.0529314139632806	
506.4419	254.22	0.8222660660961908	-1.58721979087725	
588.3955	221.26	0.9437085474555285	-0.16378989181996584	
588.4456	291.53	0.8120043713297124	-1.7423827306518254	
507.262	220.87	0.5115318371848088	-2.7923914471897557	
507.2832	200.59	0.3103676600104616	-3.6974353682446446	
507.3182	264.48	0.8977237852629045	0.9290160600203903	
625.3032	207.04	0.9808696765456633	-0.07284551564622241	
507.4084	158.95	0.8977237852629045	-0.5297351930083034	
553.4596	377.1	0.9083967255600601	-0.44904035479633414	C35H62O3
625.4235	28.14	0.8977237852629045	-0.841888923092137	C28H58NO9P
553.5103	402.89	0.8977237852629045	-0.6512853066622171	C35H66O4
507.9091	158.95	0.9083967255600601	-0.41738101346855655	
626.309	206.78	0.8977237852629045	0.719549825146097	
508.2067	184.78	0.8792990245109331	-1.1666355724449702	
589.4004	221.26	0.8977237852629045	0.8905757478082648	
589.4004	230.48	0.9083967255600601	-0.45856530673668766	
508.2461	230.74	0.7611011705219255	-1.879425966484305	
589.4814	254.87	0.8792990245109331	-1.1571139083115578	
508.2834	200.98	0.8977237852629045	-0.5528955004202114	
508.3484	205.05	0.9774292517759362	-0.08688279528184054	C31H48O4
590.1934	221.92	0.8792990245109331	1.1469236371893465	
590.1934	233.63	0.8977237852629045	-0.7358922812172797	
508.4111	158.82	0.8977237852629045	-0.7381765564329206	
508.4111	203.21	0.9418859010736903	-0.1736738561182302	
591.1968	188.59	0.8792990245109331	1.1340080165347433	
554.2513	230.48	0.8396126260362076	-1.431995213836873	
554.2887	214.68	0.25446591758165116	-4.268684466885604	
509.1858	206.78	0.8792990245109331	1.2557547200244	
509.2493	231.0	0.8222660660961908	-1.5179002709382927	
509.3166	264.48	0.8792990245109331	-1.0982101423826165	
628.4999	147.9	0.9896112930890338	-0.03512821449417301	
509.3469	204.0	0.836721354859425	1.464520387596306	
593.4243	187.54	0.9788581236891385	0.07867999453348108	C28H58NO9P
555.2549	230.74	0.8792990245109331	-1.1402421731995267	
594.0693	39.59	0.8977237852629045	-0.5337350519414249	
510.1887	114.01	0.9195302682072142	-0.32370453785998027	
510.1887	206.78	0.9193767288325112	0.33781209952701313	
630.2249	230.87	0.8911204319576309	-1.0115403684671407	
594.2361	264.75	0.8222660660961908	-1.6105547209736621	
630.2613	203.61	0.8989569713574787	0.5016798953019368	
510.3199	264.48	0.8977237852629045	-0.572470725093343	
594.4735	289.79	0.8792990245109331	1.0822153263175185	C35H60O5
595.1625	73.32	0.9258925994573398	0.28501723446812693	C27H30O15
511.1449	153.94	0.32881510069010844	-3.5780574240096255	
511.1449	163.28	0.6374734131604242	-2.274606481782963	
556.3791	303.77	0.9418859010736903	-0.1689129520503223	
556.4424	99.28	0.9332075973633887	0.23149116389753804	
511.2558	230.22	0.8792990245109331	-1.1171972716163134	
511.2622	199.39	0.9418859010736903	-0.17420521859705482	
511.2622	202.42	0.6348816306880692	2.286552096308307	
632.2407	194.9	0.8977237852629045	-0.7259077110753138	
632.2407	231.27	0.9418859010736903	0.17834043953924295	
632.268	203.48	0.8792990245109331	1.1236693074501731	
632.277	289.01	0.8222660660961908	-1.6041830050997166	
632.297	304.03	0.8977237852629045	-0.8776989397487961	
596.1672	73.58	0.8792990245109331	-1.2156121726646085	C27H30O15
596.1942	79.38	0.8716027696688785	-1.3124455323857247	
511.3685	227.98	0.9328641094396184	0.24119314819085866	
632.4355	413.99	0.8792990245109331	-1.2427349622072605	
596.3351	264.35	0.8792990245109331	-1.066796172278409	
511.3987	373.27	0.8222660660961908	1.514588773281814	
597.1975	79.64	0.8977237852629045	-0.8924129597028913	
633.244	189.51	0.9139331999801217	0.37274297368412035	
633.244	192.54	0.7456103297406935	1.9466234834897003	
633.244	194.77	0.8911204319576309	1.0280288345895887	
633.2803	289.14	0.8222660660961908	-1.505862920376916	
597.3382	264.61	0.8792990245109331	-1.2304006324261814	
633.4281	26.04	0.8792990245109331	1.2026811340381658	
558.3422	108.51	0.8977237852629045	0.7827066441573196	
635.4561	80.83	0.8777319930961799	-1.2963336585320715	
512.416	100.07	0.941616984117775	0.1866121683719801	
599.4286	289.79	0.8911204319576309	1.0335395011095012	C35H60O6
600.2708	264.61	0.7356490267077479	-1.9722635403256334	
513.3495	223.63	0.8792990245109331	1.0901745674616208	
600.4686	98.23	0.9139331999801217	0.3766874546341233	C34H65NO5S
601.1495	79.25	0.8977237852629045	-0.888567148424878	
637.5387	285.04	0.5115318371848088	2.784130878598736	
638.3371	206.91	0.925880396219323	0.2928222338151522	
638.3449	183.86	0.9216889877096572	0.314013724819254	
602.2305	189.37	0.8222660660961908	1.514519756347143	
602.2305	221.13	0.8977237852629045	-0.7393858352861232	
560.3643	196.1	0.8792990245109331	-1.2011031045042198	
639.2251	79.38	0.8792990245109331	-1.2292931951417332	
639.3404	206.91	0.9258925994573398	0.2836459813216528	
639.4256	218.35	0.8911204319576309	0.9987564899464979	
561.2379	156.59	0.8977237852629045	-0.5178709148538395	
561.4367	201.64	0.9437453591845658	0.16045521979490787	
604.2093	232.97	0.9309653857995488	0.25705139965142004	
640.221	73.19	0.8977237852629045	-0.9431379006366539	
640.3432	206.91	0.9147996536878179	0.35747356305902456	
515.3286	198.47	0.8977237852629045	0.9572435026985242	
515.3964	158.82	0.9083967255600601	-0.4372583975399909	
605.2682	264.48	0.8218526520523619	-1.6296278090959904	
605.3156	283.47	0.9195302682072142	0.32017312472814147	
605.4759	291.0	0.8977237852629045	-0.5455350452735452	
562.2182	215.08	0.8121018740917564	-1.7318760812198204	
641.3435	207.04	0.9376814354323324	0.20454925678781938	
562.3167	116.56	0.941616984117775	0.19431308423412108	
606.3191	283.47	0.9356217365574845	0.21459644909464332	
516.3679	221.26	0.8977237852629045	0.5375119423059044	
606.4791	195.71	0.9083967255600601	-0.4468085094115389	
606.4791	290.61	0.9083967255600601	-0.39826209023152337	
642.3178	287.56	0.8792990245109331	-1.1677084751476257	
516.901	159.08	0.8977237852629045	-0.6012116981566029	
563.2219	214.82	0.8977237852629045	0.6707701700991873	
517.2616	230.61	0.8977237852629045	-0.7073721236637746	
563.4659	364.45	0.9356217365574845	-0.21877810421230978	C33H64O5
607.322	283.86	0.9238647002321899	0.307489124331524	
642.63	295.33	0.8977237852629045	0.6652334070561684	
564.3088	303.9	0.6504269200596535	-2.225631805524543	
607.557	333.67	0.9143702104608399	0.3618489445943692	
643.2922	207.04	0.9376814354323324	0.20769678148426074	
564.3246	264.75	0.8977237852629045	-0.5234347961569857	
643.4937	323.12	0.996957480803003	0.015257333792582574	
564.4693	364.19	0.9238647002321899	-0.30729953051781317	C33H64O5
564.4989	323.64	0.8977237852629045	0.9463205598859596	
565.2478	206.78	0.928994831518602	0.26958450922393645	
644.2958	206.91	0.9332075973633887	0.23902494242919514	
565.4102	221.26	0.9083967255600601	-0.4559460670966373	
644.4952	96.39	0.9147996536878179	0.3567620031012946	
565.483	290.74	0.8989569713574787	0.5068155406820741	
518.3397	82.14	0.9216889877096572	0.3133198735251333	C23H44N6O7,C27H48O9
518.363	220.87	0.5782576087194199	-2.512356148571013	
518.4572	317.6	0.9884498136417242	-0.04481530555266029	
645.2439	195.03	0.8911204319576309	1.0107174973642488	
645.2989	206.91	0.9437453591845658	0.15892329692240506	
645.4992	96.39	0.9367029954523273	0.2124164924590603	
566.2516	207.17	0.9418859010736903	0.18055951572558995	
646.3026	206.78	0.9332075973633887	-0.23112279480732528	
566.4298	200.85	0.48721774919972266	-2.979483457210963	
566.4421	248.68	0.8977237852629045	0.7680260789607051	
647.423	242.48	0.7754160059607315	1.8361021522678478	
647.423	261.2	0.8977237852629045	0.9318304183105818	
566.9308	200.59	0.3861336343288082	-3.3325543603617818	
567.2083	229.43	0.8977237852629045	-0.9803311672738675	
567.2083	230.61	0.8977237852629045	-0.7770368541725566	
680.5352	158.82	0.8977237852629045	-0.5699628438684701	
647.5236	314.56	0.8829117268305352	1.0558138205996819	
647.5236	316.42	0.9139331999801217	0.3791097450889014	
567.2545	207.17	0.9143702104608399	0.3644651547732565	
611.1851	321.28	0.8222660660961908	-1.545792318625191	
567.4228	219.67	0.9784465780580451	0.08134344860082739	
567.4294	200.72	0.25699675430494007	-4.212233016932471	
648.4389	189.24	0.8551152939324521	-1.3673457253548051	
648.4389	190.16	0.9190260282761941	-0.34153132807923375	
649.3037	289.01	0.8498877347456238	-1.4154958708624137	
611.6087	353.89	0.8977237852629045	0.6225885514441537	
650.278	196.24	0.9726432920993574	-0.09677685812416095	
650.3071	289.01	0.8792990245109331	-1.1026006661821224	
681.3679	206.78	0.9210717368738882	0.3166343449117036	
567.9297	200.85	0.5027138776315889	-2.9096658663664567	
568.3036	230.87	0.8222660660961908	-1.5257155751153404	
612.1892	73.32	0.9139331999801217	-0.37219683743218257	
568.4294	200.85	0.5544895290623831	-2.583805359767607	
681.5387	158.82	0.8977237852629045	-0.6253318876341362	
652.3524	206.78	0.941616984117775	0.19807861256621076	
568.9296	200.85	0.8792990245109331	-1.0832414893602758	
652.4999	179.63	0.8792990245109331	1.1793468437445391	
682.3712	206.78	0.9309653857995488	-0.25453578335478355	
653.3372	195.03	0.8792990245109331	1.1633643360197807	
653.3554	206.78	0.8977237852629045	0.5276932775352038	
614.5988	295.2	0.9238647002321899	0.3083428368328423	
683.3138	217.44	0.24088508283406643	-4.427917342276433	
683.3739	206.91	0.9332075973633887	-0.2361393735118651	
737.4204	403.55	0.8519439882318423	-1.399294628888579	
655.3167	124.28	0.8977237852629045	0.7784591801379364	C32H50O11
684.2334	219.4	0.6825121943035206	2.1301240419367953	
684.3189	206.91	0.9324808438692381	0.24475580628097962	
616.3183	218.09	0.8977237852629045	0.645252635769479	
617.3217	218.22	0.9837674480773748	-0.059175266297455245	
656.3194	88.61	0.8989569713574787	-0.4990295208364127	
656.3194	124.14	0.8222660660961908	1.509599398221826	C32H50O11
656.4525	173.85	0.8792990245109331	1.1868035550838734	
656.4525	244.32	0.8977237852629045	0.7515212372508585	
618.2827	284.13	0.8222660660961908	-1.5598323395572493	
685.3226	207.04	0.9339553403529695	0.22596591929949525	
620.2307	188.72	0.9313511720423995	-0.25038382756741445	
620.2936	218.62	0.8519439882318423	1.4048793081196607	C29H47O12P
620.2936	281.76	0.8977237852629045	0.7388591843654918	C29H47O12P
620.4214	24.72	0.8977237852629045	-0.9118340750990452	
621.3106	206.91	0.9258925994573398	0.2817106796471279	
622.3138	206.91	0.9258925994573398	0.28521077900206426	
740.9302	158.69	0.9083967255600601	-0.4385659023097298	
741.4324	159.21	0.8977237852629045	-0.6207382231239441	
623.3166	206.78	0.9258925994573398	0.2868168035209143	
623.3263	283.86	0.9139331999801217	0.37896276455977734	
659.2666	206.78	0.9627643655920806	0.11687282499562343	
659.3448	287.3	0.8977237852629045	-0.6854345823372431	
624.3203	206.91	0.9038667699886473	0.47795675217486283	
624.3296	283.86	0.8977237852629045	0.6137921539171408	
741.9345	158.95	0.9264447208264389	-0.2799681744612454	
624.4182	287.69	0.8977237852629045	0.6897066506470508	
742.4343	158.69	0.8977237852629045	-0.7431901559789033	
742.5045	184.65	0.8977237852629045	-0.5472627289773836	
686.325	207.04	0.9242537042993502	0.30597753162821995	
742.9353	158.95	0.8977237852629045	-0.6695983097312241	
743.4354	159.08	0.8792990245109331	-1.0689410404281998	
743.5078	184.91	0.8977237852629045	-0.6617207226665778	
743.9359	159.08	0.8792990245109331	-1.1679942596125046	
661.3022	220.19	0.7972761219925385	1.7758527299093045	
744.2335	233.24	0.8977237852629045	-0.7319964954847737	
661.4897	403.42	0.8977237852629045	-0.948029274043752	
687.2538	189.9	0.8792990245109331	1.1055640172351504	
662.2239	265.14	0.8260330196559068	-1.487620230297157	
662.251	219.54	0.8792990245109331	1.2908590941037061	
662.3378	206.91	0.928994831518602	0.27151117746478276	
745.4735	436.76	0.9418859010736903	0.17559828854678666	
746.0853	200.85	0.5782576087194199	-2.496296761241048	
663.3415	207.04	0.8977237852629045	0.595824179918814	
663.4918	319.44	0.8977237852629045	0.5595853311782877	
688.3025	224.81	0.9939997928560279	-0.024613757075871486	
746.5849	200.59	0.8977237852629045	0.6954543608908865	
747.0849	200.85	0.7804266424603571	-1.8216847923839135	
688.5001	210.06	0.8792990245109331	-1.2867571530424922	
664.3531	206.78	0.925880396219323	0.29338364036729186	
688.636	349.96	0.9726432920993574	-0.09843496878659555	
664.4305	162.23	0.9264447208264389	0.27762868727981427	
664.557	350.09	0.8792990245109331	1.114342128392321	
665.2982	203.74	0.8911204319576309	1.001900169616042	
665.3486	206.78	0.9974316526696376	0.010720532497059022	
748.325	235.21	0.8977237852629045	0.6320577813767819	
665.5074	319.31	0.9473182213318805	0.15069773181503107	
665.5603	350.22	0.8792990245109331	1.2234411584176812	
666.0093	319.31	0.9884498136417242	0.04745539669041602	
666.3687	206.78	0.9534679625819498	-0.13721207617219655	
810.5213	199.78	0.9083967255600601	-0.4259969302778381	
690.449	221.4	0.9139331999801217	-0.3750296667829178	
749.4662	472.75	0.5196952766590912	-2.729880024284255	
749.4662	483.01	0.25446591758165116	-4.2445518220048415	
667.3719	206.78	0.9558167536182711	-0.13338006642300104	
667.4499	27.09	0.9147996536878179	0.358480363171961	
667.4499	287.95	0.5410321477944695	2.652364095056339	
750.507	28.01	0.9880664447429075	-0.05058581781184647	
750.507	220.32	0.9083967255600601	0.3975592013764796	C40H74NO8P
668.3747	206.78	0.9615318653783838	0.12271093941773496	
751.511	32.5	0.8977237852629045	0.9454888638704029	
751.511	220.61	0.8977237852629045	0.765833083854233	C40H74NO8P
751.5449	304.42	0.9356217365574845	0.22002790143088546	C40H79O10P
752.4689	472.75	0.2406771071079455	-4.488956039879279	
752.4689	483.01	0.26139333320909025	-4.1020317029709865	
669.332	148.16	0.8977237852629045	0.5127005817475965	
669.332	177.4	0.9143702104608399	0.36188953719499206	
669.3771	206.91	0.9147996536878179	0.3557219859488722	
692.3368	289.01	0.8129095398775535	-1.6761258584696923	
670.2959	160.53	0.8977237852629045	-0.7030491741228002	
670.2959	192.93	0.9909383696158355	0.02951828506619086	
670.2959	199.12	0.8977237852629045	-0.5583394508141928	
754.3102	196.63	0.925880396219323	0.2957137769767671	
754.3102	307.34	0.9083967255600601	-0.44584321215202255	
693.364	218.62	0.9784465780580451	0.08353934811377642	
755.0646	199.65	0.1841699025005954	-5.245351473611923	
755.0646	201.77	0.8977237852629045	-0.8404083383998027	
671.311	103.75	0.9083967255600601	-0.4538969377894949	
671.3312	74.5	0.8792990245109331	1.2706002960377671	
816.247	264.48	0.8977237852629045	-0.5505977900205363	
816.247	275.17	0.2415025213943186	4.406847263844306	
694.3659	206.91	0.8977237852629045	0.6286248995725194	
694.3659	218.75	0.8977237852629045	0.6558421941733277	
694.4446	189.64	0.9880664447429075	0.05123907599471912	
694.4831	195.03	0.1512673153200781	-5.91545349489535	
672.249	265.01	0.5683414805795904	-2.5548247324923654	
756.2442	215.86	0.8977237852629045	0.5738849283057065	
756.2442	223.1	0.8977237852629045	0.8549875638780253	
756.2442	237.33	0.9063649706917605	-0.4706080327472318	
695.2578	205.86	0.8218526520523619	-1.6411970972006724	
695.2578	210.74	0.7567780782743889	-1.896347422852003	
695.3648	263.17	0.8977237852629045	0.8051022253384963	
695.3648	270.97	0.8977237852629045	0.6074633670815476	
695.4866	195.03	0.21843104544828343	-4.800495703905313	
758.08	350.87	0.9258925994573398	-0.2822452669993704	
696.4756	256.84	0.8147205761500289	1.6608987880508488	
696.4756	286.9	0.8977237852629045	0.8757006545963186	
696.5262	177.79	0.8222660660961908	1.5434065229303997	
758.4371	220.87	0.8218526520523619	-1.6396530196696135	
673.3038	288.74	0.8977237852629045	-0.5895839255411467	
673.3455	123.75	0.941616984117775	-0.19418674920171913	
674.5142	312.06	0.8222660660961908	1.6218786316182203	C37H72NO7P
675.1424	281.89	0.8977237852629045	0.5991512209933437	
759.4402	220.87	0.7226433617932845	-2.0043274813393777	
675.3531	218.62	0.8977237852629045	0.7216598878336814	
822.4089	446.24	0.8222660660961908	-1.5462633293497328	
676.2646	184.25	0.8977237852629045	-0.7698139958810251	
676.2646	211.01	0.8977237852629045	0.7169188971411813	
676.296	234.02	0.9083967255600601	0.46656405182086924	
676.296	241.43	0.8977237852629045	0.5703503105618146	
676.3562	218.35	0.8977237852629045	-0.6696862696765269	
676.4332	186.35	0.9083967255600601	-0.4140035315844654	
699.3454	264.88	0.6906265486618073	2.102066832747839	
699.3454	271.36	0.8688840773117318	1.328136828534526	
824.6056	229.82	0.8764695585418982	1.2994111770697292	C52H76O7
677.512	347.72	0.8977237852629045	0.6700711519435721	
700.2907	230.87	0.8792990245109331	-1.234200006339672	
700.2907	264.61	0.9313511720423995	0.2516596803985539	
678.2788	267.27	0.8792990245109331	1.0847947851535702	
826.5984	230.48	0.8977237852629045	-0.5977495574775785	C45H76NO7P
701.2507	207.3	0.9083967255600601	-0.4235235083811239	
678.4639	25.38	0.8977237852629045	0.5208082855431794	
701.4734	27.74	0.9321027722233103	-0.24862072803499258	C38H66NO8P
678.515	347.72	0.8911204319576309	1.0110236619942974	
678.5366	284.13	0.6920161579461692	2.094858604022143	
827.6018	230.35	0.8977237852629045	0.6846880852917905	C45H76NO7P
762.4693	195.03	0.3259494807520059	-3.6090502049961977	
678.6876	611.3	0.7754160059607315	-1.8303467979715176	
679.5278	350.48	0.8015616917069383	1.7623100517494188	
702.3534	82.27	0.8977237852629045	0.7545658425633218	
702.3739	189.64	0.8977237852629045	-0.5973601222259278	
763.5073	158.69	0.9418859010736903	-0.17072575364810583	C43H72NO8P
830.2837	288.74	0.8977237852629045	0.6322707144242088	
680.3843	207.04	0.9808696765456633	0.07130468343831196	
830.2987	250.54	0.772723986357847	1.8491088084456513	
830.2987	264.61	0.8396126260362076	1.4415951205835136	
830.2987	275.04	0.8222660660961908	1.5337812337273065	
830.2987	292.84	0.48721774919972266	2.9867413440345216	
680.4206	133.62	0.8792990245109331	-1.163608300748287	
680.4521	256.58	0.8977237852629045	0.6466722876679473	
680.4521	286.64	0.8977237852629045	0.5117621532838469	
764.2573	214.29	0.8977237852629045	-0.8561356437655684	
764.2573	249.2	0.8977237852629045	-0.8131274310037577	
703.3226	189.11	0.8551152939324521	1.3731095513693916	
764.4861	184.78	0.941616984117775	-0.1873274267933003	
703.3772	189.51	0.7356490267077479	-1.9745306671259062	
765.3518	187.8	0.9083967255600601	0.40119590813488765	
765.3518	235.07	0.9083967255600601	0.3998272647032369	
765.4867	184.52	0.8977237852629045	-0.697410409964737	
766.5338	200.85	0.8792990245109331	1.2347852601504052	
898.4052	198.6	0.9788581236891385	-0.07972098985745721	
898.4052	202.42	0.8222660660961908	1.5142063739617402	
833.2619	214.16	0.8977237852629045	-0.8255162446376599	
834.4696	473.27	0.8121018740917564	-1.7354583014662583	
706.603	200.72	0.8977237852629045	-0.7820773540850762	
706.603	484.2	0.8977237852629045	-0.9239792126982045	
706.603	485.8	0.8977237852629045	-0.9206396216890375	C44H80O6
904.6432	264.88	0.8977237852629045	0.6927276705324878	
835.2778	250.94	0.9255770847655541	-0.300322153740569	
835.2778	264.22	0.9323629246433037	-0.2472562868813673	
835.2778	275.17	0.9083967255600601	0.46253768551849955	
835.2778	292.45	0.9895883472048218	0.041379883244624174	
707.5989	201.64	0.9139331999801217	0.3718637316686134	
772.489	220.32	0.8688840773117318	-1.331411524812093	C38H74NO10P
708.3127	196.37	0.8977237852629045	-0.8028468613454985	
906.6143	138.87	0.8792990245109331	1.0965098172983012	
773.0403	199.52	0.5410321477944695	-2.6420363128657383	
773.0403	201.51	0.9083967255600601	-0.42069010082268254	
773.4924	221.0	0.8977237852629045	-0.5223349908761666	C38H74NO10P
773.5868	329.82	0.9624267173331245	-0.11986499094403295	
907.6177	139.01	0.8519439882318423	1.4029747353140618	
908.1797	288.22	0.8222660660961908	-1.530150938544878	
709.6342	480.65	0.8989569713574787	0.5052618993166045	
775.5387	200.85	0.8977237852629045	-0.7546307047644718	
711.2522	216.78	0.8977237852629045	0.8841868111923433	
711.2809	207.3	0.9083967255600601	0.4617199051237124	
711.3453	240.09	0.1512673153200781	-5.914889218145966	
712.2421	287.43	0.8792990245109331	-1.272343829999364	
840.3425	207.04	0.9238647002321899	0.3078525022985731	
842.3194	279.53	0.8977237852629045	0.5385282986840464	
842.3194	286.51	0.7611011705219255	-1.8753066329669417	
842.3194	293.5	0.9193767288325112	-0.33047411216120653	
842.4629	474.06	0.8255055665383795	-1.4911438275358153	
842.4629	482.49	0.2977396476240934	-3.8032322516198027	
713.2455	241.3	0.9190260282761941	-0.3422763482006646	
843.2087	275.17	0.8688840773117318	-1.3302624658883355	
843.2087	292.45	0.8147205761500289	-1.6587256375606174	
714.9776	158.56	0.8977237852629045	-0.6361095870539601	
715.3145	221.66	0.6704192682270083	2.173110170389391	
845.5049	473.66	0.8792990245109331	-1.1912552455842191	
845.5049	482.75	0.6211828819499574	-2.3290442426944113	
715.9775	158.43	0.9034964605338903	-0.48294149467501407	
846.5979	314.3	0.8977237852629045	-0.9243923232070952	C49H84NO8P
716.3739	264.88	0.28368646934455893	3.9616647138485	
716.3739	272.15	0.7356490267077479	1.9769018758043098	
716.3739	279.27	0.6211828819499574	2.3157000259980816	
716.4262	189.24	0.8977237852629045	-0.9120613304473977	
716.4648	195.03	0.0874386120871992	-7.936770020020004	
847.3342	288.35	0.5544895290623831	-2.584067247261325	
782.4544	473.8	0.8792990245109331	-1.1166750867076727	
848.5805	230.35	0.8977237852629045	-0.833822827011211	
717.4292	189.64	0.9143702104608399	-0.3693221601502614	
717.4679	194.9	0.12160339775078108	-6.722722101519422	
782.6773	472.22	0.8792990245109331	-1.0656662698464179	
783.0197	132.83	0.8977237852629045	-0.7689833539671556	
849.5838	230.35	0.9143702104608399	-0.3625625041457621	
928.4558	473.4	0.7611011705219255	-1.8829004400046787	
928.4558	482.88	0.6504269200596535	-2.223304874041089	
850.4407	473.27	0.5949343279552052	-2.4403941470231376	
850.4407	483.41	0.441542219981636	-3.1544095428712824	
718.3148	243.53	0.9990235102140543	0.003059289637878588	
850.6086	314.03	0.8977237852629045	-0.5469205165455898	C49H84NO8P
783.6802	471.83	0.8792990245109331	-1.1175647420049843	
784.4527	194.77	0.1512673153200781	-5.9814147158864195	
851.3978	37.35	0.9332075973633887	-0.23388888262738747	
933.6285	207.43	0.8977237852629045	-0.8924905622485249	
785.4559	194.77	0.8911204319576309	-1.0160228803134292	
852.4012	37.22	0.9332075973633887	-0.2360929659334697	
853.4042	37.22	0.9038667699886473	-0.4801373649193207	
939.3502	198.86	0.77311135147567	-1.84539587423879	
939.3502	202.16	0.9083967255600601	-0.4124743130439131	
941.3481	199.39	0.8519439882318423	-1.4024191787803222	
941.3481	201.9	0.8792990245109331	-1.0743310017518042	
854.4075	37.35	0.8977237852629045	-0.5865144035563028	
721.4356	436.89	0.8977237852629045	-0.6498733480422576	
721.4356	445.58	0.8716027696688785	-1.3115984754158585	
855.4085	37.35	0.8792990245109331	-1.1255301584632231	
722.4407	186.49	0.8977237852629045	-0.6329839663857463	
946.4582	346.8	0.8792990245109331	-1.1304687177142902	
946.4582	348.25	0.928994831518602	-0.26855235540565975	
856.3713	286.64	0.8792990245109331	-1.2807022846584262	
856.3713	293.36	0.9376814354323324	-0.2069318982836996	
856.4745	474.06	0.2368867632991619	-4.583473919569841	
948.6196	222.31	0.8222660660961908	1.555563847510801	
948.6561	218.35	0.9473182213318805	0.15001014227695683	
949.6228	203.08	0.9193767288325112	-0.3287444295719992	
857.477	473.53	0.5115318371848088	-2.839508213899389	
949.6601	218.62	0.8977237852629045	-0.5430662664967455	
949.6601	236.28	0.8551152939324521	1.372095887670313	
792.5491	199.39	0.260721060456401	-4.163747822113072	
726.6136	199.65	0.5115318371848088	-2.787672525013901	
726.6136	201.77	0.8977237852629045	-0.8686161542520713	
726.6136	438.6	0.9193767288325112	0.32769026940318235	
861.3501	286.25	0.9418859010736903	0.16974055632026452	
861.3501	293.63	0.8977237852629045	-0.5132731026879833	
861.472	473.4	0.12370508302089896	-6.472062337552679	
861.472	482.75	0.6004293874412694	-2.4143373690725216	
961.5489	189.64	0.8977237852629045	-0.9524925895230067	
961.652	218.62	0.8792990245109331	-1.238956955863767	
728.6086	200.59	0.5782576087194199	-2.5020641678905453	
729.1102	200.85	0.3265447916073163	-3.59634732331318	
795.6691	230.35	0.8977237852629045	-0.5644383063613267	
864.4917	483.28	0.5115318371848088	-2.8152060889134978	
966.6304	192.93	0.5457197637626924	2.616178684993444	
966.6304	196.37	0.8977237852629045	-0.538893031672451	
796.9919	199.78	0.7446282974417929	-1.9571674787343218	
967.6339	192.67	0.5809198954662437	2.478608983461479	
866.3657	288.48	0.8977237852629045	-0.8231566649928878	
797.9953	199.52	0.161295519060735	-5.59738698359802	
797.9953	201.51	0.8792990245109331	-1.0769464924086904	
968.6375	196.24	0.9083967255600601	-0.4479023114879695	
798.9974	199.12	0.6374734131604242	-2.2694326778714116	
798.9974	202.16	0.9083967255600601	-0.45304903302596083	
799.4972	202.42	0.9027929531002276	0.48922476923119906	
799.9984	202.56	0.9193767288325112	0.3358424648174319	
800.4629	185.04	0.8792990245109331	-1.1095894845224012	
870.5624	230.08	0.8977237852629045	-0.8844610427083415	
978.6513	199.26	0.8121018740917564	-1.7248854936277007	
978.6513	202.03	0.8977237852629045	-0.6801326005256322	
733.4465	158.56	0.8989569713574787	-0.49758110202847244	
873.6193	314.16	0.8977237852629045	-0.6990851516723103	
875.5461	314.3	0.8911204319576309	-1.0069412831147353	
735.2675	196.89	0.8977237852629045	0.7440405200661812	
879.5817	195.16	0.8911204319576309	-1.011507103280976	C45H84NO13P
990.187	279.4	0.8977237852629045	0.6217807413510421	
990.187	280.58	0.5745833118592631	2.535697186189065	
990.6672	233.76	0.8977237852629045	0.788249468079377	
880.5816	195.84	0.8688840773117318	-1.327777087220748	C45H84NO13P
882.3277	37.22	0.9577435338331106	-0.1283799862778902	
997.2404	223.63	0.9139331999801217	-0.37682398073603807	
882.6615	264.48	0.8185234089169924	1.6494759774054006	
998.6202	194.38	0.8977237852629045	0.6656932006875339	
999.6234	194.77	0.8977237852629045	-0.5227089327223503	
999.6234	203.21	0.8977237852629045	0.8672015247005729	
1003.195	281.89	0.8551152939324521	1.3826680251948424	
884.5573	230.35	0.9481807940760629	-0.14477488109571154	
885.5602	230.22	0.9083967255600601	-0.42380438650319135	
1006.6254	197.42	0.2368867632991619	4.642419900789742	
1008.6692	213.63	0.8570783430257713	-1.352476225483341	
1143.7113	245.79	0.9884498136417242	0.04410663237719282	
887.6797	192.41	0.8989569713574787	0.5004874694300746	
1144.7148	245.92	0.8977237852629045	0.5654936671402512	
888.6832	192.28	0.8977237852629045	0.5516366393211085	
1012.6207	213.37	0.9264447208264389	-0.2783782656254122	
1152.7357	245.79	0.9293340954661246	0.2664662189886513	
1153.7391	245.53	0.8792990245109331	-1.1235880258467519	
1154.7509	243.53	0.8911204319576309	-1.0033706586574966	
1155.7545	243.53	0.8977237852629045	-0.8709301566487465	
1156.7579	243.53	0.9837674480773748	0.05889083957801525	
1159.7052	230.61	0.8792990245109331	-1.1166423170899	
1160.709	230.74	0.8977237852629045	0.8835643607809668	
1160.709	243.93	0.9193767288325112	0.33439407826074796	
1160.7249	222.58	0.8977237852629045	0.8110317594338354	
1161.729	222.71	0.8792990245109331	1.1251301118652757	
894.5726	194.38	0.9255770847655541	-0.30010388596624227	C47H79O13P
1170.7452	229.43	0.8977237852629045	-0.8474596315595917	
1171.749	229.17	0.9246220578664216	-0.3029580421634027	
896.4048	198.86	0.8792990245109331	-1.1463205810684312	
896.4048	202.16	0.8977237852629045	0.5499432447727648	
897.3992	196.5	0.8792990245109331	-1.0724351855631364	
897.3992	202.16	0.9974316526696376	-0.01033787660766159	
897.5412	197.29	0.9896112930890338	0.034749240851180245	
1038.6514	195.3	0.8792990245109331	1.2455758764875229	
1039.6545	195.58	0.8222660660961908	1.5054668497577957	
1180.7635	202.03	0.8977237852629045	0.7977189228064023	
1184.7635	199.12	0.8977237852629045	-0.5818641088431596	
1184.7635	201.9	0.9477535051870604	-0.1461625176145766	C59H108N2O21
1186.74	220.74	0.8977237852629045	0.9594474638413423	
1048.8235	348.51	0.9658408164006489	-0.11168981330492263	
1051.2971	267.53	0.941616984117775	0.19631934835586418	
1197.8015	292.31	0.8792990245109331	1.1319516965135037	
1203.7845	281.63	0.8147205761500289	-1.666694483996841	
1206.8187	289.27	0.941616984117775	-0.18847510852636215	
1207.8219	288.87	0.8977237852629045	-0.5105076612898984	
1209.8359	281.37	0.9356217365574845	-0.21563086038867343	
1214.7547	251.07	0.8977237852629045	0.5783751993510943	C60H111NO23
1214.7547	259.47	0.8121018740917564	-1.7274786201105183	
1218.735	202.03	0.9812487232906936	0.06735304506966575	C59H108N2O21
1218.778	260.81	0.8977237852629045	-0.7257797919280938	
1219.7332	199.52	0.8977237852629045	-0.6487135856276096	C59H108N2O21
1219.7332	202.03	0.8977237852629045	0.6297172240121119	C59H108N2O21
1219.7809	261.33	0.8977237852629045	-0.9712834205767107	
1087.2943	270.16	0.8977237852629045	-0.5946874695849506	C48H56O27
1092.8503	343.24	0.8977237852629045	-0.7102384042251666	
1273.6029	136.77	0.8920107907401732	0.9933194465145891	
1274.6067	136.9	0.5294680728272588	2.6937130648210617	
1286.6715	206.78	0.9171842138762908	-0.3515061584693131	
1292.1347	137.04	0.6825121943035206	2.1283336214196233	
1293.1074	137.04	0.6866843646853277	2.1143880282606324	
1294.1112	136.51	0.8977237852629045	0.9129275058399993	
1337.3423	609.84	0.8977237852629045	-0.8622506412649338	
1422.1253	348.25	0.9896112930890338	0.037533799194241	
1422.5223	288.35	0.8792990245109331	1.1407202572818231	
1423.1289	348.51	0.9139331999801217	0.38109447483530917	
1444.1073	348.25	0.8977237852629045	0.9188197926566128	
1454.7734	325.09	0.8977237852629045	-0.58661761861692	
1484.1143	325.22	0.9083967255600601	0.41144337587079344	
1485.1181	325.22	0.9418859010736903	0.16877473268121237	
1486.1208	325.49	0.8977237852629045	0.7066576155470479	
1501.141	324.96	0.9774292517759362	-0.08610473072862523	
1502.1448	324.96	0.9376814354323324	-0.20951996674686002	
1503.1479	324.96	0.9323629246433037	0.24637384806384888	
