m/z	rtime	p-value	t-score	custom_id
114.0666	22.62	0.9698756246289578	-0.1463392894952413	
174.0914	24.33	0.3640693763487234	-2.1116112808634306	
116.0623	38.8	0.9698756246289578	0.12822267797228848	
268.1908	21.44	0.47768677964131945	-1.5951004488176528	
268.1908	24.33	0.5335689801877905	-1.4137138843489918	
268.2637	58.16	0.2560109257175967	2.779401789430577	
268.2637	228.51	0.9698756246289578	-0.2382424589696827	C18H32O
268.2716	200.85	0.2775061223199416	2.631199818367691	C18H34O
174.1315	40.65	0.5962225484103482	1.2470441518809157	
221.1758	176.09	0.9724828264093537	-0.08299496992856438	
221.1758	183.86	0.9698756246289578	-0.11154545584643262	
174.1359	176.35	0.9739904068270115	-0.07760827900233531	
174.1359	183.73	0.9698756246289578	-0.1109048673133721	
268.9976	1.24	0.23692861498943762	2.9765907828885236	
270.2429	176.35	0.9698756246289578	-0.208098171942232	
270.2429	183.86	0.9698756246289578	-0.1759042208392892	
223.1541	24.72	0.7495078041170754	-0.8115178182279632	
223.8841	21.97	0.38411366890973053	1.9826817052880996	
271.2056	206.78	0.18919166956660136	-3.7669547811930766	
271.2056	283.86	0.13578651044289358	-5.402341155383265	
271.2269	176.35	0.9698756246289578	-0.1923600471501304	
271.2269	183.86	0.9698756246289578	-0.1642582899139633	C16H30O3
271.3189	141.57	0.8954725751150551	-0.42661581520735564	
176.066	23.28	0.19583258330862297	-3.4711509069223565	
272.2221	181.76	0.9698756246289578	-0.19998622633667223	C16H28O3
272.2221	209.27	0.9722772065109709	-0.09156084958136745	
224.1282	27.35	0.2553220256819652	2.802791974976507	
272.3221	141.7	0.8709532026445818	-0.48933730046973417	
272.9442	20.78	0.2775061223199416	2.626606790432013	
273.0911	29.71	0.07535550582861583	-9.206661433785625	
273.0911	46.84	0.47844063597055453	1.5909452924710246	
273.0911	221.4	0.8154574944491826	0.6270700071562006	
273.0911	247.89	0.34792603088085017	2.1815010650501607	
273.1697	25.91	0.9698756246289578	0.22269845565768084	
273.2537	27.88	0.8709532026445818	0.48506963625594196	
273.9455	20.78	0.3335600416714667	2.261346588031717	
119.0494	27.48	0.36632133462366995	-2.0902915187125095	C8H6O
119.0688	39.06	0.9698756246289578	-0.22875893934598107	
274.2741	34.6	0.6324953725639554	-1.13952881087201	C16H35NO2
274.9418	20.92	0.3371358988869346	2.2411469693416817	
177.1275	37.09	0.7865658047485473	-0.69968514554596	
120.0528	27.35	0.4064810369225877	-1.8652918989546634	C8H6O
120.0528	30.53	0.5958933340571152	-1.2522937078730234	C8H6O
177.1638	39.32	0.9698756246289578	-0.21060256982552322	
225.8811	22.23	0.5034539206172935	1.4977456040514123	
276.1442	24.99	0.43701147492990017	-1.7542815248956996	
226.1803	176.35	0.9698756246289578	-0.1617908241676512	
277.1283	27.61	0.6237167275321057	1.1575873399582366	
178.1227	32.63	0.1782614595565522	4.379854464785105	
226.2167	174.77	0.7865658047485473	-0.6986077017551803	
226.2167	181.36	0.7766698724486955	-0.7228927658750891	C14H27NO
226.2167	204.39	0.8511470991762504	-0.5431099429218817	C14H27NO
226.2167	209.27	0.8228883719319303	-0.6063686146172999	C14H27NO
226.2167	228.51	0.7380998834550949	-0.8374925922754035	C15H26O
121.0399	22.75	0.3700719580354321	2.052643162357174	
226.9516	21.05	0.18919166956660136	3.644174666117539	C6H4Cl2O5
121.0844	24.59	0.15054840360983904	-4.782093784134519	
179.0638	31.05	0.18796970961716494	4.097876142268111	
277.9571	0.98	0.3453816613426651	2.20022214474306	
122.0687	65.15	0.9698756246289578	0.09751037206710833	
179.1625	26.96	0.31712318934173156	2.3449465656703	C10H16
278.9033	1.37	0.7328889813126145	-0.85077199398143	
227.1835	176.35	0.9698756246289578	-0.1789191271210264	
227.1835	183.73	0.9698756246289578	-0.150298444273931	
278.9539	0.98	0.9698756246289578	0.15894349578848574	
278.9539	2.95	0.5007949725118381	1.5158152497076005	
278.9652	21.18	0.9361902899369746	0.30841663864062585	
227.2119	176.35	0.9698756246289578	-0.22769072475605875	C12H22O
227.2119	183.86	0.9698756246289578	-0.20988016704183085	
279.0934	30.24	0.9150666140065318	0.36181242080869014	
227.9549	21.05	0.46041668331626767	1.6572563323030483	C6H4Cl2O5
279.1137	206.78	0.2230402365476395	-3.1615634223659135	
180.1384	21.7	0.7421059212884509	0.8269148053722273	
123.0682	23.67	0.66205506900712	-1.041730138364486	
180.1748	27.35	0.9200777585235561	0.3532400603522348	
180.1748	175.96	0.9813084082239777	-0.04997708556020956	
180.1748	184.12	0.9698756246289578	-0.11377357134819448	
123.941	22.75	0.6135035108014879	1.1889400483347246	
181.1086	22.49	0.20513347439199103	-3.345589558456302	
229.1185	22.75	0.652869253751979	1.0762541902763316	
280.1756	24.86	0.2617348315415786	2.7356264675203863	
124.0589	23.28	0.8560746515838393	0.5240287201363177	
124.0759	23.67	0.45474298763594906	1.6749426956186841	
229.18	27.88	0.9840866033368779	0.042005572801369774	C13H24O3
229.18	176.35	0.9698756246289578	-0.16412825651633323	C13H24O3
229.18	183.86	0.9698756246289578	-0.15549428484723873	C13H24O3
181.1588	176.35	0.9698756246289578	-0.16773908783350858	C12H20O
181.1588	183.99	0.9698756246289578	-0.12332061273247776	C12H20O
229.1992	176.35	0.9698756246289578	-0.19818539672862595	
229.1992	183.86	0.9698756246289578	-0.16677592009575726	
280.9543	0.98	0.271335797388823	2.6883613479012527	
182.0294	22.49	0.23692861498943762	2.9458586469528694	
182.0814	23.28	0.8658577435723472	0.5074457684809813	C7H8O3
281.101	31.05	0.3403698967921377	-2.2302821375508097	
182.1037	22.23	0.09737057406549064	-7.21061918738667	
230.248	51.31	0.30608247067303007	2.4444537989517783	C14H31NO
125.0793	23.8	0.8828374808253525	0.4592957838952423	
281.8426	22.1	0.3964106817594376	1.9159641649397268	
281.9521	1.24	0.23244164208487392	3.058307450682958	
281.9521	3.08	0.19852700871739215	3.4334120471515863	
282.1053	31.05	0.9761795161516232	0.06525191960665759	
282.1911	24.59	0.3801871360232489	2.0142172944802765	
282.2042	27.61	0.7259462240292945	0.8712697208213775	C17H26O3
282.9497	0.98	0.2815126772880414	2.6056212273650106	
283.1176	27.09	0.3345021580626834	-2.2550561573198196	
283.144	35.38	0.9084754652931325	0.3799361724848053	C15H20O5
283.175	22.75	0.18919166956660136	3.7194357035625467	
283.2461	196.1	0.8499020539015492	-0.5463343585093206	
283.8397	22.1	0.48392280901045265	1.5769911353013903	
284.121	26.96	0.27433958776736267	-2.6554679663648697	
284.9101	21.31	0.42848853422691446	1.7863284947691542	
127.073	22.62	0.4874094174735211	1.553975927402371	
285.1098	24.2	0.2367527858162759	3.0110152648733717	
285.2787	200.98	0.5339591571349493	1.4051529716312028	C18H36O2
233.9129	21.84	0.3588157073882838	2.1350123700257	
184.1697	176.22	0.9756456402043417	0.0711012552493067	C12H20O
184.1697	183.73	0.9966199193087368	0.005383341426680077	C12H20O
184.1697	228.11	0.921397570481544	-0.3492203440526083	
184.8891	1.24	0.18919166956660136	3.671521359806253	
184.99	68.2	0.32825623855583363	-2.303835171133512	
128.9537	1.24	0.571996046112945	1.3149460156141213	
234.2217	25.12	0.2560109257175967	2.7701349777849824	
286.2821	200.98	0.7259462240292945	0.8705555782889923	C18H36O2
286.2935	170.7	0.2905721820004897	-2.5479552696322685	
235.0126	2.29	0.23692861498943762	2.9435492323647736	
235.0143	199.12	0.3964106817594376	1.9198146167051187	
185.1286	21.7	0.18370708447721812	4.256762856609955	
287.2217	183.86	0.9698756246289578	-0.1637868204832159	C16H30O4
130.0654	24.99	0.253207458516005	-2.8177888570411143	
288.2896	34.2	0.9091351297405887	0.3730407487319704	
288.2896	37.09	0.3335600416714667	2.2626756809285045	C17H37NO2
130.1309	21.7	0.9698756246289578	0.15648877979372156	
289.0836	26.3	0.02460380693307807	14.92765069710018	
289.2486	27.09	0.6642381313605114	1.036608390991215	
289.9342	21.31	0.48522708885834176	1.5619790352892244	
186.9956	1.24	0.2820760011440733	2.590083829598175	
131.0857	39.19	0.9698756246289578	0.13410890485739482	
131.0857	610.65	0.8511470991762504	0.5439060659276681	
291.0763	25.25	0.18919166956660136	-3.9782149350745875	
291.1941	32.63	0.9874466334640236	0.032453714424620445	
132.089	39.85	0.9954626502500585	-0.010427620092534791	
132.089	176.48	0.9698756246289578	-0.20874843560282053	
292.2635	214.42	0.9698756246289578	-0.15591817170303593	
292.2635	221.92	0.8949382480967135	-0.43472090029599647	
292.2635	229.43	0.672455157916258	1.0208091679512403	
188.0707	24.59	0.07870813650770563	-8.763806579155935	
238.1651	24.72	0.36632133462366995	2.09378956678944	
133.0762	24.86	0.7092443490936096	0.9125548656553489	
294.1548	24.99	0.575529132586342	-1.3060769660535834	
294.1548	27.74	0.6555212111623563	1.0631161919155028	
239.1066	1.9	0.9037264595879747	-0.39711884546894083	
189.0735	21.84	0.9698756246289578	0.11305545002850542	
294.9389	21.05	0.20513347439199103	3.3479792239516346	
295.1152	24.07	0.3632619442677213	-2.1156666712536185	
134.0602	23.67	0.4385975107539273	1.7444052381011417	
240.1498	22.23	0.45146623348207754	1.6903809803722438	
240.2322	36.83	0.2560109257175967	2.77374379937428	
135.0636	23.8	0.589014150264092	1.269371254768046	
190.0863	24.86	0.2518747086021828	2.8403150570334317	
135.1169	38.93	0.90634313198433	-0.38502856346794817	C10H14
241.2036	21.18	0.876878445794474	-0.47294087181704164	C31H54O2
298.2741	159.61	0.7986051616461971	-0.6708231945948993	C16H32O2
298.2741	204.39	0.7952926205714689	-0.6786986613208907	C18H35NO2
298.2741	209.54	0.8300063393677664	-0.5834995175131643	
298.3104	217.83	0.5968479892034093	1.2413981058380221	
298.3469	147.24	0.6762278886886126	-1.0075392440367037	
299.0617	68.85	0.7447389799521023	0.8217907795056056	
299.0878	23.94	0.7476610712039454	0.8153612244223484	
299.1487	37.22	0.933973530494919	0.3137338409995993	
137.0458	22.36	0.09622118426286161	-7.3331909452793225	
299.1852	26.43	0.6218970101475791	-1.1670259142503763	
299.3138	217.3	0.8283577336740845	0.5919450814102044	
242.2116	27.88	0.8709532026445818	0.4847313411403419	C14H27NO2
242.2116	182.55	0.9698756246289578	-0.17895336969229708	C14H27NO2
300.2017	22.62	0.1866429402993258	4.116790542559194	
242.9255	21.18	0.36632133462366995	2.087629474775725	
191.1432	176.22	0.9698756246289578	-0.11231188156235637	C13H18O
191.1432	183.99	0.9698756246289578	-0.14688200961373032	C13H18O
138.0492	22.36	0.13545911383134834	-5.776136441904328	
300.2897	129.68	0.7733893204227229	-0.7285516583613426	C18H37NO2
138.1278	176.35	0.8709532026445818	-0.486663530791538	
192.122	29.71	0.09084295441842727	8.03550204963961	
243.183	20.65	0.02460380693307807	-14.922692396252511	
302.1656	24.46	0.20648803949341354	3.3334635892284243	
243.9418	21.44	0.34792603088085017	2.177458255812197	
193.0972	23.41	0.6004513481294137	1.2303704720705908	
139.0503	22.49	0.41529625365693634	1.8325742139436714	
244.0345	22.36	0.18919166956660136	4.01167693707354	C20H18O12
304.1237	26.17	0.7702836568649358	0.7467780562172772	C17H17O5
304.1755	31.05	0.34792603088085017	2.1790230550658842	
193.1588	176.35	0.9698756246289578	-0.16899995454385008	C13H20O
193.1588	183.86	0.9698756246289578	-0.14078158153340348	C13H20O
244.1908	27.35	0.9615884336148136	0.2621026548282308	
244.1908	183.86	0.9698756246289578	-0.1578438236949821	
305.0996	24.59	0.32825623855583363	-2.3024742014189044	
140.0536	22.49	0.41529625365693634	1.8332637798209386	
194.1627	176.35	0.6135035108014879	1.192181965657265	C13H20O
194.1627	183.86	0.5540621426035004	1.3556576968811955	C13H20O
245.1942	27.35	0.9666585797502284	0.25187908772330153	
245.1942	176.35	0.9698756246289578	-0.18252295271800753	
245.1942	183.86	0.9698756246289578	-0.1726336247219906	
306.1394	26.56	0.8779943009799994	-0.47043384916079733	
246.1021	21.97	0.6135035108014879	1.1948600610231053	
246.2429	27.48	0.3094290752204278	-2.4160961337828675	
246.9454	20.65	0.7928832114047929	-0.6864464211249057	
308.222	25.38	0.3131817170132907	-2.3746111108090973	
308.2584	205.73	0.14949413667405884	4.842983554633043	
308.2946	200.98	0.8949382480967135	0.4297680114691741	C18H34O
308.8615	21.97	0.48478140125158764	1.5668474471252327	
247.8847	0.98	0.18919166956660136	3.937767835797299	
309.1472	26.3	0.6762278886886126	1.0097639018124742	
248.1857	26.3	0.6470764906564737	-1.0927152293755134	
249.0456	20.78	0.47768677964131945	-1.595459486573151	
249.1122	30.92	0.35369829387580376	-2.156312614197192	
310.274	142.62	0.9698756246289578	0.21217572271754215	
310.274	149.6	0.9698756246289578	0.11193210572935056	C17H32O2
249.2576	200.98	0.7476610712039454	0.8160195067340563	C18H32
250.0385	24.46	0.275454486896816	-2.6457562412773186	
311.1467	25.25	0.9997035984487057	-0.00039520208125164136	
250.1779	27.74	0.9698756246289578	0.14507554402609496	
250.1779	176.22	0.9726713540391697	-0.08030612827327849	
250.1779	183.86	0.9698756246289578	-0.12468195206757011	
198.0527	22.49	0.27367772505122634	2.6635426334044823	
311.342	141.31	0.6324953725639554	-1.133569518537525	
250.2609	200.98	0.49499073722264547	1.5321798534220201	C18H32
311.9294	21.31	0.44236832590508846	1.7328452154496161	
250.9029	21.97	0.6324953725639554	1.1404132750120326	
312.3624	141.57	0.7259462240292945	0.8685581924296406	
198.1675	21.84	0.4452648494516086	1.708556941871967	
198.1854	176.35	0.9698756246289578	-0.11751639910802056	
198.1854	183.86	0.9724093144536349	-0.08471639050660866	
198.9515	0.98	0.5426908533609327	1.3869626674239877	
198.9515	2.82	0.3964106817594376	1.910508056647694	
143.118	22.89	0.7645691570911077	0.7663808377362837	
313.1622	24.72	0.8529861674006178	-0.5383086595002646	
313.2373	37.35	0.7259462240292945	-0.8680931338929393	
313.3212	208.22	0.982015513312863	0.04559129706171551	
251.9811	24.86	0.1866429402993258	-4.121573738665128	
144.0557	11.94	0.6324953725639554	1.1311237310755897	
144.0557	17.09	0.4014584985123093	1.8891656404930348	
314.3247	208.09	0.810858270383776	0.6430650670570518	
314.3415	133.75	0.3801871360232489	-2.009544208183359	C20H43NO
314.9322	20.52	0.8894789212734028	-0.4475126840422261	
314.935	11.02	0.5812784905408327	-1.2902985336766737	C29H57O12P
144.0808	24.59	0.30713213004662904	-2.437665321159649	
253.1645	24.2	0.6094123997230515	1.2048875729717052	
200.0408	1.24	0.6324953725639554	1.1310440187231925	
315.3281	208.35	0.5145495894919329	1.4700057762010634	
200.1434	35.78	0.18919166956660136	4.068999937927853	
200.1453	23.41	0.4720725381140022	-1.618248018194571	
200.949	21.44	0.7127526272860912	0.8992151565629931	
316.2118	21.57	0.21599252761441717	-3.2462424725721775	
316.2847	75.7	0.13578651044289358	5.568352124096034	C18H37NO3
145.1008	35.65	0.9770587358099462	0.060711493295214	
316.9615	1.9	0.9698756246289578	0.23726051450802807	
317.1359	23.94	0.554387014576271	1.3539085273155027	
317.2151	21.44	0.18919166956660136	-3.9650759042834145	
254.2116	174.77	0.9698756246289578	-0.14257905870698526	
254.2116	181.63	0.9698756246289578	-0.1602635721674789	
254.2116	204.26	0.9770587358099462	-0.06097877666699424	
254.2116	209.14	0.9904181486319733	-0.02497416874388653	
254.2479	228.51	0.9514250395658517	-0.2758607902756443	C16H31NO
145.1336	719.79	0.13578651044289358	5.3154036953662205	
255.1208	24.86	0.9722772065109709	-0.08905639877255017	
255.1208	28.14	0.7008558210512945	-0.9395516212039308	
318.1911	29.85	0.2820760011440733	-2.5875076809913145	
201.1235	23.41	0.45780463904335505	1.6635977362222418	
146.0601	24.59	0.9698756246289578	0.1440548645874208	
319.0943	25.91	0.7139377397150223	0.8967498784733771	
319.1153	25.25	0.6832175709842755	0.987122705523295	
319.1945	26.04	0.45146623348207754	-1.68699079444484	
319.1945	29.71	0.36632133462366995	-2.0887257627120537	
202.1803	21.44	0.204563123216371	-3.3779735478964015	C11H23NO2
256.2272	33.81	0.9966199193087368	0.005536288226718348	
256.2272	174.91	0.9698756246289578	-0.15258719726157915	
256.2272	181.63	0.9698756246289578	-0.15274021412030164	
256.2272	204.26	0.9810139881639168	-0.05209119243746346	
256.2272	209.14	0.9698756246289578	-0.1236241816255896	
256.9706	20.92	0.9217112898062386	-0.34468341469872216	
203.008	21.84	0.17232665488386995	4.462379789310891	
321.3152	228.51	0.9446469410494636	-0.2916253978622611	C22H40O
257.0805	23.8	0.21643698877383208	-3.226702910964028	
203.0527	21.97	0.9311699142498481	-0.326501340376648	
257.0994	2.29	0.13578651044289358	-5.087256892907856	
203.1391	23.41	0.7674518574016382	0.7516209215951751	
323.1467	25.91	0.848614702581332	-0.5487138308413088	
148.9935	22.1	0.833778636743914	0.5733591250464841	
324.2017	24.99	0.7300270403038102	0.8621091342451631	C16H30O4
324.2533	188.59	0.9698756246289578	-0.15894104700074851	
150.0551	23.94	0.10235195902307222	6.575876790396016	
150.0584	24.07	0.10078977238706273	-6.7714084937917205	
204.9982	21.44	0.44432965779858813	-1.7224584004179995	
325.2007	27.22	0.695447414918084	-0.9541124308325979	
325.2007	28.66	0.8283577336740845	-0.5942403042267995	
205.0972	24.33	0.07870813650770563	-8.862167536108092	
326.2172	24.72	0.31143178474975586	2.389760174793787	
326.3053	140.92	0.21643698877383208	-3.225153993328294	
326.3053	200.98	0.7617746577540354	0.7706693141228064	C18H36O2
326.3782	97.18	0.4466112679796083	1.7035234334875846	
206.1389	0.98	0.48522708885834176	-1.5626358366219983	
260.1726	206.52	0.46668848187853973	1.6412695201805547	C17H22O2
260.1726	217.04	0.5961973381591686	-1.250662906485491	C17H22O2
260.1726	260.94	0.5521822712543439	-1.359789012209068	C17H22O2
260.1726	278.61	0.5034539206172935	-1.498613048182582	C17H22O2
327.0392	25.12	0.23244164208487392	-3.0428372184072265	
327.2008	22.62	0.19689388810593508	3.453326285440916	
206.894	21.7	0.5241155264609698	1.44770473560343	
327.2894	185.3	0.9295947707916842	-0.3325902707744242	C20H38O3
327.3256	200.85	0.3964106817594376	1.9098297934319826	C21H42O2
261.0736	23.41	0.7028901495567607	0.9306677674350747	
261.0882	2.03	0.7669366287773838	-0.7624091180390543	
207.1171	46.05	0.13578651044289358	-5.259252157171924	
328.321	186.35	0.18386789489308383	-4.22138606905032	C20H41NO2
328.3289	200.85	0.3964106817594376	1.9103361492057076	C21H42O2
152.0568	22.23	0.18919166956660136	3.9545376647599086	
329.157	24.86	0.5516599331731386	1.3618465588376212	
329.1943	25.51	0.9698756246289578	0.19919992006430146	
329.1943	28.14	0.6814204075221926	0.9914947346400593	
329.3244	186.35	0.19423661691959102	-3.522439606350932	C20H41NO2
208.1203	46.05	0.13578651044289358	-5.347167518119257	
262.9155	21.18	0.4710896530563697	1.627363789154235	
262.9817	1.24	0.2560109257175967	2.7766430334051133	
263.0132	1.64	0.4385975107539273	1.7456961226526324	
208.1697	176.35	0.9698756246289578	-0.15739314051470452	C11H18O
208.1697	183.73	0.9698756246289578	-0.14853350644904983	C11H18O
263.0913	31.05	0.29683592304908263	-2.4999725634052203	
330.3366	80.43	0.8171307759350714	-0.6196586554332247	C20H43NO2
330.9027	21.44	0.271335797388823	2.6855119986566303	
153.074	23.67	0.4862265476946714	1.557432711621408	
263.9261	158.43	0.35949925482758344	2.1312094925105884	
263.9261	199.12	0.21737719404226674	3.1929509295988305	
263.9261	202.03	0.38411366890973053	1.989107005940519	
209.1385	24.59	0.8639755052806483	0.5113898575630269	
264.9127	21.05	0.3460646869956442	2.1931389609961585	C5H7IO2
209.1537	176.35	0.9698756246289578	-0.14742096940115493	
332.2068	30.24	0.389974744807148	1.9506743461345795	
209.1776	176.35	0.9698756246289578	-0.12016281473372185	
209.1776	183.86	0.9698756246289578	-0.17842020210730278	
332.3312	78.46	0.27258921688972976	2.677350010013344	
265.107	27.48	0.30608247067303007	-2.4463276664723588	
265.107	30.92	0.7380998834550949	-0.8402912890785067	
265.1117	22.89	0.7090979406131979	-0.9173015038395709	
265.1223	42.22	0.18919166956660136	-3.8657593045400818	
265.1294	22.75	0.5145495894919329	1.4689436630507309	
210.0502	23.54	0.13578651044289358	-5.418327771296988	
210.0502	25.51	0.13578651044289358	-5.279167421032307	
333.3346	78.33	0.2560109257175967	2.7735596045381903	
334.186	26.82	0.36716544665802464	-2.0694931099066443	
334.8772	1.37	0.7584691918778648	0.7793732462923274	
334.8772	2.82	0.13578651044289358	5.568953194884619	
210.1571	176.22	0.9698756246289578	-0.14257276675592323	
210.1571	183.86	0.9698756246289578	-0.14397923676250443	
335.177	206.78	0.18919166956660136	-4.055475196528864	
335.1898	26.82	0.2525700024379522	-2.8237060715820816	
335.3035	208.62	0.9464060846752526	0.2868624341995717	
266.1727	27.22	0.9217112898062386	0.34618881321421346	
266.1727	176.35	0.9698756246289578	-0.11859400602648872	
266.1727	183.86	0.9698756246289578	-0.13853798216419588	
210.1855	176.48	0.9698756246289578	-0.18167047667666017	
210.1855	183.86	0.9698756246289578	-0.17925421240075184	C14H22O
210.9778	21.05	0.3071778456388092	2.4306368329924566	
267.145	22.49	0.7361839990306202	-0.8448021896927541	
267.2682	200.98	0.5248191124823405	1.4437520678370102	C18H34O
336.2017	27.88	0.2884366263508783	-2.5577678549856917	
336.326	115.9	0.7969153882330746	-0.6740357223768195	C22H41NO
336.326	116.43	0.7025196915979194	-0.9340394923574141	
336.326	204.53	0.9698756246289578	-0.21740969253994258	C22H41NO
211.1694	176.22	0.9698756246289578	-0.14465564870107822	C13H22O2
211.1694	183.86	0.9698756246289578	-0.15651222858934094	C13H22O2
363.9549	1.37	0.3964106817594376	1.9088819029224087	
363.9549	2.82	0.23244164208487392	3.052804367257872	
337.1047	24.33	0.9756456402043417	0.07030062481351741	
337.1623	25.12	0.3832765264179669	-1.9974745644678302	
337.205	27.74	0.2998706070787116	-2.482281898499271	
212.0921	24.72	0.3964106817594376	1.9151582249508898	
212.1282	23.54	0.5333799085110805	1.4208053218069199	
364.1966	25.91	0.9698756246289578	-0.10027888878048087	
364.1966	28.27	0.8177475121527549	-0.6146712299119946	
364.1966	28.93	0.18919166956660136	-3.6253884807788186	
364.233	22.49	0.7504438298689531	0.8061165993539428	
364.233	33.81	0.695319965407489	-0.955294936861152	
212.201	156.59	0.7865658047485473	-0.6981994341979607	
212.201	228.11	0.9698756246289578	-0.21462487308050962	C14H24O
157.0803	2.03	0.8004908954124864	-0.6625098588942869	
365.016	21.57	0.9698756246289578	0.20702272924976992	
338.8698	1.37	0.703622406687613	-0.9286180992119979	
365.1055	21.97	0.9014230432368645	-0.4120696103807899	
365.1885	134.67	0.13578651044289358	-5.653765928056111	
365.2363	27.48	0.8300063393677664	-0.5842232894163197	
339.1415	26.82	0.4710896530563697	-1.6283366443269272	
339.1796	29.32	0.23934278403583326	2.9196516403573693	
339.3451	228.51	0.9498265225021357	-0.2819896543013112	C22H43NO
366.2216	230.35	0.9037264595879747	0.4009472119500024	
367.173	27.35	0.9698756246289578	0.14501424911927852	
340.3481	228.11	0.9621241383240614	-0.26059513951241614	C22H43NO
340.3576	261.73	0.9233064790620965	-0.341762798269536	C22H45NO
340.3938	190.7	0.3669868627792425	2.081968209014778	
368.0658	24.99	0.22832852035518775	-3.11075263473045	
368.3159	176.35	0.9698756246289578	-0.13412836122219132	
368.3159	183.86	0.9698756246289578	-0.1814463491284346	C20H38O3
368.3523	201.24	0.5968479892034093	1.2415888227501488	C21H42O2
368.3523	213.76	0.7564302516977032	-0.7875316826631723	
368.3523	216.38	0.9698756246289578	-0.14171306395046246	
368.3523	225.34	0.7922387670745312	-0.6896588889585906	
368.3523	259.73	0.24768044901646216	2.873799911345203	
340.9311	20.92	0.18919166956660136	3.9409736003492832	
368.425	220.06	0.42868840422762833	1.7810863825303742	
214.1414	21.44	0.3371358988869346	2.242931237156842	
341.1571	24.86	0.623028194882016	-1.159662027561783	
341.1571	27.74	0.34792603088085017	-2.1859202783485694	
369.1694	55.54	0.38584062425862165	-1.9721404061663463	
369.1694	74.63	0.23244164208487392	3.0706038956300485	
369.1886	25.91	0.9726713540391697	-0.08071440038599187	
369.1886	28.93	0.7733893204227229	0.7347616214111365	
214.1803	26.3	0.9919933938660532	-0.017656346328609077	C13H22O2
369.2625	37.49	0.9305223138468713	-0.3283283063438763	
369.2999	161.97	0.7928832114047929	-0.6842936412215531	
214.253	37.09	0.28089953742238155	2.6120399123383367	
369.3365	230.87	0.7328889813126145	0.8558501876896516	
369.3365	513.22	0.7420124830800343	0.8279968583969776	C23H44O3
369.4285	219.8	0.43680611605652697	1.7596158706389347	
158.9641	21.05	0.18919166956660136	3.8895473644693856	
158.9926	21.44	0.38781467177900675	-1.9658343336605257	
159.0278	21.84	0.13578651044289358	-5.045282303942975	
369.9568	20.65	0.2560109257175967	-2.7823485751056243	
370.1728	30.92	0.5339591571349493	-1.4046593721819145	C22H24O5
370.3	200.31	0.18919166956660136	4.002481356618319	
370.368	198.73	0.27367772505122634	2.6661670309418253	C23H47NO2
370.8017	200.72	0.13578651044289358	5.095172462145957	
159.0918	24.59	0.10078977238706273	-6.924273567994801	
343.1728	24.99	0.9014230432368645	-0.40869713974439364	
343.2956	37.09	0.2584847445942798	2.7574886875122426	
343.2956	39.98	0.18919166956660136	3.87797811443331	
371.2045	27.48	0.8682346934295255	0.5020451744697736	
371.2794	37.22	0.1491056774035989	-4.86292709524798	
371.3022	200.72	0.4649168590328065	1.6459932077874972	
371.327	58.03	0.2775061223199416	2.627794121586528	
371.335	225.2	0.9918830608384099	-0.02216564544834385	C22H43NO3
215.1433	62.52	0.10078977238706273	6.7007436267507074	C15H18O
215.1433	207.04	0.1932216952479778	-3.563698820509716	C15H18O
344.0658	25.12	0.30713213004662904	-2.4333877302007343	
344.2068	29.32	0.9514250395658517	-0.27617617997610683	
344.2278	22.49	0.1866429402993258	4.124862551345936	
160.0758	24.59	0.48392280901045265	1.5780786165750447	
372.978	3.74	0.7674518574016382	0.7526826944542401	
345.1309	24.2	0.2560109257175967	2.7721665578047348	
345.1888	25.64	0.9698756246289578	-0.22098460851221768	
345.2999	185.04	0.9698756246289578	0.1144740703702938	
345.336	201.11	0.607126173723278	1.2123729270901071	C21H44O3
346.3395	200.98	0.920361466234562	0.3512971774067084	C21H44O3
161.079	24.86	0.47768677964131945	1.5986909263213054	
375.9611	2.29	0.9714040141363736	-0.09383291253056555	
347.1771	305.21	0.18111622537698938	4.336035561067894	
376.2331	27.88	0.271335797388823	-2.684915506011039	
376.3186	115.9	0.6350225590821488	-1.1229507989217038	
376.3421	201.11	0.3988864784413301	1.8982210714260526	
216.0346	25.25	0.03190296149550015	-12.031897117255363	
377.2009	193.72	0.18386789489308383	-4.229629293932574	
377.3454	200.98	0.3578203437707693	2.1438505728237205	
349.02	24.86	0.1764599439104673	-4.405657966239404	
162.1125	23.28	0.607126173723278	1.211582646966578	
378.2088	193.98	0.13578651044289358	-5.107874919142064	
378.2124	27.35	0.9311719482011095	0.3221295910036026	
378.2124	33.68	0.23162882979107013	-3.0916242736325206	
378.2124	37.09	0.30990352455894177	-2.3985674566467226	
378.2887	201.64	0.9698756246289578	0.10004553928876833	C40H76NO7P
378.3482	201.11	0.42848853422691446	1.7874735595481424	
349.9375	3.48	0.312146363141073	2.382636749771802	
216.196	183.6	0.9920673232966472	0.01668558438609041	
350.2576	158.95	0.7008558210512945	0.9403098051903409	
216.9228	21.44	0.3023190571959625	2.469295228117572	
350.7594	158.82	0.7515510417083257	0.8020086523972708	
163.1481	176.35	0.9698756246289578	-0.10437845224139937	
163.1481	183.86	0.9698756246289578	-0.09923316094228987	
380.1646	28.01	0.5881827373944624	1.2754130868159512	
380.2087	194.11	0.18919166956660136	-3.913089831767768	
380.228	28.27	0.4845376904999601	-1.5714032387473247	
380.3887	174.12	0.9698756246289578	-0.1593776948878514	
352.8976	21.44	0.43701147492990017	1.7551994498453922	
353.1571	24.72	0.38344326678463303	-1.9944562336326375	
164.1282	21.44	0.6762278886886126	1.0084459844933726	
164.1515	176.09	0.9698756246289578	-0.11471154453673782	
164.1515	184.12	0.9724093144536349	-0.08394887721797899	
381.2312	28.53	0.9037264595879747	0.3978377416867355	
218.2116	24.86	0.5962199597898497	-1.2482405162054535	
218.9199	21.44	0.33119601807880983	2.2825683587740984	
218.9366	1.37	0.9446469410494636	0.2916494025292416	
219.0052	2.43	0.9698756246289578	0.1635931902141266	
354.3367	156.33	0.8300063393677664	-0.5830633704139191	C22H43NO2
354.348	207.96	0.4448149943274617	1.7125083287586726	
354.356	218.75	0.7553653531772191	-0.7935401767433067	
219.1231	24.99	0.23244164208487392	3.0716597730325423	
382.9195	20.78	0.5897117397422424	1.2659547516739083	
383.1487	27.35	0.2016471107734976	-3.4003877139054697	
355.1154	26.69	0.8683702022968932	-0.5010000478385898	
165.1638	176.35	0.9698756246289578	-0.1571034103299327	C12H20
165.1638	183.86	0.9698756246289578	-0.11285454597120649	C12H20
355.173	25.12	0.5321644574559508	-1.426921968422505	
383.2043	26.3	0.5248191124823405	-1.4421559381393052	
355.3401	156.46	0.8442901611768229	-0.5572872155904277	C22H43NO2
165.9247	22.1	0.41064173240648977	1.8507239716618233	
355.3682	228.38	0.9698756246289578	-0.20909802062610322	
355.3767	243.79	0.7702836568649358	-0.7463649800915755	
384.3837	168.97	0.6135035108014879	-1.1887802547528672	C24H49NO2
166.0534	24.2	0.9698756246289578	0.2263116029921364	
385.1647	30.11	0.9698756246289578	-0.14671294777938157	C22H24O6
385.1834	25.77	0.9698756246289578	0.18870968955871617	
385.1834	28.27	0.652869253751979	-1.075967479697564	
385.201	38.01	0.8529861674006178	-0.5400093450218825	
385.2204	26.96	0.6782939642662873	1.0	
385.2948	196.63	0.8901743328029312	-0.44574552677312246	
385.2948	199.12	0.47768677964131945	1.5986546905151109	
385.2948	202.82	0.7966314464041049	0.6752871548312789	
385.2948	233.5	0.8171307759350714	-0.6214684131594257	
385.2948	244.45	0.759387090280016	-0.7773227136726706	
385.3313	105.88	0.7426297066068771	-0.8253119020193737	
385.3313	459.79	0.6382609705679998	-1.1143924078549625	
385.3423	204.0	0.810858270383776	0.643188941921433	
356.3522	160.4	0.1866429402993258	4.163177437422255	C23H44O2
356.8805	1.37	0.385434600207526	-1.974916108419044	
386.1867	25.77	0.3985161214183475	-1.9025293449761336	
386.1867	28.27	0.40525625001411686	-1.8723723424812198	
386.3263	176.74	0.9698756246289578	-0.16466280031177602	
386.3263	183.73	0.9698756246289578	-0.14035917885285257	
386.3903	168.97	0.6618139090994466	-1.0451965511058512	C24H49NO2
386.3992	216.52	0.6505430492069054	1.0859305834183937	
386.777	200.59	0.7712442061326228	-0.7394115980870397	C42H78NO9P
357.1309	23.94	0.8932092382075011	0.4405808934080651	
357.1309	27.74	0.9749336942181643	-0.07380607033400696	
357.1889	24.99	0.9571433704592031	-0.2681720879754105	
387.199	24.86	0.9698756246289578	-0.17473768661110572	
387.2752	200.72	0.7824435367622282	0.7076981441554153	
387.3469	230.74	0.7501073128383395	0.8075915262060164	C23H46O4
357.2831	65.83	0.9882151838252804	0.030065508004917453	C20H37NO4
387.3817	200.72	0.9698756246289578	0.2402528091333942	
387.7764	200.18	0.7186392270265375	0.8899349717450612	
167.0896	24.86	0.15054840360983904	-4.774721626589328	
357.3363	194.11	0.4862265476946714	-1.557538708292331	C22H44O3
357.3557	160.92	0.18111622537698938	4.305015697494927	
411.3352	230.48	0.9698756246289578	0.11441774911468114	C23H46O4
412.2542	80.04	0.4124947154327547	1.8417699468169026	
167.093	22.62	0.7553653531772191	0.795356060999364	
412.3213	52.23	0.6265240295354196	1.1523482419422633	
412.4149	203.48	0.5335689801877905	-1.4159097681004547	C26H53NO2,C27H41D7O2
412.4149	263.96	0.24584332284578178	2.8856576538222867	
413.1782	26.56	0.9014230432368645	-0.41234600403912774	
413.1782	30.92	0.641816034572368	-1.101924889857457	
413.2758	184.65	0.08552449779278187	8.455502068164392	
414.2698	24.72	0.5016322548732505	1.5129048646619823	
414.3298	202.56	0.9698756246289578	-0.18765695984396205	
414.3298	221.4	0.4551033438588829	-1.670138750082258	
414.3298	224.81	0.9037264595879747	0.3959044212806019	
414.3298	230.22	0.9037264595879747	0.39608578873557293	
414.3298	261.86	0.5333799085110805	-1.421757858849835	
414.3298	274.52	0.4445962086397874	-1.719140893110108	
414.4308	251.2	0.695319965407489	0.9568454613120656	
388.2539	22.36	0.1677767776693889	4.522489800309546	
388.2732	200.85	0.5781270777314035	1.301029937065741	
358.2435	158.56	0.8293636618556852	0.5884417085675386	
358.2483	32.36	0.352160894449408	2.1623421298122727	
358.368	127.06	0.9091351297405887	-0.372195105972095	
415.175	24.33	0.9698756246289578	0.15936406075557366	
415.175	134.41	0.3801871360232489	-2.018234261056769	
415.1939	25.12	0.8581412004089114	0.5190004441913436	
415.1939	26.96	0.9698756246289578	-0.2034578901288604	
415.2797	233.24	0.9125977294117646	0.36729766639195827	
388.7749	200.04	0.987319710700519	0.03452264636878504	
415.3418	192.54	0.23692861498943762	-2.937670251247371	
359.1467	23.94	0.9698756246289578	-0.09835316276357736	
359.1678	24.86	0.36745650935655844	-2.0648189417933795	
415.9398	3.21	0.5255092223628274	1.4388763660629404	
359.3155	200.98	0.4845376904999601	1.5707015198450707	C21H42O4
359.3713	127.06	0.9056762677958758	-0.3866750292741522	
416.2462	168.05	0.6658287805206851	-1.032569247829552	
416.2851	233.1	0.8688360904159045	-0.4986868807519172	
416.3452	192.54	0.22421414076137403	-3.1471648354863158	
416.938	3.21	0.2921844970065166	2.5239359336606864	
168.0657	23.67	0.09084295441842727	7.6606583436632985	
417.1589	283.86	0.18919166956660136	-3.62036528626919	
417.2096	25.38	0.8670431885375992	0.5050075759442487	
417.348	192.54	0.2560109257175967	-2.7716667668203785	
417.3686	176.35	0.9042219485164767	-0.3936029467662379	
417.3686	183.86	0.9446695425893212	-0.2897678864706022	
417.9357	3.21	0.3094290752204278	2.4204739753263804	
389.8717	20.52	0.3945280739071469	1.9326190661736815	
418.2436	28.27	0.9324891791101905	-0.31885991440883565	
168.0963	22.62	0.7259462240292945	0.8770329280143405	
419.1701	27.35	0.3094313084830811	-2.4135120931322356	
419.2254	30.92	0.9801336894996273	0.05410650518072457	
419.2557	220.87	0.7008558210512945	-0.939165344265706	C21H39O6P
420.173	27.22	0.30944725023192027	-2.410895280562141	
420.1799	189.51	0.6618139090994466	-1.046117938581548	
390.0479	24.86	0.2361256033208736	-3.017737666514674	
390.1886	30.79	0.09084295441842727	-8.103049272218142	C22H26O6
360.3213	228.11	0.9311719482011095	-0.32342200206624466	
360.3623	119.71	0.23244164208487392	3.0775901409757784	
360.3745	127.45	0.9091351297405887	-0.374626253537618	
391.2244	190.03	0.8283577336740845	-0.5915970253161167	
361.2353	66.23	0.5516599331731386	-1.3622260192256308	C20H34O4
361.3215	200.85	0.5452813908596515	1.3767319862021543	C21H42O4
422.3243	226.93	0.7553653531772191	0.7912505360516995	C23H45NO4
423.1415	26.82	0.9698756246289578	0.10080558181133006	C22H24O7
423.1415	33.42	0.3444755066323214	-2.2060823054270897	C22H24O7
391.9842	4.0	0.42868840422762833	1.7831182562796686	
392.2278	30.11	0.9919593783347093	0.02060257564183035	
392.2541	37.75	0.9698756246289578	-0.16483561364692656	
424.2825	176.35	0.9781347827391593	-0.05758250144459301	
424.2825	183.73	0.987319710700519	-0.03428254531543299	
425.1355	31.05	0.3146530805415588	-2.3639294046420036	C22H26O6
362.2173	31.84	0.29725354901435624	-2.4959181189572917	
362.3029	176.35	0.9698756246289578	-0.1023926766093051	
362.3029	183.86	0.9698756246289578	-0.13286115164766268	
362.3253	185.3	0.8300063393677664	0.5819131639879749	
362.3253	200.85	0.6065722130971514	1.2170383532246059	C21H42O4
169.1011	39.06	0.9295947707916842	-0.331831249142649	
362.9263	21.05	0.22832852035518775	3.112726575034445	
426.1394	30.92	0.9882151838252804	-0.02917318714967691	C22H26O6
426.3271	105.49	0.5016322548732505	1.5063682485884198	
426.4307	264.61	0.2916229958623686	2.5304440146507665	
362.9561	1.24	0.3669868627792425	2.0835111440691017	
393.2313	26.43	0.4448149943274617	-1.713118672695557	
393.2313	29.85	0.9722772065109709	-0.08669646873228382	
464.2853	31.71	0.3335600416714667	-2.268492158357817	
464.2853	33.42	0.4258715500808508	-1.8014229966235669	
428.2547	146.32	0.02844063140732867	-12.646195086616705	
464.3946	192.54	0.23934278403583326	-2.921304428606765	
464.3946	196.1	0.3801871360232489	-2.0128966213617057	
429.2269	37.35	0.6324953725639554	-1.1312772514947087	
465.3919	303.77	0.652869253751979	1.0793486550745248	
465.3981	192.41	0.18919166956660136	-3.6656307150360856	
465.3981	196.1	0.36745650935655844	-2.064840025886291	
395.0266	21.57	0.19583258330862297	3.48524177376589	
170.154	176.35	0.9698756246289578	-0.1525731923916918	C11H18O
395.2732	32.76	0.8283577336740845	0.5910027204204061	
395.3134	215.08	0.7733893204227229	0.728360465769465	
466.2353	221.0	0.42754165579662956	1.7926417178953467	
466.2651	26.96	0.933973530494919	0.31516308975142965	
467.2053	71.22	0.9698756246289578	-0.1361718950686375	C25H32O7
467.2693	215.08	0.7674518574016382	-0.7532366459425301	
430.2225	30.92	0.4385975107539273	-1.7473871575872144	
430.2225	105.75	0.36632133462366995	2.0922934838113196	
430.2511	284.65	0.2921844970065166	2.522579392081523	
467.3731	328.77	0.9076970017321284	-0.3825853848543405	C28H50O5
430.364	176.35	0.9814935016816123	0.04714114629153252	
430.364	183.73	0.9770587358099462	-0.061422240929150704	
430.3805	296.12	0.02460380693307807	-17.2945107628335	
396.2231	190.03	0.23692861498943762	-2.965555874006209	C18H35O7P,C25H30O4
396.2319	193.98	0.18919166956660136	-4.031859398969643	
468.273	215.08	0.933973530494919	-0.31362389116451234	
171.0783	23.94	0.7569827458372957	0.7840098220391749	
171.0844	23.67	0.6324953725639554	1.1379677837330655	
430.9142	20.92	0.23692861498943762	2.9468494471347113	
431.095	28.53	0.18919166956660136	3.924647370735293	
431.1786	200.59	0.09737057406549064	-7.145422470653324	
431.2176	30.92	0.31712318934173156	-2.3500273023400022	
469.269	205.05	0.9698756246289578	0.0987226176096591	
431.3368	221.26	0.36716544665802464	-2.070336388587439	C24H46O6
397.1834	26.17	0.6065722130971514	-1.2178698063453817	
397.1834	28.53	0.7495078041170754	-0.8092766654248172	
431.3685	175.96	0.9698756246289578	0.1179584144453769	
431.3685	183.86	0.9698756246289578	-0.1738831376767536	
469.3889	220.06	0.6600161641437714	-1.0529233372796338	
397.3678	265.14	0.4303359245641173	-1.7740212357583935	
397.3678	544.31	0.36490210965718733	-2.1075056443120053	
432.0983	28.53	0.15547378304371737	4.71142069304178	
432.1818	200.72	0.02460380693307807	-19.48371761417722	
432.2802	22.36	0.13578651044289358	5.458473367964368	
432.3405	221.4	0.49499073722264547	-1.5298071431676772	C24H46O6
432.3405	230.22	0.9698756246289578	0.219535498331595	C24H46O6
432.3877	176.22	0.9037264595879747	0.3950511106500175	
432.3877	183.86	0.8967824041061264	0.42412359687049556	
470.3327	244.45	0.7772862452660868	-0.7186172445659548	C28H46O4
433.1021	28.4	0.15054840360983904	4.808455679126472	
433.168	103.75	0.9446469410494636	0.2915450976611961	
398.2891	89.92	0.8954725751150551	0.42651126996281946	
433.3524	192.41	0.30990352455894177	-2.3982608055924097	
398.3994	229.3	0.49499073722264547	1.5308684059042081	
433.3907	176.22	0.9037264595879747	0.39559517374612646	
433.3907	183.86	0.8828374808253525	0.46094599648918677	
434.2387	27.74	0.8177475121527549	-0.6167470519081306	
434.275	28.01	0.6803395525609307	-0.9949568049034453	
471.368	193.85	0.6540726170813871	-1.0697384326372383	
172.085	23.67	0.695319965407489	0.956601343327186	
172.0877	23.67	0.9014230432368645	0.41121150103062376	
399.1439	28.93	0.5729549519118239	-1.311106998411237	C22H22O7
399.1569	43.27	0.02460380693307807	-22.83757094370444	
399.1991	24.99	0.5333799085110805	-1.4197714786156836	
434.3556	192.54	0.23692861498943762	-3.001098594758962	
399.2508	62.13	0.695319965407489	0.9555750432502909	
435.2496	188.85	0.44432965779858813	-1.7239179869816152	
435.2797	264.61	0.9779259915964817	-0.05871731778695016	
473.3989	317.6	0.34088828232114265	2.2221704399665856	C31H52O3
436.1968	29.19	0.45474298763594906	-1.6723173235230657	
436.2541	29.85	0.6747015848267074	-1.015804037304358	
400.2542	62.0	0.66205506900712	1.0426128830999075	
400.3504	203.21	0.49074292495579874	-1.5451017503372224	C24H46O4
400.3504	210.19	0.48478140125158764	-1.5655698985790143	C24H46O4
437.2001	27.22	0.8768516860035122	-0.4744005695962918	
474.3128	188.72	0.2525700024379522	2.830784353738453	
474.4025	317.86	0.2925922181777886	2.5162149567389203	C31H52O3
475.194	24.59	0.13578651044289358	5.428654691590556	
475.2146	184.78	0.5981697446285007	-1.2359381179228508	
475.2807	35.12	0.9698756246289578	-0.1613020056761724	
437.2428	185.04	0.8875141536198367	0.4506524393707292	
437.2585	193.85	0.13578651044289358	-5.280081719944166	
437.2856	177.27	0.9724093144536349	-0.08405104509592755	
437.3604	264.88	0.8552073984360853	0.5348569737513594	C27H48O4
173.0784	22.62	0.13545911383134834	5.851395352644765	
475.3783	278.35	0.9698756246289578	-0.1870467498803083	C30H50O4
401.1596	27.22	0.29114362284510165	-2.5404294169648494	C22H24O7
401.2149	25.38	0.5617014455850213	-1.3365730223880865	
401.2149	28.4	0.7795742261759313	-0.7120291330575442	
401.264	224.55	0.7712442061326228	-0.740573216052972	
476.2445	230.35	0.7114839817648041	0.9047726691630309	
401.3418	201.37	0.9698756246289578	-0.2098052159864122	
438.2618	193.98	0.13578651044289358	-5.1055487761298775	
438.3637	264.75	0.7712442061326228	0.7411114619769237	C27H48O4
476.3817	278.08	0.9014230432368645	-0.41543038268666743	C30H50O4
476.3946	185.83	0.6218970101475791	-1.1654623620399125	
476.3946	192.54	0.571996046112945	-1.3137589362045032	
439.1365	28.93	0.5962199597898497	-1.2488425947398054	C24H22O8
477.2113	184.91	0.9874466334640236	0.03237729162399637	
477.2165	283.47	0.10078977238706273	-6.721255892519977	
439.2743	220.61	0.9698756246289578	0.12511286760516294	
402.1629	27.22	0.2921844970065166	-2.520287284280064	C22H24O7
477.3172	230.22	0.389974744807148	1.952636320918573	
477.3535	105.32	0.8110349856273722	0.6410358325841415	
478.3059	220.87	0.9930967956752706	-0.014445516732226101	
440.2017	37.22	0.9662979140941955	0.25395928493052217	C24H30O6
478.3741	162.1	0.8154574944491826	-0.6281785350751855	
173.1325	176.35	0.9698756246289578	-0.14645437699537026	
173.1325	183.86	0.9698756246289578	-0.12770270733407887	
403.3056	196.37	0.9698756246289578	0.1810750170823252	
440.2809	221.13	0.7259462240292945	-0.8733793097297037	
403.3415	105.32	0.933973530494919	0.3155156529003438	
403.3415	195.3	0.9037264595879747	0.40216172202674405	
403.3532	127.84	0.9305223138468713	0.3281289418630178	
403.3532	183.73	0.9698756246289578	-0.17205787192925	
441.1315	24.86	0.9698756246289578	-0.154384225643606	
441.1315	29.58	0.328668419111535	2.296020668635105	C22H26O7
441.1521	27.22	0.42868840422762833	-1.7805492471423858	
403.92	3.48	0.3335600416714667	2.260273933062227	
441.319	172.15	0.9215454420327764	-0.34798905297205407	
404.2644	28.01	0.5940915020979601	-1.256065225496991	
480.2863	192.01	0.44432965779858813	1.7212139162036193	
442.1552	27.22	0.5145495894919329	-1.4685895921855951	
404.3734	201.51	0.13578651044289358	5.504174482019317	
404.3734	230.87	0.9091351297405887	0.37556102695654536	
480.4025	196.76	0.13545911383134834	5.78386075303802	
520.3636	305.63	0.23692861498943762	2.955993315828728	
443.1576	27.22	0.36716544665802464	-2.0790419661604562	
443.2061	38.27	0.7778187655672494	0.7162509995621263	C18H35O10P,C25H30O7
443.2252	26.04	0.8154574944491826	-0.6267855574294595	
443.2252	28.53	0.6866386355910606	-0.9796901718790577	
521.3831	220.87	0.9698756246289578	-0.10443064008716517	
521.3831	263.3	0.5248191124823405	1.4440640365296311	
406.0427	21.7	0.31712318934173156	2.348882232333018	
406.2125	30.92	0.45474298763594906	-1.673014362356941	
522.2402	186.49	0.16301217150796968	-4.6184565004866736	
522.2621	247.23	0.9183172394932014	0.35716452073566407	
481.2853	230.35	0.38847286714101925	1.9625082755513068	
443.2683	134.93	0.10078977238706273	-6.692451450430826	
443.3731	221.13	0.18919166956660136	-3.651580206044739	
481.3308	190.83	0.9698756246289578	0.21710676964751577	
481.3308	193.33	0.15054840360983904	-4.770279578280705	
444.2299	151.84	0.8978413476649694	-0.42114451190281815	
407.2149	31.05	0.33324181945173464	-2.2746477421874087	
407.2355	184.65	0.9761795161516232	-0.06453275124726723	
407.2355	305.08	0.6782939642662873	1.0005152316499146	
407.2482	230.35	0.8705779569482618	0.4913586142397822	
407.3245	203.74	0.5426908533609327	1.3858346824145489	
407.7887	200.72	0.7988107175077358	0.6663127137358393	
444.3767	221.13	0.5609745358694543	-1.3410069660170034	
482.2885	230.87	0.8828374808253525	0.4569139995748441	
523.3829	158.82	0.9698756246289578	0.19959696869219615	
408.2899	200.59	0.3832765264179669	1.997967700615702	
408.3085	176.35	0.9698756246289578	-0.14256183024981126	
408.3085	183.86	0.9698756246289578	-0.13591035172425805	
523.8845	158.82	0.9295947707916842	0.3329115785457259	
524.1942	221.0	0.4044067939618709	-1.8764855314476747	
483.3533	264.88	0.8560746515838393	-0.5233877066735806	
524.8832	158.82	0.6925148515158047	0.9691070115936078	
484.1803	199.26	0.9698756246289578	-0.19519843461020878	
484.1803	202.16	0.8154574944491826	-0.6285791069157405	
408.9188	20.92	0.13578651044289358	5.090051097625895	
409.1619	31.05	0.5016322548732505	-1.5085085544133319	C22H26O6
409.2562	33.81	0.8171307759350714	-0.6208723820517095	
409.2882	200.85	0.652869253751979	-1.0754680973853403	
484.3689	221.26	0.3964106817594376	-1.923660955520941	C24H52NO6P
446.2958	22.49	0.8949382480967135	-0.4322228063125374	
446.2958	24.59	0.6941880174957026	0.9659631681187802	
526.0823	38.54	0.8978413476649694	-0.42169504273644537	
526.0823	42.09	0.18919166956660136	-3.6775723497475803	
409.329	230.35	0.7928832114047929	0.6852655297444112	C23H46O4
409.9012	3.21	0.8171307759350714	-0.6201794567150252	
526.4105	217.04	0.6782939642662873	-1.0000000000000018	
485.3362	218.22	0.8334369013235202	-0.5761317625823648	
526.4472	264.61	0.2820760011440733	2.592221778013257	
485.3442	190.7	0.5782286317983086	-1.2979411027590846	
410.1652	31.05	0.8154574944491826	-0.6274422478577112	C22H26O6
486.2652	230.35	0.8560746515838393	0.5247867359664632	
486.3005	214.95	0.8795030285975517	0.4669304814008047	
486.3274	24.99	0.5633952151570508	-1.331539922108001	
410.3323	230.22	0.7380998834550949	0.8359389385696959	C23H46O4
487.2351	198.99	0.8709532026445818	0.4876153659388066	
487.2351	202.16	0.7712442061326228	-0.7393890362525024	
527.2901	230.35	0.8949382480967135	0.4370764116037018	
527.3636	231.0	0.10935345365169993	-6.41782699955094	
488.2646	35.25	0.848614702581332	0.5493753211001726	C27H37NO7
489.3128	194.38	0.9919593783347093	0.02021967067092384	
528.2941	210.61	0.18919166956660136	-3.692355478866589	
528.2941	230.74	0.9091351297405887	0.3732966876796933	
528.3475	264.88	0.9422733073292017	-0.29956986106239414	
448.4151	197.16	0.8949382480967135	-0.4298721246800651	
569.3067	230.87	0.7110756489392119	0.907275796332478	
449.2456	210.61	0.09084295441842727	-7.615427918500331	
569.5149	403.16	0.7569827458372957	-0.7849158261003346	C35H68O5
490.3817	203.48	0.37608281873859734	-2.0345438517597763	C27H52O7
490.4257	317.6	0.26308032086368427	2.7274442982979723	
569.928	199.91	0.49157780581169785	1.5411948495152201	
529.307	218.62	0.47768677964131945	-1.5975323677266413	
529.3509	264.48	0.7582791197933266	-0.7805515278460744	
530.1276	199.12	0.8177475121527549	-0.6142746850045867	
530.1276	201.51	0.8177475121527549	-0.6145063955660134	
530.299	230.74	0.7549010414653571	0.7970218925851794	
450.2699	26.43	0.8177475121527549	0.6141699551508705	
450.2699	27.88	0.7380998834550949	-0.835657561397523	
532.1517	215.73	0.695319965407489	-0.9564865117767201	
532.1517	221.66	0.8560746515838393	0.5267633103919526	
532.1517	227.33	0.695319965407489	0.9615199434704256	
532.2077	193.72	0.2525700024379522	-2.828024705758867	
532.2277	220.74	0.8094383037854143	-0.6474611508857862	
532.2662	81.35	0.7312471631605211	0.8596351479330253	
532.2662	83.06	0.8171307759350714	-0.6194018585312009	
450.3791	192.54	0.2525700024379522	-2.8271269672872323	
492.176	220.74	0.7669366287773838	0.7607168704824193	
533.3875	63.58	0.9966199193087368	0.007615574890912862	
533.8636	158.69	0.4064810369225877	1.8642242895061314	
533.8855	165.95	0.9698756246289578	-0.1980929485508209	
571.3976	249.2	0.7008558210512945	-0.941168773803108	C33H56O6
492.405	278.08	0.9698756246289578	0.22075723803044156	C28H50O4
571.4108	188.59	0.6163558469204942	-1.180234917916895	
492.4256	221.66	0.13578651044289358	-5.4508322109200815	
534.2229	220.74	0.9215454420327764	0.3473019753630028	
571.4422	308.78	0.23692861498943762	2.947638491626918	C40H56O2
534.2829	168.05	0.8481301386599854	0.5510632410003291	C26H43O9P
534.2829	264.75	0.8685280947966431	-0.49992956198033445	
451.3761	223.5	0.7090979406131979	-0.9137386121645089	
451.3761	283.86	0.640848041655829	-1.104445844384743	
451.3825	192.54	0.23692861498943762	-2.940474511984486	
534.3919	195.3	0.6554059146664211	-1.065418494373677	C33H48O3
535.1899	184.78	0.02460380693307807	-18.53597014673813	
535.2259	220.87	0.8283577336740845	0.5972665116638725	
572.2542	264.09	0.3138267959094293	2.370242811437567	
572.2542	265.14	0.42848853422691446	-1.7858306974339486	
535.3341	300.19	0.23692861498943762	-2.953822264204685	
452.249	32.5	0.5007949725118381	-1.516322969505495	
493.1427	104.14	0.9658458345159701	0.25537094052727327	
493.1427	189.77	0.5884597584493593	1.2714595148625498	
452.3852	192.41	0.29091261298465443	-2.5440093498740133	
493.3273	2.43	0.5688042355560938	-1.3222076298745986	
493.3273	243.27	0.6390565697100201	-1.112219727848995	
536.2774	264.75	0.9514250395658517	0.27573469130848544	
536.293	230.35	0.9666585797502284	-0.25176968215608997	
493.3891	294.55	0.2560109257175967	-2.7915161629292427	C30H52O5
453.3186	190.83	0.9741251768381842	0.0765739297650657	C27H42O3F2,C27H42F2O3
537.2957	231.0	0.8949382480967135	-0.4330846591816866	
453.3881	192.67	0.18111622537698938	-4.333964330228921	
538.2902	231.13	0.9698756246289578	-0.2145917963534361	
454.2648	27.22	0.9296758291994703	0.3308621898761519	
454.3222	190.96	0.8828374808253525	0.4575734208166686	C27H42O3F2,C27H42F2O3
495.2333	214.82	0.7966314464041049	-0.6754923613498947	
495.238	196.24	0.79873354625253	0.669134156198567	
495.3005	28.14	0.8560746515838393	0.5290380876452432	
495.3005	246.97	0.9200777585235561	0.3525000896193505	
495.4046	365.79	0.12137548323348252	6.199544881685722	
575.9103	201.9	0.8560746515838393	-0.5229450456357361	
539.2871	264.48	0.9919933938660532	-0.01812641460979316	
455.2254	26.3	0.389974744807148	-1.9487318972866727	
576.1773	154.59	0.585743772900113	-1.2801536730094596	
576.1773	223.1	0.9749336942181643	0.07424982662186216	
576.1773	235.63	0.9722772065109709	-0.08786274975025476	
539.3913	196.37	0.3335600416714667	2.259896280448269	C28H55NO6
576.2336	229.82	0.2820760011440733	2.593113231378263	
455.3223	230.61	0.7259462240292945	0.8746451830497441	
576.4115	63.05	0.5884597584493593	1.2729892695750331	
576.4115	201.64	0.904377108069339	0.3916748501969085	
540.0692	27.09	0.18919166956660136	-3.6394444255860887	
496.163	190.03	0.7702860743278559	0.7444864604428165	
456.17	184.91	0.8949382480967135	0.4319672287237936	
576.9116	1.77	0.8283577336740845	-0.5949290648503426	
576.9116	199.39	0.18919166956660136	3.857598193668689	
576.9116	201.9	0.9698756246289578	-0.11372612098183707	
540.4265	258.16	0.8752564192125524	-0.4780052429907426	
540.4475	151.97	0.027262897279842404	13.070167207550515	
496.304	210.19	0.2775061223199416	2.628177097851777	
496.304	247.1	0.3453816613426651	2.1971043143061015	
577.2368	229.95	0.31152956246307834	2.38695977000224	
456.2896	193.98	0.13578651044289358	-5.3661092529661065	
456.301	220.74	0.8828374808253525	-0.45833920216510593	
577.4132	62.66	0.7216561841812019	0.8852218985821765	
577.4132	163.15	0.20961816094183972	3.295668291216144	
577.4132	202.16	0.9713339757065034	-0.09478184302510406	
456.3374	192.93	0.4875390280081555	-1.552355581761313	
496.4211	154.2	0.02460380693307807	16.169368363742255	
542.2073	53.15	0.9698756246289578	-0.12897147650240112	
457.1262	27.09	0.9056762677958758	0.388859410803308	
457.2409	25.64	0.6350225590821488	-1.122073952155977	
457.2409	26.69	0.7572357882406368	-0.7827545777323757	
457.2861	166.35	0.15944672513939998	-4.662595163881198	
457.2861	215.21	0.9698756246289578	-0.12708967525503612	
457.2923	193.98	0.07535550582861583	-9.13969385388158	
497.3165	228.11	0.9698756246289578	-0.1102503923224878	
457.3522	202.29	0.2553220256819652	-2.803424513550796	C26H48O6
497.3604	277.43	0.607126173723278	-1.2142694493714365	C30H50O4
544.223	231.13	0.9014230432368645	0.4084912112651505	
544.2377	199.39	0.695319965407489	-0.9611168705578264	
544.2377	202.16	0.4466112679796083	-1.7029033645998968	
544.3695	25.91	0.36716544665802464	-2.0728341107809922	
578.9062	1.77	0.9813084082239777	-0.05066917000026863	
579.1675	79.51	0.7066314637804231	-0.9228407711634412	
545.2933	264.48	0.7733893204227229	-0.7307190143113492	
498.4157	264.48	0.7733893204227229	-0.7317206760675592	
546.1675	215.6	0.5016322548732505	-1.5069499268665119	
546.1675	220.06	0.8560746515838393	0.5296412535441727	
546.1675	224.94	0.9698756246289578	-0.20411373097148633	
458.3051	220.19	0.4678831872566812	-1.636126950702134	
458.3051	221.13	0.8300063393677664	-0.5826404774150696	
546.3213	230.48	0.8154574944491826	0.6315551133659788	
580.1711	79.64	0.5335689801877905	-1.4131339766232427	
580.2429	230.74	0.8035397516726576	-0.6580174683483182	
499.296	184.78	0.9698756246289578	0.22152667081506458	
499.3241	195.58	0.23692861498943762	2.9623622791837665	
459.2654	65.02	0.60756868622017	1.2097962332826153	
459.2654	177.53	0.9698756246289578	-0.19002017586446227	
459.2654	198.34	0.7127526272860912	-0.9001148681563641	
459.2722	184.78	0.7733893204227229	0.7287514066150216	
459.4154	204.26	0.8658577435723472	0.5078998187236669	
459.4154	209.14	0.8702782868945542	0.4925900690803598	
500.316	230.74	0.8949382480967135	0.43256298900089557	
501.3193	230.48	0.8412731115860033	0.5617657848176985	
501.35	230.74	0.5339591571349493	-1.405156944350311	
502.1758	185.04	0.9882151838252804	0.028755180227920663	
502.3219	24.59	0.4057625182224698	1.8695756904896506	
502.3219	230.74	0.833778636743914	0.5745610931282772	
547.3245	230.35	0.7328889813126145	0.8544753494934224	
502.3626	217.96	0.9311719482011095	-0.3244761982480332	
502.3626	233.5	0.5511381092164566	-1.3651661148849221	
582.2411	218.88	0.4064810369225877	-1.8629175951726258	
582.2411	230.74	0.940750444380478	-0.30222110529483526	
582.2831	265.14	0.8350072855837612	0.5707303162164058	
460.2536	33.81	0.5113542758896085	-1.4778597071283388	
503.1227	27.22	0.3218005830073917	-2.3253460777762367	
547.4722	323.38	0.4711842668482394	1.6213119192946142	C35H62O4
582.4368	221.53	0.388679436854168	-1.960202491400493	
503.371	264.09	0.7025196915979194	-0.9346728737558123	
548.4758	323.38	0.6814204075221926	0.9925143107448549	C35H62O4
504.2755	264.75	0.45146623348207754	-1.6867486300077161	
549.3131	222.58	0.9698756246289578	-0.10064917007474058	
583.6358	452.17	0.204563123216371	3.365467905418184	
583.6358	453.35	0.18919166956660136	3.7409497634638353	
549.3458	210.19	0.3453816613426651	-2.1983995420930906	
549.4153	207.3	0.5843781874867617	1.2835065472897473	C33H56O6
549.4535	200.85	0.18919166956660136	3.6482201786308295	C34H60O5
584.1693	183.99	0.9698756246289578	0.09781853809079705	
584.2065	222.58	0.9698756246289578	-0.20300873284923146	
549.956	200.72	0.18370708447721812	4.26231701230968	
550.2929	284.39	0.9698756246289578	0.10720511743209926	
550.3405	159.21	0.9726713540391697	-0.08017443780072928	
584.4737	150.26	0.24768044901646216	2.8675211202469355	
550.3664	210.32	0.8755302216552558	-0.4768057456746853	
550.4188	248.81	0.876878445794474	-0.4726020421353264	C33H56O6
550.4563	200.85	0.23244164208487392	3.043722437698045	C34H60O5
505.3084	210.61	0.3019518630715535	-2.473124268845828	
505.3491	264.88	0.5335689801877905	1.4129904438913787	
585.4493	306.55	0.6324953725639554	1.1353959332171224	C35H62O5
550.8393	158.69	0.5426321016269859	1.3897513306774354	C73H88N4O5
550.957	200.59	0.09084295441842727	7.700881681000834	
551.3404	158.43	0.3964106817594376	1.91422952361002	C73H88N4O5
551.369	210.32	0.6608000307009992	-1.050716715274099	
551.392	218.75	0.328668419111535	2.2980944503173255	C32H54O7
551.4582	200.72	0.30608247067303007	2.446385337849884	C34H60O5
551.8389	158.69	0.6866386355910606	0.9786231079742043	
586.4627	257.5	0.39454068022178795	1.9307889637170494	
464.1443	189.77	0.4615442170366886	1.6536798940758521	
464.2048	184.91	0.6866386355910606	0.9789070067668926	
587.3921	221.26	0.4452648494516086	-1.709451579459341	
506.2655	199.12	0.9091351297405887	-0.3736924785128391	
506.3116	210.74	0.26116728700537306	-2.7409563703327335	
506.4419	254.22	0.6332619418840539	-1.1287709075568975	
588.3955	221.26	0.21599252761441717	-3.241483382447677	
588.4456	291.53	0.18919166956660136	3.744616992360665	
507.262	220.87	0.7993046088188891	0.6648179978636238	
507.2832	200.59	0.5935889353363092	1.2579845515970167	
507.3182	264.48	0.7127526272860912	-0.9003712232004695	
625.3032	207.04	0.204563123216371	-3.36650001045773	
507.4084	158.95	0.5437236570707337	1.3816855659250649	
553.4596	377.1	0.623028194882016	-1.1602148086189572	C35H62O3
625.4235	28.14	0.5782286317983086	1.2974313052546012	C28H58NO9P
553.5103	402.89	0.8154574944491826	-0.6304847770617306	C35H66O4
507.9091	158.95	0.5629810036229466	1.333403607028882	
626.309	206.78	0.18919166956660136	-3.849611583746092	
508.2067	184.78	0.30990352455894177	2.402689974973753	
589.4004	221.26	0.5064258571108211	-1.4900738935944673	
589.4004	230.48	0.9698756246289578	-0.20116036064390583	
508.2461	230.74	0.7928832114047929	0.6848175902354352	
589.4814	254.87	0.23692861498943762	2.9618299048017223	
508.2834	200.98	0.40946011450576725	1.8549090036999145	
508.3484	205.05	0.6618139090994466	1.0441699975270438	
590.1934	221.92	0.3988864784413301	-1.8984969276942794	
590.1934	233.63	0.6555212111623563	-1.0634188979056451	
508.4111	158.82	0.4748254299956939	1.6089343599244617	
508.4111	203.21	0.8140674381683267	-0.635675777135739	
591.1968	188.59	0.7124095723615314	-0.902625446233758	
554.2513	230.48	0.7230973858012876	0.8824564645644195	
554.2887	214.68	0.652869253751979	1.0748628494162429	
509.1858	206.78	0.6135035108014879	-1.1918095280209198	
509.2493	231.0	0.8702782868945542	0.49265791033306383	
509.3166	264.48	0.9761795161516232	-0.06444150875902875	
628.4999	147.9	0.2815126772880414	2.6010901720883988	
509.3469	204.0	0.7495078041170754	-0.8096615383784933	
593.4243	187.54	0.23692861498943762	-2.9371510393820492	
555.2549	230.74	0.8329175490703811	0.5776304131727785	
594.0693	39.59	0.6403929690024045	-1.1093235945037443	
510.1887	114.01	0.6972170891389529	0.9508614196843728	
510.1887	206.78	0.20961816094183972	-3.289748683460758	
630.2249	230.87	0.8954725751150551	-0.4275885752093477	
594.2361	264.75	0.6762278886886126	-1.0097035962632308	
630.2613	203.61	0.8949382480967135	-0.4358268345782715	
510.3199	264.48	0.7553653531772191	-0.790559895678047	
594.4735	289.79	0.7062559179908129	0.924316998890979	
595.1625	73.32	0.18919166956660136	-3.7067492806205413	C27H30O15
511.1449	153.94	0.5334629935092859	1.41833951610442	
511.1449	163.28	0.7495078041170754	0.8097800650039404	
556.3791	303.77	0.9014230432368645	-0.40735015651010925	
556.4424	99.28	0.2732326895924653	2.6719666218786626	
511.2558	230.22	0.6218970101475791	1.166164293563278	
511.2622	199.39	0.8140674381683267	0.6363535958705706	
511.2622	202.42	0.3832765264179669	-1.9967338155826135	
632.2407	194.9	0.9761795161516232	-0.06544600919991647	
632.2407	231.27	0.29883634505303497	-2.488225834640307	
632.268	203.48	0.9698756246289578	-0.21987757745889427	
632.277	289.01	0.6148982223659232	1.1845465502214547	
632.297	304.03	0.3801871360232489	2.01040877026487	
596.1672	73.58	0.13545911383134834	-5.773831556464146	C27H30O15
596.1942	79.38	0.6623920815475983	-1.040228904082028	
511.3685	227.98	0.9722772065109709	-0.08671265583281704	
632.4355	413.99	0.2327132924276924	3.03661762520364	
596.3351	264.35	0.8283577336740845	0.5941253367264875	
511.3987	373.27	0.13578651044289358	5.644953030447717	
597.1975	79.64	0.4238217442017588	-1.8100700462515693	
633.244	189.51	0.6182293494553671	-1.1765004383385058	
633.244	192.54	0.43701147492990017	-1.7532432458452913	
633.244	194.77	0.6324953725639554	-1.133859312642194	
633.2803	289.14	0.7674518574016382	0.7529864021210565	
597.3382	264.61	0.8702782868945542	0.4961232623976386	
633.4281	26.04	0.27367772505122634	-2.661126560195593	
558.3422	108.51	0.5215930353083811	-1.453108131750563	
635.4561	80.83	0.80583971246668	0.6525826975364848	
512.416	100.07	0.23692861498943762	2.9970055429696307	
599.4286	289.79	0.5107915313992246	1.480128985064726	C35H60O6
600.2708	264.61	0.38411366890973053	1.9816419159794147	
513.3495	223.63	0.8901743328029312	-0.4449470048981209	
600.4686	98.23	0.34083455429676235	2.224553123998651	C34H65NO5S
601.1495	79.25	0.6782939642662873	-0.9992725712252071	
637.5387	285.04	0.7008558210512945	-0.9449575933129175	
638.3371	206.91	0.18919166956660136	-3.968044311968577	
638.3449	183.86	0.9217112898062386	0.34449140158237457	
602.2305	189.37	0.6324953725639554	-1.1359141305207634	
602.2305	221.13	0.4124947154327547	-1.841947354765829	
560.3643	196.1	0.9698756246289578	0.1479589815281363	C31H52O7
639.2251	79.38	0.5894571154809533	-1.267526435003354	
639.3404	206.91	0.18919166956660136	-3.9574796353949484	
639.4256	218.35	0.4711842668482394	-1.624077095616353	C32H63O10P
561.2379	156.59	0.4845376904999601	1.5709843415360618	
561.4367	201.64	0.8110349856273722	-0.641499510084611	
604.2093	232.97	0.6577045589404511	-1.0580979154279695	
640.221	73.19	0.13578651044289358	-5.094785292665031	
640.3432	206.91	0.18919166956660136	-3.7404841442243266	
515.3286	198.47	0.8412731115860033	-0.5616722990400731	
515.3964	158.82	0.7712442061326228	0.7386666522987841	
605.2682	264.48	0.41635535925614997	1.8287052487057618	
605.3156	283.47	0.204563123216371	-3.3590886183676556	
605.4759	291.0	0.8158116162312372	-0.6254659695970931	
562.2182	215.08	0.30713213004662904	2.4358672532963093	
641.3435	207.04	0.18919166956660136	-3.7837249116895846	
562.3167	116.56	0.7328889813126145	-0.8539960982180459	
606.3191	283.47	0.19583258330862297	-3.478196646309892	
516.3679	221.26	0.6782939642662873	-0.9986209497954192	
606.4791	195.71	0.23692861498943762	2.9586713166292964	
606.4791	290.61	0.7111762334635727	0.9061526492870952	
642.3178	287.56	0.6094123997230515	-1.2056746642982161	
516.901	159.08	0.7553653531772191	0.7897648475855227	
563.2219	214.82	0.9698756246289578	0.10446519241345639	
517.2616	230.61	0.9698756246289578	-0.1301446287499465	
563.4659	364.45	0.8560746515838393	-0.5255501714103121	C33H64O5
607.322	283.86	0.18919166956660136	-3.605867594326445	
642.63	295.33	0.7259462240292945	-0.8686636274363854	
564.3088	303.9	0.7090979406131979	0.9157178506512879	
607.557	333.67	0.9698756246289578	-0.12284808930891399	
643.2922	207.04	0.18919166956660136	-3.6035676351838073	
564.3246	264.75	0.42754165579662956	-1.794110734285022	
643.4937	323.12	0.09084295441842727	7.7349871131338785	
564.4693	364.19	0.8560746515838393	-0.5301200072227167	C33H64O5
564.4989	323.64	0.7929612980040921	0.682677912364709	
565.2478	206.78	0.18919166956660136	-3.785165024176019	
644.2958	206.91	0.19583258330862297	-3.4970723679982947	
565.4102	221.26	0.16565098913711696	-4.554699156977369	
644.4952	96.39	0.3412706235512692	2.2189277884321306	
565.483	290.74	0.7328889813126145	-0.851088470321183	
518.3397	82.14	0.9089690813619481	0.37849054771034196	C23H44N6O7,C27H48O9
518.363	220.87	0.8293636618556852	-0.588036902731608	
518.4572	317.6	0.025374362249534686	13.638353503500172	
645.2439	195.03	0.38411366890973053	-1.981959157495698	
645.2989	206.91	0.18919166956660136	-3.63142101865374	
645.4992	96.39	0.18919166956660136	3.8433262842073885	
566.2516	207.17	0.1866429402993258	-4.182456520917383	
646.3026	206.78	0.2232077145673685	-3.1563011566689387	
566.4298	200.85	0.7510701419349898	0.8035477064983886	
566.4421	248.68	0.9698756246289578	-0.1802596366244637	
647.423	242.48	0.21694278653687704	-3.204168263439967	
647.423	261.2	0.706799690908712	0.9216243014152403	
566.9308	200.59	0.31712318934173156	2.343540224891121	
567.2083	229.43	0.6608000307009992	1.0490717959848999	
567.2083	230.61	0.8283577336740845	-0.5911319125740271	
680.5352	158.82	0.7553653531772191	0.7906280745892084	
647.5236	314.56	0.695319965407489	0.9569002145445475	
647.5236	316.42	0.7888673879462077	0.6945568898095652	
567.2545	207.17	0.1677767776693889	-4.51060901267995	
611.1851	321.28	0.30990352455894177	2.3986664416679315	
567.4228	219.67	0.09737057406549064	7.1212837626430145	
567.4294	200.72	0.3146530805415588	2.3628968315398904	
648.4389	189.24	0.7733893204227229	0.7337574257606558	
648.4389	190.16	0.7924692061863483	0.6884650746443074	
649.3037	289.01	0.7553653531772191	0.7915801762462651	
611.6087	353.89	0.6762278886886126	-1.0084979456387917	
650.278	196.24	0.21694278653687704	-3.2167557530505966	
650.3071	289.01	0.7090979406131979	0.9140453281105388	
681.3679	206.78	0.18919166956660136	-3.832108309632148	
567.9297	200.85	0.4447410807868075	1.716846011772651	
568.3036	230.87	0.7829653474519356	0.7061554153290048	
612.1892	73.32	0.13545911383134834	-5.864621868048375	
568.4294	200.85	0.7090979406131979	0.9152776333291407	
681.5387	158.82	0.8283577336740845	0.5917400692522458	
652.3524	206.78	0.18919166956660136	-3.752410081703459	
568.9296	200.85	0.6470764906564737	-1.0933923182171643	
652.4999	179.63	0.5981697446285007	1.236111376411246	
682.3712	206.78	0.18919166956660136	-3.811003259478135	
653.3372	195.03	0.640848041655829	-1.1054086270708612	
653.3554	206.78	0.16565098913711696	-4.558647381381753	
614.5988	295.2	0.6148982223659232	-1.1854900988593737	
683.3138	217.44	0.17642764653605453	4.418831953617834	
683.3739	206.91	0.18919166956660136	-3.895190037415742	
737.4204	403.55	0.6503979572832946	-1.087214801743738	
655.3167	124.28	0.7386515276933114	0.8330468055047425	
684.2334	219.4	0.904377108069339	-0.39196568953461797	
684.3189	206.91	0.18919166956660136	-3.6022313963346617	
616.3183	218.09	0.9814261294421205	0.048538622931877745	
617.3217	218.22	0.6608000307009992	1.0486917193136671	
656.3194	88.61	0.39038296498344743	1.9454292789134726	
656.3194	124.14	0.6762278886886126	1.0085267207126842	
656.4525	173.85	0.6376354122950166	-1.1163384146048194	
656.4525	244.32	0.7598486461802783	-0.77582031542942	
618.2827	284.13	0.5452813908596515	1.3774791563751037	
685.3226	207.04	0.9014230432368645	-0.40786385631773997	
620.2307	188.72	0.4435558600975716	-1.7284348182114901	
620.2936	218.62	0.3603546860642047	-2.1269925615018974	C29H47O12P
620.2936	281.76	0.5426908533609327	-1.3862040816277268	C29H47O12P
620.4214	24.72	0.7028901495567607	-0.9305440207542994	
621.3106	206.91	0.18919166956660136	-3.86884286509437	
622.3138	206.91	0.18919166956660136	-3.857885994203146	
740.9302	158.69	0.7384689392351765	-0.8342383910754648	
741.4324	159.21	0.7259462240292945	-0.8697652703493652	
623.3166	206.78	0.18919166956660136	-3.857666183246266	
623.3263	283.86	0.20014744801095488	-3.4138147429293606	
659.2666	206.78	0.18919166956660136	-3.6296918193662657	
659.3448	287.3	0.9698756246289578	-0.23874211636403456	
624.3203	206.91	0.1866429402993258	-4.145190410511803	
624.3296	283.86	0.1932216952479778	-3.5474630351046903	
741.9345	158.95	0.6600161641437714	-1.053595261397242	
624.4182	287.69	0.8145711718290433	0.6341780794123217	
742.4343	158.69	0.8702782868945542	-0.4945949485018829	
742.5045	184.65	0.5339591571349493	-1.4048661993569571	C40H72NO9P
686.325	207.04	0.23692861498943762	-2.990698228679645	
742.9353	158.95	0.9014230432368645	0.4138594585268109	
743.4354	159.08	0.9698756246289578	-0.12706099249482739	
743.5078	184.91	0.8709532026445818	-0.4849014767508429	C40H72NO9P
743.9359	159.08	0.9014230432368645	0.41421334481002936	
661.3022	220.19	0.16565098913711696	-4.572055948256168	
744.2335	233.24	0.7772862452660868	-0.7192488408335893	
661.4897	403.42	0.9761795161516232	-0.06632662836640559	
687.2538	189.9	0.4845376904999601	-1.5702321489754527	
662.2239	265.14	0.9698756246289578	-0.18117980943925238	
662.251	219.54	0.385434600207526	-1.9767091627454934	
662.3378	206.91	0.19423661691959102	-3.5190165902285253	
745.4735	436.76	0.6218970101475791	-1.1648556795321738	
746.0853	200.85	0.32041585251306137	2.331686672168317	
663.3415	207.04	0.18919166956660136	-3.76780128969847	
663.4918	319.44	0.09084295441842727	7.949922558116992	
688.3025	224.81	0.7380998834550949	0.8413970857135737	
746.5849	200.59	0.7988107175077358	-0.6672223937611815	
747.0849	200.85	0.9698756246289578	0.15255209539525974	
688.5001	210.06	0.5968479892034093	1.2427723901010457	
664.3531	206.78	0.21643698877383208	-3.226857199766837	
688.636	349.96	0.37681836380914996	2.0308753452990262	
664.4305	162.23	0.02460380693307807	-14.119031011736475	
664.557	350.09	0.43701147492990017	-1.7527971001497173	
665.2982	203.74	0.7380998834550949	-0.8365599846226188	
665.3486	206.78	0.204563123216371	-3.35879205882745	
748.325	235.21	0.7865658047485473	-0.699943465501443	
665.5074	319.31	0.033774554853760415	11.634840835779393	
665.5603	350.22	0.5981697446285007	-1.234787195216453	
666.0093	319.31	0.0943841691073493	7.439663707337259	
666.3687	206.78	0.20961816094183972	-3.2876852402014727	
810.5213	199.78	0.6056386757864446	-1.2206976300200938	
690.449	221.4	0.9698756246289578	0.1885611273802431	
749.4662	472.75	0.28582251128464947	2.5716629649198413	
749.4662	483.01	0.3801871360232489	2.012935932458447	
667.3719	206.78	0.20961816094183972	-3.294616270143665	
667.4499	27.09	0.7674518574016382	-0.7521028502402528	
667.4499	287.95	0.2656405184127323	-2.7148722974427906	
750.507	28.01	0.19799825824377898	-3.441747290951784	
750.507	220.32	0.26107887611968816	-2.744519997139417	C40H74NO8P
668.3747	206.78	0.1932216952479778	-3.5522967617536465	
751.511	32.5	0.9698756246289578	-0.1400276090843262	
751.511	220.61	0.4711842668482394	-1.6214044832231977	C40H74NO8P
751.5449	304.42	0.13787866462379492	4.9890443663941175	C40H79O10P
752.4689	472.75	0.19583258330862297	3.4893176767954337	
752.4689	483.01	0.31712318934173156	2.348336408873509	
669.332	148.16	0.9056762677958758	-0.38818452758513733	
669.332	177.4	0.9698756246289578	-0.18225760203072805	
669.3771	206.91	0.1932216952479778	-3.5519742022200034	
692.3368	289.01	0.5935889353363092	1.2591372680488673	
670.2959	160.53	0.9698756246289578	-0.2312113092260807	
670.2959	192.93	0.09084295441842727	-7.588012511307212	
670.2959	199.12	0.4030282980038584	-1.8823167319536347	
754.3102	196.63	0.5339591571349493	-1.4099795527392984	
754.3102	307.34	0.6570480741458322	-1.0600332523621105	
693.364	218.62	0.640848041655829	-1.1043180296993087	
755.0646	199.65	0.13787866462379492	4.99302315745473	
755.0646	201.77	0.8449275114141716	0.5556556062028614	
671.311	103.75	0.9147535426343889	-0.3630485274587147	
671.3312	74.5	0.7733893204227229	-0.7277290400415316	
816.247	264.48	0.9698756246289578	-0.15085644890317507	
816.247	275.17	0.10113612590568244	-6.640983268008295	
694.3659	206.91	0.1932216952479778	-3.5365078743355887	
694.3659	218.75	0.6135035108014879	-1.189078463532397	
694.4446	189.64	0.9037264595879747	-0.3963309053188784	
694.4831	195.03	0.13578651044289358	-5.535752044564072	
672.249	265.01	0.467251956596646	1.6387577384685614	
756.2442	215.86	0.9514250395658517	-0.27670279809238163	
756.2442	223.1	0.7008558210512945	0.9401996418769397	
756.2442	237.33	0.4711842668482394	1.6223778896466488	
695.2578	205.86	0.13578651044289358	5.373511077176299	
695.2578	210.74	0.833778636743914	0.5730524939325611	
695.3648	263.17	0.6265240295354196	-1.151489277520033	
695.3648	270.97	0.695319965407489	-0.956200557507438	
695.4866	195.03	0.13578651044289358	-5.1188069118453985	
758.08	350.87	0.5016322548732505	1.5062219050683812	
696.4756	256.84	0.38411366890973053	-1.9824124224625619	
696.4756	286.9	0.3755743019452932	-2.037689783127683	
696.5262	177.79	0.9698756246289578	0.11532984580576863	
758.4371	220.87	0.6135035108014879	1.1959182004192628	
673.3038	288.74	0.9698756246289578	0.129705835698327	
673.3455	123.75	0.9722772065109709	-0.08675866280950646	
674.5142	312.06	0.12464190668386138	6.116650252413398	C37H72NO7P
675.1424	281.89	0.21377041826749416	3.262004559847178	
759.4402	220.87	0.9761795161516232	-0.0682101644769233	
675.3531	218.62	0.623028194882016	-1.1605723937479848	
822.4089	446.24	0.9698756246289578	-0.11027080827387518	
676.2646	184.25	0.9355258418395368	-0.31073923085703303	
676.2646	211.01	0.7008558210512945	-0.9427216494607312	
676.296	234.02	0.5016322548732505	-1.510004915630843	
676.296	241.43	0.400803534402225	-1.8923210294306567	
676.3562	218.35	0.8702782868945542	0.492646148245618	
676.4332	186.35	0.4044067939618709	1.875908195063307	
699.3454	264.88	0.3335600416714667	-2.261456349035694	
699.3454	271.36	0.1932216952479778	-3.5637520293663902	
824.6056	229.82	0.8054056855724886	-0.6540039641792542	
677.512	347.72	0.389974744807148	-1.9552013219290199	C39H74O6
700.2907	230.87	0.9014230432368645	-0.41041214564027206	
700.2907	264.61	0.6677065061786385	-1.0290705174220833	
678.2788	267.27	0.30990352455894177	-2.396811482675953	
826.5984	230.48	0.9698756246289578	0.14820863153845745	C46H84NO9P
701.2507	207.3	0.18111622537698938	-4.298184524410462	
678.4639	25.38	0.9919593783347093	-0.01944671776179733	
701.4734	27.74	0.767155898552841	-0.759510190906093	
678.515	347.72	0.7025196915979194	-0.935228956128313	C39H74O6
678.5366	284.13	0.3651011854819391	-2.103875265463171	
827.6018	230.35	0.7778187655672494	-0.7159659323753244	C46H84NO9P
762.4693	195.03	0.18919166956660136	-3.632646649462508	
678.6876	611.3	0.8709532026445818	0.4889187620766646	
679.5278	350.48	0.5782286317983086	-1.2972030052747865	
702.3534	82.27	0.36716544665802464	-2.0748620289134405	
702.3739	189.64	0.9698756246289578	-0.17224393960500028	
763.5073	158.69	0.652869253751979	1.0802574207660152	C43H72NO8P
830.2837	288.74	0.7617746577540354	-0.7711730777829505	
680.3843	207.04	0.18919166956660136	-3.70028213515376	
830.2987	250.54	0.5427266774591007	-1.3845076143612687	
830.2987	264.61	0.18919166956660136	-3.730326586589768	
830.2987	275.04	0.3578287626205051	-2.141701821832679	
830.2987	292.84	0.18919166956660136	-3.6804870890000547	
680.4206	133.62	0.9698756246289578	-0.10247010000357269	
680.4521	256.58	0.369595248682765	-2.0577218172429093	
680.4521	286.64	0.30532822767174417	-2.4573922141925655	
764.2573	214.29	0.652869253751979	1.073966962927278	
764.2573	249.2	0.3700719580354321	2.0535612949318014	
703.3226	189.11	0.9850745052402521	0.039840577744945815	
764.4861	184.78	0.9446469410494636	0.29170372923794347	C40H72NO9P
703.3772	189.51	0.9755801042932533	0.07210724223614796	
765.3518	187.8	0.7110756489392119	0.9077051985241769	
765.3518	235.07	0.8828374808253525	-0.46048746244293787	
765.4867	184.52	0.8283577336740845	0.5969612718679825	C40H72NO9P
766.5338	200.85	0.5609745358694543	-1.339236142012234	
898.4052	198.6	0.20941683194227448	-3.3133569663265994	
898.4052	202.42	0.12684750713396586	-6.050385388317424	
833.2619	214.16	0.4030282980038584	1.88357909026488	
834.4696	473.27	0.640848041655829	-1.107562335756546	
706.603	200.72	0.7986051616461971	-0.6702154089525283	
706.603	484.2	0.9037264595879747	-0.39690685403540665	C44H80O6
706.603	485.8	0.3632619442677213	-2.1158724166608014	
904.6432	264.88	0.9698756246289578	-0.24580027249342265	
835.2778	250.94	0.7790700296727172	0.7135528170316437	
835.2778	264.22	0.19622054418050594	-3.4625770496411534	
835.2778	275.17	0.7334682226066133	-0.8490883217777222	
835.2778	292.45	0.45474298763594906	-1.6757983573061406	
707.5989	201.64	0.5609745358694543	-1.3389138359371735	
772.489	220.32	0.5044615160165107	-1.494707012867287	C38H74NO10P
708.3127	196.37	0.41637744916664776	-1.8269886255005172	
906.6143	138.87	0.1932216952479778	-3.5419605069536537	
773.0403	199.52	0.47256162121032247	1.6159073555754484	
773.0403	201.51	0.7453884392654296	0.8200383792105784	
773.4924	221.0	0.9355258418395368	0.310065673827407	C38H74NO10P
773.5868	329.82	0.9324891791101905	0.31884772770909425	
907.6177	139.01	0.20961816094183972	-3.292262029069957	
908.1797	288.22	0.5806646261070293	-1.292415661472338	
709.6342	480.65	0.9698756246289578	0.21375536495191574	
775.5387	200.85	0.9698756246289578	-0.21466411784655962	
711.2522	216.78	0.7674518574016382	-0.7520544681275435	
711.2809	207.3	0.22832852035518775	-3.112029641516113	
711.3453	240.09	0.1866429402993258	4.168076083038095	
712.2421	287.43	0.6866386355910606	-0.9814482487550997	
840.3425	207.04	0.2518747086021828	-2.8406981510542355	
842.3194	279.53	0.6642381313605114	-1.0356999315266118	
842.3194	286.51	0.4435558600975716	-1.727403889324348	
842.3194	293.5	0.24466201426539036	-2.8940673451628456	
842.4629	474.06	0.4936318847892593	1.5362772195838739	
842.4629	482.49	0.8096939483567499	0.6462495001486386	
713.2455	241.3	0.19583258330862297	-3.4702808185148313	
843.2087	275.17	0.4748254299956939	-1.6098301505534767	
843.2087	292.45	0.3651011854819391	-2.1028801010136426	
714.9776	158.56	0.9966199193087368	-0.0064645024793196434	
715.3145	221.66	0.3588157073882838	-2.1364391050801994	
845.5049	473.66	0.7772862452660868	-0.7196555113185404	
845.5049	482.75	0.9446469410494636	0.2944558117530999	
715.9775	158.43	0.5333799085110805	1.4224368057424233	
846.5979	314.3	0.6332619418840539	1.1277817135264068	C49H84NO8P
716.3739	264.88	0.18111622537698938	-4.3199496330269485	
716.3739	272.15	0.38411366890973053	-1.9888684124754241	
716.3739	279.27	0.13578651044289358	-5.051653135957683	
716.4262	189.24	0.6896682620689467	-0.9737422768732676	
716.4648	195.03	0.13578651044289358	-5.141156733317053	
847.3342	288.35	0.8560746515838393	-0.5326140753221864	
782.4544	473.8	0.19583258330862297	-3.49918866410744	
848.5805	230.35	0.5185271842476306	1.45941951371184	C46H84NO9P
717.4292	189.64	0.3367213122429142	-2.246802011694379	
717.4679	194.9	0.18919166956660136	-3.81185761448481	
782.6773	472.22	0.1866429402993258	4.14892248728843	
783.0197	132.83	0.4385975107539273	1.7431011178101292	
849.5838	230.35	0.7674518574016382	0.7537473666444496	C46H84NO9P
928.4558	473.4	0.5689887553163762	1.3206952610949265	
928.4558	482.88	0.23244164208487392	3.0418849861902264	
850.4407	473.27	0.8560746515838393	0.522275018769332	
850.4407	483.41	0.7568354315773151	0.786091697251717	
718.3148	243.53	0.5339591571349493	-1.4089945932724102	
850.6086	314.03	0.7504438298689531	0.8052627737379285	
783.6802	471.83	0.18386789489308383	4.2439452172534935	
784.4527	194.77	0.3431322700308416	-2.2118108835730705	
851.3978	37.35	0.8828374808253525	0.4589114365465204	
933.6285	207.43	0.13578651044289358	-5.048884379472398	
785.4559	194.77	0.6700442508818865	-1.024982303518342	
852.4012	37.22	0.8949382480967135	0.4312517792394391	
853.4042	37.22	0.8560746515838393	0.5254550588190298	
939.3502	198.86	0.6324953725639554	1.1316466354868528	
939.3502	202.16	0.9814261294421205	-0.048093955923263494	
941.3481	199.39	0.3801871360232489	2.0141097359963265	
941.3481	201.9	0.9698756246289578	-0.24694604784173968	
854.4075	37.35	0.8717758444282679	0.48289913888671404	
721.4356	436.89	0.7380998834550949	0.8369223872251719	
721.4356	445.58	0.34792603088085017	2.1790679604855305	
855.4085	37.35	0.9091351297405887	0.3731822927014234	
722.4407	186.49	0.4303359245641173	1.7756324820789655	
946.4582	346.8	0.49074292495579874	1.5440226666839443	
946.4582	348.25	0.48478140125158764	1.5679326341647288	
856.3713	286.64	0.36632133462366995	-2.093408147246865	
856.3713	293.36	0.23692861498943762	-2.9436559002951066	
856.4745	474.06	0.6135035108014879	-1.1945987578795108	
948.6196	222.31	0.21694278653687704	3.205622860311619	
948.6561	218.35	0.6747015848267074	-1.0168519955164956	
949.6228	203.08	0.22453288561913046	3.1412576467306113	
857.477	473.53	0.6135035108014879	-1.191810120066213	
949.6601	218.62	0.7259462240292945	-0.8712720753340811	
949.6601	236.28	0.9446695425893212	-0.2904450722510447	
792.5491	199.39	0.24768044901646216	2.8709869439746347	C46H77O8P
726.6136	199.65	0.6163558469204942	1.180366051946645	
726.6136	201.77	0.8670431885375992	0.5043037494642241	C47H80O5
726.6136	438.6	0.45146623348207754	-1.6860431914823868	
861.3501	286.25	0.3508321509254524	-2.1678669618645086	
861.3501	293.63	0.27433958776736267	-2.652684619061161	
861.472	473.4	0.5843781874867617	1.2833501687540676	
861.472	482.75	0.5884597584493593	1.271378814365417	
961.5489	189.64	0.6540726170813871	-1.068253046002454	
961.652	218.62	0.47768677964131945	1.5937182777994359	
728.6086	200.59	0.328668419111535	2.2919274433565695	
729.1102	200.85	0.20014744801095488	3.4149750468005116	
795.6691	230.35	0.8198233703848105	0.6108440140913192	
864.4917	483.28	0.652869253751979	1.0773530020261566	
966.6304	192.93	0.13578651044289358	-5.150002300552187	
966.6304	196.37	0.45254272462284567	-1.6824945181524464	
796.9919	199.78	0.9698756246289578	-0.10561908333633438	
967.6339	192.67	0.13578651044289358	-5.337600416283876	
866.3657	288.48	0.5248191124823405	-1.4413001572698485	
797.9953	199.52	0.9698756246289578	-0.13344446905197535	
797.9953	201.51	0.79873354625253	-0.6682327605115311	
968.6375	196.24	0.41121900955434376	-1.8478179951341585	
798.9974	199.12	0.8300063393677664	0.5840232777478243	
798.9974	202.16	0.7328889813126145	-0.8516551991047254	
799.4972	202.42	0.7028871645078951	-0.9325676943572933	
799.9984	202.56	0.9722772065109709	-0.08969531898701552	
800.4629	185.04	0.8795030285975517	0.4674650976439661	
870.5624	230.08	0.5469538115369558	1.3728770487553712	
978.6513	199.26	0.9056762677958758	0.38708233874224174	
978.6513	202.03	0.39273381230802673	-1.9383912354781654	
733.4465	158.56	0.9698756246289578	-0.2109110392632664	
873.6193	314.16	0.7733893204227229	0.7323966011085673	
875.5461	314.3	0.6056386757864446	1.221211278411408	
735.2675	196.89	0.7259462240292945	-0.8757912854591645	
879.5817	195.16	0.2914888117209924	-2.5336794813204135	C45H84NO13P
990.187	279.4	0.18919166956660136	3.6194681106008573	
990.187	280.58	0.5034539206172935	1.4980842874699305	
990.6672	233.76	0.49940609373815364	1.520911135279485	
880.5816	195.84	0.6210652309499747	1.1714497395858772	C45H84NO13P
882.3277	37.22	0.9037264595879747	-0.39604540412909706	
997.2404	223.63	0.5077957316304573	1.4864459786676902	
882.6615	264.48	0.5968479892034093	-1.2429747712739811	
998.6202	194.38	0.23692861498943762	2.9441409801270018	
999.6234	194.77	0.18919166956660136	3.970648801152892	
999.6234	203.21	0.10078977238706273	6.765785190486421	
1003.195	281.89	0.18919166956660136	3.6903659696241	
884.5573	230.35	0.9446469410494636	-0.29276338646963823	
885.5602	230.22	0.9311719482011095	0.3248094997796949	
1006.6254	197.42	0.5149970602842915	1.4665251575063964	
1008.6692	213.63	0.6372569682292736	-1.1179534071815767	
1143.7113	245.79	0.7929612980040921	0.6823634690575942	
887.6797	192.41	0.9863394585930964	-0.03730971559569388	
1144.7148	245.92	0.7110756489392119	-0.9073133840926223	
888.6832	192.28	0.5604102552588076	-1.3435095330696636	
1012.6207	213.37	0.5020189929649485	1.5042142004416643	
1152.7357	245.79	0.21694278653687704	-3.20727179649363	
1153.7391	245.53	0.2914888117209924	-2.53393382704898	
1154.7509	243.53	0.42388253345146454	-1.8082847942407918	
1155.7545	243.53	0.4385975107539273	-1.741747877525148	
1156.7579	243.53	0.45000291404564735	-1.694914605078766	
1159.7052	230.61	0.8560746515838393	-0.5319828775198172	
1160.709	230.74	0.7674518574016382	-0.7572620114386907	
1160.709	243.93	0.6815869326857401	-0.9902440414635797	
1160.7249	222.58	0.23244164208487392	3.0556833420301164	
1161.729	222.71	0.30559621403200776	2.4539017188751058	
894.5726	194.38	0.328668419111535	-2.291868244953761	
1170.7452	229.43	0.4259458152435607	-1.7991461427809479	
1171.749	229.17	0.389974744807148	-1.9481568248803216	
896.4048	198.86	0.7328889813126145	0.8510252717305625	
896.4048	202.16	0.18919166956660136	-3.7857627581984596	
897.3992	196.5	0.3408006597603593	-2.2268897897834448	
897.3992	202.16	0.21737719404226674	-3.195186512592041	
897.5412	197.29	0.47768677964131945	1.5965706962296946	
1038.6514	195.3	0.6218970101475791	-1.164614198330595	
1039.6545	195.58	0.3964106817594376	-1.9123193542331565	
1180.7635	202.03	0.9698756246289578	-0.12479287272547272	
1184.7635	199.12	0.6540726170813871	1.0689400476642168	
1184.7635	201.9	0.9698756246289578	0.22900347971943608	C59H108N2O21
1186.74	220.74	0.4258715500808508	1.8009471121675484	
1048.8235	348.51	0.02460380693307807	14.421119174467318	
1051.2971	267.53	0.9698756246289578	0.20302262842494298	
1197.8015	292.31	0.5981697446285007	-1.2360545773322669	
1203.7845	281.63	0.7612412766686489	0.7732033794891298	
1206.8187	289.27	0.23244164208487392	-3.055187939053169	
1207.8219	288.87	0.4825382637697936	-1.5822775242887723	
1209.8359	281.37	0.31302186516640446	-2.377566895091119	
1214.7547	251.07	0.9698756246289578	0.21998724086636662	
1214.7547	259.47	0.2506274929404485	-2.8522577842611723	
1218.735	202.03	0.6773671444409802	-1.0050281766476548	C59H108N2O21
1218.778	260.81	0.4447410807868075	-1.7157504356777975	
1219.7332	199.52	0.607126173723278	-1.2122836151205656	C59H108N2O21
1219.7332	202.03	0.2815126772880414	-2.602256526952218	C59H108N2O21
1219.7809	261.33	0.23244164208487392	-3.0783758329310222	
1087.2943	270.16	0.36716544665802464	2.0716890302302446	C48H56O27
1092.8503	343.24	0.10078977238706273	6.954797629801402	
1273.6029	136.77	0.3094290752204278	2.417000134229127	
1274.6067	136.9	0.652869253751979	1.073079045825279	
1286.6715	206.78	0.18919166956660136	-3.799034293366298	
1292.1347	137.04	0.9185870376892763	-0.35597782942228895	
1293.1074	137.04	0.8038878969850767	-0.6566957697970365	
1294.1112	136.51	0.8529861674006178	0.5390973689251691	
1337.3423	609.84	0.7702860743278559	0.7447118374497268	
1422.1253	348.25	0.28582251128464947	2.5692376511547454	
1422.5223	288.35	0.18919166956660136	-3.7487936684274907	
1423.1289	348.51	0.7669366287773838	0.7612248137827071	
1444.1073	348.25	0.9510551830761164	0.2796771252491001	
1454.7734	325.09	0.9698756246289578	0.10691785354952477	
1484.1143	325.22	0.7772862452660868	-0.7184504337508902	
1485.1181	325.22	0.9311719482011095	-0.32277251046582317	
1486.1208	325.49	0.6350225590821488	-1.1235953973709958	
1501.141	324.96	0.9084754652931325	-0.38007022176550115	
1502.1448	324.96	0.9698756246289578	-0.14842085161277516	
1503.1479	324.96	0.9147535426343889	-0.3635037830376947	
