m/z	rtime	p-value	t-score	custom_id
114.0666	22.62	0.9067788700858457	-0.8967252846639202	
174.0914	24.33	0.9444817234526784	0.6213544822809449	
116.0623	38.8	0.9956670898505213	0.31822027607780623	
268.1908	21.44	0.9130026994400422	-0.8543235494337121	
268.1908	24.33	0.9160504308443927	-0.7249615716889396	
268.2637	58.16	0.9780458576913683	-0.36152464169315945	
268.2637	228.51	0.9956670898505213	-0.11366525220757728	C18H32O
268.2716	200.85	0.6838805853522544	-1.720995208159841	C18H34O
174.1315	40.65	0.9956670898505213	0.2596680831445378	
221.1758	176.09	0.9956670898505213	-0.18930026039157072	
221.1758	183.86	0.9965996980027984	-0.01807750660648658	
174.1359	176.35	0.9956670898505213	0.0393132657355313	
174.1359	183.73	0.9956670898505213	0.22841550770242894	
268.9976	1.24	0.9956670898505213	0.21292544690798737	
270.2429	176.35	0.9956670898505213	0.05949934170839248	
270.2429	183.86	0.9979141625688651	0.008487695230106252	
223.1541	24.72	0.6838805853522544	1.9800529717467477	
223.8841	21.97	0.8538192770424082	1.146514259116886	
271.2056	206.78	0.45432101411155473	-3.0799855997745884	
271.2056	283.86	0.7505855974826228	-1.4577999469996723	
271.2269	176.35	0.9956670898505213	0.11180247406894175	
271.2269	183.86	0.9956670898505213	0.04663832326294452	C16H30O3
271.3189	141.57	0.9956670898505213	-0.31434886677606333	
176.066	23.28	0.951810178998896	0.548041191834555	
272.2221	181.76	0.9956670898505213	0.12769862145221617	C16H25NO2
272.2221	209.27	0.9956670898505213	0.24479089137643842	
224.1282	27.35	0.6838805853522544	-1.72372638418504	
272.3221	141.7	0.9956670898505213	-0.14431285280802733	
272.9442	20.78	0.9956670898505213	-0.13691211744110743	
273.0911	29.71	0.9956670898505213	-0.3068189010160714	
273.0911	46.84	0.967684683343868	-0.4103165770839614	
273.0911	221.4	0.9956670898505213	-0.31946032295913207	
273.0911	247.89	0.8279604740406752	-1.2439698918480397	
273.1697	25.91	0.8526250578140285	1.162985410602051	
273.2537	27.88	0.9956670898505213	0.09733068543030649	
273.9455	20.78	0.9719253921156048	-0.38490384111839226	
119.0494	27.48	0.45432101411155473	3.41795420992429	C8H6O
119.0688	39.06	0.953588377618003	0.5225663863607865	
274.2741	34.6	0.967684683343868	0.4621204537931959	C16H35NO2
274.9418	20.92	0.9956670898505213	-0.14593472704653926	
177.1275	37.09	0.7505855974826228	1.4226305005411224	
120.0528	27.35	0.46118298491598547	2.8959233178122163	C8H6O
120.0528	30.53	0.5654359049945545	2.4870986756608326	C8H6O
177.1638	39.32	0.951810178998896	0.539204273638794	
225.8811	22.23	0.8279604740406752	1.2535613952799534	
276.1442	24.99	0.6791564651961256	2.0215901266765592	
226.1803	176.35	0.9956670898505213	0.059084675500702594	
277.1283	27.61	0.6305768269293829	-2.223056034910676	
178.1227	32.63	0.7505855974826228	-1.471744522745642	
226.2167	174.77	0.928734511171928	-0.6928094026519184	
226.2167	181.36	0.9479648097256943	-0.6106623753846021	C14H27NO
226.2167	204.39	0.9137719769363221	-0.7462798000527965	
226.2167	209.27	0.9488392717337122	-0.5907025772649144	C14H27NO
226.2167	228.51	0.967684683343868	-0.4240509095240604	C15H26O
121.0399	22.75	0.9956670898505213	0.16279334542431562	
226.9516	21.05	0.8538192770424082	1.1468416501655414	C6H4Cl2O5
121.0844	24.59	0.9425578570938244	0.6371779973581359	
179.0638	31.05	0.9956670898505213	-0.04587487129533529	
277.9571	0.98	0.9137719769363221	0.7929144343886411	
122.0687	65.15	0.6838805853522544	1.8888411596628116	
179.1625	26.96	0.8967295895805838	-0.9703782112215383	
278.9033	1.37	0.9956670898505213	0.2386781383316135	
227.1835	176.35	0.9956670898505213	0.07849308785774389	
227.1835	183.73	0.9956670898505213	0.05749251751988466	
278.9539	0.98	0.9956670898505213	0.17230808523526492	
278.9539	2.95	0.9842248380535116	0.34696057391361784	
278.9652	21.18	0.9956670898505213	0.2395440386194738	
227.2119	176.35	0.9956670898505213	0.14233949784211575	
227.2119	183.86	0.9956670898505213	0.06907215114935834	
279.0934	30.24	0.951810178998896	-0.5561546437532174	
227.9549	21.05	0.7505855974826228	1.4288828055639582	C6H4Cl2O5
279.1137	206.78	0.4975733886301958	-2.791106208232073	
180.1384	21.7	0.5416902432556884	-2.6399434290348553	
123.0682	23.67	0.7505855974826228	1.4762001484186877	
180.1748	27.35	0.8690280888689851	1.104447076138771	
180.1748	175.96	0.9979141625688651	-0.00976137283527521	
180.1748	184.12	0.9956670898505213	0.04757070072336205	
123.941	22.75	0.9956670898505213	-0.24651928445684834	
181.1086	22.49	0.9776351690145911	0.363817759407843	
229.1185	22.75	0.9956670898505213	0.08265518196912015	
280.1756	24.86	0.9425132505630885	0.641687893098553	
124.0589	23.28	0.967684683343868	-0.45254213157842493	
124.0759	23.67	0.9488392717337122	-0.5851079640556416	
229.18	27.88	0.967684683343868	0.41138517257323975	
229.18	176.35	0.9956670898505213	0.1694480245374555	C13H24O3
229.18	183.86	0.9956670898505213	0.04908728865782375	C13H24O3
181.1588	176.35	0.9956670898505213	0.09714815556569296	
181.1588	183.99	0.9956670898505213	0.0829089721328339	
229.1992	176.35	0.9956670898505213	0.125319501381143	
229.1992	183.86	0.9956670898505213	0.06447074863626033	
280.9543	0.98	0.9576768781972124	0.5122609112846975	
182.0294	22.49	0.9956670898505213	0.12477617664600069	
182.0814	23.28	0.9137719769363221	0.7758301324532392	
281.101	31.05	0.6305768269293829	2.1854284975667464	
182.1037	22.23	0.9576768781972124	-0.5128673368815578	
230.248	51.31	0.879487555780183	-1.0649964021743659	C14H31NO
125.0793	23.8	0.738130016007039	-1.5562789136542223	
281.8426	22.1	0.9132531698940437	0.8448206588025279	
281.9521	1.24	0.9956670898505213	0.2800302856498672	
281.9521	3.08	0.967684683343868	0.4418882304154374	
282.1053	31.05	0.6838805853522544	1.7486276354012922	
282.1911	24.59	0.9956670898505213	0.06332149225537606	
282.2042	27.61	0.9956670898505213	0.07099144455076893	
282.9497	0.98	0.8967295895805838	0.9499993049111592	
283.1176	27.09	0.45432101411155473	3.4017990211902744	
283.144	35.38	0.7395510655253017	-1.538509782785657	C15H20O5
283.175	22.75	0.9956670898505213	0.3238107641077515	
283.2461	196.1	0.9444817234526784	0.6204311078739821	
283.8397	22.1	0.879487555780183	1.0644037765415684	
284.121	26.96	0.5231086426150555	2.7338661120030916	
284.9101	21.31	0.8526250578140285	1.1740181029649308	
127.073	22.62	0.9956670898505213	0.11978907692276763	
285.1098	24.2	0.9956670898505213	-0.18928150564993285	
285.2787	200.98	0.6838805853522544	-1.929562820478848	C18H36O2
233.9129	21.84	0.773988716409438	1.36883155242094	
184.1697	176.22	0.9956670898505213	0.18950396754915372	
184.1697	183.73	0.9956670898505213	0.2015717280700248	
184.1697	228.11	0.9956670898505213	0.1469401214743981	
184.8891	1.24	0.9956670898505213	0.08180402179403029	
184.99	68.2	0.9956670898505213	-0.24336618401620594	
128.9537	1.24	0.9956670898505213	-0.03599365183710734	
234.2217	25.12	0.5623087277450891	-2.497014716639376	
286.2821	200.98	0.6838805853522544	-1.7525498177744678	C18H36O2
286.2935	170.7	0.9956670898505213	0.15956118421011378	
235.0126	2.29	0.9979141625688651	-0.005249113347363113	
235.0143	199.12	0.9956670898505213	0.1383905347677378	
185.1286	21.7	0.9956670898505213	-0.10676264216033399	
287.2217	183.86	0.9956670898505213	0.10222912898298214	C17H26O3
130.0654	24.99	0.967684683343868	0.4268649053557296	
288.2896	34.2	0.9137719769363221	-0.8232249960068702	
288.2896	37.09	0.9014888549369157	-0.9152232910650572	C18H33NO
130.1309	21.7	0.9488392717337122	-0.5832624049141526	
289.0836	26.3	0.9137719769363221	0.8125799199729344	
289.2486	27.09	0.9014888549369157	0.9267320487783866	
289.9342	21.31	0.8130346598676511	-1.2790531722424983	
186.9956	1.24	0.967684683343868	0.42327351121482687	
131.0857	39.19	0.9709324311223808	0.39629885783745694	
131.0857	610.65	0.879487555780183	1.075117401439015	
291.0763	25.25	0.9684450002203343	0.402704230157026	
291.1941	32.63	0.9137719769363221	0.8289891709609698	
132.089	39.85	0.9719253921156048	0.3836065815507611	
132.089	176.48	0.9956670898505213	0.026484524660091456	
292.2635	214.42	0.9965947579283307	-0.020645700404754483	
292.2635	221.92	0.9956670898505213	0.16811680303884813	
292.2635	229.43	0.7270643270711598	-1.5899637645397195	
188.0707	24.59	0.9488392717337122	0.5752476358548698	
238.1651	24.72	0.5919803580633042	-2.2896073341363983	
133.0762	24.86	0.9130026994400422	-0.8587003563241746	
294.1548	24.99	0.9137719769363221	0.7473939459312062	
294.1548	27.74	0.6838805853522544	-1.815944410145701	
239.1066	1.9	0.9956670898505213	0.15681121544347942	
189.0735	21.84	0.9719253245919234	0.388952873356171	
294.9389	21.05	0.8526250578140285	1.1711669253483137	
295.1152	24.07	0.4975733886301958	2.7898638074740667	
134.0602	23.67	0.9137719769363221	-0.7595318417069084	
240.1498	22.23	0.9898745987046483	0.3362316672433569	
240.2322	36.83	0.967684683343868	-0.4356554542336089	
135.0636	23.8	0.9434183377146739	-0.62770088893568	
190.0863	24.86	0.942472852632039	0.6452207182776385	
135.1169	38.93	0.967684683343868	0.41151792660262426	C10H14
241.2036	21.18	0.8858444876412378	-1.0413103784508595	
298.2741	159.61	0.7558731159346114	1.4038136255792946	C16H32O2
298.2741	204.39	0.9956670898505213	0.28265951046284415	C18H35NO2
298.2741	209.54	0.9956670898505213	0.2750240231062477	
298.3104	217.83	0.9956670898505213	0.059239622941623354	
298.3469	147.24	0.8967295895805838	0.954104655662406	
299.0617	68.85	0.9956670898505213	0.08014838313558244	
299.0878	23.94	0.6838805853522544	1.7319972990027426	
299.1487	37.22	0.6838805853522544	1.7266424952207784	
137.0458	22.36	0.967684683343868	-0.44285724975844487	
299.1852	26.43	0.5919803580633042	2.303188337123671	
299.3138	217.3	0.7287463775870894	-1.5755295169633419	
242.2116	27.88	0.9956670898505213	0.02664779505558015	C14H27NO2
242.2116	182.55	0.9956670898505213	0.2601925990237549	C14H27NO2
300.2017	22.62	0.9956670898505213	0.27560282947148734	
242.9255	21.18	0.9532362493622937	0.5262804961650083	
191.1432	176.22	0.9956670898505213	0.06993438279821824	C13H18O
191.1432	183.99	0.9956670898505213	0.04322759561565902	C13H18O
138.0492	22.36	0.9137719769363221	-0.7769375653977991	
300.2897	129.68	0.7505855974826228	1.4605778232023885	C18H37NO2
138.1278	176.35	0.967684683343868	-0.42540798691308046	
192.122	29.71	0.7505855974826228	1.4926029927484834	
243.183	20.65	0.45432101411155473	3.8417847618165477	
302.1656	24.46	0.6846902920145516	1.700755691534962	
243.9418	21.44	0.7764232068532784	1.357893508241493	
193.0972	23.41	0.9014888549369157	-0.9052077253664058	
139.0503	22.49	0.9956670898505213	0.2528858546676261	
244.0345	22.36	0.9488392717337122	0.5833927951179021	
304.1237	26.17	0.9979141625688651	0.0038083003675358157	
304.1755	31.05	0.967684683343868	-0.4352940393189676	
193.1588	176.35	0.9956670898505213	0.14346236732765966	C13H20O
193.1588	183.86	0.9956670898505213	0.03662211877766378	
244.1908	27.35	0.8690280888689851	1.1045663381401838	
244.1908	183.86	0.9956670898505213	0.06480910638848728	
305.0996	24.59	0.7505855974826228	1.4666697857046118	
140.0536	22.49	0.9956670898505213	0.0514616885255423	
194.1627	176.35	0.9956670898505213	0.12675833314906998	C13H20O
194.1627	183.86	0.9956670898505213	0.05333188623538375	
245.1942	27.35	0.8861612831050771	1.0282258008096108	
245.1942	176.35	0.9979141625688651	-0.006198735682912573	
245.1942	183.86	0.9956670898505213	0.085907438402785	
306.1394	26.56	0.7396214922208386	-1.5352181729788412	
246.1021	21.97	0.8967295895805838	0.9864293852881407	
246.2429	27.48	0.9979141625688651	0.0035638438054320346	
246.9454	20.65	0.9956670898505213	-0.2599052263304792	
308.222	25.38	0.8858444876412378	-1.0349373738122112	
308.2584	205.73	0.9179375957517883	0.7161033389449211	
308.2946	200.98	0.8321453243534931	-1.232988820063407	C18H34O
308.8615	21.97	0.6838805853522544	1.974921116190491	
247.8847	0.98	0.8526250578140285	-1.1851139033002858	
309.1472	26.3	0.7741617193941509	1.3661238266212845	
248.1857	26.3	0.8967295895805838	0.9884019332624328	
249.0456	20.78	0.9137719769363221	-0.7871330602985538	
249.1122	30.92	0.7549486534537782	1.4080738753174642	
310.274	142.62	0.9956670898505213	-0.14365090606211717	
310.274	149.6	0.9956670898505213	-0.2818365426754454	C17H32O2
249.2576	200.98	0.7505855974826228	-1.4881707687973538	C18H32
250.0385	24.46	0.9956670898505213	0.13847799352543683	
311.1467	25.25	0.5919803580633042	2.3120100071937246	
250.1779	27.74	0.9956670898505213	0.1515524261503369	C14H24O2
250.1779	176.22	0.9956670898505213	0.05789240417822575	
250.1779	183.86	0.9979141625688651	0.005512796652037318	
198.0527	22.49	0.9956670898505213	0.17142902865029006	
311.342	141.31	0.9137719769363221	0.7658444187884675	
250.2609	200.98	0.6791564651961256	-2.0075551277266146	C18H32
311.9294	21.31	0.7279196459919915	1.5848826122905666	
250.9029	21.97	0.7113199481596765	1.6412262679202734	
312.3624	141.57	0.5792218104887398	2.4514348271137294	
198.1675	21.84	0.9956670898505213	0.14499343304338244	C10H16O
198.1854	176.35	0.9956670898505213	0.06813132669678403	
198.1854	183.86	0.9956670898505213	0.05073722008907476	
198.9515	0.98	0.9956670898505213	-0.2839163785449369	
198.9515	2.82	0.9956670898505213	0.19484718636580134	
143.118	22.89	0.9752811945607005	0.3741441114432252	
313.1622	24.72	0.6838805853522544	1.7737648683301857	
313.2373	37.35	0.9956670898505213	-0.25445555150649835	C18H32O4
313.3212	208.22	0.9956670898505213	-0.18459645636607122	
251.9811	24.86	0.45432101411155473	-3.1610558991650266	
144.0557	11.94	0.6120589662554679	-2.2575647852198433	
144.0557	17.09	0.7941275255971214	-1.319831813619428	
314.3247	208.09	0.9956670898505213	-0.16832143691060708	
314.3415	133.75	0.9137719769363221	0.7365086811795939	C20H43NO
314.9322	20.52	0.9956670898505213	0.24240696203361994	
314.935	11.02	0.45432101411155473	-3.055051584357833	
144.0808	24.59	0.9627444378056426	0.4858012157878388	
253.1645	24.2	0.7500354648867402	1.5004015649943911	
200.0408	1.24	0.9587736236361033	-0.5069705684378021	
315.3281	208.35	0.9979141625688651	0.012481907835355856	
200.1434	35.78	0.9488392717337122	-0.6019037312446801	
200.1453	23.41	0.9137719769363221	0.7522688268663552	
200.949	21.44	0.8967295895805838	0.9954245456861348	
316.2118	21.57	0.3526858244199988	5.750680068112388	
316.2847	75.7	0.9137719769363221	-0.8291842275364388	C18H37NO3
145.1008	35.65	0.8861612831050771	-1.02991898178884	
316.9615	1.9	0.9644653301439369	0.47942184000012183	
317.1359	23.94	0.9752811945607005	-0.37241043653423017	
317.2151	21.44	0.3526858244199988	5.880654918596891	
254.2116	174.77	0.9956670898505213	0.04724828995449266	
254.2116	181.63	0.9956670898505213	0.06824904756943802	
254.2116	204.26	0.9956670898505213	0.08174445250007879	
254.2116	209.14	0.9956670898505213	0.19074111489722043	
254.2479	228.51	0.9956670898505213	0.14359433781571143	C16H31NO
145.1336	719.79	0.6838805853522544	-1.7039129265153847	
255.1208	24.86	0.6838805853522544	1.8925952528624943	
255.1208	28.14	0.8690280888689851	1.1048343177877913	
318.1911	29.85	0.45432101411155473	4.378223514780304	
201.1235	23.41	0.8737647734315105	-1.0980891196473157	
146.0601	24.59	0.953588377618003	0.5246878062877359	
319.0943	25.91	0.9137719769363221	-0.7892412707334974	
319.1153	25.25	0.9137719769363221	0.7492325793494603	C16H16O5
319.1945	26.04	0.8526250578140285	1.182398497155423	
319.1945	29.71	0.724380219766231	1.5989732150985831	
202.1803	21.44	0.0364322646340246	9.825012469305918	C10H16O
256.2272	33.81	0.9137719769363221	-0.7910037111609703	
256.2272	174.91	0.9956670898505213	0.09137078231216765	
256.2272	181.63	0.9956670898505213	0.09758896871778748	
256.2272	204.26	0.9956670898505213	0.12417806826290759	
256.2272	209.14	0.9956670898505213	0.19071283545165071	C17H24O
256.9706	20.92	0.8967295895805838	-0.9801991837307917	
203.008	21.84	0.9137719769363221	0.8004842258617314	
321.3152	228.51	0.9956670898505213	-0.14626976622243287	C22H40O
257.0805	23.8	0.9956670898505213	0.1732745517607451	
203.0527	21.97	0.6453601949014365	2.092256421275851	
257.0994	2.29	0.8967295895805838	-0.9878237219781557	
203.1391	23.41	0.9488392717337122	-0.6057157544142304	
323.1467	25.91	0.5792218104887398	2.421328858685338	
148.9935	22.1	0.9956670898505213	-0.1525751691934707	
324.2017	24.99	0.8995124727840902	0.9399142422508507	
324.2533	188.59	0.8967295895805838	0.951963728991883	
150.0551	23.94	0.879487555780183	-1.0642200499098333	
150.0584	24.07	0.951810178998896	-0.5367102233566861	
204.9982	21.44	0.8672796540020206	-1.1182959723061823	
325.2007	27.22	0.6838805853522544	1.8568329935381005	
325.2007	28.66	0.45432101411155473	3.0013186626509665	
205.0972	24.33	0.9654242018967529	0.47548204437187325	
326.2172	24.72	0.7941275255971214	-1.3035799658202385	
326.3053	140.92	0.967684683343868	0.4140604138052828	
326.3053	200.98	0.7251714266311947	-1.5960623935468594	C18H36O2
326.3782	97.18	0.5614936143499754	2.508534921316324	
206.1389	0.98	0.9956670898505213	-0.18508066642087348	
260.1726	206.52	0.967684683343868	-0.4661924756313486	C17H22O2
260.1726	217.04	0.5845504355411948	-2.3576997082997395	C17H22O2
260.1726	260.94	0.7395510655253017	-1.54162779812578	C17H22O2
260.1726	278.61	0.45432101411155473	-3.139770198594148	C17H22O2
327.0392	25.12	0.45432101411155473	-3.5227600113754622	
327.2008	22.62	0.967684683343868	-0.44355575323170365	
206.894	21.7	0.8411588717973844	1.204558676918412	
327.2894	185.3	0.7505855974826228	-1.434455296439657	C20H38O3
327.3256	200.85	0.6838805853522544	-1.784384526782944	C21H42O2
261.0736	23.41	0.9337706500211286	0.670330092542396	
261.0882	2.03	0.9956670898505213	-0.19731688616031778	
207.1171	46.05	0.6305768269293829	-2.1882638711857534	
328.321	186.35	0.9842248380535116	0.34739457662602313	C22H36O
328.3289	200.85	0.6838805853522544	-1.8496766068103045	C21H42O2
152.0568	22.23	0.9956670898505213	-0.21503539571828567	
329.157	24.86	0.6838805853522544	1.711758783349558	
329.1943	25.51	0.9137719769363221	0.7944826224388887	
329.1943	28.14	0.6838805853522544	1.8837448630443376	
329.3244	186.35	0.9956670898505213	0.1259401553345924	C22H36O
208.1203	46.05	0.5614936143499754	-2.5041912161882065	
262.9155	21.18	0.9956670898505213	0.25909918932042736	
262.9817	1.24	0.9137719769363221	0.7690519022448861	
263.0132	1.64	0.951810178998896	0.5409326532023977	
208.1697	176.35	0.9956670898505213	0.09839248253018695	C11H18O
208.1697	183.73	0.9956670898505213	0.0818823875141495	C11H18O
263.0913	31.05	0.7287463775870894	1.576968314107662	
330.3366	80.43	0.7614907441976543	1.3958248596504235	C20H43NO2
330.9027	21.44	0.8918250361606266	1.0078615250424827	
153.074	23.67	0.8967295895805838	-0.9475134006216731	
263.9261	158.43	0.840919379603052	-1.2138942622289322	
263.9261	199.12	0.951810178998896	-0.534770249026611	
263.9261	202.03	0.8803096479573975	-1.0607649880122343	
209.1385	24.59	0.9956670898505213	0.02745975909861951	
264.9127	21.05	0.9587736236361033	0.5055115475835052	
209.1537	176.35	0.9956670898505213	0.06827305163794209	
332.2068	30.24	0.9956670898505213	0.03154236883260609	
209.1776	176.35	0.9956670898505213	0.07041219567139406	
209.1776	183.86	0.9956670898505213	0.04059416211999762	
332.3312	78.46	0.641952691591676	2.1196009663130453	
265.107	27.48	0.45432101411155473	2.991152949394333	
265.107	30.92	0.55659489433268	2.526116687333993	
265.1117	22.89	0.9425578570938244	0.6374164658164696	
265.1223	42.22	0.641952691591676	-2.1174997925601677	
265.1294	22.75	0.9611799394187867	0.4928414184297318	
210.0502	23.54	0.9179375957517883	0.7210362233227643	
210.0502	25.51	0.951810178998896	0.5301379896726423	
333.3346	78.33	0.6446141861122495	2.104578814109508	
334.186	26.82	0.55659489433268	2.524701153779216	
334.8772	1.37	0.9956670898505213	-0.20901538006544484	
334.8772	2.82	0.953588377618003	-0.5227093652520209	
210.1571	176.22	0.9956670898505213	0.05994840349090124	
210.1571	183.86	0.9956670898505213	0.06160755864993971	
335.177	206.78	0.45432101411155473	-3.131512988453721	
335.1898	26.82	0.9627444378056426	0.4851075771119511	
335.3035	208.62	0.951810178998896	0.5538415884740057	
266.1727	27.22	0.8967295895805838	0.9527726915785538	
266.1727	176.35	0.9956670898505213	0.09102278740529793	
266.1727	183.86	0.9956670898505213	0.07037417269395843	
210.1855	176.48	0.9956670898505213	0.11422273973566659	
210.1855	183.86	0.9956670898505213	0.12838551038294999	C14H22O
210.9778	21.05	0.967684683343868	0.46398791726200234	
267.145	22.49	0.951810178998896	0.5413869034607932	
267.2682	200.98	0.6838805853522544	-1.7897924744558222	C18H34O
336.2017	27.88	0.45432101411155473	3.101759185757271	
336.326	115.9	0.9149755201475323	0.7333165129336897	C22H41NO
336.326	116.43	0.940339315474501	0.6508433540221565	
336.326	204.53	0.9956670898505213	0.0546612981345094	C22H41NO
211.1694	176.22	0.9956670898505213	0.1370077917672005	C13H22O2
211.1694	183.86	0.9956670898505213	0.05064899802300133	
363.9549	1.37	0.9956670898505213	0.1257435595027936	
363.9549	2.82	0.9956670898505213	0.03275297141725042	
337.1047	24.33	0.9956670898505213	-0.1926317493140901	
337.1623	25.12	0.8321453243534931	1.2341135992569188	
337.205	27.74	0.5792218104887398	2.40127988940413	
212.0921	24.72	0.9956670898505213	0.19010931893210942	
212.1282	23.54	0.8526250578140285	-1.1864365664924055	
364.1966	25.91	0.9444817234526784	-0.6199202345947369	
364.1966	28.27	0.8967295895805838	-0.9850098657434629	
364.1966	28.93	0.9956670898505213	-0.27433863141492826	
364.233	22.49	0.6305768269293829	2.194058648973004	
364.233	33.81	0.9137719769363221	0.7609737391321846	
212.201	156.59	0.967684683343868	0.4143377026655837	
212.201	228.11	0.9956670898505213	-0.14128509838181993	C14H24O
157.0803	2.03	0.9488392717337122	-0.5953728946187433	
365.016	21.57	0.9444817234526784	0.6215100918595651	
338.8698	1.37	0.8967295895805838	0.9679169459185151	
365.1055	21.97	0.8690280888689851	-1.1099220031837504	
365.1885	134.67	0.9014888549369157	0.9196854097124978	
365.2363	27.48	0.8321453243534931	1.2355752134250904	
339.1415	26.82	0.6838805853522544	1.905137807714254	
339.1796	29.32	0.9205217854846818	0.709522911826828	
339.3451	228.51	0.9956670898505213	0.05060046920763354	C22H43NO
366.2216	230.35	0.8341228401520023	-1.2248351863192342	
367.173	27.35	0.8181281541560751	1.2722111519821793	
340.3481	228.11	0.9956670898505213	-0.07528666736660052	C22H43NO
340.3576	261.73	0.9979141625688651	-0.003594983563912541	C22H45NO
340.3938	190.7	0.8759265527610033	1.0878249470003163	
368.0658	24.99	0.45432101411155473	-3.5912316099033417	
368.3159	176.35	0.9956670898505213	0.07851616424311668	
368.3159	183.86	0.9956670898505213	0.07961586559972002	C20H38O3
368.3523	201.24	0.7396214922208386	-1.5343911652497702	C21H42O2
368.3523	213.76	0.9956670898505213	0.07890986672126286	
368.3523	216.38	0.8967295895805838	0.9968102260782465	
368.3523	225.34	0.9956670898505213	0.033492005148930054	
368.3523	259.73	0.55659489433268	2.5227319056232043	
340.9311	20.92	0.967684683343868	0.4240506509481896	
368.425	220.06	0.9160504308443927	0.7260924276897086	
214.1414	21.44	0.8891398462609119	1.0164447678214275	
341.1571	24.86	0.6838805853522544	1.9049028597635176	
341.1571	27.74	0.6838805853522544	1.84617321680462	
369.1694	55.54	0.9580645228537966	0.510128063201084	
369.1694	74.63	0.8812632223838825	1.058000553696604	
369.1886	25.91	0.6305768269293829	2.1791849294535104	
369.1886	28.93	0.6446141861122495	2.1028511625957327	
214.1803	26.3	0.9444817234526784	-0.6235206932289801	
369.2625	37.49	0.9956670898505213	-0.18966576867150864	
369.2999	161.97	0.9425132505630885	-0.6418361300860281	C20H34O3
214.253	37.09	0.9154581650743151	-0.7299366206177278	
369.3365	230.87	0.9337706500211286	-0.664832942533463	
369.3365	513.22	0.9956670898505213	-0.16495843171863603	C23H44O3
369.4285	219.8	0.9154581650743151	0.7305322008800873	
158.9641	21.05	0.8861612831050771	1.0246738495405443	
158.9926	21.44	0.9137719769363221	-0.7675933389266031	
159.0278	21.84	0.9717876039652207	-0.3924100003427636	
369.9568	20.65	0.9179375957517883	0.7184815065924001	
370.1728	30.92	0.55659489433268	2.5401081410497066	C22H24O5
370.3	200.31	0.9956670898505213	-0.22611624389493074	
370.368	198.73	0.8858444876412378	1.042485145565805	C23H47NO2
370.8017	200.72	0.967684683343868	-0.4178581682639075	
159.0918	24.59	0.9611799394187867	0.49191702293631623	
343.1728	24.99	0.6838805853522544	1.8822328892599764	
343.2956	37.09	0.9576768781972124	-0.5114584092668909	
343.2956	39.98	0.9956670898505213	-0.252726622355756	
371.2045	27.48	0.7505855974826228	1.477340994979666	
371.2794	37.22	0.8526250578140285	-1.1753875098448305	
371.3022	200.72	0.9489928947267849	-0.5699221298916505	
371.327	58.03	0.9798370190723921	-0.35774473688014446	
371.335	225.2	0.7505855974826228	-1.4787598251135978	C22H43NO3
215.1433	62.52	0.9956670898505213	0.054104548489661945	
215.1433	207.04	0.967684683343868	-0.42803074814447933	C15H18O
344.0658	25.12	0.45432101411155473	-3.6144467786351284	
344.2068	29.32	0.8967295895805838	0.9987098014227975	
344.2278	22.49	0.9956670898505213	0.14338146791721523	
160.0758	24.59	0.9956670898505213	0.07230477183049037	
372.978	3.74	0.8891398462609119	1.0115116202533863	
345.1309	24.2	0.7448978084786917	1.5253867928826952	
345.1888	25.64	0.6838805853522544	1.8431638020114236	
345.2999	185.04	0.6838805853522544	-1.8712381341725017	
345.336	201.11	0.7505855974826228	-1.424411787841649	C21H44O3
346.3395	200.98	0.707571744263394	-1.6596075145246696	C21H44O3
161.079	24.86	0.9337706500211286	0.6683449965603374	
375.9611	2.29	0.9956670898505213	-0.03906250903872406	
347.1771	305.21	0.9014888549369157	0.9061835211392012	
376.2331	27.88	0.7505855974826228	1.4236092197975287	
376.3186	115.9	0.9488392717337122	0.5906628517343634	
376.3421	201.11	0.6838805853522544	-1.7939627074415123	
216.0346	25.25	0.9620308222807947	0.4900617030585853	
377.2009	193.72	0.9444817234526784	0.6196694264881158	
377.3454	200.98	0.6838805853522544	-1.8418467933183733	
349.02	24.86	0.45432101411155473	-3.8796255759604428	
162.1125	23.28	0.9956670898505213	-0.27466756613534005	
378.2088	193.98	0.907727650510487	0.8747994699015817	
378.2124	27.35	0.5815165927728838	2.3708159963944953	
378.2124	33.68	0.5231086426150555	2.7302057823873453	
378.2124	37.09	0.9488392717337122	0.5739592166905584	
378.2887	201.64	0.9587736236361033	0.5009649429748514	
378.3482	201.11	0.6446141861122495	-2.1069088767725774	
349.9375	3.48	0.953588377618003	0.5221245448885603	
216.196	183.6	0.9956670898505213	-0.1847296556836083	C11H18O
350.2576	158.95	0.9611799394187867	0.4941730446990837	C20H34O3
216.9228	21.44	0.8279604740406752	1.2513198226150124	
350.7594	158.82	0.8526250578140285	1.178388733534093	
163.1481	176.35	0.9956670898505213	0.04840014456853876	
163.1481	183.86	0.9956670898505213	0.06991544369789968	
380.1646	28.01	0.9137719769363221	0.7768977243281462	
380.2087	194.11	0.9179375957517883	0.7197397581858895	
380.228	28.27	0.5416902432556884	2.6366267325623793	
380.3887	174.12	0.7505855974826228	-1.4260159097399685	
352.8976	21.44	0.9014888549369157	0.9056069698033428	
353.1571	24.72	0.5446841547670198	2.625551661830493	
164.1282	21.44	0.7041103043425336	1.6675758122376143	
164.1515	176.09	0.9956670898505213	0.11893325548306567	
164.1515	184.12	0.9956670898505213	0.16773462312633242	
381.2312	28.53	0.7558731159346114	1.4028408997101076	
218.2116	24.86	0.8967295895805838	-0.9764078926235219	
218.9199	21.44	0.879487555780183	1.0682751603712057	
218.9366	1.37	0.9956670898505213	0.13695464652417155	
219.0052	2.43	0.9434183377146739	0.6314770851129137	
354.3367	156.33	0.9709324311223808	0.3952900224698405	C22H43NO2
354.348	207.96	0.9956670898505213	-0.3213977634264987	
354.356	218.75	0.9205217854846818	-0.7100791313205088	
219.1231	24.99	0.8858444876412378	-1.035185006114708	
382.9195	20.78	0.9014888549369157	0.9176619277126523	
383.1487	27.35	0.45432101411155473	4.83555772579885	
355.1154	26.69	0.9798370190723921	0.3551479998776771	
165.1638	176.35	0.9956670898505213	0.0911846063721645	C12H20
165.1638	183.86	0.9965947579283307	0.021897963305981833	C12H20
355.173	25.12	0.7095854121776465	1.6553634906142398	
383.2043	26.3	0.7131188869407964	1.625073829670298	
355.3401	156.46	0.9956670898505213	0.2974861908331297	C22H43NO2
165.9247	22.1	0.789781155143101	1.3277502135010275	
355.3682	228.38	0.9956670898505213	0.22100750940264263	
355.3767	243.79	0.9956670898505213	-0.28532092184590235	
384.3837	168.97	0.7505855974826228	-1.433546096940257	C24H49NO2
166.0534	24.2	0.6838805853522544	1.8050163130466703	
385.1647	30.11	0.7287463775870894	1.5735368798757763	C22H24O6
385.1834	25.77	0.6838805853522544	1.8768264907751862	
385.1834	28.27	0.6838805853522544	1.9382795245605655	
385.201	38.01	0.967684683343868	0.43399491659132966	
385.2204	26.96	0.5530849709661003	2.559524404043946	
385.2948	196.63	0.6838805853522544	1.7469442898992076	
385.2948	199.12	0.9425578570938244	0.636625568201533	
385.2948	202.82	0.9137719769363221	0.827085696335451	
385.2948	233.5	0.9587736236361033	0.501753741850477	
385.2948	244.45	0.9479648097256943	-0.6095010666638607	
385.3313	105.88	0.6791564651961256	-2.0137567606441875	
385.3313	459.79	0.9488392717337122	-0.5801361348617908	
385.3423	204.0	0.9956670898505213	-0.2559693824003106	
356.3522	160.4	0.9956670898505213	0.2803296576834299	C23H44O2
356.8805	1.37	0.951810178998896	0.5290701408192169	
386.1867	25.77	0.6453601949014365	2.095858553248158	
386.1867	28.27	0.6838805853522544	1.8681621309162488	
386.3263	176.74	0.9956670898505213	0.08678938803882794	
386.3263	183.73	0.9956670898505213	0.0681944751336418	C23H42O4
386.3903	168.97	0.7393934279450957	-1.548486521187926	C24H49NO2
386.3992	216.52	0.9956670898505213	0.08602069617924382	
386.777	200.59	0.9956670898505213	0.23876413494409435	
357.1309	23.94	0.8279604740406752	1.25807759470412	
357.1309	27.74	0.9956670898505213	-0.2517461695854339	
357.1889	24.99	0.7505855974826228	1.4953317653691383	
387.199	24.86	0.781900408139663	1.3444150888504827	
387.2752	200.72	0.9956670898505213	-0.13127434235946456	
387.3469	230.74	0.8590476221272719	-1.1357548827513677	
357.2831	65.83	0.6838805853522544	1.843147846025321	C21H36O4
387.3817	200.72	0.6453601949014365	-2.0847040616728596	
387.7764	200.18	0.8967295895805838	-0.9606638908361104	
167.0896	24.86	0.9337324997867961	0.6833647977304868	
357.3363	194.11	0.9956670898505213	-0.30537104798706527	C22H44O3
357.3557	160.92	0.9956670898505213	-0.08133744748906716	C23H44O2
411.3352	230.48	0.882155515663163	-1.0496249911873483	
412.2542	80.04	0.8526250578140285	-1.1603009984037869	
167.093	22.62	0.9621575052638464	0.4881229046433202	
412.3213	52.23	0.9956670898505213	0.22742271683655482	
412.4149	203.48	0.9956670898505213	0.03859042520577879	C26H53NO2,C27H41D7O2
412.4149	263.96	0.9014888549369157	0.9243245425274912	
413.1782	26.56	0.5792218104887398	2.428175372586416	
413.1782	30.92	0.9137719769363221	0.7547856521653471	
413.2758	184.65	0.7505855974826228	-1.4221580466953048	
414.2698	24.72	0.9678657250598643	-0.4073886294899154	
414.3298	202.56	0.9956670898505213	-0.3048082425278103	
414.3298	221.4	0.9488392717337122	-0.573701234060093	
414.3298	224.81	0.967684683343868	0.41876728496567595	
414.3298	230.22	0.7505855974826228	-1.4481751028272225	
414.3298	261.86	0.9488392717337122	-0.5827874297506432	
414.3298	274.52	0.9160504308443927	-0.7241365940800019	
414.4308	251.2	0.9956670898505213	0.28568167645030973	
388.2539	22.36	0.9956670898505213	-0.26280435507360245	
388.2732	200.85	0.9956670898505213	0.13789189796654464	
358.2435	158.56	0.907727650510487	0.8690068712850115	
358.2483	32.36	0.9776351690145911	0.36363595488593625	
358.368	127.06	0.9137719769363221	0.7471752100848225	
415.175	24.33	0.8967295895805838	0.9922668017810112	
415.175	134.41	0.9014888549369157	-0.9313327709735715	
415.1939	25.12	0.6838805853522544	1.7240985504303157	
415.1939	26.96	0.4611053875038929	2.9053284107933797	
415.2797	233.24	0.5792218104887398	2.422321852112114	
388.7749	200.04	0.879487555780183	-1.0674046505049974	
415.3418	192.54	0.8967295895805838	-0.9563720028406819	
359.1467	23.94	0.9137719769363221	0.7359375824329122	
359.1678	24.86	0.6807312079239907	1.988278901830835	
415.9398	3.21	0.9956670898505213	0.16437793311966542	
359.3155	200.98	0.6838805853522544	-1.7287813066899453	
359.3713	127.06	0.9137719769363221	0.8278561476452225	
416.2462	168.05	0.45432101411155473	-4.033242338721039	
416.2851	233.1	0.6807312079239907	1.9976296660115196	
416.3452	192.54	0.8967295895805838	-0.9951253349273663	
416.938	3.21	0.9956670898505213	0.04134229737240015	
168.0657	23.67	0.9907598037022896	-0.33019850743536666	
417.1589	283.86	0.7155423143292884	-1.6183402179193074	
417.2096	25.38	0.6838805853522544	1.8474639788665066	
417.348	192.54	0.9137719769363221	-0.7394714963258985	
417.3686	176.35	0.9965947579283307	0.023525647864118593	
417.3686	183.86	0.9956670898505213	-0.02743978499713533	
417.9357	3.21	0.967684683343868	0.4154316022252675	
389.8717	20.52	0.9488392717337122	-0.5963176454744289	
418.2436	28.27	0.5919803580633042	2.318366270165242	
168.0963	22.62	0.951810178998896	0.535160996252505	
419.1701	27.35	0.45432101411155473	4.466691378088926	
419.2254	30.92	0.9014888549369157	0.9068048285389142	
419.2557	220.87	0.9137719769363221	0.7873504286697607	C21H39O6P
420.173	27.22	0.3731480690028634	5.265473766950281	
420.1799	189.51	0.7941275255971214	-1.3176066679677139	
390.0479	24.86	0.45432101411155473	-3.2489911065889996	
390.1886	30.79	0.5350112921483376	2.6906596933732994	C22H26O6
360.3213	228.11	0.9965996980027984	0.018529291746880124	
360.3623	119.71	0.6838805853522544	1.8205310212047772	
360.3745	127.45	0.9149755201475323	0.73249057434302	
391.2244	190.03	0.9956670898505213	-0.030528090440646537	
361.2353	66.23	0.640975666453097	2.1428646607966595	C20H34O4
361.3215	200.85	0.6807312079239907	-1.9910319391829743	
422.3243	226.93	0.9488392717337122	0.5772528885687753	C23H45NO4
423.1415	26.82	0.5815165927728838	2.3742655969724304	C22H24O7
423.1415	33.42	0.6838805853522544	1.741063537011551	C22H24O7
391.9842	4.0	0.967684683343868	0.44189830157789994	
392.2278	30.11	0.9956670898505213	-0.06703443625987124	
392.2541	37.75	0.9479648097256943	0.6140624506064953	
424.2825	176.35	0.9956670898505213	0.06393488942259694	
424.2825	183.73	0.9956670898505213	0.0504223176650503	C23H42O4
425.1355	31.05	0.9137719769363221	0.7951401020859562	C22H26O6
362.2173	31.84	0.631089689186227	2.1701144994195443	
362.3029	176.35	0.9956670898505213	0.08693086033348182	
362.3029	183.86	0.9956670898505213	0.04331431406869937	
362.3253	185.3	0.6838805853522544	-1.876189091325269	
362.3253	200.85	0.7500354648867402	-1.4994944446753276	
169.1011	39.06	0.9268863221661944	0.7025543190073742	
362.9263	21.05	0.8526250578140285	1.1804402699486356	
426.1394	30.92	0.9956670898505213	0.272916968531109	C22H26O6
426.3271	105.49	0.7712508707730198	-1.3755269414013684	
426.4307	264.61	0.9956670898505213	-0.027527233020464177	
362.9561	1.24	0.9337706500211286	0.6620972472109016	
393.2313	26.43	0.9798370190723921	0.35520123085330957	
393.2313	29.85	0.9965947579283307	-0.021065487554232726	
464.2853	31.71	0.9956670898505213	-0.27531718634833563	
464.2853	33.42	0.9337706500211286	0.6635777549484797	
428.2547	146.32	0.9137719769363221	0.7828666956598332	
464.3946	192.54	0.928734511171928	-0.6920710107357035	
464.3946	196.1	0.8738806951299943	1.0941018226273624	C27H48O5
429.2269	37.35	0.6838805853522544	-1.865098764452516	
465.3919	303.77	0.6838805853522544	-1.950382455851986	
465.3981	192.41	0.9956670898505213	0.03137653083586824	
465.3981	196.1	0.7648192266540039	1.3865933388136387	C27H48O5
395.0266	21.57	0.7837426004336528	1.3393724635854865	
170.154	176.35	0.9956670898505213	0.10926338457748982	C11H18O
395.2732	32.76	0.9956670898505213	0.12669302189944043	
395.3134	215.08	0.6838805853522544	-1.7462065639792432	
466.2353	221.0	0.9727854637273022	0.3814428593135647	
466.2651	26.96	0.9979141625688651	0.012592327413188631	
467.2053	71.22	0.8967295895805838	-0.9864367502416893	C25H32O7
467.2693	215.08	0.7505855974826228	-1.4463910402716367	
430.2225	30.92	0.45432101411155473	4.32091809716287	
430.2225	105.75	0.9137719769363221	0.8068711759787393	
430.2511	284.65	0.7113199481596765	1.6330801853922232	
467.3731	328.77	0.9842248380535116	0.34869103483367697	C28H50O5
430.364	176.35	0.9956670898505213	0.043730822337746555	
430.364	183.73	0.9956670898505213	0.03443073168911737	
430.3805	296.12	0.9719253245919234	0.3886831959208829	
396.2231	190.03	0.8130346598676511	1.278366273332004	C18H35O7P,C25H30O4
396.2319	193.98	0.9179375957517883	0.7178067550201306	
468.273	215.08	0.8526250578140285	-1.1601538349957918	
171.0783	23.94	0.9337706500211286	-0.6656385478019439	
171.0844	23.67	0.9137719769363221	-0.8285921787251335	C10H6O2
430.9142	20.92	0.8967295895805838	0.9643307721603803	
431.095	28.53	0.967684683343868	-0.4260746593733329	
431.1786	200.59	0.9137719769363221	-0.7795530938795195	
431.2176	30.92	0.7505855974826228	1.4324423232596564	
469.269	205.05	0.9956670898505213	-0.1588886691718872	
431.3368	221.26	0.9956670898505213	-0.2676863154475055	C24H46O6
397.1834	26.17	0.6791564651961256	2.010901038250691	
397.1834	28.53	0.9137719769363221	0.8108254541911325	
431.3685	175.96	0.9956670898505213	0.11727708038568427	
431.3685	183.86	0.9956670898505213	0.206278369801314	
469.3889	220.06	0.5064965577174357	2.769091778801168	
397.3678	265.14	0.8967295895805838	-0.961884345854899	
397.3678	544.31	0.8279604740406752	1.2479060329360607	
432.0983	28.53	0.967684683343868	-0.4539344000394184	
432.1818	200.72	0.8967295895805838	-0.9895070883279509	
432.2802	22.36	0.9956670898505213	-0.16785660248435577	
432.3405	221.4	0.967684683343868	-0.4355730738246011	C24H46O6
432.3405	230.22	0.7500354648867402	-1.5093527794687276	C24H46O6
432.3877	176.22	0.9965996980027984	0.018339038375759495	
432.3877	183.86	0.9956670898505213	-0.06047265459057987	
470.3327	244.45	0.6838805853522544	1.8900954003416333	C28H46O4
433.1021	28.4	0.9137719769363221	-0.7605260228156688	
433.168	103.75	0.6838805853522544	1.9651854436800937	
398.2891	89.92	0.6838805853522544	1.8554613211237847	
433.3524	192.41	0.9137719769363221	-0.7647829245404357	
398.3994	229.3	0.8321453243534931	1.229691204586778	
433.3907	176.22	0.9956670898505213	0.04500027448648616	
433.3907	183.86	0.9956670898505213	-0.10140827601850545	
434.2387	27.74	0.8590476221272719	1.1327591914251536	
434.275	28.01	0.7505855974826228	1.4650451949637897	
471.368	193.85	0.6305768269293829	-2.2041952316124793	
172.085	23.67	0.951810178998896	-0.5563574215334303	
172.0877	23.67	0.45432101411155473	-4.012105218826001	
399.1439	28.93	0.45432101411155473	3.1068659593351637	C22H22O7
399.1569	43.27	0.8690280888689851	-1.1073333383492128	
399.1991	24.99	0.8812632223838825	1.0535445835094754	
434.3556	192.54	0.9488392717337122	-0.580683169284541	
399.2508	62.13	0.9684450002203343	-0.40505390382559053	
435.2496	188.85	0.9122752467542078	0.863586525323048	
435.2797	264.61	0.8967295895805838	-1.0012122208855363	
473.3989	317.6	0.951810178998896	-0.5289481186807461	C31H52O3
436.1968	29.19	0.879487555780183	1.0695296112190231	
436.2541	29.85	0.8526250578140285	1.1731600432699487	
400.2542	62.0	0.9956670898505213	0.13545812641339783	
400.3504	203.21	0.7522307407948429	-1.416808212294595	C24H46O4
400.3504	210.19	0.7941275255971214	-1.314926865392852	C24H46O4
437.2001	27.22	0.9956670898505213	-0.15829893369157394	
474.3128	188.72	0.45432101411155473	3.158215384975056	
474.4025	317.86	0.9488392717337122	-0.5710449223417537	C31H52O3
475.194	24.59	0.7505855974826228	1.425942457665458	
475.2146	184.78	0.9956670898505213	-0.2663017696515969	
475.2807	35.12	0.8967295895805838	0.9448442944988904	
437.2428	185.04	0.9425578570938244	-0.6365805990641656	
437.2585	193.85	0.9137719769363221	0.834688023597266	
437.2856	177.27	0.951810178998896	-0.5342297289578211	
437.3604	264.88	0.8798490942249957	-1.0625345615432198	C27H48O4
173.0784	22.62	0.8003313392030962	1.2930281742091996	
475.3783	278.35	0.9956670898505213	0.12481201558404627	C30H50O4
401.1596	27.22	0.45432101411155473	4.578357775117337	C22H24O7
401.2149	25.38	0.8967295895805838	0.9500810408184153	
401.2149	28.4	0.7941275255971214	1.3107423252641361	
401.264	224.55	0.5398243431244939	2.6766760344171363	
476.2445	230.35	0.9137719769363221	-0.831496241558134	
401.3418	201.37	0.9179375957517883	0.716617213541214	
438.2618	193.98	0.9137719769363221	0.8098884667962393	
438.3637	264.75	0.907727650510487	-0.87347894682211	C27H48O4
476.3817	278.08	0.9956670898505213	0.03535546516281617	C30H50O4
476.3946	185.83	0.6838805853522544	-1.915557318540347	
476.3946	192.54	0.9014888549369157	-0.9276125622095056	
439.1365	28.93	0.45432101411155473	3.6608702981442565	C24H22O8
477.2113	184.91	0.9956670898505213	-0.17258865333676568	
477.2165	283.47	0.6838805853522544	-1.8685611874082693	
439.2743	220.61	0.9956670898505213	0.2999543569506894	
402.1629	27.22	0.45432101411155473	3.597174956240436	C22H24O7
477.3172	230.22	0.9137719769363221	-0.7637289632658514	
477.3535	105.32	0.9956670898505213	0.22718525347541482	
478.3059	220.87	0.967684683343868	0.4330123694362361	
440.2017	37.22	0.9337706500211286	0.6716694210956495	C24H30O6
478.3741	162.1	0.9132531698940437	-0.8441191068995272	
173.1325	176.35	0.9956670898505213	0.07287971227723367	
173.1325	183.86	0.9956670898505213	0.03889641110994491	
403.3056	196.37	0.7505855974826228	1.4378683071950435	
440.2809	221.13	0.9425578570938244	0.6371744714728721	
403.3415	105.32	0.951810178998896	-0.5428970838695645	
403.3415	195.3	0.7505855974826228	-1.4314348973128002	
403.3532	127.84	0.9956670898505213	0.03897877739985901	
403.3532	183.73	0.9956670898505213	0.19240245717876328	
441.1315	24.86	0.9956670898505213	0.20506838580556477	
441.1315	29.58	0.5919803580633042	2.2900456593766214	C23H22O6
441.1521	27.22	0.45432101411155473	4.346320819015864	
403.92	3.48	0.907727650510487	-0.8711132322191281	
441.319	172.15	0.9337706500211286	-0.6630607031203312	
404.2644	28.01	0.7941275255971214	1.3053332834801656	
480.2863	192.01	0.9956670898505213	-0.2599577272180589	
442.1552	27.22	0.45432101411155473	3.7115827084485646	
404.3734	201.51	0.928734511171928	-0.6964097444542676	
404.3734	230.87	0.8538192770424082	-1.144466227925465	C25H44O3
480.4025	196.76	0.9956670898505213	0.26762127604074504	
520.3636	305.63	0.8967295895805838	0.965774785589351	
443.1576	27.22	0.5458513098793254	2.59573228226718	
443.2061	38.27	0.9479648097256943	0.6146353825601123	C19H34O9
443.2252	26.04	0.778555211169534	1.3491743781613923	
443.2252	28.53	0.8967295895805838	0.9781372179931619	
521.3831	220.87	0.9479648097256943	0.6116006942567314	
521.3831	263.3	0.951810178998896	0.5422695452876237	
406.0427	21.7	0.9130026994400422	0.8510729327166031	
406.2125	30.92	0.6807312079239907	2.00199481023069	
522.2402	186.49	0.7287463775870894	-1.5735375064007529	
522.2621	247.23	0.9898745987046483	0.3329309762813309	
481.2853	230.35	0.8858444876412378	-1.0318847725653777	
443.2683	134.93	0.9956670898505213	-0.273707910120326	
443.3731	221.13	0.967684683343868	-0.42131050258143654	C27H46O4
481.3308	190.83	0.9956670898505213	0.23144185093891906	
481.3308	193.33	0.9279987355713112	0.6983947803970735	
444.2299	151.84	0.9137719769363221	-0.7735300238244814	
407.2149	31.05	0.9956670898505213	-0.1827510010234861	
407.2355	184.65	0.951810178998896	-0.5502659909895976	
407.2355	305.08	0.6838805853522544	1.8136569496125488	
407.2482	230.35	0.907727650510487	-0.8726360425067464	
407.3245	203.74	0.9956670898505213	-0.20280164466564832	
407.7887	200.72	0.9956670898505213	0.10778270299786379	
444.3767	221.13	0.9956670898505213	0.0794980979240373	C27H46O4
482.2885	230.87	0.9130026994400422	-0.8526927729893112	
523.3829	158.82	0.9956670898505213	0.24413480066627233	
408.2899	200.59	0.9956670898505213	-0.14141263434216564	
408.3085	176.35	0.9956670898505213	0.07344380742875287	
408.3085	183.86	0.9979141625688651	-0.006243063962778905	C23H42O4
523.8845	158.82	0.942472852632039	0.6447734945862199	
524.1942	221.0	0.9069314864244233	0.8860331773611418	
483.3533	264.88	0.8690280888689851	-1.1039586729630488	
524.8832	158.82	0.9898745987046483	0.33423937822978	
484.1803	199.26	0.9719253921156048	0.3868099353239678	
484.1803	202.16	0.9402963968940794	0.6519028739777154	
408.9188	20.92	0.9757963903415462	0.3686962471111155	
409.1619	31.05	0.6838805853522544	1.7647101586834906	C22H26O6
409.2562	33.81	0.5919803580633042	-2.3108667176631372	
409.2882	200.85	0.9956670898505213	-0.06708467256288608	
484.3689	221.26	0.9719253921156048	-0.38380393115877975	C24H52NO6P
446.2958	22.49	0.951810178998896	-0.5304891573834584	
446.2958	24.59	0.9956670898505213	-0.3231139069813133	
526.0823	38.54	0.7505855974826228	1.4656100328305102	
526.0823	42.09	0.9492052849116771	-0.5687432291957183	
409.329	230.35	0.9956670898505213	-0.19507230932371994	
409.9012	3.21	0.9488392717337122	-0.5722182809841162	
526.4105	217.04	0.9137719769363221	0.7958757928902993	
485.3362	218.22	0.9956670898505213	0.05559422946978045	
526.4472	264.61	0.7279196459919915	1.5851523285786735	
485.3442	190.7	0.9137719769363221	-0.7357177358064882	
410.1652	31.05	0.7505855974826228	1.4271063175960859	C22H26O6
486.2652	230.35	0.8672796540020206	-1.1190539592982176	
486.3005	214.95	0.9137719769363221	-0.7825401235173582	
486.3274	24.99	0.7505855974826228	-1.422076832245617	
410.3323	230.22	0.9956670898505213	-0.3054881231433483	
487.2351	198.99	0.8967295895805838	-0.9585959225021129	
487.2351	202.16	0.9137719769363221	-0.7949913969548011	
527.2901	230.35	0.879487555780183	-1.0710872219643996	
527.3636	231.0	0.920505927360622	0.7124318159472831	C24H52NO7P
488.2646	35.25	0.9956670898505213	-0.255956874117774	C27H37NO7
489.3128	194.38	0.6371016002183608	2.1552798940714353	
528.2941	210.61	0.9137719769363221	0.8164666328395955	
528.2941	230.74	0.8858444876412378	-1.0346392979881875	
528.3475	264.88	0.8279604740406752	-1.2567506283601468	
448.4151	197.16	0.856141024081807	-1.140982045999311	
569.3067	230.87	0.8526355003976899	-1.1586698994086624	
449.2456	210.61	0.8891398462609119	1.014511531913026	
569.5149	403.16	0.641952691591676	2.120818528499408	C35H68O5
490.3817	203.48	0.8526250578140285	-1.1689321426513746	C31H48O4
490.4257	317.6	0.9488392717337122	-0.5940372635000382	
569.928	199.91	0.9818017446123836	0.3521963441526091	
529.307	218.62	0.9752811945607005	-0.3733746116228624	
529.3509	264.48	0.7741617193941509	-1.3633795302098786	
530.1276	199.12	0.8967295895805838	-0.9528274405692881	
530.1276	201.51	0.9956670898505213	-0.1980456307335644	
530.299	230.74	0.9014888549369157	-0.9059760213149479	
450.2699	26.43	0.5792218104887398	2.4049550454465978	
450.2699	27.88	0.6838805853522544	1.8132631985795022	
532.1517	215.73	0.9956670898505213	0.171141875870176	
532.1517	221.66	0.9956670898505213	-0.1278295424080428	
532.1517	227.33	0.7549486534537782	-1.412286899643469	
532.2077	193.72	0.8967295895805838	0.9583531756658976	
532.2277	220.74	0.7505855974826228	1.4293852431926037	
532.2662	81.35	0.6838805853522544	1.71841731541614	
532.2662	83.06	0.9735669679282217	0.37882410814496204	
450.3791	192.54	0.9014888549369157	-0.9178281063500587	
492.176	220.74	0.9130026994400422	0.8584046837272926	
533.3875	63.58	0.6838805853522544	1.806557663558421	
533.8636	158.69	0.9014888549369157	0.9355047411309259	
533.8855	165.95	0.8411588717973844	-1.2032375483014086	
571.3976	249.2	0.9956670898505213	0.0415141428046417	C33H56O6
492.405	278.08	0.9956670898505213	-0.228222377780322	C28H50O4
571.4108	188.59	0.9137719769363221	-0.7550324713262586	
492.4256	221.66	0.951810178998896	0.533141547794659	
534.2229	220.74	0.9130026994400422	0.8504710658073454	
571.4422	308.78	0.920505927360622	0.7116215721430725	C40H56O2
534.2829	168.05	0.9956670898505213	-0.2958452232930408	C26H43O9P
534.2829	264.75	0.9587736236361033	0.5048271959021857	
451.3761	223.5	0.8526250578140285	1.1776177279848752	
451.3761	283.86	0.9337706500211286	0.6625392627971818	
451.3825	192.54	0.907727650510487	-0.8751683119321778	
534.3919	195.3	0.9956670898505213	-0.2658582813728793	
535.1899	184.78	0.9684450002203343	-0.40215813161085906	
535.2259	220.87	0.8538192770424082	1.1449930819506944	
572.2542	264.09	0.7500354648867402	-1.500870567341536	
572.2542	265.14	0.6838805853522544	-1.7504408353811636	
535.3341	300.19	0.6453601949014365	-2.0724503294368892	
452.249	32.5	0.45432101411155473	3.3166071794975553	
493.1427	104.14	0.9137719769363221	0.7671654702295009	
493.1427	189.77	0.7393934279450957	1.5478760608968287	
452.3852	192.41	0.9137719769363221	-0.7988855367564118	
493.3273	2.43	0.9956670898505213	0.3211362922311527	
493.3273	243.27	0.9956670898505213	0.18765946982353363	
536.2774	264.75	0.9137719769363221	-0.8215044334405308	
536.293	230.35	0.9014888549369157	-0.9123841018885004	
493.3891	294.55	0.6838805853522544	1.7698073690622749	C30H52O5
453.3186	190.83	0.967684683343868	0.45759583692634964	C27H42O3F2,C27H42F2O3
537.2957	231.0	0.907727650510487	-0.8810995768341775	
453.3881	192.67	0.8891398462609119	-1.0116336169442808	
538.2902	231.13	0.9488392717337122	-0.5975249776673991	
454.2648	27.22	0.5919803580633042	2.3028146684817337	
454.3222	190.96	0.928734511171928	0.6913492482205578	C27H42O3F2,C27H42F2O3
495.2333	214.82	0.9956670898505213	0.17488836820155115	
495.238	196.24	0.9137719769363221	-0.8265347196031526	
495.3005	28.14	0.7941275255971214	1.3038675829638544	
495.3005	246.97	0.8858444876412378	-1.0326833376124303	
495.4046	365.79	0.9956670898505213	-0.19733467099634625	
575.9103	201.9	0.9956670898505213	0.09709202613418763	
539.2871	264.48	0.7113199481596765	-1.6290236198477257	
455.2254	26.3	0.641952691591676	2.132325254829039	
576.1773	154.59	0.9137719769363221	0.7397639849807276	
576.1773	223.1	0.8967295895805838	-0.9459133921431994	
576.1773	235.63	0.9069314864244233	-0.8865708350230249	
539.3913	196.37	0.9444817234526784	0.6206193009021679	
576.2336	229.82	0.967684683343868	-0.4510704837117243	
455.3223	230.61	0.8776247515709955	-1.0834952354129033	
576.4115	63.05	0.6838805853522544	1.9539611510061325	
576.4115	201.64	0.9979141625688651	0.004664615887611796	
540.0692	27.09	0.9956670898505213	0.14588352175286654	
496.163	190.03	0.8526250578140285	1.1626790854937359	
456.17	184.91	0.967684683343868	-0.4474273017272787	
576.9116	1.77	0.879487555780183	1.076503125043728	
576.9116	199.39	0.9956670898505213	-0.22768397108815383	
576.9116	201.9	0.9434183377146739	0.6277927906865044	
540.4265	258.16	0.6838805853522544	1.9014198983882855	
540.4475	151.97	0.5792218104887398	2.409612721379997	
496.304	210.19	0.45432101411155473	3.342057598681489	
496.304	247.1	0.6080622474149272	-2.266699705401965	
577.2368	229.95	0.967684683343868	-0.46516485007508834	
456.2896	193.98	0.9130026994400422	0.8511580926711966	
456.301	220.74	0.907727650510487	0.8688063472700034	
577.4132	62.66	0.6838805853522544	1.8306451904726924	
577.4132	163.15	0.9847108639727444	-0.34555055916209426	
577.4132	202.16	0.9898745987046483	0.33309042916012604	
456.3374	192.93	0.9979141625688651	0.007973339783389771	
496.4211	154.2	0.6305768269293829	2.180163302388233	
542.2073	53.15	0.9956670898505213	-0.21441641786011795	
457.1262	27.09	0.8590476221272719	1.134341901513872	
457.2409	25.64	0.907727650510487	0.8698440385821541	
457.2409	26.69	0.7155423143292884	1.6195142540262275	
457.2861	166.35	0.8891398462609119	1.0175896075282265	
457.2861	215.21	0.9014888549369157	-0.9077516164364874	
457.2923	193.98	0.907727650510487	0.8780815535451604	
497.3165	228.11	0.9956670898505213	-0.09344771768957107	
457.3522	202.29	0.9137719769363221	-0.7941471489669965	C26H48O6
497.3604	277.43	0.9757963903415462	0.36890749102175296	C30H50O4
544.223	231.13	0.9337706500211286	-0.6696028228635419	
544.2377	199.39	0.967684683343868	0.4377457454342324	
544.2377	202.16	0.9956670898505213	0.17892753349315144	
544.3695	25.91	0.6838805853522544	-1.764507391233821	
578.9062	1.77	0.8398247677300241	1.218271898929884	
579.1675	79.51	0.7015650579634428	-1.6770020349256596	
545.2933	264.48	0.7549486534537782	-1.408178133158706	
498.4157	264.48	0.6838805853522544	1.900336374849995	
546.1675	215.6	0.9956670898505213	0.27922023967900683	
546.1675	220.06	0.9719253245919234	0.3886728752120723	
546.1675	224.94	0.6305768269293829	-2.214783052047556	
458.3051	220.19	0.967684683343868	0.40939613024360744	
458.3051	221.13	0.9337706500211286	0.6652819179783195	
546.3213	230.48	0.9069314864244233	-0.8880433116250566	
580.1711	79.64	0.7113199481596765	-1.6321914677155778	
580.2429	230.74	0.951810178998896	-0.5568471854091112	
499.296	184.78	0.8967295895805838	-0.9491386958500833	
499.3241	195.58	0.9434183377146739	0.6310118009666636	
459.2654	65.02	0.9956670898505213	0.09524005405872317	
459.2654	177.53	0.6838805853522544	1.9597538894345945	
459.2654	198.34	0.6838805853522544	1.9658720301152193	
459.2722	184.78	0.967684683343868	-0.44007374741137945	
459.4154	204.26	0.9956670898505213	0.2508688501837048	
459.4154	209.14	0.9956670898505213	0.2569274488905194	
500.316	230.74	0.8967295895805838	-0.9567145047134539	
501.3193	230.48	0.9137719769363221	-0.8140471147774909	
501.35	230.74	0.7393934279450957	1.5468280251985806	
502.1758	185.04	0.967684683343868	-0.4523243441018209	
502.3219	24.59	0.9160504308443927	-0.7273886605624885	
502.3219	230.74	0.9956670898505213	-0.13719999356936158	
547.3245	230.35	0.8590476221272719	-1.1311640547160327	
502.3626	217.96	0.9137719769363221	-0.7434885539122948	
502.3626	233.5	0.8967295895805838	-0.945121118475223	
582.2411	218.88	0.6838805853522544	-1.7653636806653483	
582.2411	230.74	0.8279604740406752	-1.2441220557531059	
582.2831	265.14	0.8967295895805838	-0.9580243253732472	
460.2536	33.81	0.9956670898505213	0.09569045153742295	
503.1227	27.22	0.7500354648867402	1.5052244185603239	
547.4722	323.38	0.6791564651961256	2.0136997146412385	C35H62O4
582.4368	221.53	0.8786893987556457	-1.0787370685687028	
503.371	264.09	0.6838805853522544	1.912247576982094	
548.4758	323.38	0.6838805853522544	1.9281197042938798	C35H62O4
504.2755	264.75	0.5895161367254539	-2.346783336403672	
549.3131	222.58	0.951810178998896	0.5286298452813516	
583.6358	452.17	0.9337706500211286	0.6621874083654461	
583.6358	453.35	0.6838805853522544	1.805640926006747	
549.3458	210.19	0.9130026994400422	0.8514967116425189	
549.4153	207.3	0.8279604740406752	1.244394975219209	C33H56O6
549.4535	200.85	0.9956670898505213	0.04590162562311506	C34H60O5
584.1693	183.99	0.5919803580633042	-2.3088009446886386	
584.2065	222.58	0.8538192770424082	-1.1517426460783657	
549.956	200.72	0.9979141625688651	0.014555365651726352	
550.2929	284.39	0.5416902432556884	-2.6446715140437855	
550.3405	159.21	0.8424202392559597	-1.2006035735229468	
584.4737	150.26	0.5907857268047646	2.3380091995707155	
550.3664	210.32	0.8967295895805838	0.9998588219809069	
550.4188	248.81	0.951810178998896	-0.5395060912806711	C33H56O6
550.4563	200.85	0.9956670898505213	-0.17095429445511154	C34H60O5
505.3084	210.61	0.8967295895805838	0.9819733305769575	
505.3491	264.88	0.45432101411155473	-3.5353998953264383	
585.4493	306.55	0.6838805853522544	1.7494154823187038	C35H62O5
550.8393	158.69	0.9956670898505213	-0.21679070452392038	
550.957	200.59	0.9782031811506511	-0.36045865163895785	
551.3404	158.43	0.9137719769363221	0.7778356775993865	
551.369	210.32	0.7515715448343084	1.4191993513514096	
551.392	218.75	0.967684683343868	0.4306675898879323	C32H54O7
551.4582	200.72	0.9014888549369157	-0.9173760707791847	C34H60O5
551.8389	158.69	0.9137719769363221	0.8125809869475391	
586.4627	257.5	0.879487555780183	1.0683433836157945	
464.1443	189.77	0.8341228401520023	1.2258066999100927	
464.2048	184.91	0.9337706500211286	-0.6646726153734804	
587.3921	221.26	0.9956670898505213	-0.04425354333881564	
506.2655	199.12	0.951810178998896	0.5455945980799287	
506.3116	210.74	0.8812632223838825	1.0535704756924853	
506.4419	254.22	0.8967295895805838	-0.9496523917866425	
588.3955	221.26	0.9956670898505213	-0.11669704283895192	
588.4456	291.53	0.8778253282675114	1.08087832828733	
507.262	220.87	0.8861612831050771	1.0260666883764789	
507.2832	200.59	0.8279604740406752	-1.242787811401495	
507.3182	264.48	0.7505855974826228	-1.4519206162932006	
625.3032	207.04	0.45432101411155473	-3.17902046147074	
507.4084	158.95	0.9137719769363221	0.7555246094892284	
553.4596	377.1	0.5416902432556884	2.6368141010469417	C35H62O3
625.4235	28.14	0.9488392717337122	-0.5876640105097485	C28H58NO9P
553.5103	402.89	0.5792218104887398	2.4431121435425305	C35H66O4
507.9091	158.95	0.9798370190723921	0.3556304458603993	
626.309	206.78	0.5792218104887398	-2.413264007101715	
508.2067	184.78	0.9137719769363221	-0.789150042066153	
589.4004	221.26	0.9337706500211286	0.6652772775465924	
589.4004	230.48	0.9956670898505213	0.30462068558623046	
508.2461	230.74	0.9644653301439369	-0.47946533684919956	
589.4814	254.87	0.5919803580633042	2.2911805853107046	
508.2834	200.98	0.8538192770424082	-1.1466070635073669	
508.3484	205.05	0.9368835892707125	-0.6561190917403458	C31H48O4
590.1934	221.92	0.9661302655806046	-0.4738429306367781	
590.1934	233.63	0.9752811945607005	-0.37162221933826767	
508.4111	158.82	0.8690280888689851	1.109763467894077	
508.4111	203.21	0.7505855974826228	-1.4231113739383359	
591.1968	188.59	0.7505855974826228	1.434503728775036	
554.2513	230.48	0.9137719769363221	-0.7957656178273168	
554.2887	214.68	0.9678657250598643	-0.4075913147554618	
509.1858	206.78	0.951810178998896	-0.5333051087412688	
509.2493	231.0	0.951810178998896	-0.5559827068771634	
509.3166	264.48	0.8759265527610033	-1.0867139519814897	
628.4999	147.9	0.6305768269293829	2.202844984094049	
509.3469	204.0	0.7108489490907846	-1.6495909312106538	
593.4243	187.54	0.45432101411155473	-3.325551286021688	C28H58NO9P
555.2549	230.74	0.8538192770424082	-1.1543366181522379	
594.0693	39.59	0.9341653155477271	0.6607072455279258	
510.1887	114.01	0.6838805853522544	-1.7222377953881052	
510.1887	206.78	0.5350112921483376	-2.6908091379901413	
630.2249	230.87	0.9014888549369157	-0.9111328473015475	
594.2361	264.75	0.9587736236361033	-0.5006326005471853	
630.2613	203.61	0.9274717338941189	-0.6999259034260338	
510.3199	264.48	0.8891398462609119	-1.0130558095458222	
594.4735	289.79	0.6838805853522544	1.7324592364528917	C35H60O5
595.1625	73.32	0.45432101411155473	-3.1322699815815396	C27H30O15
511.1449	153.94	0.967684683343868	0.4248926029844125	
511.1449	163.28	0.8885886149602683	1.0212354534772399	
556.3791	303.77	0.8891398462609119	-1.01242771300021	
556.4424	99.28	0.5792218104887398	2.431197109237963	
511.2558	230.22	0.7108489490907846	-1.6509880623518873	
511.2622	199.39	0.967684683343868	0.42286202965227465	
511.2622	202.42	0.9137719769363221	0.736199757253784	
632.2407	194.9	0.9137719769363221	0.8384173846017431	
632.2407	231.27	0.9587736236361033	-0.5024230293637143	
632.268	203.48	0.7500354648867402	-1.4987518243356222	
632.277	289.01	0.967684683343868	-0.44515425390689417	
632.297	304.03	0.8526250578140285	-1.177183615103307	
596.1672	73.58	0.3731480690028634	-5.216365379920858	C27H30O15
596.1942	79.38	0.7648192266540039	-1.388081383444379	
511.3685	227.98	0.9956670898505213	-0.04604055997535704	
632.4355	413.99	0.6838805853522544	1.7764594996378409	
596.3351	264.35	0.9137719769363221	-0.8079835982115249	
511.3987	373.27	0.9956670898505213	-0.19300723681539825	
597.1975	79.64	0.7260336901178003	-1.5930902011818486	
633.244	189.51	0.8967295895805838	0.9528485199016199	
633.244	192.54	0.7505855974826228	1.4708426669988812	
633.244	194.77	0.9434183377146739	0.6336244026435424	
633.2803	289.14	0.951810178998896	-0.5499499780241868	
597.3382	264.61	0.9137719769363221	-0.7426790635161001	
633.4281	26.04	0.9067788700858457	-0.8980947881405781	
558.3422	108.51	0.9956670898505213	0.19326177564565264	
635.4561	80.83	0.9132531698940437	-0.8474600422115789	
512.416	100.07	0.5335378663443261	2.708452759489156	
599.4286	289.79	0.6838805853522544	1.8271309225662575	C35H60O6
600.2708	264.61	0.9956670898505213	0.1442246600978759	
513.3495	223.63	0.6838805853522544	1.8264317573857693	
600.4686	98.23	0.6305768269293829	2.2202179765612677	C34H65NO5S
601.1495	79.25	0.7505855974826228	-1.471838143646745	
637.5387	285.04	0.640975666453097	-2.1459340265609863	
638.3371	206.91	0.45432101411155473	-3.0225851682788982	
638.3449	183.86	0.9137719769363221	-0.804562504438351	
602.2305	189.37	0.8759265527610033	1.0891082314069993	
602.2305	221.13	0.9611799394187867	0.4919293462428776	
560.3643	196.1	0.8538192770424082	1.152668334394398	
639.2251	79.38	0.707571744263394	-1.661741498174357	
639.3404	206.91	0.45432101411155473	-3.000341929472256	
639.4256	218.35	0.9069314864244233	-0.8886517752852509	
561.2379	156.59	0.9137719769363221	0.7498256707801644	
561.4367	201.64	0.9956670898505213	-0.07821766826199313	
604.2093	232.97	0.9627444378056426	-0.48377627653715927	
640.221	73.19	0.45432101411155473	-2.9424655179821926	
640.3432	206.91	0.45432101411155473	-3.0052938603542465	
515.3286	198.47	0.6453601949014365	2.075742682891469	
515.3964	158.82	0.9776351690145911	0.362854571429535	
605.2682	264.48	0.9611799394187867	-0.49285965592144476	
605.3156	283.47	0.6838805853522544	-1.7571775947568251	
605.4759	291.0	0.9014888549369157	-0.9073874399995047	
562.2182	215.08	0.9137719769363221	-0.758680448258072	
641.3435	207.04	0.5458513098793254	-2.603802103391473	
562.3167	116.56	0.8858444876412378	1.03294749063826	
606.3191	283.47	0.6838805853522544	-1.7408005629280554	
516.3679	221.26	0.9488392717337122	0.5875952602688087	
606.4791	195.71	0.74605319957501	1.5222931443214958	
606.4791	290.61	0.9620308222807947	0.4891906278735366	
642.3178	287.56	0.951810178998896	-0.557007996562171	
516.901	159.08	0.9130026994400422	0.8501218936432051	
563.2219	214.82	0.7505855974826228	-1.4755408168312683	
517.2616	230.61	0.9137719769363221	-0.7895031142503727	
563.4659	364.45	0.4975733886301958	2.8088241096935014	C33H64O5
607.322	283.86	0.7350970348859418	-1.5641784667866279	
642.63	295.33	0.6838805853522544	-1.8227982707378654	
564.3088	303.9	0.8690280888689851	-1.1103470482815563	
607.557	333.67	0.6838805853522544	-1.7382523461651627	
643.2922	207.04	0.5530849709661003	-2.5689442569189063	
564.3246	264.75	0.9956670898505213	-0.04194823604712044	
643.4937	323.12	0.967684683343868	-0.4594440543482229	
564.4693	364.19	0.45432101411155473	3.197882040998255	C33H64O5
564.4989	323.64	0.6838805853522544	1.9540923347302026	
565.2478	206.78	0.45432101411155473	-3.1323564741019925	
644.2958	206.91	0.5530849709661003	-2.5655121041919804	
565.4102	221.26	0.9956670898505213	-0.1304885525931517	
644.4952	96.39	0.6526255998079852	2.0601347313049847	
565.483	290.74	0.9627444378056426	-0.4843778631184451	
518.3397	82.14	0.9956670898505213	0.1021258957027532	C23H44N6O7,C27H48O9
518.363	220.87	0.9516479469139165	0.5654183495250131	
518.4572	317.6	0.9137719769363221	-0.7750770025231862	
645.2439	195.03	0.9898745987046483	0.3358060690295507	
645.2989	206.91	0.5783255351184904	-2.465642112843951	
645.4992	96.39	0.6838805853522544	1.940954120126552	
566.2516	207.17	0.45432101411155473	-3.105785438601473	
646.3026	206.78	0.5458513098793254	-2.6094094265349277	
566.4298	200.85	0.942472852632039	-0.644996748719269	
566.4421	248.68	0.9587736236361033	-0.49995622609201756	
647.423	242.48	0.9956670898505213	0.2782559823975571	
647.423	261.2	0.6453601949014365	2.0757791805830665	
566.9308	200.59	0.9672838800122843	-0.4708211902743432	
567.2083	229.43	0.8858444876412378	-1.0316104560911346	
567.2083	230.61	0.9587736236361033	-0.500974356263918	
680.5352	158.82	0.9956670898505213	0.24286693888360422	
647.5236	314.56	0.8279604740406752	-1.2526465137483656	
647.5236	316.42	0.967684683343868	-0.4467867321275278	
567.2545	207.17	0.45432101411155473	-2.928437475835237	
611.1851	321.28	0.9956670898505213	0.25595806669239934	
567.4228	219.67	0.967684683343868	-0.4194994601755893	
567.4294	200.72	0.9337706500211286	-0.6634632280957282	
648.4389	189.24	0.9137719769363221	0.7500019283035905	
648.4389	190.16	0.7941275255971214	1.3164035785666173	
649.3037	289.01	0.9672838800122843	-0.47101675323071235	
611.6087	353.89	0.9014888549369157	0.9127037539761195	
650.278	196.24	0.9956670898505213	0.25029432832789067	
650.3071	289.01	0.9956670898505213	-0.25748654103241403	
681.3679	206.78	0.45432101411155473	-2.9656649514703135	
567.9297	200.85	0.928734511171928	-0.6911337429594527	
568.3036	230.87	0.928734511171928	-0.6914331631214536	
612.1892	73.32	0.45432101411155473	-3.308110799846848	
568.4294	200.85	0.9040689540238458	-0.9017187788999282	
681.5387	158.82	0.967684683343868	0.4319386033429597	
652.3524	206.78	0.5815165927728838	-2.3664459829414404	
568.9296	200.85	0.9487459362717915	0.607637171326519	
652.4999	179.63	0.45432101411155473	-2.94599650122782	
682.3712	206.78	0.45432101411155473	-3.944730827406466	
653.3372	195.03	0.9137719769363221	-0.744901055422214	
653.3554	206.78	0.4975733886301958	-2.7933461461470874	
614.5988	295.2	0.7648192266540039	-1.3905667290209367	
683.3138	217.44	0.9337706500211286	0.6655011877447227	
683.3739	206.91	0.45432101411155473	-2.9405558591426675	
737.4204	403.55	0.8967295895805838	0.9719819128542785	
655.3167	124.28	0.9956670898505213	-0.20650302190663644	C32H50O11
684.2334	219.4	0.967684683343868	0.43625676015197756	
684.3189	206.91	0.5792218104887398	-2.4204039841024265	
616.3183	218.09	0.9488392717337122	-0.5798041581663622	
617.3217	218.22	0.9404396871139588	-0.6497307152966807	
656.3194	88.61	0.9752811945607005	0.3751238338244467	
656.3194	124.14	0.7753181912361141	-1.3606105912262079	C32H50O11
656.4525	173.85	0.9137719769363221	-0.8255488981325758	
656.4525	244.32	0.8858444876412378	-1.0358494191175582	
618.2827	284.13	0.9137719769363221	-0.7432070098675445	
685.3226	207.04	0.45432101411155473	-3.4265293045656904	
620.2307	188.72	0.9137719769363221	0.7517115706155124	
620.2936	218.62	0.9014888549369157	-0.9226009916118114	C29H47O12P
620.2936	281.76	0.8526250578140285	-1.1633670806836107	C29H47O12P
620.4214	24.72	0.7113199481596765	-1.6301978908337744	
621.3106	206.91	0.45432101411155473	-3.0660314710896457	
622.3138	206.91	0.45432101411155473	-3.0724341767821852	
740.9302	158.69	0.9956670898505213	-0.0786525504698911	
741.4324	159.21	0.9434183377146739	0.6328810820656986	
623.3166	206.78	0.45432101411155473	-3.1494407048772652	
623.3263	283.86	0.6838805853522544	-1.772147590536413	
659.2666	206.78	0.5416902432556884	-2.638023724379811	
659.3448	287.3	0.967684683343868	-0.46619562531627584	
624.3203	206.91	0.9684450002203343	-0.4013358140190548	
624.3296	283.86	0.6985463006070898	-1.682297226280302	
741.9345	158.95	0.8746193624365673	1.092055000816559	
624.4182	287.69	0.7041103043425336	1.67160152495627	
742.4343	158.69	0.9014888549369157	-0.9076988468603839	
742.5045	184.65	0.6838805853522544	-1.7126252373572637	
686.325	207.04	0.5907857268047646	-2.3351059360552586	
742.9353	158.95	0.9956670898505213	0.09908333613361912	
743.4354	159.08	0.9488392717337122	-0.5803471289376635	
743.5078	184.91	0.6791564651961256	-2.023419822056928	
743.9359	159.08	0.9649173049959886	-0.47786344690871674	
661.3022	220.19	0.9274717338941189	-0.7003253394052965	
744.2335	233.24	0.9956670898505213	-0.0993277398995627	
661.4897	403.42	0.641952691591676	2.119961748452827	
687.2538	189.9	0.8737647734315105	-1.095611020645776	
662.2239	265.14	0.9956670898505213	-0.13010892248065506	
662.251	219.54	0.9956670898505213	0.2933897396196149	
662.3378	206.91	0.5558827749183225	-2.549445931398035	
745.4735	436.76	0.789781155143101	1.3269067707542102	
746.0853	200.85	0.8776247515709955	-1.0824472631310855	
663.3415	207.04	0.5458513098793254	-2.5991649900697915	
663.4918	319.44	0.9956670898505213	-0.22420733891248049	
688.3025	224.81	0.9684450002203343	0.40362818809493806	
746.5849	200.59	0.7741617193941509	-1.3646786689150898	
747.0849	200.85	0.773988716409438	-1.3686592276796807	
688.5001	210.06	0.9956670898505213	0.06632890704103508	
664.3531	206.78	0.45432101411155473	-3.3058751860345392	
688.636	349.96	0.6305768269293829	-2.1821094161193333	
664.4305	162.23	0.9337706500211286	0.6793683533186895	
664.557	350.09	0.6838805853522544	-1.7152713016956498	
665.2982	203.74	0.967684683343868	-0.4674865691016092	
665.3486	206.78	0.4948577850531148	-2.8284967125240925	
748.325	235.21	0.8861612831050771	1.0256636785820379	
665.5074	319.31	0.9719253921156048	-0.3865923257879467	
665.5603	350.22	0.7359588482184009	-1.5604109449980101	
666.0093	319.31	0.9956670898505213	0.24271294824341974	
666.3687	206.78	0.45432101411155473	-3.855286968617291	
810.5213	199.78	0.9956670898505213	0.1635694548134955	
690.449	221.4	0.9137719769363221	0.8295426061136739	
749.4662	472.75	0.8812632223838825	-1.0539567832117462	
749.4662	483.01	0.9137719769363221	0.7759420505602616	
667.3719	206.78	0.45432101411155473	-3.2437187624169996	
667.4499	27.09	0.8538192770424082	-1.1514290944414725	
667.4499	287.95	0.9956670898505213	-0.20485103223837178	
750.507	28.01	0.9137719769363221	-0.7395107016415772	
750.507	220.32	0.724380219766231	1.6005673387220065	C40H74NO8P
668.3747	206.78	0.45432101411155473	-3.214536349473219	
751.511	32.5	0.9137719769363221	0.7683644040677007	
751.511	220.61	0.7505855974826228	1.4219034821990257	C40H74NO8P
751.5449	304.42	0.8812632223838825	-1.051757018975736	C40H79O10P
752.4689	472.75	0.9137719769363221	0.8055574965397797	
752.4689	483.01	0.7182115513807567	1.6114004079268607	
669.332	148.16	0.9898745987046483	0.3333330984793551	
669.332	177.4	0.9956670898505213	0.0784983699212263	
669.3771	206.91	0.45432101411155473	-2.989591504610857	
692.3368	289.01	0.907727650510487	-0.8783264811269891	
670.2959	160.53	0.9014888549369157	-0.9218964858440213	
670.2959	192.93	0.9488392717337122	-0.5818582172989424	
670.2959	199.12	0.7648192266540039	-1.3857750844267545	
754.3102	196.63	0.9132531698940437	0.8464907399003377	
754.3102	307.34	0.9358248279661087	0.6581310586664044	
693.364	218.62	0.9014888549369157	-0.9071462170036376	
755.0646	199.65	0.9956670898505213	-0.31037407288077845	
755.0646	201.77	0.8526250578140285	-1.1684507439435072	
671.311	103.75	0.45432101411155473	-4.023003606198395	
671.3312	74.5	0.9956670898505213	0.253758030562152	
816.247	264.48	0.951810178998896	0.5450226825344118	
816.247	275.17	0.9956670898505213	0.21730985620823462	
694.3659	206.91	0.45432101411155473	-3.804050831698512	
694.3659	218.75	0.9488392717337122	-0.5882278215084223	
694.4446	189.64	0.8321453243534931	1.2321725640649734	
694.4831	195.03	0.9488392717337122	0.5718661096723249	
672.249	265.01	0.9067788700858457	-0.8945204322835223	
756.2442	215.86	0.9654242018967529	0.4760583020382524	
756.2442	223.1	0.9137719769363221	-0.7752329538164248	
756.2442	237.33	0.8257133298317116	-1.2622692783528482	
695.2578	205.86	0.9014888549369157	0.9117851126104356	
695.2578	210.74	0.9709324311223808	0.3942339619814196	
695.3648	263.17	0.8685010272151531	-1.1158032326619112	
695.3648	270.97	0.6838805853522544	-1.925171816126894	
695.4866	195.03	0.951657018525677	0.56425717424779	
758.08	350.87	0.9137719769363221	-0.7937545524247281	
696.4756	256.84	0.6962585689740171	1.686887447524331	
696.4756	286.9	0.9956670898505213	0.2562416582965904	
696.5262	177.79	0.5815165927728838	-2.3876339711917134	
758.4371	220.87	0.840919379603052	1.206510052153985	
673.3038	288.74	0.9902872499573186	-0.3315961480870328	
673.3455	123.75	0.907727650510487	0.8746668262256004	
674.5142	312.06	0.789781155143101	-1.3255228673061556	C37H72NO7P
675.1424	281.89	0.9956670898505213	0.04418285514857172	
759.4402	220.87	0.6838805853522544	1.7809217089543896	
675.3531	218.62	0.967684683343868	0.4248441512031142	
822.4089	446.24	0.7041103043425336	1.6689868861090174	
676.2646	184.25	0.9956670898505213	0.3102606032369806	
676.2646	211.01	0.9956670898505213	0.12457890741791718	
676.296	234.02	0.8967295895805838	0.9470259979244448	
676.296	241.43	0.9956670898505213	0.1526708245510354	
676.3562	218.35	0.9956670898505213	-0.22404219242970078	
676.4332	186.35	0.9956670898505213	0.0837050833726289	
699.3454	264.88	0.6305768269293829	-2.180795471995006	
699.3454	271.36	0.967684683343868	0.42280463503591786	
824.6056	229.82	0.7840605419158151	1.3374100441229364	C52H76O7
677.512	347.72	0.6838805853522544	-1.7061163462739615	
700.2907	230.87	0.7113199481596765	-1.6357985203072496	
700.2907	264.61	0.967684683343868	-0.4525043349744223	
678.2788	267.27	0.9137719769363221	-0.8389626270612794	
826.5984	230.48	0.7182115513807567	-1.613409678864717	C45H76NO7P
701.2507	207.3	0.5530849709661003	-2.578016487159331	
678.4639	25.38	0.9956670898505213	0.1762666935953358	
701.4734	27.74	0.6838805853522544	-1.8530383949945555	C38H66NO8P
678.515	347.72	0.7505855974826228	-1.476141561419882	
678.5366	284.13	0.9719253921156048	0.38323799935371977	
827.6018	230.35	0.6838805853522544	-1.8977879424124064	C45H76NO7P
762.4693	195.03	0.9137719769363221	0.7636333879148035	
678.6876	611.3	0.8624151460986283	1.125397499396702	
679.5278	350.48	0.45432101411155473	-3.0067734376040205	
702.3534	82.27	0.9717876039652207	0.3915370017241586	
702.3739	189.64	0.8279604740406752	1.2463308082797369	
763.5073	158.69	0.8321453243534931	1.230066382125107	C43H72NO8P
830.2837	288.74	0.9956670898505213	-0.12180393624486309	
680.3843	207.04	0.4896426005792867	-2.8448917255867934	
830.2987	250.54	0.967684683343868	-0.41424502715182443	
830.2987	264.61	0.9956670898505213	0.0757455308361698	
830.2987	275.04	0.9956670898505213	0.21894607188913867	
830.2987	292.84	0.9488392717337122	0.5828771447368044	
680.4206	133.62	0.778555211169534	-1.3504427373822958	
680.4521	256.58	0.6838805853522544	1.7203527406706192	
680.4521	286.64	0.9956670898505213	-0.28393672218375315	
764.2573	214.29	0.9069314864244233	-0.8915836433906897	
764.2573	249.2	0.928734511171928	-0.6894074721819176	
703.3226	189.11	0.9956670898505213	0.08470338159269823	
764.4861	184.78	0.7395510655253017	-1.543635747831877	
703.3772	189.51	0.8230915185796767	1.266195756469009	
765.3518	187.8	0.9956670898505213	0.24092914269877033	
765.3518	235.07	0.7783692069097866	1.3527153526630316	
765.4867	184.52	0.6681090015988957	-2.0405361184268953	
766.5338	200.85	0.9752811945607005	0.3747542622131982	
898.4052	198.6	0.967684683343868	0.4400156597023664	
898.4052	202.42	0.9132531698940437	0.8460951405903572	
833.2619	214.16	0.967684683343868	0.46271375528320213	
834.4696	473.27	0.7505855974826228	1.4416673961314868	
706.603	200.72	0.9956670898505213	-0.21780803296403137	
706.603	484.2	0.8526250578140285	-1.1670359183701196	
706.603	485.8	0.9014888549369157	-0.9317576552036502	C44H80O6
904.6432	264.88	0.8737647734315105	-1.096831714858555	
835.2778	250.94	0.6838805853522544	-1.704013007807516	
835.2778	264.22	0.8967295895805838	-0.9854504162943339	
835.2778	275.17	0.967684683343868	-0.4124895744448289	
835.2778	292.45	0.7448978084786917	-1.5259738157923812	
707.5989	201.64	0.9488392717337122	-0.5798312788258518	
772.489	220.32	0.906852647833817	0.8932580860898006	C38H74NO10P
708.3127	196.37	0.45432101411155473	-3.075896905396214	
906.6143	138.87	0.967684683343868	0.4342646943758132	
773.0403	199.52	0.9956670898505213	-0.21073229035236202	
773.0403	201.51	0.9956670898505213	0.28985019313951643	
773.4924	221.0	0.9434183377146739	0.628817980716844	C38H74NO10P
773.5868	329.82	0.8526250578140285	1.1654593087863323	
907.6177	139.01	0.9956670898505213	0.1740745062054411	
908.1797	288.22	0.9956670898505213	-0.16855593953983483	
709.6342	480.65	0.9488392717337122	-0.5905201832762277	
775.5387	200.85	0.9605033106255445	0.4973062916420499	
711.2522	216.78	0.9137719769363221	0.7895200567104939	
711.2809	207.3	0.45432101411155473	-2.925156403520981	
711.3453	240.09	0.9956670898505213	0.26646176796694265	
712.2421	287.43	0.6453601949014365	-2.0733384608278276	
840.3425	207.04	0.45432101411155473	-3.4659205236135597	
842.3194	279.53	0.631089689186227	-2.1714087408247473	
842.3194	286.51	0.9956670898505213	-0.08581272497195003	
842.3194	293.5	0.998702628697749	-0.0016849361213317608	
842.4629	474.06	0.928734511171928	0.6903543286506912	
842.4629	482.49	0.7941275255971214	1.3115057870061722	
713.2455	241.3	0.9137719769363221	-0.7630679037214936	
843.2087	275.17	0.7113199481596765	-1.6372441181071862	
843.2087	292.45	0.9956670898505213	-0.17899558834578652	
714.9776	158.56	0.8003313392030962	1.2939560443640024	
715.3145	221.66	0.9014888549369157	-0.913571634315847	
845.5049	473.66	0.8967295895805838	0.9743341241445229	
845.5049	482.75	0.6838805853522544	1.8187801104234709	
715.9775	158.43	0.9956670898505213	0.17689099320162782	
846.5979	314.3	0.840919379603052	-1.2095038268989666	C49H84NO8P
716.3739	264.88	0.9766284981051542	0.36660972983613493	
716.3739	272.15	0.6838805853522544	-1.7041796010765753	
716.3739	279.27	0.9956670898505213	-0.21446791686752315	
716.4262	189.24	0.7505855974826228	1.4612358313393126	
716.4648	195.03	0.951657018525677	0.5624881101206257	
847.3342	288.35	0.9956670898505213	0.02758844143127218	
782.4544	473.8	0.6838805853522544	1.7109214065156408	
848.5805	230.35	0.7505855974826228	-1.4798958279982468	
717.4292	189.64	0.8003313392030962	1.2955551460303345	
717.4679	194.9	0.951810178998896	0.544431597170699	
782.6773	472.22	0.967684683343868	0.450126720662553	
783.0197	132.83	0.9337706500211286	-0.6671980006004818	
849.5838	230.35	0.6838805853522544	-1.9683393092028334	
928.4558	473.4	0.45432101411155473	3.1496966896636542	
928.4558	482.88	0.8812632223838825	1.0522253330358147	
850.4407	473.27	0.641952691591676	2.1278844792645413	
850.4407	483.41	0.6838805853522544	1.872009181302878	
718.3148	243.53	0.9137719769363221	0.8133217081920139	
850.6086	314.03	0.9137719769363221	-0.8063690036421334	C49H84NO8P
783.6802	471.83	0.9874111776523612	0.3409251872934795	
784.4527	194.77	0.9488392717337122	0.5722232470857397	
851.3978	37.35	0.907727650510487	0.8765330820714313	
933.6285	207.43	0.45432101411155473	-3.58909734647628	
785.4559	194.77	0.951657018525677	0.5627029204975111	
852.4012	37.22	0.9067788700858457	0.8945765112403721	
853.4042	37.22	0.9425132505630885	0.6425154627629066	
939.3502	198.86	0.9956670898505213	0.06875532998802286	
939.3502	202.16	0.967684683343868	0.4152110658792572	
941.3481	199.39	0.9956670898505213	0.16795275321220196	
941.3481	201.9	0.9956670898505213	0.15343528609028148	
854.4075	37.35	0.9337324997867961	0.6826827438330975	
721.4356	436.89	0.7781847083398943	1.3545753402717013	
721.4356	445.58	0.9434183377146739	0.63035287645614	
855.4085	37.35	0.9956670898505213	0.26944863020237947	
722.4407	186.49	0.9569409389124841	0.5178884536331255	
946.4582	346.8	0.967684683343868	-0.43733909157418444	
946.4582	348.25	0.9488392717337122	0.5931799670780019	
856.3713	286.64	0.9956670898505213	-0.13132339966788656	
856.3713	293.36	0.9956670898505213	0.2403569405604477	
856.4745	474.06	0.724380219766231	1.603196501408446	
948.6196	222.31	0.9965947579283307	0.021231424677056365	
948.6561	218.35	0.9956670898505213	-0.20516801599597784	
949.6228	203.08	0.6838805853522544	-1.7423761314663413	
857.477	473.53	0.8590476221272719	1.1298852850066468	
949.6601	218.62	0.9576768781972124	0.5120041630654433	
949.6601	236.28	0.9956670898505213	0.2752866303795459	
792.5491	199.39	0.9137719769363221	0.8262228837991048	
726.6136	199.65	0.9956670898505213	0.15064149479571534	
726.6136	201.77	0.967684683343868	0.41226640709605444	
726.6136	438.6	0.9644653301439369	-0.47925113645951656	
861.3501	286.25	0.9956670898505213	-0.05153916125558865	
861.3501	293.63	0.9956670898505213	-0.14306890659742497	
861.472	473.4	0.9137719769363221	0.7664068891557222	
861.472	482.75	0.7500354648867402	1.5013513838541865	
961.5489	189.64	0.9956670898505213	-0.02610195318070974	
961.652	218.62	0.9956670898505213	0.04140338801525353	
728.6086	200.59	0.9488392717337122	-0.5710662667334183	
729.1102	200.85	0.9979141625688651	0.00688279787818021	
795.6691	230.35	0.9160504308443927	-0.7263920660802927	
864.4917	483.28	0.7873831725233145	1.332699001540366	
966.6304	192.93	0.7941275255971214	-1.307496555069455	
966.6304	196.37	0.6807312079239907	-1.988690954151426	
796.9919	199.78	0.967684683343868	-0.40955961743028774	
967.6339	192.67	0.45432101411155473	-3.4896415920980983	
866.3657	288.48	0.9757963903415462	-0.3683777420851965	
797.9953	199.52	0.9956670898505213	-0.22857331517578053	
797.9953	201.51	0.9956670898505213	-0.168036684436842	
968.6375	196.24	0.5815165927728838	-2.3838604301568784	
798.9974	199.12	0.9137719769363221	0.7553712721496028	
798.9974	202.16	0.9479648097256943	0.6127687934648929	
799.4972	202.42	0.951810178998896	-0.5366220213929972	
799.9984	202.56	0.9488392717337122	0.5994710702675143	
800.4629	185.04	0.7500354648867402	-1.499728029907174	
870.5624	230.08	0.7395510655253017	-1.5391666186459985	
978.6513	199.26	0.9956670898505213	0.17591616200654397	
978.6513	202.03	0.9137719769363221	0.785748568613678	
733.4465	158.56	0.9956670898505213	-0.2304048316520182	
873.6193	314.16	0.7500354648867402	-1.5164135373236745	
875.5461	314.3	0.9130026994400422	-0.8521676934044818	
735.2675	196.89	0.8858444876412378	1.0401835105244983	
879.5817	195.16	0.9137719769363221	0.7608290393708456	C45H84NO13P
990.187	279.4	0.9479648097256943	-0.609374569407106	
990.187	280.58	0.8526250578140285	-1.1698781929512578	
990.6672	233.76	0.972834796057001	-0.38048708989797814	
880.5816	195.84	0.9956670898505213	-0.11103593867476455	C45H84NO13P
882.3277	37.22	0.9956670898505213	-0.25641974045582283	
997.2404	223.63	0.7113199481596765	-1.6384598804146913	
882.6615	264.48	0.6453601949014365	-2.071450498904961	
998.6202	194.38	0.9956670898505213	0.09967372856148161	
999.6234	194.77	0.9137719769363221	0.7654015466453833	
999.6234	203.21	0.967684683343868	0.42270629315406694	
1003.195	281.89	0.8967295895805838	-0.9613945208895129	
884.5573	230.35	0.9956670898505213	-0.23281257461418878	
885.5602	230.22	0.951810178998896	-0.5519645469298147	
1006.6254	197.42	0.951810178998896	0.5394255701776254	
1008.6692	213.63	0.9956670898505213	-0.27843724016651433	
1143.7113	245.79	0.7712508707730198	-1.374624190675848	
887.6797	192.41	0.7712508707730198	-1.3754745919115068	
1144.7148	245.92	0.9956670898505213	0.06024207051883182	
888.6832	192.28	0.7350970348859418	-1.5633111170680813	
1012.6207	213.37	0.7941275255971214	-1.3035217226011586	
1152.7357	245.79	0.7287463775870894	-1.5795087828171601	
1153.7391	245.53	0.45432101411155473	-2.9292297746498672	
1154.7509	243.53	0.6838805853522544	-1.7462669477117734	
1155.7545	243.53	0.6838805853522544	-1.8801191875707837	
1156.7579	243.53	0.6838805853522544	-1.8065176235665932	
1159.7052	230.61	0.7113199481596765	-1.6395581695086876	
1160.709	230.74	0.6838805853522544	-1.9571119916977078	
1160.709	243.93	0.8590476221272719	-1.1297737144295301	
1160.7249	222.58	0.9575379259723835	-0.5163513609532969	
1161.729	222.71	0.9956670898505213	0.10090437127491296	
894.5726	194.38	0.967684683343868	-0.4294148234234097	C47H79O13P
1170.7452	229.43	0.9337706500211286	-0.6649246913775576	
1171.749	229.17	0.840919379603052	-1.211165533100259	
896.4048	198.86	0.9956670898505213	0.26078826368445857	
896.4048	202.16	0.951810178998896	0.5546003584757517	
897.3992	196.5	0.7393934279450957	-1.5508747424007137	
897.3992	202.16	0.9870099849352021	0.3422475074542231	
897.5412	197.29	0.9137719769363221	-0.8146724286321353	
1038.6514	195.3	0.9956670898505213	-0.19209852254154092	
1039.6545	195.58	0.9130026994400422	-0.8512787394927258	
1180.7635	202.03	0.6838805853522544	-1.741449116468509	
1184.7635	199.12	0.9069314864244233	-0.8888050160129023	
1184.7635	201.9	0.840919379603052	-1.2107170228117845	C59H108N2O21
1186.74	220.74	0.9137719769363221	0.778386060230435	
1048.8235	348.51	0.7549486534537782	-1.4072078616004606	
1051.2971	267.53	0.9587736236361033	-0.5019662027784112	
1197.8015	292.31	0.9684450002203343	-0.402491770178486	
1203.7845	281.63	0.840919379603052	-1.2068860124392047	
1206.8187	289.27	0.7500354648867402	-1.5051972178705282	
1207.8219	288.87	0.45432101411155473	-3.5170006756752556	
1209.8359	281.37	0.9956670898505213	-0.08883343890062212	
1214.7547	251.07	0.7505855974826228	-1.457256711522388	C60H111NO23
1214.7547	259.47	0.5815165927728838	-2.3771217933954314	
1218.735	202.03	0.9956670898505213	0.301680715821457	C59H108N2O21
1218.778	260.81	0.840919379603052	-1.212789376994122	
1219.7332	199.52	0.9956670898505213	0.2775715152923157	C59H108N2O21
1219.7332	202.03	0.9684474531694613	-0.4004247881557323	C59H108N2O21
1219.7809	261.33	0.9488392717337122	-0.6011214211365818	
1087.2943	270.16	0.9956670898505213	-0.033704507750618326	C48H56O27
1092.8503	343.24	0.907727650510487	-0.8792909117014446	
1273.6029	136.77	0.9956670898505213	-0.09929824069644567	
1274.6067	136.9	0.9709324311223808	-0.39514194782196393	
1286.6715	206.78	0.45432101411155473	-3.275940090748003	
1292.1347	137.04	0.967684683343868	-0.45921771806946393	
1293.1074	137.04	0.967684683343868	-0.46876750908853704	
1294.1112	136.51	0.9956670898505213	0.23682526660761066	
1337.3423	609.84	0.9137719769363221	0.7582381940740589	
1422.1253	348.25	0.6371016002183608	-2.1576924037681904	
1422.5223	288.35	0.9337706500211286	-0.6649538693091194	
1423.1289	348.51	0.9956670898505213	-0.24222369662514404	
1444.1073	348.25	0.6294142337849775	-2.233951538438986	
1454.7734	325.09	0.951810178998896	0.5387533145955248	
1484.1143	325.22	0.951810178998896	-0.5473370957126115	
1485.1181	325.22	0.9488392717337122	-0.5786259755179043	
1486.1208	325.49	0.8995124727840902	-0.9409448417805043	
1501.141	324.96	0.9576768781972124	-0.5141104223238318	
1502.1448	324.96	0.9488392717337122	-0.5910293716012461	
1503.1479	324.96	0.7837426004336528	-1.3396675524379664	
