m/z	rtime	p-value	t-score	custom_id
108.9009	135.19	0.6901881059351884	-1.7460910415857247	
108.9009	150.19	0.9989854582444182	0.0013527228564614406	
109.0285	24.93	0.9764401233522898	-0.08146097695159764	
169.0613	50.51	0.6772593962808936	-3.1366061410187354	
142.9433	201.48	0.9023689202298463	-0.26819203039615136	
142.9743	201.75	0.7169508038226374	-0.9543413602568287	
110.8979	135.19	0.6901881059351884	-1.7756066395065828	
110.8979	150.19	0.6921237427792474	-1.0733175903455354	
170.0701	49.85	0.7757278799509785	-0.6460145850105175	
170.8286	1.7	0.9244964421075328	0.20762593410041216	
170.8474	135.58	0.7757278799509785	-0.634090048601413	
170.8474	149.8	0.7288373540484778	-0.8673493316912634	
143.0535	147.17	0.6901881059351884	-1.5513494336868165	
143.0535	150.74	0.7757278799509785	0.6333861664470044	
143.0535	152.45	0.8243604942010335	-0.4893395512561649	
113.9356	346.6	0.6901881059351884	1.8530232075512874	
171.0405	234.76	0.6901881059351884	1.9028194192854624	
171.0405	239.91	0.9427794123335517	0.1622132484473484	
171.0479	32.33	0.7403207759484928	0.7875467407887845	
143.9777	201.61	0.7288373540484778	-0.8858011833156372	
171.0558	26.91	0.7288373540484778	-0.8288062840792543	
143.9904	222.26	0.6901881059351884	-1.269351217864873	
171.0769	292.24	0.6901881059351884	2.1449246411121043	C7H12N2O3
114.932	346.87	0.7091101284595216	0.9875222258295226	
144.0738	34.95	0.788510069917521	0.5810827216746062	
144.8687	135.32	0.8135117344619438	-0.5212305756058101	
144.8687	149.93	0.8787368342037033	-0.32412682848884855	
144.9724	201.61	0.7055213778899944	-1.004665214625834	
172.0355	267.29	0.9903407495536117	0.035686561880106174	C6H6N2O4
172.0398	28.62	0.6901881059351884	-1.1580992083331227	
144.9783	201.61	0.6901881059351884	-1.2184905324308724	
82.9531	34.82	0.7288373540484778	-0.8239587288649228	
172.069	192.36	0.7288373540484778	0.8283955184237213	C8H12O4
172.5373	267.29	0.8461938702179522	-0.4077439440124747	
172.8276	1.56	0.8225338666164125	0.49972568025611536	
115.0584	222.26	0.8080102615039277	0.5352281178543679	C6H12S,C6H12S
146.0531	210.97	0.8340123466554381	-0.43724486582599154	
116.0061	297.63	0.6901881059351884	1.9697914792039883	
116.0469	209.92	0.678631129742915	-3.0755654006269686	
116.0478	209.92	0.5062147564289183	4.042032715346168	
172.985	201.48	0.805388133625572	-0.5408726457123662	
146.0814	180.11	0.7288373540484778	0.8596831619000841	
172.9907	25.73	0.9989854582444182	0.0026287901271430793	C6H6O4S,C6H6O4S
172.9907	27.57	0.9006465941101658	-0.2739810197609592	C6H6O4S,C6H6O4S
146.8659	135.58	0.9890549350863354	0.04400168089646719	
146.8659	149.8	0.8340123466554381	-0.4444637108418963	
116.0936	210.05	0.7288373540484778	-0.8600724558511963	
116.0945	210.18	0.6901881059351884	-1.538949173726524	
84.9502	34.69	0.7557422561159761	-0.7124399667875053	
147.0176	270.31	0.9447103715063746	0.15380903022910417	
173.0333	267.43	0.8519136954202091	-0.3921536829487983	
173.0376	267.43	0.8448023386541632	-0.4106643422803091	C6H6N2O4
147.0667	197.78	0.6901881059351884	-1.3155006165463354	C7H12OS
147.0667	200.96	0.6901881059351884	1.1390584678170015	
173.056	233.85	0.5983024827366372	3.4731618908362365	
147.9204	2.75	0.6901881059351884	-1.9197870223108071	
87.0441	192.1	0.9803996237173134	0.0700564375883758	
173.0812	192.1	0.7052794718394576	1.014602970990827	
173.8419	135.85	0.6901881059351884	-1.332131510305182	
173.8419	150.19	0.6901881059351884	2.3536857238047846	
117.0677	210.31	0.7203567963644829	-0.9273213518742777	
173.994	25.59	0.9190687232093585	-0.22285247751972947	C6H6O4S,C6H6O4S
173.994	27.44	0.6901881059351884	-1.2694781005582858	C6H6O4S,C6H6O4S
174.0114	254.89	0.793419456260036	0.5611698393964986	C7H7FO2S
174.0114	259.25	0.6901881059351884	-1.8041354248630628	C7H7FO2S
149.0001	28.22	0.8519136954202091	-0.3824357672582892	
118.0746	210.31	0.8314624844151763	-0.46993574492153883	
149.0462	189.84	0.6901881059351884	1.5931971731829548	
149.0462	191.05	0.7757278799509785	0.6397177364805846	
174.0552	27.3	0.7228253610211679	-0.9141173279238592	
89.0427	249.11	0.8852930146910164	-0.3079153564814119	
149.0599	34.69	0.8434036431574575	0.4155332101457524	
174.9637	134.93	0.9527914211568959	-0.1330045215433514	
174.9637	145.86	0.6901881059351884	1.5983669307872492	
174.9865	25.73	0.7951080118787032	-0.5571667296979964	
174.9865	27.57	0.7451278006483416	-0.7506924167993638	
150.0221	265.85	0.8135117344619438	-0.5210601366272958	
119.0491	205.16	0.6901881059351884	1.9826586176159813	
175.0353	318.24	0.5288194765524777	3.747842948064225	
150.0301	270.84	0.697080407600106	-1.057568187616581	C5H6O5
150.0413	135.98	0.6901881059351884	-1.7616191333927054	
150.8858	134.8	0.7169508038226374	-0.9391904333890815	
150.8858	150.45	0.6901881059351884	-1.1084506014508428	
175.0718	305.9	0.6901881059351884	-2.7033612419031003	
175.8391	135.85	0.6901881059351884	-1.1897418911693585	
175.8391	150.06	0.6901881059351884	1.1695391104900414	
151.0586	50.11	0.6901881059351884	-2.478027229393995	
151.8733	149.8	0.6901881059351884	2.001858270373809	
176.0193	329.14	0.7481244327075299	0.7418304958130983	
152.8829	134.8	0.6901881059351884	-1.6378685257988042	
152.8829	150.45	0.6901881059351884	-1.3031834195126326	
152.9855	32.33	0.8519136954202091	0.3836385800275517	
152.9855	283.31	0.6901881059351884	-1.5436407532444898	
152.995	191.97	0.6901881059351884	-1.9442768267377684	C3H7O5P
152.995	210.97	0.7392776569048736	-0.7947231854400018	
93.0335	204.63	0.6901881059351884	1.1015586853770587	
176.8359	135.85	0.7481244327075299	-0.7394038072876312	
176.8359	150.06	0.6901881059351884	1.1640489324456191	
153.016	216.35	0.7808989273805239	0.6031076488537723	
176.9162	364.07	0.7028280618944444	-1.0273698886730267	
121.0312	243.2	0.6901881059351884	-1.7496696635064641	
153.8992	1.17	0.8298451943671604	-0.47971531117010197	
95.9751	191.05	0.6901881059351884	-1.831634817630323	
122.0601	49.85	0.6901881059351884	-1.2183947185004196	
122.8932	39.81	0.5062147564289183	-3.9272217567861607	
96.0274	32.85	0.8225338666164125	-0.49896168840078076	
96.9211	135.19	0.6901881059351884	-1.6773190630121309	
96.9211	149.93	0.6921237427792474	-1.0798580299423342	
177.9124	134.8	0.7781850680849297	-0.620024862829501	
177.9124	150.58	0.9388667572177987	0.17975127809425215	
154.868	149.8	0.6901881059351884	2.592857110957116	
124.0063	212.41	0.9967847050335382	-0.009438577273580483	
154.88	134.93	0.6901881059351884	-1.3978469901959243	
154.88	150.45	0.6901881059351884	-1.2192107555051914	
178.8332	149.93	0.9274259290071969	0.20027053654832683	
124.9904	34.3	0.6901881059351884	2.033271964908769	
97.0648	27.04	0.6901881059351884	2.7063096904031063	
178.912	364.07	0.8238972149002387	-0.4919439561522843	
125.0425	225.15	0.6901881059351884	-1.8331500222010246	
97.9762	201.35	0.7813026497048985	-0.5977682278910622	
155.0089	172.5	0.5071778898151266	3.8264265898928356	
125.8721	134.8	0.6901881059351884	-1.7289464732812714	
125.8721	151.53	0.7288373540484778	-0.8400386296302762	
125.9898	34.43	0.6901881059351884	1.1084907453583512	
125.9938	34.3	0.6901881059351884	2.923950210819316	
98.948	1.04	0.7169508038226374	-0.94417038714271	
126.9041	29.54	0.8881550371191623	-0.30037292222097406	
126.9862	34.3	0.7288373540484778	0.8818689125041339	C5H4O2S
126.9948	34.3	0.6901881059351884	1.5938248301940081	
155.8733	29.01	0.6901881059351884	-1.5019983894612143	
127.0028	192.63	0.7125827913010568	0.971659662369602	
127.0754	191.71	0.6901881059351884	1.681710361238065	
127.8692	151.14	0.6901881059351884	-1.6741136769453973	
156.0269	266.24	0.6901881059351884	-1.2420492449691574	
179.8402	135.32	0.6901881059351884	-1.3309489463115138	
179.8402	150.45	0.6901881059351884	-1.2430905028818404	
179.8819	363.02	0.7808989273805239	-0.6087883054972362	
179.8819	365.51	0.7781850680849297	-0.6170284480017423	
100.0394	191.84	0.8636176817826584	0.35970443520615025	
156.954	201.22	0.6901881059351884	1.6068371111006619	
128.9586	201.75	0.6901881059351884	-1.202752601950386	
128.9982	135.06	0.6901881059351884	-1.7396311990261655	
129.0267	36.26	0.6901881059351884	1.298312285460461	
129.0277	36.13	0.6901881059351884	1.9672756616215092	
129.0285	36.53	0.7908104725336578	-0.5698832421144219	
129.0377	213.46	0.7769768412912701	-0.6282781793522636	
129.0377	220.42	0.8852930146910164	-0.30913749175942473	
129.0804	36.26	0.8314624844151763	0.46728364624312196	
129.0815	36.26	0.939219331723245	-0.1727228784711662	
157.9933	201.61	0.6901881059351884	1.5027401314385274	
129.0826	36.0	0.939219331723245	0.17342369694131834	
103.9193	39.55	0.5062147564289183	-4.133706676222623	
181.0594	192.63	0.9681914394621847	-0.10016130061866813	
181.0594	213.59	0.7169508038226374	0.9543483897582399	
181.0692	204.77	0.6901881059351884	1.615068891844868	C9H11NO3
181.8369	150.32	0.7125827913010568	-0.9675427891818131	
182.0428	221.47	0.6901881059351884	-2.2366726767186886	
131.0609	36.13	0.6655993314112304	3.2423670391620174	
182.0455	33.9	0.834626192024446	-0.4340689206273509	
182.0664	204.9	0.6901881059351884	1.4749869338194197	
182.0703	205.03	0.6901881059351884	2.104089539678077	
132.0115	165.25	0.6901881059351884	1.786036467843438	
132.0115	169.87	0.7241689921386498	0.8996929714178697	
132.0374	192.1	0.9764401233522898	-0.08009436364086535	
132.9454	201.75	0.5062147564289183	4.02787524228898	
158.9878	201.75	0.7022820008313845	1.0296760079547742	
158.9933	201.75	0.7781850680849297	0.6166700298944011	
159.0556	28.09	0.6901881059351884	-1.1059611721836928	
195.0605	269.53	0.8434036431574575	-0.4148040568951392	
195.1386	26.52	0.7065559639052845	-0.9986916482893652	
159.8778	39.15	0.4959187946529002	-6.582501840425831	
184.0585	210.31	0.6901881059351884	-1.9716523222664653	C6H13NO4
184.0585	215.17	0.7125827913010568	-0.9668399461573467	
195.9263	364.2	0.7538917250080461	0.7208737414312698	
195.9312	364.2	0.7673223860280998	0.6838622586342358	
196.0222	220.03	0.6901881059351884	-1.1514277899845422	
134.9426	201.75	0.5062147564289183	3.9253135889168926	
196.0613	212.15	0.7288373540484778	-0.8393228163838921	C9H11NO4
196.8108	150.32	0.6901881059351884	1.1869149799668015	
196.8765	134.53	0.793419456260036	-0.5604782847795483	
196.8765	151.01	0.897190694077618	0.2819097768445638	
196.8848	363.94	0.7538917250080461	-0.7228423111389662	
196.8865	135.19	0.809009143167793	-0.5327378776075261	
196.8865	150.45	0.7450395503105414	-0.7559835806484989	
185.0272	31.28	0.8298451943671604	-0.4762800815769574	C8H10O3S
159.9915	201.61	0.6901881059351884	1.460833152361499	
160.0145	389.54	0.7052794718394576	1.0155474234582027	
160.0145	391.25	0.6901881059351884	-1.101564774246464	
196.9227	364.2	0.6901881059351884	1.4785015426191161	
196.9305	364.2	0.8755548605544888	0.32926480519844004	
160.0397	37.18	0.6901881059351884	2.4330188623844853	
160.0608	191.71	0.6901881059351884	1.9080260557410538	C6H11NO4
197.0216	230.04	0.5062147564289183	4.105535311948866	
135.9015	134.53	0.7288373540484778	-0.8621747584940256	
135.9015	151.27	0.6901881059351884	-1.6966774251769645	
160.9923	201.75	0.7659520517226127	0.6868393095423662	
197.0619	221.47	0.7575641415026071	-0.7062628817312769	C7H13NO4
186.0182	135.85	0.6901881059351884	-1.9150840914779441	
161.056	325.2	0.6901881059351884	-1.6172511107215743	
161.0641	191.84	0.7288905073374372	0.8182070531673081	C6H11NO4
136.0478	35.74	0.8464629823586927	0.40620302450047846	
161.875	39.02	0.6901881059351884	-2.763989103487119	
137.9857	163.67	0.9989854582444182	-0.005116349170345388	
198.8736	134.8	0.9835335808566883	0.061395563328255735	
198.8736	151.01	0.7065559639052845	0.9922511696680403	
198.8836	150.32	0.7757278799509785	-0.6389888974839752	
187.0009	201.48	0.7894580914573487	0.5760648123728839	C5H10O5
198.9184	363.94	0.7288373540484778	-0.8345627672067272	
198.927	363.94	0.9892269938922573	-0.04249755377768329	
138.906	2.75	0.7808989273805239	0.609930320070819	
138.9521	273.99	0.6901881059351884	2.37299031378337	
163.0393	34.95	0.642078441685089	3.312284744633678	
163.0393	204.77	0.6901881059351884	1.5763911769771184	
199.0067	31.93	0.6901881059351884	-1.1320984752804628	C8H8O4S
199.0332	222.39	0.7288373540484778	-0.8265521425869907	
187.097	192.23	0.7052794718394576	1.018294007999969	C9H16O4
187.1334	34.82	0.6901881059351884	2.6476660658514413	
187.8841	135.19	0.6901881059351884	-1.5289534826606106	
187.8841	150.32	0.6901881059351884	-1.764031746664117	
188.0158	319.69	0.6901881059351884	1.235510233409895	
163.896	134.8	0.7575641415026071	-0.7064016048772485	
199.0721	212.41	0.678631129742915	-3.017126885212621	C9H11NO4
199.0777	210.05	0.6901881059351884	-1.17272015516501	C7H15NO4
164.8385	149.8	0.7288373540484778	-0.8756256107873891	
188.0559	297.76	0.6901881059351884	-1.537021970312621	
188.88	151.93	0.6901881059351884	-1.8810167509273892	
188.981	190.66	0.9824226785488188	0.06410821857616054	
188.9853	24.93	0.6901881059351884	-1.2372002569203964	C6H6O5S
188.9981	201.61	0.8400134303116623	-0.42260230297786977	
189.0511	374.18	0.7451278006483416	0.7533261079611512	C7H9NO5
200.8051	149.8	0.7481244327075299	0.7364875838953671	
200.9724	226.36	0.8755548605544888	0.332060774960693	C3H7NO5S2,C3H7NO5S2
200.9859	236.89	0.8400134303116623	-0.42297342626509143	
166.0779	159.05	0.6901881059351884	-1.3790881279680647	
166.8353	135.32	0.7690624234563121	-0.6730432233000273	
166.8353	149.8	0.9717883269472605	0.09248381987779358	
190.0716	183.53	0.7450395503105414	0.7548228211622159	C7H13NO5
219.0619	373.92	0.9669460784032964	0.10591223999940498	
219.1064	180.11	0.7288373540484778	0.8198386609041703	C9H17NO5
219.5623	311.54	0.8340123466554381	-0.442360573845135	
167.0536	47.88	0.6901881059351884	-2.7300140137387046	C8H9NO3
167.8333	135.32	0.5062147564289183	-5.2926724777442	
167.8333	149.66	0.6901881059351884	-1.3387104560805403	
191.8159	135.58	0.8732873871320614	0.34174677611129073	
168.0329	191.97	0.6901881059351884	1.3747531588397615	
220.0204	204.24	0.6901881059351884	-1.4285580259179786	
202.9969	191.71	0.6901881059351884	2.6391691126689136	
203.0016	26.39	0.6901881059351884	1.4072331173852093	
203.0016	30.59	0.6901881059351884	1.574727801511069	C7H8O5S,C7H8O5S
168.8314	135.32	0.7032999652404781	-1.0251581291617016	
168.8314	149.4	0.9931090514609593	-0.0194541581679902	
203.0452	205.85	0.6901881059351884	1.4657064731400418	
220.0643	311.41	0.7241689921386498	-0.8974994105329712	
168.8863	43.25	0.6901881059351884	-2.5132544908220145	
203.0669	369.06	0.7288373540484778	0.853329404161309	
220.1075	180.11	0.7973225979431202	0.5519739815596798	
203.7987	135.58	0.7757278799509785	-0.6354174467620403	
203.7987	150.32	0.7215691181808919	0.9213046058084555	
220.845	134.53	0.7926715773964631	-0.5646479137763813	
220.845	151.01	0.8315033489415106	-0.4585596886694259	
204.005	30.59	0.7241689921386498	0.9072421261884208	C7H8O5S,C7H8O5S
204.0428	50.38	0.6901881059351884	-1.5468804560336824	C8H11NO3
204.0855	156.16	0.5062147564289183	4.830754934814826	
220.9877	188.4	0.865669164689656	0.3559678582936067	
221.0039	234.11	0.6901881059351884	-1.3547177168801792	
221.0851	29.27	0.6901881059351884	2.128252601674055	
221.0851	31.93	0.6901881059351884	1.331074450882662	
221.0929	258.2	0.7169508038226374	-0.9399209996707567	C11H14N2O3
221.8422	151.01	0.9098437940328423	0.2540487995305178	
242.9961	37.97	0.7537876597683544	0.725769862584663	C9H8O6S
193.0536	34.43	0.6901881059351884	1.9170702121936807	
205.0357	32.33	0.9023689202298463	0.26896802239872586	
205.0463	50.24	0.7817903848472993	-0.5959182591665868	C8H11NO3
193.0647	269.79	0.7288373540484778	-0.8644411718690999	
193.1076	33.24	0.6901881059351884	1.3040649886553763	
243.0622	160.23	0.6672720311940019	-3.1976169777354326	C9H12N2O6
222.8421	134.53	0.939219331723245	0.17065108646038754	
222.8421	151.01	0.7781850680849297	-0.6226961397357282	
205.8393	149.93	0.6901881059351884	-1.4737900089249834	
194.0633	269.79	0.9150170511414921	-0.23349360153837836	
194.0681	269.79	0.7288373540484778	-0.8754597817457627	
243.8993	40.47	0.5062147564289183	-4.258151651638914	
243.8993	43.25	0.5062147564289183	-3.996233609103642	
194.8132	135.58	0.6901881059351884	1.3924451908953863	
206.04	50.24	0.6901881059351884	-1.5994666290697195	C9H5N3O3
206.0726	345.55	0.7241689921386498	-0.9050076440109026	
244.0227	321.66	0.6901881059351884	-1.240598292236428	
194.9269	364.2	0.6901881059351884	1.4645422964705677	
244.0317	189.45	0.9934140347190304	-0.017570822781045638	
244.0656	160.23	0.6901881059351884	-2.468422589682693	C9H12N2O6
244.0826	191.97	0.6901881059351884	1.7447124906735576	
194.9881	218.45	0.6901881059351884	-1.1729079859316813	C7HF5O
223.8392	134.53	0.8894209339216558	-0.29638075985425055	
223.8392	151.14	0.6901881059351884	1.1559195428353284	
223.8492	149.53	0.8340123466554381	-0.44632645887949074	
224.023	218.58	0.8755548605544888	-0.32999605028178786	
224.8033	29.27	0.9487724952067319	-0.141209346246096	
207.0694	33.64	0.6901881059351884	1.2788759099359848	
207.0805	275.04	0.6901881059351884	2.1256512359361457	
207.8364	135.58	0.7125827913010568	-0.9667317518303352	
207.8364	149.93	0.6901881059351884	-1.1915839224447367	
245.0432	261.35	0.6901881059351884	-1.221662849199584	
267.0731	132.96	0.6901881059351884	-1.7447122720541373	C9H16O9,C10H12N4O5
267.0731	134.93	0.6901881059351884	-2.3917565170265482	C9H16O9,C10H12N4O5
224.9781	201.35	0.6901881059351884	-1.110440232236762	C10H7ClO2S
267.0909	36.4	0.5062147564289183	4.643306265422903	
208.0521	301.7	0.6929855467674921	-1.0676719487223503	
245.8948	40.2	0.642078441685089	-3.3024739714152194	
245.8948	42.99	0.5983024827366372	-3.4587846312812314	
208.0614	149.66	0.9618247259723667	0.11709503204185323	
268.0769	133.22	0.6901881059351884	-2.156410958247964	C9H16O9,C10H12N4O5
268.0769	134.8	0.6901881059351884	-1.3440794641328788	C9H16O9,C10H12N4O5
208.8448	134.8	0.6901881059351884	-1.2199280732317148	
208.8448	150.88	0.7403207759484928	-0.7852419599449008	
268.8012	134.53	0.8751855029375036	-0.33693335611341846	
268.8012	150.45	0.6901881059351884	-1.2656563532258494	
226.0471	36.4	0.6901881059351884	2.013256577287239	C10H11ClN2O2
226.0471	52.37	0.6901881059351884	2.491713984227554	C10H11ClN2O2
226.0695	222.26	0.9884060467837281	0.04868490004136759	
226.0695	223.57	0.9884657942283638	-0.04641108988043627	
269.005	199.88	0.6901881059351884	-1.5469603126742282	
226.0831	231.09	0.921283205728947	-0.2141020352873174	
226.8011	29.41	0.9820653426138741	-0.06584328124083369	
209.0598	301.83	0.9527914211568959	-0.13236148115009702	C14H10O2
269.1397	28.22	0.5062147564289183	4.159716421168856	
269.1397	30.59	0.5062147564289183	4.67204159812232	C15H18N4O
269.1397	34.3	0.5062147564289183	5.381577175571953	C15H18N4O
209.1543	28.22	0.6901881059351884	1.8274535901631777	
209.1543	31.54	0.5062147564289183	5.30575412912935	C13H22O2
209.1543	33.51	0.5062147564289183	4.379238622928829	C13H22O2
227.0392	36.13	0.5062147564289183	4.17306408836985	
210.0073	218.45	0.7169508038226374	-0.9375674567996086	
210.038	220.03	0.7431468139258601	-0.7703849601945137	
210.0435	222.79	0.8751855029375036	0.33639750418510517	
248.0799	37.84	0.7403207759484928	0.7841553933669615	
210.1577	31.93	0.04823291414441875	15.812164122742638	C13H22O2
210.1577	33.24	0.013924595012889226	25.75872330075636	C13H22O2
248.741	1.96	0.9918246311864924	-0.023717542569096507	
210.8419	134.8	0.6901881059351884	-1.1234006151389266	
210.8419	150.58	0.7052794718394576	-1.0129947637801493	
249.0396	321.79	0.788510069917521	-0.5801730243830023	
249.0551	162.75	0.7582798196953717	0.7027621851012242	C8H14N2O5S,C8H14N2O5S
270.2159	28.22	0.7288373540484778	-0.8506722112791276	C16H30O3
270.7982	134.8	0.6901881059351884	-1.358468517863251	
270.7982	150.74	0.7122308928370076	-0.9821090826703688	
249.1167	28.36	0.6901881059351884	1.8421860033253166	
250.0455	189.84	0.7169508038226374	0.937932393002276	
250.0586	162.49	0.7757278799509785	-0.635042514391906	C8H14N2O5S,C8H14N2O5S
250.1045	276.75	0.7065559639052845	-0.9922553565205116	C10H22NO2PS
228.086	354.48	0.8340123466554381	-0.44364024206705216	
211.0414	220.16	0.9884657942283638	0.04604937556033991	
271.072	362.75	0.6901881059351884	1.284866789085377	
271.072	365.77	0.8519136954202091	-0.38587402253349745	
211.0755	253.45	0.7016782291944643	1.0336934553837975	
211.0973	26.52	0.9122853680600672	-0.24514616201102224	
250.989	49.98	0.6901881059351884	-1.6794290003812566	
271.2282	28.22	0.9462277292131198	-0.14816614888942067	C16H32O3
211.885	134.27	0.8438972887172839	0.4129869482347407	
211.885	151.53	0.6921237427792474	-1.091948845165548	
251.0973	197.51	0.6901881059351884	-1.5844866707382805	
212.0593	209.92	0.7757278799509785	0.6367457961345162	
252.0742	188.66	0.6901881059351884	1.7547859011555278	
252.0742	191.84	0.7288373540484778	-0.8363665941333221	
252.0742	210.57	0.6901881059351884	-1.4994587664046775	
230.0121	210.31	0.6901881059351884	-1.3258244779176553	
212.839	134.8	0.7431468139258601	-0.7737639743124793	
212.839	150.58	0.6901881059351884	-1.2888024654099202	
231.0282	191.84	0.8543270266490701	-0.37358831940437126	
231.0503	189.45	0.666602842615868	-3.2194739973885964	
231.8104	38.89	0.6901881059351884	-2.7228113360229975	
253.0665	188.66	0.6901881059351884	1.866791266987331	
253.0665	191.58	0.7894580914573487	-0.575272984992009	
253.0665	210.84	0.6963157040745798	-1.0601859919982137	
253.0829	50.51	0.6901881059351884	-2.0113095964763406	
253.0864	301.7	0.9093326772083977	-0.2559051738945839	C16H14O3
232.8536	150.88	0.6901881059351884	1.250236002435809	
274.9955	1.96	0.8519136954202091	-0.37930560601147284	
254.0802	179.46	0.5062147564289183	4.857145285864444	C9H17NO5
254.0901	301.7	0.8400134303116623	-0.42339685410211475	C16H14O3
213.9845	239.39	0.7446853377257521	-0.7606409753198451	
254.8266	151.01	0.6901881059351884	2.1491867814961	
214.0482	202.4	0.6901881059351884	1.1175798116071343	
214.0482	294.61	0.4959187946529002	-6.504102343194388	C10H11NO3
254.8944	364.33	0.6901881059351884	1.6116366997008282	
214.0719	36.0	0.6921237427792474	-1.0837232139781345	
214.8199	1.7	0.8340123466554381	-0.4392894334180877	
254.9679	201.75	0.9122853680600672	-0.24640786503008913	
233.0777	369.06	0.7757278799509785	0.6547906981798004	
233.0865	198.17	0.7757278799509785	0.6414310258156799	C9H12N2O5,C9H12N2O5
233.0865	200.96	0.6901881059351884	1.606556509463092	
233.8081	39.29	0.5872496603084612	-3.5663000719887763	
233.8536	134.8	0.7808989273805239	-0.6065092505591279	
233.8536	150.74	0.7843545639799083	0.5915160356922502	
276.0546	204.63	0.6901881059351884	1.9965911880308393	
255.0722	192.36	0.7288373540484778	-0.8589408586655157	
255.0823	301.7	0.6979016227961492	-1.0510200555638263	
234.8507	134.8	0.8220630145753588	-0.5043760316564396	
234.8507	150.88	0.7022820008313845	1.0302875385206964	
215.0017	33.9	0.5983024827366372	3.44855958274772	C8H8O5S
255.8938	364.07	0.6901881059351884	2.679983039891207	
276.9919	218.19	0.6901881059351884	-1.3619943631500666	
215.0671	234.5	0.6901881059351884	1.9725760387055438	
277.0178	28.22	0.6901881059351884	1.7792564646699969	C14H14S3
277.0178	35.35	0.6901881059351884	1.8136916312995333	C14H14S3
235.8506	134.8	0.9717570641700973	-0.09432920679635125	
235.8506	150.74	0.9849210671345715	0.056599177518174865	
255.9713	202.01	0.7537876597683544	-0.7254058592331609	
277.0598	36.4	0.5872496603084612	-3.5667254285559613	C10H14N2O5
277.0598	48.41	0.678631129742915	-3.011000595792912	C10H14N2O5
256.0758	179.72	0.7052794718394576	1.0164052979927054	
256.8088	147.3	0.7538917250080461	0.7222746796652256	
215.1651	34.56	0.7548360305087626	-0.7161860160069617	
215.8606	135.58	0.941352476774434	0.1654855603032058	
215.8766	134.14	0.9989854582444182	-0.0019011493820237516	
215.8766	147.83	0.7808989273805239	0.6026632074606196	
215.8766	151.53	0.7808989273805239	-0.6065716601608493	
278.0212	28.22	0.6901881059351884	1.743402357609149	C14H14S3
278.0212	35.35	0.7215691181808919	0.9215702277725294	C14H14S3
278.0438	204.24	0.6901881059351884	-2.2304007466627445	
278.0625	220.82	0.8732873871320614	-0.3421013795592235	
278.0883	199.75	0.7690624234563121	-0.6745073562785836	
278.0883	203.98	0.788510069917521	-0.5814317461987631	
278.0883	213.46	0.7228253610211679	-0.9137520979430365	
256.8895	364.2	0.6901881059351884	1.405405516619016	
236.8479	134.8	0.9803996237173134	-0.06926964294653257	
236.8479	150.88	0.8919429020530548	0.28961865121534314	
236.8835	364.2	0.6901881059351884	1.623514640346463	
256.9238	35.87	0.6901881059351884	-1.1923804802589524	
278.973	36.92	0.7690624234563121	-0.674255478159412	C9H8O6S
256.966	201.88	0.6901881059351884	-1.1140737080655279	
256.9908	258.6	0.9244964421075328	-0.20830527861857967	
279.0136	28.22	0.6901881059351884	1.4087213698278231	C8H10N4O5,C8H18O4S2
279.0136	35.35	0.6901881059351884	1.3175336707172725	
279.0476	204.11	0.7690624234563121	-0.6769456143128448	
216.8766	39.55	0.678631129742915	-3.0080635449658293	
279.0569	36.4	0.5062147564289183	-3.8598757636213783	C11H12N4O3S
279.0569	48.41	0.642078441685089	-3.3258449610594147	
257.86	366.04	0.7922261505137287	-0.5669034873891812	
217.0126	191.71	0.6901881059351884	1.4074783817000585	
217.0173	55.69	0.6901881059351884	-1.4057665202670238	
280.0425	204.37	0.5062147564289183	-3.9746931889227812	
217.036	192.5	0.6901881059351884	-1.442500130519878	
217.036	205.16	0.7431468139258601	-0.7694708234165345	
217.036	209.79	0.7403207759484928	0.782284240153389	
217.036	213.2	0.6901881059351884	1.6553660749640076	
280.078	215.56	0.6901881059351884	-1.692287588082505	C12H15N3O3S,C10H20NO4PS
217.0827	340.83	0.7065559639052845	-0.9937605115703032	C8H14N2O5
217.8498	134.53	0.9803996237173134	-0.07100127889425119	
217.8498	151.01	0.9849210671345715	0.055581376435714494	
280.9702	37.05	0.6901881059351884	-1.9105370896406062	
280.979	217.93	0.7055213778899944	1.0065068209558312	
217.8577	135.32	0.9379718908927908	-0.18334869484251506	
217.8577	149.8	0.6901881059351884	1.2254174279109018	
217.8778	40.07	0.6772593962808936	-3.1289633784977418	
217.8778	43.25	0.5872496603084612	-3.54528020785743	
258.0985	191.97	0.6901881059351884	1.1397838495031913	
258.8296	39.55	0.5062147564289183	-5.932494010350747	
281.108	197.65	0.6901881059351884	-1.5690665212994013	
218.0222	204.24	0.6901881059351884	-2.1086165184529015	C9H11NO3
281.2488	26.91	0.7228253610211679	-0.9160449533826927	C18H34O2
218.0667	284.36	0.7481244327075299	-0.7425860703496218	C8H13NO6
281.8637	134.14	0.8340123466554381	0.4420924728290201	
281.8637	151.27	0.6921237427792474	-1.072102877250823	
218.8151	1.7	0.6901881059351884	-1.2131664670080187	
281.9476	38.5	0.6901881059351884	-2.357827748517097	
282.0071	50.11	0.6901881059351884	-1.720534332546411	
259.019	267.43	0.9392075563130452	0.17561118555420838	
238.8797	364.33	0.9122853680600672	0.24123588784290634	
238.8916	373.39	0.6901881059351884	1.4243553304878946	H3O9P3
282.0834	167.9	0.7781850680849297	-0.6195930535249962	C17H13NO4
282.0834	212.02	0.6901881059351884	-1.5214719088002588	C12H15N3O3S,C10H20NO4PS
282.1042	36.26	0.7288373540484778	-0.8356091367966774	C12H20O6,C13H16N4O2
282.1115	197.51	0.6901881059351884	-1.186230659329504	
282.9565	29.93	0.9447103715063746	0.1543626353044187	
259.8396	363.81	0.7575641415026071	-0.7064635358348087	
283.0015	23.48	0.6901881059351884	-1.8694382253662232	
238.9942	201.75	0.92933406346476	-0.19562583170768771	
219.0193	204.11	0.6901881059351884	-1.9708281114957065	
219.0254	204.24	0.6901881059351884	-1.27939459389953	C9H11NO3
283.0675	192.23	0.7450395503105414	-0.7569427021884401	
219.0443	162.62	0.8666584366256965	0.3535398988341033	C5H9NO4S,C8H6ClN3
239.0595	149.4	0.6901881059351884	1.1166899995154083	C9H20OS3
239.0595	156.03	0.9487724952067319	-0.14303597648968244	C9H12O5S
239.0707	229.91	0.6901881059351884	-1.377168173817762	C15H12O3
260.7678	1.56	0.8220630145753588	-0.5024776727426365	
260.816	134.8	0.7288373540484778	-0.8486186337665417	
260.816	151.01	0.6901881059351884	2.8514752286399	
260.8276	39.42	0.5062147564289183	-5.663807981023568	
260.8396	364.07	0.7288373540484778	-0.8287300269666923	
283.9446	38.5	0.6901881059351884	-1.1258367643952396	
293.0042	28.49	0.8238972149002387	-0.49376073103998674	
293.0042	322.44	0.6901881059351884	-1.8163941841363227	C9H19I
260.8738	373.39	0.7638838353950969	-0.690670242154626	H3O9P3
293.0121	218.32	0.6984418663528255	-1.045922183862081	
260.9635	29.14	0.8314624844151763	0.4633659049633703	
284.0989	279.77	0.9122853680600672	-0.2440285598758726	
284.1142	49.85	0.8340123466554381	-0.43794779972239906	C13H19NO6
293.0541	361.97	0.6901881059351884	1.5459473773998547	
293.0541	367.09	0.7016782291944643	-1.0351138548683043	
294.0577	361.97	0.6901881059351884	1.1813273629439405	
294.0577	366.83	0.5062147564289183	-4.180799003986315	
261.0414	155.47	0.7757278799509785	0.6462180203834742	C9H12O5S
261.0593	216.35	0.6901881059351884	1.960418423960212	
261.073	308.0	0.6901881059351884	1.3272661719003576	
261.0925	213.33	0.7288373540484778	-0.8344832874548018	
261.8207	150.88	0.8298451943671604	0.47707429752462727	
261.8357	363.81	0.7288373540484778	-0.8235746891638156	
240.9054	135.85	0.7169508038226374	0.9436907457717036	
285.1024	279.9	0.8434036431574575	-0.4162786033864128	
261.8913	134.53	0.9150170511414921	-0.23470824188241315	
261.8913	151.27	0.6901881059351884	1.421548055842582	
294.9504	42.99	0.6901881059351884	-2.145469920739393	
240.9521	201.61	0.7435863604195798	-0.7633401261488569	
262.8131	150.88	0.9487724952067319	0.14149294298306317	
241.1445	28.22	0.7055213778899944	1.0061332163063939	
241.181	28.22	0.9190687232093585	0.22390702016735956	
286.0893	155.47	0.7065559639052845	-0.9936858746372244	
286.0893	157.08	0.6901881059351884	1.3362109735658174	C13H16N2O4
296.0994	192.23	0.9664200036703134	-0.10997701141191973	
241.8392	1.04	0.7125827913010568	-0.977327576769675	
263.0974	197.78	0.7288373540484778	-0.8684223925961755	
263.0974	200.96	0.6901881059351884	1.161934818535319	C8H14O7
263.854	152.58	0.6901881059351884	-1.6198207618975915	
297.0747	36.26	0.7288373540484778	-0.8251517218221753	C12H20O6,C13H16N4O2
297.0747	52.24	0.8852930146910164	-0.3119873535779015	
242.0799	314.7	0.5062147564289183	-5.923352804448045	
264.0282	28.22	0.6901881059351884	-1.337398733069074	C6H11O9P,C9H10N2O3S2,C6H11O9P
264.0282	204.11	0.6901881059351884	-1.6311899033889918	
264.0303	0.65	0.7903467917819315	-0.5729381035750502	
242.1761	34.56	0.6901881059351884	-2.17908189137878	
297.823	134.01	0.6901881059351884	1.1363468627127882	
297.823	151.79	0.8894209339216558	-0.29641175252234453	
297.8273	1.3	0.6901881059351884	-1.1644637772353623	
297.8694	151.01	0.6901881059351884	1.483988895022134	
264.1008	198.04	0.8118165243259624	-0.5280814156428406	
264.1008	201.09	0.7288373540484778	0.8439264297613441	C8H14O7
242.9503	201.61	0.7755589292638589	-0.6608226315789743	
298.0075	267.29	0.7325133672072328	0.8076672984252372	
298.1146	279.77	0.6901881059351884	-1.1124501010336842	C11H17NO8
298.1298	50.67	0.6901881059351884	-2.202418380797856	C14H21NO6
298.2471	28.09	0.8314624844151763	-0.46644956845335406	C18H34O3
318.8286	134.14	0.6979016227961492	1.051546372577487	
318.8286	137.03	0.9849210671345715	0.05449664768961277	
318.8286	151.53	0.6901881059351884	-1.2583423208696285	
265.0502	192.1	0.6901881059351884	1.9145997150153071	C11H11ClN4O2
265.0589	46.3	0.6901881059351884	-1.1245665569795682	
265.0932	197.78	0.7288373540484778	-0.8460949329235539	
265.0932	200.96	0.7403207759484928	0.7874272163529864	
288.9692	297.76	0.6901881059351884	1.6326884728310835	
318.9801	268.74	0.7431468139258601	0.7741981680374872	
318.9801	270.45	0.6921237427792474	-1.081671341322554	
265.9196	362.89	0.6901881059351884	2.0634807984094006	
265.9196	365.77	0.7808989273805239	0.6015516177958259	
319.0005	151.14	0.7202865500423824	0.9319343246010994	
289.0707	209.79	0.9894985619342359	0.03958327133297621	
299.0707	156.29	0.0510123121005604	13.07177948955586	
299.1332	50.67	0.6901881059351884	-1.3396361689657394	C14H21NO6
266.005	322.05	0.6901881059351884	-2.325275526136074	
289.9447	152.98	0.6901881059351884	-1.7300794961233592	
289.9686	298.02	0.6901881059351884	1.309409660764462	
299.2594	28.22	0.8515119961167646	-0.39515747615632796	
266.0866	258.2	0.7451278006483416	-0.7515617690005827	C12H14N2O5
319.077	189.58	0.8519136954202091	0.38607169901720806	
299.8199	134.01	0.6901881059351884	1.209000159901627	
299.8199	136.9	0.8492523514910224	0.3991445437035812	
299.8199	151.79	0.8340123466554381	-0.43870262198396576	
266.8041	134.8	0.6901881059351884	-1.2032609930757234	
266.8041	150.74	0.6901881059351884	-1.1847133362521312	
319.8274	134.14	0.7169508038226374	0.9405768018663049	
319.8274	137.03	0.9668801476368154	-0.10813155444572857	
319.8274	140.31	0.6901881059351884	1.6500928781257498	
319.8274	151.53	0.6901881059351884	-1.1919455834636092	
320.098	240.57	0.6901881059351884	-2.617444236990798	
320.098	252.26	0.7757278799509785	-0.6391313711472408	
320.098	321.39	0.6901881059351884	-2.268262213623181	C16H16N2O3S
300.0258	204.63	0.8314624844151763	-0.4621982581361217	
300.1066	179.59	0.678631129742915	-3.0176145674441526	
290.9659	297.89	0.6901881059351884	1.7741296564534563	
320.9975	150.74	0.6901881059351884	-1.515986428622387	
320.9975	199.22	0.7250347158639838	-0.8931951608761374	
290.9974	24.4	0.9930204253513275	0.020854738061340646	C13H8O6S
321.8717	2.88	0.7392776569048736	-0.7945365992183573	
346.0015	267.29	0.7481244327075299	0.7363394698604827	
321.9034	151.53	0.6901881059351884	-1.1501627685676568	
301.8633	150.88	0.7125827913010568	0.9749911440797637	
346.0669	202.27	0.6979016227961492	-1.049984193053287	
291.8574	153.63	0.6901881059351884	1.2278155970245197	
322.084	215.69	0.8184400397213507	0.5138347072331372	
291.9418	152.98	0.6921237427792474	-1.0730471338508925	
291.9848	233.19	0.8329184476779493	-0.4556098774846	
292.0111	218.58	0.6901881059351884	-1.0983465938764094	C7H15Cl2N2O4P
292.034	210.18	0.6901881059351884	1.6472443198043327	C9H16N3O2PS2
292.0418	215.69	0.788510069917521	0.5843825533210707	
292.0418	219.9	0.8298451943671604	-0.47673816908599614	
302.1692	24.93	0.7757278799509785	-0.6478371321230502	C15H26O6,C16H22N4O2
347.0914	209.92	0.7125827913010568	-0.9712554156466775	
323.0088	189.58	0.7325133672072328	0.8069935163109219	
323.0388	201.22	0.6901881059351884	-1.4571478638064388	
302.9878	189.58	0.6901881059351884	-1.7517941305214715	
324.0053	189.45	0.7431468139258601	0.7652306654398315	
324.0939	212.54	0.8619109379087667	-0.36301627819445803	C10H12N4O6
292.8654	134.14	0.8314624844151763	0.4610533847451933	
292.8654	151.79	0.6901881059351884	-1.492981859552468	
324.9137	201.75	0.6901881059351884	-1.4192859019703303	
303.0077	306.95	0.7450395503105414	-0.7571090917492976	
303.0504	134.93	0.6901881059351884	-2.4017354100865522	C9H16O9,C10H12N4O5
324.9913	362.1	0.6901881059351884	1.1565244159217287	
324.9913	366.96	0.7288373540484778	0.8724694563373011	
348.9352	297.76	0.8302947628992104	0.47351018577652554	
325.0907	189.31	0.8906989196347375	0.29358600898396797	
325.1255	279.24	0.6901881059351884	-1.5581758075012344	
349.0149	36.13	0.7781850680849297	-0.6184681888424535	
292.9833	28.36	0.8519136954202091	-0.38090702505027224	C6H11O9P,C9H10N2O3S2,C6H11O9P
349.0918	210.05	0.6901881059351884	2.3206857966520107	C18H22BrNO
326.129	279.51	0.6901881059351884	-1.6246960807399673	
326.8301	1.3	0.8519136954202091	0.3910109673822726	
375.0152	218.45	0.5062147564289183	-4.23125646829305	
375.0311	53.03	0.5062147564289183	-4.01637046813892	
375.0599	36.26	0.9914878867553601	0.027827090773714827	
375.1313	117.59	0.8519136954202091	0.38163197974326707	C17H20N4O6,C16H24O10
326.9916	361.97	0.7690624234563121	-0.6754814948360381	
326.9916	366.56	0.6901881059351884	-1.3824632568278852	
350.0171	321.52	0.6901881059351884	-1.611244056920708	
327.1003	215.56	0.8135117344619438	-0.5211635382559546	
305.0789	240.7	0.6901881059351884	-2.1937894925442682	
305.0789	252.26	0.7403207759484928	-0.784776924598259	
305.1608	27.44	0.9918123927165173	0.025015595440865554	C14H26O7,C15H22N4O3
350.9104	1.3	0.7241689921386498	0.9036024158968873	
350.9104	2.62	0.9764401233522898	-0.08162169930367286	
376.021	203.85	0.6901881059351884	-1.6689911209857278	
376.034	38.63	0.6901881059351884	-1.8255466750546177	
305.9779	165.51	0.6901881059351884	2.0936018689600195	
376.139	118.12	0.6901881059351884	1.217203596907541	
327.9896	362.36	0.8238972149002387	-0.49113492255384983	
327.9896	366.56	0.7288373540484778	-0.8585239938469623	
351.0144	321.26	0.6901881059351884	-1.185277953942918	C18H8O8
328.0231	189.58	0.6929855467674921	1.069164111716331	
351.0336	34.56	0.6901881059351884	2.3461083843863944	
351.0871	210.05	0.6901881059351884	2.5526937257544233	
306.0266	218.58	0.9274259290071969	-0.20198091604419569	
352.0413	35.35	0.8292900552278224	0.4821201178917554	
352.0413	52.9	0.8238972149002387	-0.49333928394489585	C9H16N2O5Se
352.0646	229.64	0.6901881059351884	1.1048357638222799	
376.9859	28.22	0.7241689921386498	-0.8975237925823607	
376.9859	49.98	0.7690624234563121	0.6735274379778003	
377.0238	189.05	0.7169508038226374	-0.9518898498219787	
377.0478	156.16	0.678631129742915	2.9956713653412925	C12H14N2O12
377.0552	36.53	0.9392075563130452	0.17597778044434476	
352.9382	199.09	0.6901881059351884	-1.9432233147266431	
352.9382	206.24	0.6901881059351884	-1.3471667918512054	
352.9452	201.75	0.921283205728947	-0.21585270450066146	
377.9267	319.16	0.6921237427792474	-1.0749559638255928	
378.0131	321.26	0.6901881059351884	-1.6384750739685563	C18H8O8
307.0276	218.85	0.7288373540484778	0.8623689998405917	C14H12O6S
307.065	215.43	0.8340123466554381	-0.43885741298344577	
330.1031	191.71	0.6901881059351884	1.8789157244201575	
330.1127	192.1	0.6901881059351884	2.0097112479606825	
353.8488	1.04	0.8519136954202091	-0.39043097931706644	
307.9496	362.49	0.6901881059351884	-1.448749321509484	
307.9496	366.43	0.6901881059351884	-1.3818885727464942	
307.9664	37.18	0.6901881059351884	-1.3238093223736003	
307.9664	52.51	0.713721890785908	-0.9630537736265711	
308.0989	213.46	0.7757278799509785	-0.6430566545065077	C9H16O9,C10H12N4O5
379.0007	32.46	0.8852930146910164	0.3104912060652449	
308.9666	39.15	0.6901881059351884	-1.8207147647248478	
353.9486	201.48	0.9150170511414921	0.23294407193997857	
330.9559	199.22	0.8481776894813272	0.40167544939807165	
330.9559	205.29	0.9957603174573993	-0.012085838013807306	
354.0322	205.55	0.6901881059351884	1.870887114641956	
354.0359	321.39	0.9903407495536117	-0.036467404831249196	
354.7072	146.78	0.6901881059351884	1.68097599604407	
309.1024	213.46	0.7694108033915186	-0.6708981624740812	C9H16O9,C10H12N4O5
354.9431	201.75	0.9404803727353734	-0.16782355424211193	
309.9453	362.1	0.7431468139258601	-0.7680875947573936	
309.9453	366.56	0.7228253610211679	-0.9150118944135478	
355.0293	205.55	0.7757278799509785	0.638348194063132	C14H12O11
355.0337	322.05	0.6901881059351884	-1.1136632286013828	
355.0447	35.35	0.6901881059351884	1.449721617969431	
355.0447	52.77	0.7600895975534042	-0.6979258887495822	C18H12O8
355.0552	35.21	0.6901881059351884	2.1178203111770557	
355.0552	52.9	0.8861681652023533	-0.3052548526370931	
356.0312	321.39	0.8919429020530548	-0.2902026743410691	C18H8O8
356.0475	28.36	0.7808989273805239	0.605704510819364	C18H12O8
356.0475	35.35	0.6901881059351884	1.9418601433378728	
356.0475	52.64	0.7481244327075299	-0.7396318422733941	C18H12O8
333.0596	191.97	0.6901881059351884	-2.187502095607092	
333.0596	350.67	0.7288373540484778	-0.8258527990712298	C9H19O11P
333.1175	191.84	0.7169508038226374	0.9410859574751711	
333.7998	134.14	0.6901881059351884	1.1144346564086207	
333.7998	137.29	0.6901881059351884	1.1634760830615836	
333.7998	148.61	0.6901881059351884	2.3668784319524026	
333.7998	151.53	0.9672352320269018	0.10264496373387143	
356.7049	146.91	0.6901881059351884	1.7563488253587851	
382.1007	301.3	0.6901881059351884	1.9530579703899136	C14H17N5O8
356.9405	37.58	0.6901881059351884	2.0163838792249242	
334.0001	191.05	0.7548360305087626	-0.716848598858544	
311.0987	191.97	0.7288373540484778	-0.8525294595304546	C11H20O10,C12H16N4O6
357.0442	34.03	0.6901881059351884	1.7266766721467106	
357.0621	160.23	0.7538917250080461	0.7199835858952235	C18H14O8
357.0621	164.33	0.9449399343140096	0.15104072567938062	
334.8636	1.3	0.6901881059351884	1.205832280974543	
383.0654	192.63	0.6901881059351884	-1.1130189404554114	C17H18N2O5S
383.0654	199.62	0.6901881059351884	-1.6482479480421872	
383.0654	203.85	0.6901881059351884	-1.5770783676649311	
383.1228	205.42	0.6901881059351884	2.3007684155396544	
312.9074	148.35	0.5062147564289183	4.281163726267321	
334.9904	244.77	0.678631129742915	3.072389860508482	
383.8844	29.8	0.6901881059351884	-1.4582551237596075	
384.1196	205.42	0.6901881059351884	2.512101932749537	C19H19N3O6
335.1241	191.84	0.6901881059351884	1.8365894625281054	
313.8384	29.41	0.7065559639052845	-0.9977955258200609	
313.8384	134.14	0.6901881059351884	1.333991851197239	
313.8384	137.42	0.6901881059351884	2.0605524017834878	
313.8384	140.18	0.6901881059351884	1.418254658266247	
313.8384	148.22	0.6901881059351884	1.4135914056507421	
313.8384	151.53	0.6901881059351884	-1.326066939718065	
335.7968	134.14	0.6921237427792474	1.0757275183925215	
335.7968	137.03	0.7808989273805239	0.6007672031460135	
335.7968	148.74	0.6901881059351884	2.7516111619525123	
335.7968	151.53	0.9438716756868905	-0.15858737359182754	
358.9464	224.62	0.6901881059351884	-1.8186810669711724	
384.9904	267.29	0.8080102615039277	0.5351950812927804	
358.995	218.45	0.6901881059351884	-1.297292412672254	
314.0214	273.86	0.9903407495536117	-0.03463932706586497	C14H9ClF3NO2,C16H10ClNO4
314.0214	275.04	0.9764401233522898	-0.0794564238489741	
336.1166	191.58	0.9914878867553601	0.02960690877644722	
314.1038	124.68	0.7757278799509785	0.6477881781826176	
314.1172	213.33	0.7288373540484778	-0.8617202144468692	C19H15F2NO
336.859	1.17	0.6901881059351884	1.2469096728948135	
359.8768	134.01	0.6901881059351884	1.1939977733848266	
359.9987	218.45	0.6901881059351884	-1.4068931591530123	
336.9714	199.88	0.92933406346476	0.19541780821126803	
336.9714	201.48	0.7215691181808919	-0.923577653189228	
360.0473	205.03	0.7757278799509785	-0.6556987389090518	C14H12O11
360.0656	220.82	0.7757278799509785	-0.6421459897697871	C18H16ClNO5
315.0056	321.66	0.6901881059351884	-1.3463586514051447	
315.0077	1.96	0.6901881059351884	-2.027204220721129	
315.0361	362.1	0.8314624844151763	-0.4650190199929935	
315.0361	366.69	0.6901881059351884	-1.1044048538047309	
337.0269	49.98	0.7016782291944643	1.0337968741641022	
315.0814	321.39	0.6901881059351884	-2.175541316254202	C16H16N2O3S
337.0546	201.61	0.9745672644044246	0.0869303972821884	C9H15N4O8P
337.0633	321.26	0.6901881059351884	-1.422707517439501	
361.0476	209.79	0.9427794123335517	-0.16120722575676413	
388.0298	218.45	0.9388667572177987	0.17982652372360847	
337.1431	24.8	0.8976849133439134	-0.2800810619196303	C15H26O6,C16H22N4O2
361.1167	270.97	0.6901881059351884	-1.5155713874547556	
337.7939	134.14	0.6901881059351884	1.2031063634441483	
337.7939	136.77	0.7757278799509785	0.6461461707145894	
337.7939	151.53	0.8881550371191623	-0.3014386684415675	
315.137	26.91	0.6901881059351884	-2.8624876131755483	C16H24O4
389.0311	218.45	0.7638838353950969	0.6914462459427323	
338.058	201.48	0.939219331723245	-0.17109327137508973	C9H15N4O8P
338.8592	1.3	0.6979016227961492	1.049659881413168	
362.0814	210.31	0.6901881059351884	-1.891481725134828	
362.0814	213.2	0.8755548605544888	-0.33064590205261196	
362.0814	215.56	0.7384489524069838	-0.7983113505219633	
362.1309	198.56	0.6901881059351884	1.181268472094412	
362.1309	205.03	0.6901881059351884	1.678621120348317	
362.1901	24.93	0.7288373540484778	-0.8540682326942938	C20H24N2O4
338.9294	201.61	0.6901881059351884	-1.099608177167694	
315.9996	200.01	0.8220630145753588	-0.5020063495374381	C10H12N3O3PS2
315.9996	203.85	0.6901881059351884	-1.4352172911730816	
362.982	217.93	0.6901881059351884	1.8082185566325204	
316.117	314.43	0.8127907972638344	0.5256560538005701	
316.8013	1.56	0.9914283913287535	0.031930235610191246	
338.9888	389.8	0.7757278799509785	-0.6428384453547464	
338.9888	391.51	0.6901881059351884	-1.1353829754598066	
363.0601	359.6	0.0510123121005604	-13.951316426532044	
316.8332	134.14	0.7241689921386498	0.9017277112273722	
316.8332	137.42	0.9610073580669561	0.1193904344145512	
316.8332	140.31	0.6901881059351884	1.5770926656558106	
316.8332	147.96	0.8298451943671604	0.4752863678800135	
316.8332	151.53	0.6901881059351884	-1.229834539195285	
363.1329	197.78	0.6901881059351884	1.7069062322630153	
363.1329	204.63	0.6901881059351884	2.2224824006612223	
339.0524	201.61	0.6901881059351884	-1.2657601964439706	
339.087	289.48	0.6772593962808936	3.1225855125306303	C19H16O6,C20H17FO2S
391.0211	362.89	0.788510069917521	0.5804542432591213	
391.0211	366.17	0.6901881059351884	-1.4610954709975201	C12H16CaO12
364.02	125.74	0.6901881059351884	2.0165714234978047	
340.1251	191.71	0.9274259290071969	0.20098188005909154	C11H16N4O6
340.1412	191.97	0.6901881059351884	1.7919432458364	
392.069	179.59	0.6901881059351884	1.3784831349177913	
340.9274	201.61	0.6901881059351884	-1.579601997914808	
317.1607	27.17	0.6901881059351884	2.4820642527406758	C19H23ClN2
317.8304	148.22	0.6901881059351884	2.181985512840386	
317.8304	151.53	0.6901881059351884	-1.2088807232835044	
365.1397	192.5	0.879086504001403	0.32248412970647206	C12H24O12
366.1045	332.95	0.6901881059351884	1.5820591674753621	
366.1504	204.9	0.6901881059351884	1.7150773769853564	
342.0799	321.39	0.6901881059351884	-1.6069007262452855	C16H16N2O3S
366.9465	297.76	0.6901881059351884	1.319412589365158	
367.0307	269.79	0.8540618867688842	-0.3751191399336343	
367.0618	267.43	0.6901881059351884	-2.4118752176163016	C18H16ClFN2O2
411.0079	53.03	0.6901881059351884	-2.1260026736573394	
343.0375	390.33	0.8314624844151763	-0.46168660669494	
343.0745	201.75	0.6921237427792474	-1.0722970317762128	C9H15N4O8P
343.991	189.97	0.6901881059351884	1.1215396900610557	
412.9051	198.96	0.6901881059351884	1.105419108310408	
412.9051	206.37	0.6901881059351884	-1.4420911184942171	
368.0311	269.66	0.9190687232093585	-0.22293916152247875	
413.0037	362.49	0.7690624234563121	-0.6726212901370004	
413.0037	366.69	0.9447103715063746	-0.15597099968885725	C12H16CaO12
345.0517	210.05	0.8755548605544888	0.32989674265517505	
345.0799	267.43	0.7600895975534042	0.6989814972015194	C18H16ClFN2O2
368.912	199.62	0.6901881059351884	1.7465704224626823	
368.912	204.37	0.8981225174592996	0.27832221680214225	
447.0972	36.26	0.8852930146910164	0.30754891859648403	
447.1333	54.87	0.7431468139258601	-0.7654863057928004	
369.0264	269.66	0.9392075563130452	-0.17721803907231307	
447.9394	362.23	0.6901881059351884	-1.1276733739101428	
447.9394	366.17	0.6901881059351884	-1.2937815953782665	
369.0393	364.33	0.8340123466554381	-0.4515650513112088	
413.9769	203.58	0.6901881059351884	-1.5740630936806819	
369.1224	36.66	0.6901881059351884	1.5096046426184355	C17H20N2O5S,C17H20N2O5S
369.1224	52.11	0.7241689921386498	0.8965424319146805	C17H20N2O5S,C17H20N2O5S
370.0423	364.2	0.7973225979431202	-0.552984385615	
370.0518	29.93	0.6901881059351884	1.7405798823144631	
370.0756	25.19	0.6901881059351884	2.5221546781857835	
370.7797	1.3	0.6901881059351884	2.1637406437177416	
449.1743	251.87	0.7202865500423824	-0.9304403730120953	C24H31ClO6
371.0148	28.22	0.9914878867553601	0.028476352400858274	
371.0347	363.94	0.755210224007532	-0.7144091678671225	
371.0598	30.19	0.6901881059351884	1.7375909478251728	
371.0639	36.53	0.6901881059351884	1.13318987302062	
371.1462	36.26	0.6901881059351884	-2.4785492960685787	
371.8566	133.88	0.6901881059351884	1.8116768325368362	
372.0367	209.65	0.6901881059351884	-1.8845048502967972	C16H18ClN3S2
372.063	30.19	0.6901881059351884	1.7967955198078147	
372.063	36.4	0.6901881059351884	2.4680683330003013	
372.7775	1.3	0.7465271255334717	0.7476335646337234	
450.9225	201.75	0.9122853680600672	-0.24661333221718057	
399.0967	204.77	0.6901881059351884	1.6614571432497283	
373.0544	30.19	0.7288905073374372	0.8168413797720533	
373.0671	30.06	0.6901881059351884	2.0476702056727487	
373.1287	248.19	0.6901881059351884	-2.084137470622863	C20H22O7
399.9862	189.58	0.7781850680849297	0.6176427552205338	C20H10Cl2O5
451.9256	201.75	0.7288373540484778	-0.8572627759601935	
400.0931	205.03	0.6901881059351884	1.4182531150351125	C24H10N2O4
417.037	218.45	0.7241689921386498	0.9053012281577504	
374.0142	218.32	0.6901881059351884	-1.1437556337487855	
374.0455	229.64	0.8196467185108772	0.5086520544017022	
374.0624	36.26	0.6901881059351884	1.9853946168201848	
452.9204	201.61	0.7055213778899944	1.0066679472473599	
401.076	192.36	0.8751855029375036	-0.3357740249652679	C17H18N2O5S
452.9255	37.71	0.6901881059351884	1.3157357608424367	
402.0788	192.36	0.8315033489415106	0.4596408160055502	C17H18N2O5S
419.0471	159.57	0.6901881059351884	-1.2755584147202985	
403.0835	216.61	0.6901881059351884	1.159117733085866	
455.0139	218.45	0.6901881059351884	-1.2577597159515541	
421.0788	205.03	0.6901881059351884	2.197014778362388	
455.0626	37.05	0.7905991176273072	-0.5713851164752766	
422.0757	204.77	0.6901881059351884	2.1937950566879088	C24H10N2O4
456.0176	218.45	0.6901881059351884	-1.3221172392872842	
456.0479	215.56	0.7757278799509785	0.6428706712287121	
456.0479	220.03	0.9023689202298463	0.2701729093468448	C12H19N4O11P2
405.1047	205.98	0.8340123466554381	0.4453963268546783	
406.868	199.88	0.6901881059351884	1.1978224960414057	
406.868	203.58	0.6901881059351884	2.4157971812184473	
457.0189	218.32	0.7169508038226374	-0.939507318665611	
407.0962	192.36	0.7431468139258601	-0.7664519398663	C17H18N2O5S
458.1075	204.5	0.6901881059351884	-1.7547721261519218	
499.0403	218.32	0.9077413088058868	-0.2590980921874715	
499.1679	241.75	0.6901881059351884	-2.0160570764434045	
499.1679	251.87	0.6901881059351884	-1.3468592644960398	
500.9165	213.33	0.6901881059351884	-1.1458444435125186	
500.9165	224.49	0.6901881059351884	-2.2055978563689975	
500.9708	213.72	0.9841087976203624	0.05937559101532567	
500.9708	223.97	0.6901881059351884	-1.6689730764360255	
425.034	195.52	0.5062147564289183	3.9822512013792184	
502.1018	361.97	0.7781850680849297	-0.6171193497465404	
502.1018	366.69	0.6901881059351884	-1.5798518836678002	
460.1676	264.9	0.6901881059351884	-1.4315109576079905	C21H27N5O5S
460.1676	269.66	0.6901881059351884	-1.9724468841327027	
425.9571	363.02	0.7169508038226374	-0.9431454097565773	
425.9571	365.64	0.6901881059351884	-1.1708791200526645	
460.9935	390.99	0.7125827913010568	-0.9787324675259761	
462.1149	311.54	0.6901881059351884	-1.5477685408771091	C19H19N7O6,C19H27N3O5S2,C19H19N7O6
505.0298	301.7	0.6901881059351884	1.594713648750183	
505.0945	35.87	0.6901881059351884	-1.1098505421535343	C30H18O8
505.0945	52.51	0.6901881059351884	-2.2722694344363465	C30H18O8
506.0973	35.87	0.7241689921386498	-0.8992522425883795	C30H18O8
506.0973	53.03	0.6901881059351884	-1.1807158538670468	C30H18O8
427.0519	301.7	0.9190687232093585	0.22569334911748948	
427.136	347.26	0.9610051036942284	0.1206461255286464	C18H24N2O10
428.0528	220.82	0.6901881059351884	-1.7282870844335023	
428.0528	301.57	0.6901881059351884	1.1335701032857404	
464.1552	359.73	0.7403207759484928	-0.7824669493628409	
429.1546	156.16	0.6901881059351884	1.5202479469754684	C21H28O8
466.8888	199.88	0.6901881059351884	1.1909612929762214	
466.8888	203.45	0.6901881059351884	2.125639004741421	
573.391	124.55	0.6901881059351884	-1.9202840903651723	
467.0069	364.07	0.6901881059351884	-1.327234539236193	
467.1657	362.1	0.6901881059351884	-1.3559282041319929	
467.1657	366.3	0.6901881059351884	-1.832126707572259	
431.0157	36.79	0.6921237427792474	-1.080960682650151	
431.1344	191.71	0.8400134303116623	-0.4243127540455866	C22H24O9
577.2481	360.0	0.9669460784032964	-0.1049448165797146	
578.8391	212.94	0.7808989273805239	-0.602940475955602	
579.1759	240.7	0.6901881059351884	-1.6038348339992863	
579.1759	252.13	0.6901881059351884	-1.1203737967060705	
512.9462	37.58	0.7016782291944643	1.0398260972754672	
513.1465	241.36	0.6901881059351884	-1.5906589044781259	
513.1465	251.61	0.7125827913010568	-0.9660066613829027	
582.9194	213.72	0.7288373540484778	-0.8681712752391139	
582.9194	223.7	0.6901881059351884	-1.1869501394093713	
582.9882	36.92	0.8314624844151763	0.46461892402061455	
433.1458	36.53	0.6901881059351884	-1.4559172298399505	
433.1458	52.77	0.7393682037153785	-0.793048591874695	
433.9648	52.11	0.6901881059351884	-1.8712179360328003	
470.0329	218.45	0.8184463410935332	-0.511347629517509	
471.0343	218.45	0.9717883269472605	0.09176443311872684	
586.957	364.2	0.7288373540484778	-0.8624559868478899	
587.4069	124.29	0.7288373540484778	-0.8227187159442124	
588.4102	124.29	0.7288905073374372	-0.8156151355475418	
518.8723	213.07	0.9449399343140096	0.15133995029951777	
518.8723	225.7	0.6901881059351884	-1.6240882344412648	
472.8337	1.56	0.7431468139258601	-0.7684024744852814	
435.0315	200.27	0.9122853680600672	0.2436054261187603	C18H16N2O7S2,C18H16N2O7S2
435.0315	202.8	0.9669460784032964	-0.10427306901924448	
435.0523	34.95	0.6901881059351884	-2.0604912182368462	
435.0523	53.56	0.6901881059351884	-1.4328457609097425	
473.9978	203.45	0.6901881059351884	-1.703869603801819	C10H16N5O11P3
522.8981	213.72	0.6901881059351884	-1.713901568182557	
522.8981	224.23	0.6901881059351884	-1.8726682788164608	
522.9526	213.99	0.9150170511414921	0.23429090715058767	
522.9526	223.31	0.6905005683492896	-1.0962353048427242	
522.9856	269.66	0.8717980938556796	0.34600328705285804	
523.0015	218.32	0.6901881059351884	-1.1917755925090472	
523.9245	364.2	0.7052794718394576	-1.0189455992451375	
436.9066	201.61	0.7580035539414137	-0.7044119939452878	
524.0719	220.82	0.6901881059351884	-1.6804443027339517	
474.9955	240.7	0.9504825758980479	0.13779034543843455	
474.9955	253.45	0.9194743349030308	-0.2200386839876338	
525.1046	36.26	0.7241689921386498	-0.8957315204779323	
437.0526	204.11	0.921283205728947	0.21420851536511473	
437.2141	179.59	0.6901881059351884	1.9507386240088647	
437.8936	318.5	0.6901881059351884	-1.2281504001979673	
438.0267	38.63	0.5062147564289183	-4.378835670620225	
438.0495	204.24	0.6901881059351884	-1.7575954525462318	C24H10N2O4
438.9045	201.61	0.7288373540484778	-0.8243048666729534	
604.9561	213.99	0.6901881059351884	1.1139539576333042	
604.9561	223.57	0.7288373540484778	-0.8210851630971014	
605.0051	218.06	0.7288373540484778	-0.8496625868072896	
606.0755	220.68	0.7169508038226374	-0.9466223215563351	C17H27N3O17P2
440.1377	279.51	0.6901881059351884	-1.4617721874530447	
478.189	248.19	0.6901881059351884	-1.2691475601394302	C26H32ClFO5
440.895	213.46	0.7757278799509785	0.631078296837518	
440.895	224.75	0.6951127845416939	-1.0633514390950747	
440.9494	213.59	0.8519136954202091	-0.3799183816767931	
440.9494	223.84	0.6901881059351884	-1.6410699650159037	
440.9982	218.45	0.6901881059351884	-1.3221933467913114	
441.1057	36.26	0.6901881059351884	-1.4376733119693028	
479.0534	192.36	0.6979016227961492	1.0482445384233647	
442.0687	220.82	0.6901881059351884	-1.111621852490458	
442.1045	36.0	0.7065559639052845	0.992949900434063	
442.1384	311.41	0.6901881059351884	1.6974163780410978	C19H19N7O6,C19H27N3O5S2,C19H19N7O6
532.9253	200.27	0.7745371234391617	-0.6633617257119668	
532.9253	202.8	0.6901881059351884	-2.1224417000282045	
533.0084	200.7	0.7288373540484778	-0.8396481114257377	
533.0084	202.93	0.6901881059351884	-1.4698522227670818	
443.1012	36.26	0.7288373540484778	0.8795174524690221	
443.1409	311.54	0.7926715773964631	-0.563875067835941	C19H19N7O6,C19H27N3O5S2,C19H19N7O6
619.0206	218.45	0.6901881059351884	-1.1270755600845166	
619.2963	361.97	0.6901881059351884	1.8514792796890707	
619.2963	366.43	0.6901881059351884	-1.3440283908814146	
534.884	201.61	0.7203567963644829	-0.9287251259227242	
620.0242	218.45	0.6901881059351884	-2.0867382485851858	
620.0543	215.3	0.7813026497048985	-0.5985708392786396	
620.0543	220.03	0.9914878867553601	-0.026725365564893036	
621.0255	218.58	0.6901881059351884	-1.3815658782847982	
444.1044	36.13	0.834626192024446	0.4341534299005422	
482.1025	156.55	0.8335552755101886	0.4536110273577174	
482.7894	1.17	0.6901881059351884	2.9580756586197148	
536.8819	201.48	0.7125827913010568	-0.9693620838527831	
537.0172	218.45	0.6901881059351884	-1.4340203494729251	
445.1019	36.13	0.6901881059351884	2.131475427411509	
445.1835	362.36	0.6901881059351884	1.7984391891136482	
445.1835	366.3	0.6901881059351884	-1.2098008524416084	
538.0207	218.58	0.6901881059351884	-1.1607293983911011	
538.0509	219.9	0.5062147564289183	-4.322049650006044	
539.0221	218.32	0.6901881059351884	-2.502667667794998	
446.0086	269.39	0.8235289879306773	0.49651797972929645	
485.0492	390.72	0.7016782291944643	-1.0373147571137649	
485.2033	294.61	0.6901881059351884	1.4738862760266909	
485.3384	122.06	0.9045609595045393	0.26425728189595293	
632.861	202.14	0.6901881059351884	-1.2427538827578417	
633.0363	218.45	0.7537876597683544	0.725524841740013	
543.1514	362.62	0.5062147564289183	-3.8730006829574135	C27H28O12
543.1514	365.51	0.6901881059351884	-2.215301968674999	C27H28O12
486.7663	1.3	0.7431468139258601	0.77197334312085	
634.0398	218.45	0.7481244327075299	0.7367890517992748	
635.0414	218.58	0.6901881059351884	1.3037307494573886	
488.182	271.63	0.8852930146910164	0.31135422092729126	
488.182	296.18	0.6901881059351884	-1.3835562928769287	
641.1194	363.67	0.7757278799509785	-0.6321452302482341	
488.9874	364.59	0.705373411876251	1.0112675445210364	
646.8772	201.88	0.6901881059351884	1.6788557244943163	
549.9027	202.14	0.6921237427792474	-1.0852205003276465	
550.898	201.75	0.9190687232093585	0.22176988405008466	
551.0329	218.45	0.8519136954202091	0.38434313754549976	
648.8753	202.01	0.6901881059351884	-1.2453389435034388	
552.0365	218.45	0.6901881059351884	1.1037687478267393	
553.038	218.45	0.9122853680600672	0.2414524868577666	
661.1721	276.09	0.6901881059351884	-1.1334443590151844	
687.0083	218.32	0.6921237427792474	-1.0871278872418144	
688.0786	220.68	0.6901881059351884	-1.9280723131904751	
564.8661	200.14	0.7288373540484778	0.859514004076359	
564.8661	203.45	0.6901881059351884	1.251773222167143	
701.0243	218.45	0.6901881059351884	-1.2271042758506663	
702.0275	218.45	0.6901881059351884	-1.100694945697119	
715.04	218.45	0.8184463410935332	0.5121357658034926	
716.0435	218.58	0.6901881059351884	1.2527515000028322	
717.0451	218.32	0.9894985619342359	0.04004131621034667	
729.0886	35.35	0.8519136954202091	-0.3789793915751971	
729.0886	52.64	0.6901881059351884	-2.1121424969080436	
730.0921	35.35	0.9803996237173134	-0.07228159015381116	
735.2727	242.41	0.6901881059351884	-1.9762232890785179	
735.2727	251.48	0.6901881059351884	-1.858297767291081	
757.254	240.97	0.6901881059351884	-1.9694659410728261	
757.254	251.87	0.7288373540484778	-0.8206144853787929	
765.1598	35.48	0.6901881059351884	-1.5577931766506115	
765.1598	52.64	0.6901881059351884	-1.5519898580087044	
767.2095	242.41	0.6901881059351884	-1.942967282712074	
767.2095	251.61	0.6901881059351884	-1.9202221975275922	
783.0275	218.45	0.7325133672072328	-0.8094959350996542	
797.0433	218.32	0.8481776894813272	0.4025953043977927	
798.0465	218.32	0.7894580914573487	0.5775269031332322	
865.0303	218.98	0.8340123466554381	-0.44990829709690877	
879.0467	218.32	0.9099264209432181	-0.2527231270421796	
961.0489	218.58	0.9934140347190304	-0.016483103952177388	
