m/z	rtime	p-value	t-score	custom_id
132.0446	28.24	0.6922660525822866	0.6211091996329304	C8H5NO
132.0527	159.14	0.06662741385993308	3.7882735302634285	
132.0769	252.96	0.09106179746215012	-3.269053042806592	C4H9N3O2
175.2036	358.7	0.3166611717181418	-1.621190598387625	
218.0653	269.18	0.004290811787566593	-12.226634793738071	
132.1152	265.76	0.0038121121613199542	-13.441036901460198	
218.1249	295.96	0.07348904418311199	-3.6232335087973793	
73.0848	209.69	0.05795407936528391	4.040867311351053	
176.0295	216.13	0.09798082189540486	-3.159446194033311	
132.9874	108.14	0.8374000288725679	0.3286676873854533	
132.9874	110.9	0.4178706927448847	1.305547196163244	
132.9874	112.74	0.9715695605046661	-0.07254454101080209	
132.9874	213.89	0.549540755190653	-0.9394864701868388	
133.0279	362.77	0.4934296197332919	-1.0836525913525072	
218.9434	200.73	0.07294531232229226	-3.637306932390618	
133.0801	252.83	0.1001911154377214	-3.120489966241	C4H9N3O2
133.0861	26.79	0.058889374276936614	3.994539178919102	
219.0267	204.67	0.7669162925773687	-0.47502136318618154	
133.1014	25.2	0.6222686000936618	0.7682197741956595	
133.1014	27.84	0.24583073994083648	1.9516255389908308	
219.0476	192.56	0.6652721784629403	0.6780174216962125	
219.0576	269.31	0.004290811787566593	-12.754639556127783	C13H11ClO,C11H10N2OS
133.1222	266.16	0.004290811787566593	-12.738268505445143	
133.1247	265.76	0.004532708554049945	-11.677489578774154	
176.8754	200.73	0.8225001556993676	-0.3570664829775778	CK2O3
219.9076	198.21	0.8336828869584345	-0.33528866772203586	
219.9076	205.06	0.1545212994299298	-2.5064584029494488	
134.0353	190.85	0.9141463011886523	-0.19116298002428375	C5H8O2S
219.9468	200.73	0.1202744367393602	-2.853095370706424	
134.0813	41.57	0.01818331335820262	-6.573480214937322	C5H11NO3
134.0813	48.95	0.07003900666369069	-3.709704308537564	C5H11NO3
220.03	198.21	0.4359368710795361	-1.2461217600493122	
220.03	204.67	0.560042649966144	-0.9067575002884629	
220.03	210.74	0.48972421194302035	1.0961206290960377	
220.0371	198.07	0.05148695224901678	-4.310604726124919	
220.0371	204.54	0.5850088202527512	-0.8523985625015408	C9H11NO3
220.1181	179.0	0.9132021861879909	0.1942711792882556	C9H17NO5
177.8883	200.73	0.7669162925773687	-0.46816614715073185	
135.0277	190.72	0.9732400270302939	0.06838565706608142	
177.9668	200.99	0.18192701218917545	-2.315544411022725	H2KO4P
178.0242	202.96	0.0293442906839831	5.38916873241551	
178.0711	191.12	0.1466042226985972	-2.5745560513174883	
220.9016	200.73	0.20935592416380042	-2.1428253769539096	
220.9415	200.6	0.064027228189997	-3.8532675049050122	
220.9475	200.6	0.20546883639037647	-2.165318991307282	
135.0635	50.0	0.6391240284888258	-0.7339131513727887	C8H7NO
221.0248	198.21	0.7961643098329475	-0.4065665134621497	
221.0248	204.67	0.5943782900191167	-0.8240631819020351	
221.0248	211.14	0.9795874153742301	0.04732496988613311	
221.0344	204.14	0.6803245924721995	-0.6472116102258976	
135.068	203.36	0.09937548356232001	-3.1311871144763748	
221.8998	135.41	0.5266592373078207	1.0004231831897228	
221.8998	150.28	0.5646591188524066	0.8932606392239808	
221.9049	200.86	0.4358214478021632	-1.24921968092621	
77.0391	159.01	0.04873594478425644	4.422141833840588	
178.8736	200.73	0.7433782401964457	-0.5162741913246951	
178.8811	198.21	0.27110289166872503	-1.8280731249099786	
178.8811	205.06	0.5255754752145164	-1.0038263858271972	
77.9274	200.73	0.027247583913245232	-5.558093626579456	
222.0956	174.67	0.22195820498815247	2.0795827466548507	C11H12N2O3
222.0956	191.25	0.11985228691347233	2.8635172830874387	C11H12N2O3
80.0032	200.73	0.602988172508914	-0.8062550580434819	
80.9873	200.6	0.4934296197332919	1.0846233487118526	
80.9937	200.73	0.01770030158519328	-6.632127551045835	
136.9098	200.73	0.18312047512329288	-2.3080435075060057	
136.9109	201.12	0.7419417047198955	-0.5239057694457094	
136.9402	200.73	0.006399256217403437	-10.075468121864503	H2KO4P
81.0453	197.02	0.01580520224295136	6.979305977251854	
136.9695	200.99	0.7810267068006811	-0.4360989717853017	
136.9707	200.47	0.6796369548659582	0.6490543610310896	
222.8997	200.73	0.14477608940662978	-2.588163005182197	
179.0901	357.78	0.2268088311625299	-2.056291761834944	
81.9884	200.73	0.08521736630751367	-3.3845192381015305	
137.0598	204.41	0.7900760797594393	0.4172152306347263	C8H8O2
137.071	194.27	0.7968562293848636	-0.4047670857092041	C5H8FNO2
223.0637	136.19	0.43081500853136784	1.2671406334686603	
137.0792	204.14	0.9642873619590293	0.08399887023280805	C6H6O
223.1078	204.14	0.8865337246907847	0.23991604082832008	C9H11NO3
223.1116	302.03	0.0369897641057214	-4.921241116482325	
179.8812	198.21	0.6591654975306336	-0.68841071557206	
179.8812	205.06	0.9736574131058625	0.06408744708758471	
137.9435	200.73	0.004290811787566593	-12.548227169287324	H2KO4P
138.0526	222.17	0.28559172384858694	1.7562032832383394	
138.9383	200.73	0.005733879337750516	-10.64250457447822	
138.9443	200.73	0.2795231365963483	-1.7819250321074458	
223.1918	192.03	0.8089675190931955	-0.3808978070423358	
139.0503	182.68	0.10881067332662998	-2.9907966490949494	C6H6N2O2
84.9118	202.96	0.2550823115363716	-1.9076402350407295	
139.0979	198.73	0.4239767844809005	1.2902876889254626	C6H10N4
224.1496	25.87	0.14107102713434197	2.6237712375478424	
224.1496	27.71	0.4486484385331539	1.209522471456742	C11H16N4O
139.9148	198.73	0.992295327810825	-0.016329903420067453	
139.9148	203.62	0.8733274817102332	-0.2640798795094878	
139.9417	200.73	0.03290180258395311	-5.128382534880022	
181.0948	213.76	0.5500197481667762	-0.9365027316043913	
225.0347	215.73	0.31624234671881746	-1.6257350142961922	
225.0468	198.21	0.6398520718077381	-0.7319737493967455	
225.0468	204.93	0.7669162925773687	-0.4749154207607873	
225.0468	210.74	0.47365688824036273	1.1367675159831752	
225.1486	28.1	0.11106176325218739	2.955686765540726	
140.9364	200.73	0.0027942496439777942	-16.86545318550095	
140.9426	200.6	0.1503246419299173	-2.5390077793305914	
225.1592	26.53	0.9568640409115331	-0.09953369241872866	C12H20N2O2
86.9092	203.09	0.29705825844720585	-1.7081486028887412	
87.0269	190.85	0.9618533442313445	0.09109740435633988	
141.0716	213.63	0.3769690876874737	-1.4368788939539878	
182.0926	268.78	0.0020436028126974816	21.940338092042115	C9H10N2O2,C7H15O3P
141.1136	31.03	0.43706824528035015	1.2408764032072188	
88.0221	190.16	0.2298205373331553	2.038016498365248	
183.0226	35.89	0.31650150298886986	1.6236211767947228	
142.0613	28.24	0.08808506531819944	-3.3279513119606214	
226.1803	34.44	0.6546320543569382	0.7037212682082725	
226.9879	212.71	0.5936398943540104	-0.8288217883912563	
89.0603	26.79	0.27775764309429063	1.7898170122769945	
143.019	388.93	0.2535236729956341	-1.9142673678690427	
143.073	155.99	0.021980569554659286	6.019533120567872	
144.0479	197.16	0.01580520224295136	7.003044864267165	
184.0857	204.14	0.9815961400142681	-0.04092397671472545	
184.097	30.07	0.5203473335228453	-1.0184150854828986	
184.097	161.51	0.49345432489236596	1.0823054710063313	
144.9276	198.47	0.7640789394892584	-0.48261482738995964	
144.9276	205.06	0.6843618405130357	-0.638950008611891	
145.0474	197.29	0.0836069683259505	3.4128929068829135	
145.0496	191.51	0.8639949087545223	-0.2788391265041016	
145.0511	197.16	0.020536730411160813	6.214461788343612	
145.0841	159.01	0.021980569554659286	6.025606865961668	
95.0497	204.41	0.9260060559024952	-0.15877395067864886	C6H6O
229.1437	28.1	0.5577426354533898	0.9150645641142758	C12H20O4
229.1548	192.56	0.005066661521855847	11.190921140727966	
229.1548	205.06	0.060660676393230556	3.944952852530162	C11H20N2O3
146.0436	197.16	0.01651431736774252	6.839005154270723	
96.0813	209.43	0.05172162950712666	4.2834879757655555	C6H9N
146.0925	254.67	0.0051415062168477105	-11.088788984049833	C7H6N2O
96.9223	198.07	0.4291822139407396	-1.2744444192658209	
96.9223	204.93	0.8409654790078139	-0.3204221006063164	
96.9223	210.74	0.992295327810825	0.018737463711325935	
97.0289	191.51	0.549540755190653	-0.9381871204936308	
230.9952	363.16	0.5592547592356689	-0.9099398863122196	
147.0634	155.99	0.028640168076420697	5.4455161785012285	C9H7NO
98.9193	198.21	0.23121641078828245	-2.028253096681251	
98.9193	204.93	0.47365688824036273	-1.137306551759975	
187.0578	191.12	0.37893097455631963	-1.4297997923561707	
147.1164	26.4	0.018686740956721258	6.456706705843679	
148.0393	27.97	0.6370032441281085	0.7378634600747521	
148.0393	204.41	0.9736574131058625	0.06387286762470798	
187.1442	190.85	0.9181450989518782	0.17933657573681644	C10H17NO2
148.0475	204.27	0.9983563695344484	-0.0032061039596276556	C9H6O2,C2H6N6S
148.1333	191.9	0.39132722345176923	1.3838452603704645	
148.9403	200.6	0.1421846807352153	-2.6122492622881084	
233.0352	269.31	0.008462788497679695	-8.943925287557263	C14H10O
233.2013	28.63	0.7961643098329475	-0.40745565964050157	
150.0245	190.85	0.3732868753493981	1.4473528367899762	
234.1966	194.53	0.8426044815157021	-0.3155726248305791	C12H20N2
234.8091	198.99	0.8004335196422753	-0.3970132714299401	
234.8091	203.09	0.2679674958844418	-1.843820775273767	
234.9173	200.73	0.01836777546389028	-6.519674966830401	
150.0775	198.21	0.19175623941875852	-2.2495033468563896	C6H7N5
235.0748	191.12	0.5670381407217304	-0.8886253532296073	C8H14N2O4S
235.0748	209.69	0.3853218748194918	-1.4064979010632108	C8H7N3O5
235.9206	200.73	0.021753172963873205	-6.051071000156363	
150.9768	199.52	0.1032460882412976	-3.080675680709831	
150.9768	202.3	0.3209256640247231	-1.6063894360994166	
236.0225	209.3	0.19209499758530846	2.2464069697911926	
151.0581	190.72	0.7669162925773687	-0.46904377819696214	
190.9876	18.86	0.5242583641150571	1.0100259341670954	
190.9876	22.97	0.7686343980834491	-0.45789560952054564	
190.9927	267.86	0.4934296197332919	-1.0833021352422658	
236.9153	200.86	0.025905603954347326	-5.68100861256998	
104.0534	190.85	0.9181450989518782	0.18024692352397892	C4H9NS
104.058	159.4	0.06870252804651969	3.73775255364746	
191.0816	27.97	0.2795231365963483	1.78235271840707	C10H10N2O2
191.085	190.72	0.899983071032875	0.217256105915123	
152.0568	135.54	0.9181450989518782	-0.17367165204032525	
152.0623	190.98	0.7669162925773687	0.47051173662617723	
191.9987	191.77	0.591882509527168	-0.8352890531986412	
192.0302	191.25	0.020370894337743677	-6.235914978066546	
192.0302	210.09	0.053682891195015334	-4.206419379339342	
105.0227	213.89	0.7305318537724133	-0.5467785187471386	
192.0627	50.0	0.9181450989518782	-0.17723704981108748	
105.0565	190.72	0.8865337246907847	-0.24079610874850255	C4H9NS
237.8917	202.3	0.8299320140483626	0.34475540462235144	
237.9187	200.86	0.016904532368937894	-6.767895513632022	
153.0575	190.85	0.9624661292419191	-0.08909359615835008	
153.0601	135.54	0.9218779699566763	-0.16600534379997606	
106.0491	190.85	0.9431550153363357	0.12321301867091	
238.0452	294.25	0.2884944493947798	-1.742715311093495	
107.0658	190.59	0.29006842903815333	-1.7356572156489602	
238.1652	27.05	0.012085203780466947	-7.830904651295812	
238.1652	34.84	0.025457125252904736	-5.722403816504723	
238.1915	192.3	0.5965721395026926	-0.8198510223089215	
154.0566	189.9	0.5900942349866013	0.8395321549886678	
238.9136	200.73	0.2679674958844418	-1.8425304320104727	
238.9197	200.99	0.07200946089408983	-3.6576634911414074	
193.1437	34.58	0.08904402630216358	3.3098458133539497	
193.1628	37.6	0.5865296725383744	-0.8470445340556683	
239.0438	269.18	0.7139996463854582	-0.5815009146410367	
193.9982	201.52	0.007704228732955848	9.293693088454756	C3H10NO4P,C7H7O4
155.0689	191.12	0.18715453425652798	-2.2744898799019966	
109.0637	190.85	0.2300859290243309	-2.0344019862722575	
155.0751	191.12	0.17624582852441925	-2.3502108174321155	C6H6N4O
109.0652	27.19	0.00673451131279815	9.746755158793816	
109.0652	204.27	0.80401494739868	-0.3897469724622245	
194.1005	49.87	0.5924602471996867	0.8332428060279341	C8H9NO2
194.855	198.6	0.9308746948604886	0.1477032000479187	
194.855	203.88	0.7081549276324943	-0.5949938291950063	
240.1376	269.18	0.040685774304733885	-4.741975346785432	C16H17NO
195.08	269.18	0.0027942496439777942	-17.390666477777607	C14H10O
156.0422	200.18	0.04814244927620125	-4.456361232900002	C3H10NO4P,C7H7O4
241.0086	198.86	0.992295327810825	-0.016927284113692598	
241.0086	202.57	0.5941251266961773	-0.8253409122295589	
241.0859	228.9	0.00673451131279815	-9.767363687735632	C15H12O3
195.8552	198.6	0.47365688824036273	-1.1337974631029553	
195.8552	204.01	0.8418170321076244	-0.3175008842416839	
157.0761	155.86	0.07791130842556473	3.5219681251823793	
195.996	201.52	0.006399256217403437	10.073556338988642	
195.996	214.55	0.30919231454300505	-1.654103771854797	
195.996	219.54	0.137199502850351	-2.665792358542523	
196.0175	188.72	0.045492328444427854	4.551947870071399	
242.0189	198.6	0.6548575688184136	0.7005705607965682	
242.0189	203.88	0.5631471707664686	0.8974475432757625	
196.0638	209.17	0.9618533442313445	0.09109658240972773	
196.0833	269.18	0.0029365483785430196	-15.56928812609334	C14H10O
112.0216	197.16	0.0545661340362863	4.1567726118270105	
242.0376	220.72	0.2673384628995044	1.8487563906214264	
242.0998	179.27	0.4357074098355289	-1.2523929299981458	C9H17NO5
158.0403	200.18	0.6117920137576218	-0.7863531945918377	
158.0602	28.24	0.7157874217882304	0.5764150973854787	C10H7NO
158.068	190.85	0.2730160107753997	-1.8171820244713897	
242.9385	232.18	0.42601056492118233	-1.2848365853549188	
242.9385	233.23	0.7102679449723712	-0.5900777059752872	
243.0161	198.47	0.9181450989518782	0.18120535350401917	
243.0161	203.88	0.76761649128778	0.46297294877892653	
243.0226	198.47	0.7267060697666272	-0.554581562988923	
243.0226	203.88	0.8472156530361756	0.30779300540131804	
196.8532	198.6	0.48563584409268423	-1.1075436374090566	
196.8532	203.88	0.2236846441102262	-2.0713313256262746	
196.9615	200.73	0.0435580390994031	-4.636340419068637	
243.0409	220.72	0.2985716371059673	1.6967190752557622	
158.1005	222.56	0.36024110911458235	1.4865989148402818	C7H12N2O2
243.1033	179.27	0.564557306063592	-0.8943251605055627	C9H17NO5
112.8961	200.86	0.14062698783167066	-2.6315079486274158	
113.0297	197.16	0.047968937805671706	4.465307722075623	
197.0757	269.18	0.0020436028126974816	-21.728355665577638	
197.1147	135.41	0.9430705381427141	0.12615960037165327	
244.0175	203.88	0.602988172508914	-0.8050619578611875	
159.0474	136.06	0.5079928693937708	1.045847657717501	
159.0474	149.1	0.5539583591962154	0.9256379582690237	
159.0805	25.07	0.09570678444237309	-3.197728224117438	C11H10O
244.0532	214.42	0.07399949638292597	3.6069810198601875	
244.1294	310.3	0.06838061548151791	3.7461507301745747	
244.1908	34.58	0.21876307078827575	2.094891206141242	C14H21NO2
198.0876	251.39	0.011044701136105367	8.157731442436406	
198.0975	191.51	0.48972421194302035	-1.0951186814721863	
198.1045	357.51	0.12051842111537651	-2.848197767830879	
160.0758	27.84	0.6591654975306336	-0.6895175438099396	C8H6O
160.0758	156.25	0.021753172963873205	6.0646139618092	
245.0011	233.36	0.3871047735522581	-1.399391114126016	
114.8932	200.73	0.3960298393098038	-1.3670943380128844	
115.0545	155.99	0.032886281180495976	5.145013673008029	
245.9478	225.19	0.7065209976465636	0.5987663146190724	
160.1162	209.69	0.05178709996184125	4.2724658069540355	C5H11NO2
198.5455	314.11	0.7313824639685534	0.5438604277979747	
198.9596	200.73	0.037485469304204454	-4.8928133874589586	
246.0973	191.25	0.47365688824036273	1.134610212863578	
246.1238	155.99	0.037747235191161764	4.873379521761803	C11H12N2O2
160.9015	198.73	0.8122164288318285	0.37397169565051325	CK2O3
160.9015	203.49	0.7747329399087189	-0.4471797134741379	CK2O3
116.0471	221.51	0.31624234671881746	1.6268168579299431	
161.0317	220.85	0.021753172963873205	6.055968228492271	
161.0378	220.85	0.014116890613175987	7.278046995779966	
161.071	27.97	0.8394024019891192	-0.3242617141611859	C10H7NO
161.079	27.84	0.39306843858117835	-1.3790322637056538	C8H6O
116.0936	222.3	0.23128618388838973	2.025238829605311	
199.1007	191.64	0.4576999033098697	-1.1835879203794029	
117.055	25.87	0.01873670065794954	6.435418924421628	
117.068	222.17	0.2974121122135385	1.7038647768091144	
248.0218	362.64	0.5028081645579879	-1.0603991293114055	
248.1283	35.36	0.12486217351477556	2.801707070121505	C14H14N2O2
161.9929	199.65	0.8925684526616872	-0.23104164022069232	H2NaO4P
161.9929	201.52	0.771859833874325	0.4527470184138875	
117.0913	28.1	0.16555559055660146	2.4162160778158404	
162.0386	221.12	0.012085203780466947	7.838131539009081	
162.0551	35.89	0.45748130874355786	1.1851022526975754	
162.0551	37.46	0.6922660525822866	0.6211850126529485	
199.5428	313.98	0.549540755190653	0.9422347812549319	
249.1195	299.77	0.8969010197325762	-0.22349396550279893	
118.0615	253.1	0.7231875917443943	0.5628708054973385	C3H7N3O2
250.0176	363.29	0.48563584409268423	-1.1083772117706205	
118.0751	222.17	0.2504076499894007	1.9313629284780442	
118.0775	222.17	0.2985716371059673	1.6989082004124898	
250.0935	34.97	0.3702386202975443	1.4575563561207756	
162.1127	288.18	0.8827038836775121	-0.2502081601701074	C7H15NO3
118.1099	209.03	0.10250265775012347	3.09250918872209	
119.0494	204.27	0.9749657764629132	-0.061169529594609626	C8H6O
119.0688	158.49	0.039383173777697296	4.802988607084561	
163.0536	214.16	0.10633780606220429	3.0267595897930475	
119.0836	209.69	0.052297700270727845	4.250374023258725	
200.8631	198.21	0.5001512867330475	-1.0687766860967263	
200.8631	205.62	0.5936398943540104	-0.8276178768166674	
251.0962	34.97	0.9676857654398224	0.07858974466073688	
251.0962	198.6	0.07811220807394405	3.513739073270493	C11H14N4OS
120.0449	257.72	0.1076379483019084	-3.0101680210003727	C7H5NO
120.0528	204.27	0.6270346883768058	-0.7593198657742176	C8H6O
163.0979	197.16	0.020013653661951694	6.282274158289735	C6H7N3
120.0907	209.69	0.06395099851634974	3.8672925565939362	
120.0932	209.43	0.02266372979679555	5.934345632565756	C5H11NO2
120.1022	192.3	0.05962150951786675	-3.973100411603452	C5H13NO2
201.9839	225.05	0.9305742205132774	0.14953946081771047	C3H7NO5S2,C3H7NO5S2
121.0165	200.73	0.07268515881306109	-3.644208297493283	
202.0645	221.12	0.009698981645602863	8.538569833759926	C6H8N4O4
202.0686	192.95	0.9894390050948673	-0.026151381200160424	C6H13NO5
164.0707	204.14	0.952777213880738	-0.10724249362567809	C7H6O2
164.082	33.39	0.15470810603611684	-2.500351723522587	C6H6N2O
121.0651	159.27	0.051520313904174754	4.303564552011135	C8H8O
121.0781	158.75	0.050890206744768345	4.335550978213642	
164.1282	190.85	0.5416686985388303	-0.9647010428576931	
202.9695	199.65	0.7194251104253039	-0.5692751217053222	
202.9695	202.3	0.8812437645974655	-0.2530084920085253	
202.9695	214.16	0.018686740956721258	-6.46108601769555	
253.0854	187.8	0.004290811787566593	-12.303838538642454	
253.0854	190.85	0.044811180421873265	-4.585138016139846	C16H12O3
121.9698	199.78	0.2673384628995044	-1.8477122440946727	H2NaO4P
121.9698	202.17	0.31999006949302916	-1.6100355632835026	
253.1646	31.16	0.4488210481744414	-1.2047717554782922	
164.9352	200.6	0.02167819289584065	-6.0861587863598965	
122.0469	197.29	0.7896407910802272	0.41867873572190434	
253.2387	194.79	0.576887483409973	-0.8687871782919201	
122.9248	200.6	0.2004329993378895	-2.196294120901807	
122.9646	199.78	0.4641301990850519	-1.1638207830878904	
122.9646	201.12	0.6173568334312451	-0.7763357916829334	
203.0767	209.17	0.09600412833648997	3.1921608484469046	
203.0767	214.29	0.09821344735884656	3.147530758093866	
203.0814	27.71	0.9431550153363357	0.1241851479355033	C11H10N2O2
203.0814	187.54	0.01893756143084862	6.408695457172698	
203.0814	191.12	0.11317469954580937	2.927374417919256	
203.1028	302.82	0.6727562452410448	-0.663395412475117	
203.114	268.39	0.03576366818286702	-4.97853713906162	
203.1391	192.03	0.11069378680400975	-2.9651790008394285	
254.1963	28.24	0.7423176320646896	0.5194647527010092	C13H22O4
123.0684	197.16	0.01836777546389028	6.5216080080630725	
165.924	1.95	0.560042649966144	0.9050616531776376	
123.0749	197.16	0.013814867982712075	7.43438736052181	C6H7N3
165.9304	200.04	0.4108833613630448	-1.326844565146424	
204.0245	232.31	0.07479630105379527	-3.5893674832720124	
204.0631	197.42	0.6498438109767369	-0.713980780212432	
204.0631	204.93	0.6101612094855311	-0.7909442398822225	C9H11NO3
255.101	301.24	0.004538888054221364	-11.640059181211626	C16H14O3
204.1174	191.51	0.4664145890638523	-1.1576693920674634	
255.1591	31.56	0.026568618125247176	5.615907806905982	
166.0581	204.41	0.9733563987252849	-0.0670713578522083	C9H8O3
123.941	198.34	0.6650919442160721	-0.6791587139940433	KO3S
123.941	204.67	0.9129342388008468	-0.1963119917720578	KO3S
204.9278	200.6	0.5770103489789279	-0.8676944917704575	
124.0477	204.14	0.926291579873451	0.1574497127178609	C7H6O2
256.0169	214.55	0.02826570368529991	-5.483556343445331	
256.0169	219.67	0.14731467791085437	-2.5631568308996675	
124.0527	33.26	0.9244923080989738	0.16168101669886778	
256.1045	301.24	0.006214035641239852	-10.245891300471252	C16H14O3
124.0589	33.26	0.16288863847821555	-2.4344471120978044	C6H6N2O
124.0782	197.29	0.005718334728463001	10.685221231321206	C6H7N3
205.0683	191.12	0.00402935113118608	-13.144183267800685	
124.9229	200.73	0.32911476855214994	-1.5827773339203794	
256.9825	200.6	0.2754101650548091	-1.8032769433816933	
125.0599	33.52	0.9181450989518782	-0.17752429124138885	C7H8O2,C7H8O2
257.0567	190.98	0.5559958075788141	-0.9205717443897832	
257.0567	209.69	0.5065016447075904	-1.0493362512175073	C8H7N3O5
125.0793	50.13	0.7919963748694707	-0.4138068415458569	C7H9NO
166.9508	200.6	0.013335128119718013	-7.552878699165809	
126.0374	197.02	0.01580520224295136	6.995100305975516	
126.0664	34.97	0.054836535601963686	-4.147065169189664	C5H7N3O
167.9542	200.99	0.08224392286113323	-3.441178963690299	
206.0814	204.27	0.8429768769992998	-0.3141806652139636	C9H8O3
257.9328	371.2	0.38710188485711433	-1.4009053616614293	
257.9933	202.96	0.5204319982891376	1.0173331427848142	
258.0884	269.18	0.004397868164725423	-12.055170025042218	
127.0392	191.51	0.46838504605522596	-1.151614697076404	
258.1103	314.37	0.4442696759283056	1.2218560149519226	C8H20NO6P
168.0902	159.01	0.07297475728503747	3.634000498484492	
168.1496	191.9	0.550143035696657	-0.935388351016864	
258.9809	200.31	0.27731223679119416	-1.7924247681423833	
168.9489	200.6	0.0324283277670286	-5.170694363371094	
258.99	202.96	0.9181450989518782	-0.17402836202152666	
258.9966	202.96	0.5375769289304256	0.9767353167108502	
207.104	156.12	0.022463519736455485	5.964052625358662	C11H12N2O2
207.1857	34.84	0.45881299473685894	-1.1779711044463061	
169.0691	47.77	0.012085203780466947	-7.829292132392945	C8H9NO3
128.9328	1.17	0.11106176325218739	-2.958753878080322	
169.0761	27.45	0.38480694349126665	-1.409818475352565	
259.0922	269.31	0.05544832638030768	-4.105048798912306	
259.1135	314.37	0.6498438109767369	0.7132041127753255	C8H20NO6P
169.086	27.05	0.02055432954104543	6.205306869524533	C9H12O3
259.9912	202.83	0.6270346883768058	0.7583365735918401	
169.1265	36.68	0.6356690589904428	0.7415735420134469	
260.0272	294.38	0.3672280294991262	-1.4666488471117989	
170.0425	320.19	0.8407195766043962	-0.3216503028105502	C5H8NNaO4
170.0482	191.25	0.006059838846198	-10.41948513344067	
170.0482	210.22	0.05369988787464123	-4.202295311193783	
260.1138	314.37	0.780994277254334	0.43716063723172677	
260.1494	26.0	0.006261760611037542	10.20141112294282	
260.988	202.96	0.8004335196422753	0.39651191605146036	
260.9949	202.7	0.18356092755632658	2.3043143869642164	
130.0695	266.16	0.5475071649340559	0.9478913021005854	C5H8N2O2
261.0307	203.49	0.07479630105379527	-3.5903959749633967	
171.0785	50.43	0.40301337637963924	-1.348431372110158	
209.0957	274.72	0.004290811787566593	-12.321428318383465	C15H12O
209.1174	26.4	0.08873571254034054	3.31600498659406	C12H13NO2
130.9298	1.17	0.36024110911458235	-1.486190827420285	
262.1438	34.71	0.0293442906839831	5.385346385358347	
131.0705	27.05	0.008267171220616999	9.016336157616221	
131.0705	266.29	0.15038042338285618	2.5369764626991853	
263.0026	200.47	0.4299255185007061	1.270933146921182	
209.9963	198.6	0.45748130874355786	1.1849814214459777	
209.9963	203.62	0.9168465707776824	-0.18675631651957667	
131.0928	192.56	0.47807454540489724	1.1239072109748702	
172.0718	300.72	0.19210083718607834	-2.2429595046094075	C6H9N3O3
172.0718	308.99	0.16223722020602063	-2.4413814388897266	C6H9N3O3
263.8587	198.21	0.9379556604846495	-0.13566991496295203	
263.8587	205.49	0.4178706927448847	-1.3067473547855435	
264.0819	179.27	0.1003192811449384	-3.116944781301457	
264.9278	200.86	0.05544832638030768	-4.118770779718008	
173.0711	26.79	0.899983071032875	0.21685547756412424	C8H5NO
301.0296	199.12	0.1662429497705213	-2.410794348981326	
301.0296	202.7	0.1202744367393602	-2.8539596755519754	
173.0887	50.13	0.80401494739868	-0.3891482613012737	
301.1116	213.24	0.08588261736604505	3.3690170390155445	
301.2051	34.84	0.009537869950422904	-8.603072711549915	
302.0587	220.72	0.31774451688082345	1.6171522282362356	C16H12ClNO3,C14H11N3O3S
266.0748	157.57	0.3135788657179405	-1.6388202658861823	C9H13N3O5
266.1144	197.16	0.01086399999995135	8.207899985867478	C14H17ClN2O
173.9832	216.65	0.689385365603034	-0.629345172441185	
174.0139	214.55	0.07727102743898032	-3.533826622035391	
174.0139	219.8	0.3672280294991262	-1.466744773632715	
174.0388	134.32	0.9981093107078423	0.005563971132135595	
302.9046	200.6	0.3880478664883145	-1.3952047493645752	
174.0551	28.5	0.9951732678339067	0.011492733860834199	C10H7NO2,C5H8ClN5
267.059	159.93	0.8969010197325762	0.22268130576345965	
267.0646	190.98	0.004502215158094091	-11.732050469283287	
267.0646	208.9	0.004436478283945126	-11.847502563839333	C11H11ClN4O2
267.0975	257.72	0.3886824588882017	-1.3927604607364985	
267.1074	197.16	0.014116890613175987	7.284634718453921	C11H14N4O4,C10H18O8
211.9969	34.05	0.25335855265868934	-1.9174562138329734	
267.1175	197.29	0.016020362839020374	6.940056493227683	C14H17ClN2O
267.1226	25.87	0.060660676393230556	3.942647817480722	C13H11N3O
267.1452	34.97	0.45788920862042304	-1.1815081400711251	C12H13NO3
304.1194	239.31	0.9471188091836353	0.11704200406050694	C14H14O5
174.149	37.6	0.549540755190653	-0.9407604642103984	C9H19NO2
212.1065	269.18	0.006640126401806243	-9.897922743242928	
268.0792	191.12	0.7123340831242795	-0.5846467993273089	
175.0173	214.16	0.4125422015012588	-1.3223929651585242	
175.0173	219.8	0.3568659978587416	-1.4974600591778469	
268.1012	257.72	0.2615862049636644	-1.8741693317433012	
268.1108	197.02	0.016312523099864293	6.879930426206298	C12H14N4OS,C11H18O5S,C16H10FN3
175.0591	320.48	0.7419417047198955	0.5235219633343177	C5H8NNaO4
175.0591	321.27	0.9181450989518782	-0.17742575151976553	
268.1486	34.97	0.2465890240459011	-1.9462867435602786	C12H13NO3
306.0809	167.71	0.27110289166872503	-1.829047671652548	C10H13N5O5
306.1912	26.92	0.11495652289979458	2.9089971266382406	C12H24O6
269.043	35.89	0.42073604939889514	1.2984873501383487	C15H8O5,C7H12N2O7S
269.0882	134.97	0.6367379369271258	-0.7391375623500679	C9H16O9,C10H12N4O5
213.0905	252.31	0.0027942496439777942	-17.045119041322796	C14H12O2
269.2155	26.66	0.22890520462382452	2.044005002690842	C13H25NO4
308.0482	205.19	0.5850088202527512	-0.8518932387078914	
308.0482	208.9	0.6950144585011546	-0.6162748349271069	
308.0482	212.32	0.6345385656671281	-0.7449925730701312	
349.2305	357.51	0.048223525244683395	-4.445713815764609	
270.1911	28.37	0.2584016564138908	1.8902427274589761	C15H20N2O2
308.8497	200.6	0.2901716806152821	-1.7341541259949513	
350.0175	212.71	0.5503448678789922	0.9338010368029974	
350.0303	190.98	0.42658955243070057	-1.2816328556971193	
350.2174	27.45	0.0027942496439777942	16.510789080681302	
270.3156	28.24	0.39307499935950624	1.3779625314663948	
309.036	223.22	0.2974121122135385	1.7035779491711323	C15H10O6
271.0386	36.02	0.0324283277670286	5.170714030948927	
309.9688	297.4	0.33616839406048443	-1.5597969331235082	
310.025	220.46	0.6101612094855311	0.7905585923447935	C8H12N3O6PS
310.0698	36.02	0.5012905138406021	1.0639593212526008	C15H8O5,C7H12N2O7S
271.9731	212.71	0.9835654196184537	0.036916626925647275	
214.1416	35.1	0.7357066047360148	-0.5362925277140099	
272.1856	32.08	0.07727102743898032	3.5358847102799174	C15H24O4
311.0227	205.62	0.44398111422391334	1.2240968914439487	
311.0284	190.98	0.01770030158519328	-6.6301737139481345	
311.0284	220.59	0.602988172508914	-0.8048373966424156	C8H12N3O6PS
352.2329	26.79	0.030055427331000306	5.332283138719641	
311.059	220.72	0.6812084416996006	0.645097033428014	
311.0614	257.46	0.11058777423939789	2.9702706924412126	
311.2065	31.69	0.6577470337691794	-0.6939683250340902	C16H30MgO4
353.0478	34.44	0.1046778710823585	-3.055670006095743	
312.0405	214.29	0.4638350401856336	1.1663222270958722	
215.0405	214.42	0.23410374371969486	-2.012789962505596	
215.0405	219.93	0.43081500853136784	-1.2677715543954902	
312.238	27.19	0.2730160107753997	1.8154809838635553	C15H29NO5
273.03	205.62	0.14847431935885874	-2.5540572331577382	
273.03	209.56	0.13294736291997833	-2.7117259749641263	C8H7N3O5
273.0857	2.61	0.8299320140483626	-0.34238855296909615	
273.0857	362.64	0.5450225275561722	-0.9528074755274667	C9H13ClN6O2
313.0668	209.3	0.15641383428520605	2.4851610699310713	C15H14O6
273.091	28.37	0.4357074098355289	1.25319230206952	C19H12O2,C11H16N2O4S
313.0747	213.5	0.5549535810929715	0.9231408305714042	C12H20NO4S
313.1043	310.83	0.7081549276324943	-0.593876132940882	C14H12N6O3
354.0512	34.44	0.09017208920265979	-3.2818817804898757	
354.0512	220.59	0.560042649966144	-0.9059519743815571	
313.8998	201.12	0.7264939702855986	-0.5557556058288515	
354.0787	25.2	0.38480694349126665	-1.4107855282680304	
354.0787	228.63	0.05940440987830664	-3.980772957487125	
354.0787	265.24	0.004502215158094091	-11.731585778708169	
274.0837	211.0	0.30557132794799924	-1.6699381774369435	C11H14ClN5
314.138	269.04	0.0032079494547696485	-14.438442453549696	C18H19NO4
314.146	134.97	0.76761649128778	-0.46279348334118486	
274.0922	338.24	0.015590948356836052	-7.056430593100542	
314.8979	201.25	0.014116890613175987	-7.326116431312964	
274.0942	28.37	0.9795874153742301	-0.04714891612806321	C19H12O2,C11H16N2O4S
315.0623	209.17	0.1070156870583808	3.018172671743993	C18H12O4
315.1415	269.04	0.011826603959214099	-7.955731296496714	C18H19NO4
355.0634	35.23	0.19738118596565526	-2.214498744616232	
355.0804	228.5	0.05395377982651613	-4.192719181101495	
355.2833	25.74	0.5009886658019058	-1.0654296441256967	C21H38O4
216.0633	294.12	0.19210083718607834	-2.241887309793383	C7H12N2O3
355.9699	202.44	0.8299320140483626	0.3414612131687367	
356.0666	35.23	0.21070589377041948	-2.1356674954202735	
356.0666	52.66	0.5255754752145164	1.0041200665572136	
356.0666	213.5	0.1489814292727028	2.5491498113149023	
316.0935	187.67	0.10630413168794382	-3.0313372631209146	C13H10N2O5
316.0935	191.25	0.059768857688198125	-3.966856974170855	
216.8369	198.6	0.952777213880738	0.10678879531311009	
216.8369	204.27	0.7810267068006811	-0.43533500320355323	
316.9203	200.73	0.082283195191163	-3.4380521059229365	
275.0537	209.3	0.2075871320830276	2.151825634911063	
275.0673	187.8	0.007704228732955848	-9.310161442808695	C13H10N2O5
275.0673	191.12	0.08582804390579543	-3.3742596635285755	C16H12O3
356.9666	202.04	0.7109708091765377	0.5873848535310099	
317.0035	200.6	0.23128618388838973	-2.026401198469734	
357.059	35.23	0.992295327810825	0.016324383750072127	
217.0618	269.18	0.0029365483785430196	-15.00630520485674	
357.0694	35.23	0.2020784365663959	-2.1845673606342664	
275.135	324.55	0.09318546843303567	3.2351625427113584	C9H11N3O4
217.1048	35.76	0.8865337246907847	0.24048865891443372	
217.1048	213.24	0.8299320140483626	0.3411441557937652	
357.9684	199.65	0.724922053094179	0.5596475119194313	
357.9684	202.3	0.7669162925773687	0.46961801584650253	
317.9237	200.73	0.14441490405422644	-2.5939837525833265	
217.1185	284.47	0.05410724357353671	4.180107320794882	
217.1297	266.81	0.13294736291997833	2.710615692654193	C7H9N3O2
358.2435	31.82	0.38710188485711433	-1.4004634340923712	
318.0061	199.78	0.4458440029991838	-1.2168515837722393	
358.9446	203.49	0.44398111422391334	1.2234072136930942	
318.1912	26.92	0.15287631949560748	2.5181587166305723	C15H27NO6
318.8785	200.73	0.12542654167177025	-2.7896566179581694	C8H4Cl6
276.0256	188.06	0.15089502404715918	2.532084768624901	
318.9182	200.6	0.08521736630751367	-3.3873452198259772	
276.0574	209.03	0.5375769289304256	0.9779935297241016	
400.1215	35.23	0.591882509527168	-0.8350176802061727	
400.8817	200.6	0.6727562452410448	-0.6635941378490374	
319.882	200.73	0.047353560141422515	-4.490697400949015	C8H4Cl6
401.1595	28.1	0.006457224227888731	10.027086846037555	C22H24O7
401.1701	283.55	0.03040698504466437	-5.3093262971220385	
401.262	36.02	0.013725932247312325	-7.4590464078435295	
401.7636	36.02	0.04873594478425644	-4.415351226163011	
402.2648	36.02	0.037747235191161764	-4.874207989315344	
402.2698	31.56	0.642525287106901	-0.7254586270307787	
277.0491	209.3	0.21244420706152176	2.1240712637614148	
320.2068	26.53	0.03058509910679575	5.283788805626014	
320.2068	34.71	0.542817802734924	-0.9572865333002746	
320.8764	200.99	0.20402791833029746	-2.1730605113719186	
277.083	301.24	0.016558768878311064	-6.824490429602896	C16H14O3
403.1374	36.02	0.76761649128778	0.4635670588567057	
277.9986	214.81	0.3960298393098038	-1.3676402574211401	
277.9986	219.67	0.12491493371198735	-2.7964321307333333	
322.0544	270.23	0.9733563987252849	-0.06624999346934864	C14H9ClF3NO2
278.0865	300.98	0.001267634720849911	-34.08077776271956	C16H14O3
404.2066	25.87	0.03454745982574111	5.032562956120987	C23H25N5O2
405.1504	357.51	0.09621561465379457	-3.187547470372958	
362.9048	200.73	0.058029907373516675	-4.015567923396811	
405.2099	25.87	0.030729105025769744	5.26845746316851	C23H25N5O2
406.0437	220.2	0.6922660525822866	0.6209424680984863	
362.9564	214.16	0.7669162925773687	-0.4690094063350962	
406.148	357.65	0.08092290351609494	-3.4667909287917973	C20H23NO8
407.047	220.33	0.8570584684219281	0.2915015384024556	
363.0155	363.16	0.5733913492183207	-0.8751055419353877	
408.0478	388.8	0.20551050641614554	-2.1622391514392194	
408.0593	214.68	0.2616837897588328	1.8715919153870102	C16H14F3N3O3S
363.1307	270.78	0.12970140924987364	-2.749401362879575	
279.0923	34.18	0.3943323478709946	1.373152999694159	C12H14N4O2S,C12H14N4O2S
279.0985	239.7	0.542817802734924	-0.9579190978872116	
279.0985	253.1	0.48395022878006827	1.112458376067354	
324.0223	198.47	0.7423176320646896	-0.5210496285449865	
324.0223	204.01	0.6815643729767762	0.6437163267838746	
324.0413	220.46	0.4486484385331539	1.2105066644150067	C16H12ClNO3,C14H11N3O3S
363.955	214.16	0.7686343980834491	0.4584343927111713	
324.2016	26.92	0.0021707975991769345	20.44263919374308	
324.8975	233.49	0.5007428834916129	-1.0668044201517592	
364.007	179.27	0.09798082189540486	-3.1594024137553336	
409.0475	388.93	0.28329845968569917	-1.766755437878158	
324.9598	191.25	0.5375769289304256	0.9760284566930333	
409.062	214.55	0.12331131811187443	2.819765397346386	C16H14F3N3O3S
409.0669	159.54	0.2771649994931461	1.7941124052871833	
324.9883	233.23	0.4359368710795361	-1.2477925360088185	
364.2329	27.19	0.07850375679293749	3.502868006035894	
364.9526	214.02	0.549540755190653	-0.9382510148975234	
279.9749	198.86	0.6546320543569382	-0.7052524629245085	
279.9749	203.49	0.2730160107753997	1.8151207548987098	
325.0377	213.24	0.7145546772205683	-0.5789723108602899	
325.044	220.46	0.5577426354533898	0.9156844617796445	C16H12ClNO3,C14H11N3O3S
410.0455	388.8	0.21876307078827575	-2.093818908181397	C10H14N5Na2O8P
280.0703	269.44	0.05544832638030768	-4.115426941277544	
280.092	313.98	0.427669498926172	1.2784636136534204	C8H20NO6P
410.8791	200.73	0.01200585713709017	-7.896725757553598	
325.9609	191.51	0.7102679449723712	0.5892276550893684	
325.9706	205.88	0.48583636969166283	-1.1052643867603065	
365.9864	191.64	0.8411211319565496	0.31931057476052227	
366.0372	389.06	0.37836863797047987	-1.4326609427956425	
326.0455	220.33	0.8858263820008571	0.24434671528718477	
326.0565	214.55	0.40784934953680657	1.3341612873091715	
366.1089	263.79	0.018686740956721258	-6.4680667248924495	C10H24N2O8S2
366.1089	295.56	0.7969861443798549	-0.40370215709980545	C10H24N2O8S2
326.2172	27.84	0.014116890613175987	-7.313172893371061	C15H27NO6
411.0623	159.54	0.2555227026410509	1.9048384538124907	
411.1343	269.31	0.0018341432158235401	-26.286331580416043	
411.2224	34.71	0.00488508201649545	-11.348734767136648	
326.9966	204.41	0.9983563695344484	0.0033926529510235085	
367.056	308.86	0.0825908510055031	3.4313802269321423	
327.0596	214.55	0.1575750391091053	2.476621296175011	
367.1646	266.16	0.00429551360140918	-12.166546946096961	C19H19NO4
327.2013	34.84	0.0029365483785430196	-15.015112037501861	C14H30O8
327.2013	45.67	0.07116979918208731	-3.676773244176059	
412.7461	35.76	0.006982527659260887	-9.633528941181646	
328.2329	27.71	0.07385936836982988	3.611922821280885	
414.2699	28.24	0.01580520224295136	-6.999652575786026	
414.7618	36.28	0.013725932247312325	-7.464627943493405	
282.1195	198.07	0.05174437135981286	-4.279063198633517	C11H15N5O4,C10H19NO8
414.8972	200.99	0.07564289821022487	-3.5739891979047957	
282.1911	26.0	0.23892050463802117	1.9845448743052245	
282.1911	27.45	0.016904532368937894	-6.75854045625778	
282.1911	35.1	0.057379263447428844	-4.056388437067978	
329.0497	240.1	0.10457290896845156	-3.0594703013772726	
282.9499	214.16	0.9284086207901111	-0.15376164882055454	
369.0761	266.81	0.0018341432158235401	-27.14043835135322	
369.1823	24.81	0.1802039017713567	-2.3273276866261132	C20H29ClO4,C21H24N2O4,C18H28N2O4S
369.2165	249.42	0.004290811787566593	-12.329354478312837	
329.157	250.73	0.137199502850351	-2.6662134185702553	C19H21NO4
329.2364	27.71	0.6400542321959576	0.7307925167490426	
283.0632	388.93	0.09233786770122672	-3.2495445531044096	
415.2536	34.97	0.012699939814284095	-7.701604797199519	
330.0134	357.51	0.23676237561584093	-1.9965374162740424	
283.1177	28.1	0.004290811787566593	12.209142783909332	C14H18O6
415.9019	200.86	0.36802779769661575	-1.4637148720833586	
283.123	198.07	0.04488393097837489	-4.578543643008708	C11H15N5O4,C10H19NO8
283.1433	241.54	0.14701310177884672	-2.5702084428425063	
283.1433	250.47	0.857136070486511	0.2885902986284825	
283.1543	27.32	0.9411125042716972	0.13062535399234207	C15H22O5
283.1751	34.84	0.0018341432158235401	-27.84171400416393	C12H26O7
283.1751	44.06	0.0036749567365387302	-13.62418655083092	
370.2436	28.1	0.0029365483785430196	-15.298447079590767	C17H31NO7
370.7355	35.89	0.007513185176231372	-9.393057329836841	
370.7355	65.17	0.06530681920737585	-3.820778994646806	
330.7878	199.65	0.6781716925205985	-0.6528671714022664	
330.7878	201.12	0.5503448678789922	-0.9332335027595853	
330.9799	191.77	0.18167829418416478	2.3183419225945214	
416.8556	200.73	0.08751708311164183	-3.3407146067784965	
416.8952	200.86	0.09204392062670647	-3.25529500849921	
331.1304	35.49	0.49075037335212673	1.0908560652257537	C19H17NO2S
417.0049	35.36	0.7355697557806049	0.5373650973879391	
371.2125	357.51	0.05271153479533834	-4.232944346564547	
371.2275	34.97	0.004290811787566593	-12.496678717641029	C16H34O9
371.2275	46.85	0.001267634720849911	-33.33342362188206	
371.2559	200.31	0.8865337246907847	-0.23970529398497123	
371.2559	202.04	0.45788920862042304	-1.1812663927121012	
284.099	167.71	0.2504076499894007	-1.9302695028062051	C10H13N5O5
418.0719	35.36	0.07054293533720725	-3.6956161374145977	C18H16ClN5O3S
332.0562	198.86	0.4406964448720615	-1.2327253864633916	
332.0562	202.83	0.6912744375559808	0.6258540661535879	
332.2067	27.32	0.08588261736604505	3.3675531222774437	C16H29NO6
418.8537	200.6	0.40741139035356255	-1.336112044111416	
418.9888	217.44	0.30751405628298184	-1.6610531582836943	
419.0749	35.36	0.5577426354533898	-0.9157580634942685	C18H16ClN5O3S
419.0749	204.67	0.5191958740919508	-1.021280285693264	C19H18N2O5S2
419.1701	28.1	0.24266208967673386	1.9669422153708358	C22H26O8
332.8941	200.73	0.027422660127909594	-5.542056849235419	
284.9722	198.6	0.6228305481007491	-0.7665039906732314	
284.9722	214.29	0.016020362839020374	-6.93410247607414	
372.1903	300.16	0.3568462304604684	-1.4986110806654596	
285.0556	215.6	0.5868090388203415	-0.8454366877053575	
420.0231	214.81	0.03058509910679575	-5.294922472953067	
420.0231	219.54	0.03311714117121253	-5.11372330548978	
285.0982	34.84	0.05798740872299589	4.023594062788106	C14H12O6
333.0411	33.52	0.41692390383780775	-1.3124039657093156	
421.0262	214.55	0.2298205373331553	-2.0377187056093975	
421.0262	219.8	0.1581441868923765	-2.46999658246158	
421.2594	35.76	0.008179575095750256	-9.094917475658873	C24H36O6
421.7611	35.76	0.009698981645602863	-8.53336234287525	
333.8975	200.99	0.039383173777697296	-4.80048639390465	
421.9993	203.49	0.730077814134431	-0.5482765776468985	
286.2117	27.19	0.011200677334771446	8.11320673065996	
422.9878	238.13	0.47365688824036273	1.1395962825023236	C19H12Cl2O5S
423.275	36.28	0.050832816086378414	-4.345038979950592	C24H38O6,C25H34N4O2
423.7767	36.28	0.05421817113309233	-4.1719478000779056	
287.0448	209.17	0.30919231454300505	1.6549138851348244	
374.051	313.72	0.76761649128778	0.46468806371819965	
424.278	36.28	0.10994225515427906	-2.97825314417916	C24H38O6,C25H34N4O2
424.8851	190.98	0.6922660525822866	0.6234401867544282	
424.9578	362.64	0.22645300513975106	2.0590759840527086	
288.0231	240.88	0.1563816605376711	2.4873774403474744	
288.1232	131.43	0.6548575688184136	0.7006147036928259	
425.0917	240.88	0.9044900086686252	0.21014729172412858	
425.0917	250.86	0.9788420705919119	0.05117890799203857	
425.0917	251.39	0.30751405628298184	-1.661290552177489	
288.2897	28.24	0.2580946528766794	-1.8947915403003466	
426.0584	389.06	0.2881982722405544	-1.7447988513992565	
426.0958	158.22	0.13356627776665234	2.702474029070225	
376.0608	228.5	0.047300565375335654	-4.496484859212211	
334.8921	200.73	0.020013653661951694	-6.281630112586179	
289.0465	191.12	0.014116890613175987	-7.287576376395782	
289.0465	208.64	0.05523859794166035	-4.134478737738595	C11H11ClN4O2
426.9731	363.29	0.34054690961592576	-1.5459731680923148	
377.011	188.85	0.05178709996184125	4.270326393743565	
289.0795	257.72	0.6349123744084341	-0.7435595991368024	
377.0453	30.21	0.05148695224901678	-4.315897381992734	
377.0453	35.23	0.07017918935594852	-3.7044645108406433	
377.233	35.36	0.0027942496439777942	-16.564353624309494	
377.233	59.79	0.011587780866880497	-8.012608311114539	
290.0821	257.59	0.6885380190352273	-0.6314016008363639	
290.1597	27.05	0.030039244392849506	5.338816193140497	C15H18O5,C16H14N4O
428.1301	357.51	0.3505004761314114	-1.5160123343685252	C20H23NO8
335.8954	200.73	0.10470220468134114	-3.0511237921125707	
428.2491	34.71	0.0032079494547696485	-14.418622337477386	
290.8837	200.47	0.28172689931396194	-1.7739646159262927	
290.8837	201.25	0.9181450989518782	0.17628104938486397	
291.0404	205.19	0.8093952991105274	-0.37902373915372534	C15H11ClO4
379.0828	221.12	0.07808484962750535	3.516810806928827	C19H17ClN2O3
291.0849	209.3	0.1618438148978178	2.445249196646111	C15H14O6
291.1935	24.81	0.7571968867934014	0.49347759795855	
379.2488	35.89	0.014009063568420617	-7.3718477913924065	C22H34O5
379.2682	24.68	0.4662492394770528	1.1589492410773032	
379.7505	35.76	0.020092010788913397	-6.267100626283647	
336.2017	26.92	0.009440732219623408	8.64249857501994	
291.963	201.12	0.5614568831160589	-0.9019223649886747	
336.8899	200.86	0.03290180258395311	-5.136141867560284	
430.8712	200.86	0.01580520224295136	-6.980257512663118	
336.9857	217.44	0.5506988900230626	-0.931752404546335	
292.0161	269.57	0.05544832638030768	-4.106188319943852	
337.0356	33.26	0.7391700803353976	0.5289975183966976	
380.0615	36.02	0.2580946528766794	1.8935533160502434	
380.0852	221.12	0.06504835728680296	3.8285073257942974	C19H17ClN2O3
380.2518	35.89	0.11317469954580937	-2.9315301609906825	C22H34O5
431.8745	200.86	0.08974322974967196	-3.2893617462136	
292.1756	27.19	0.08974322974967196	3.29394401277462	C15H20O5,C16H16N4O
292.2017	24.68	0.7145546772205683	0.579396138515624	
292.9597	214.42	0.8299320140483626	-0.3410487283910902	
432.0844	240.75	0.542817802734924	-0.9573916695677657	C18H23FINO2
432.2803	34.97	0.0028743548837764812	-16.282824807542575	
432.2803	48.17	0.0027942496439777942	-18.326382745437193	
381.9368	204.67	0.6727562452410448	-0.6627078917773092	
293.0803	209.43	0.23882776330280744	1.9862327624269007	C18H12O4
432.8691	200.73	0.33616839406048443	1.559175901653536	
338.0196	214.55	0.011264023168245006	-8.086789549714007	C6H8N3O7P2
338.0196	219.54	0.03330909509893414	-5.1001839595803915	
433.2838	34.97	0.0018341432158235401	-26.21512997455212	
433.2838	48.3	0.026568618125247176	-5.6170315171213785	
293.9475	188.85	0.4358214478021632	1.2500832658013903	
433.8729	200.86	0.9763983737162331	-0.058301502575780366	
294.0483	388.93	0.3724489392810637	-1.45034154452264	
434.125	221.64	0.18525790143095694	2.2913423820401118	C20H21N5O3S
434.3125	24.81	0.8225001556993676	0.35782277005513896	
434.7593	35.89	0.02226451687377276	-5.991367017948221	
434.8675	200.73	0.22768497361509232	-2.05010261959092	
339.0232	214.55	0.15470810603611684	-2.5004607105014	C6H8N3O7P2
339.0232	219.67	0.11106176325218739	-2.9568444861222307	
339.0486	197.16	0.06531868817503222	-3.8174782024555456	C14H13Cl2NS
339.0486	205.19	0.4357074098355289	-1.25238148278518	C14H13Cl2NS
436.2831	28.37	0.005718334728463001	-10.677242208195857	
436.775	36.54	0.04873594478425644	-4.4165020707450795	
339.996	198.86	0.5733913492183207	0.8756891782909809	
339.996	203.22	0.26157430555681027	1.8754947975297431	
385.1128	270.39	0.06462702217889993	-3.839216835310961	C17H20O10
295.0339	162.16	0.022703004772242057	-5.924626500779206	
437.9732	198.99	0.8570584684219281	-0.2921510641834992	
437.9732	202.83	0.4488210481744414	1.2074201800532627	
295.0777	357.51	0.23659666195909287	-1.9985266729329136	
386.8172	199.52	0.6791598746098845	0.6506050064395605	
386.8172	201.91	0.6032606082293506	0.803537342163341	
340.9929	203.49	0.9370605145470544	0.13875399875227482	
295.9488	202.44	0.7485191572499396	0.5067629595251542	
341.0285	238.0	0.10257234648761787	-3.08960660646062	
341.0445	205.19	0.3135788657179405	-1.6386581876041721	
296.0089	33.26	0.304405248740473	-1.6766993578711282	
341.1489	270.52	0.028659332158408404	-5.438544202192382	
387.0447	388.93	0.3049189891792767	-1.674092865882148	
387.0849	159.54	0.13189187235600186	2.72754677924498	
387.18	25.87	0.01274263792549359	7.68197985255264	C22H26O6
441.0568	204.93	0.7686343980834491	-0.45882928796227546	C19H18N2O5S2
441.1521	28.1	0.9379556604846495	-0.1363912861963257	C22H26O8
296.9261	29.15	0.1843044409098862	-2.2990990406739824	
296.9281	199.52	0.6270346883768058	-0.7576808169058991	
296.9281	202.44	0.38480694349126665	-1.4091648088582227	
296.9456	199.26	0.23659666195909287	1.9985068803180908	
296.9456	202.57	0.7868738295916653	0.42498407033739233	
388.0804	363.03	0.52947869094535	-0.9948363403654717	
388.1834	25.87	0.04328200207862793	4.649388341260859	C22H26O6
388.2541	34.97	0.0027942496439777942	-17.13461892170346	
388.2541	46.72	0.007373326021449203	-9.45862212634167	
297.0492	187.41	0.014412353456520522	-7.21639859727482	C13H10N2O5
297.0798	221.51	0.13713866623031531	2.669808562650687	C9H14N4O6
297.1016	30.21	0.038328207870700695	4.847409821247399	
342.1526	270.78	0.06800230192601851	-3.7555505694691034	
342.1693	240.1	0.2881982722405544	-1.745324666659792	
443.2726	35.89	0.02719361687359349	-5.567383157955904	
297.1908	31.16	0.23656501616695386	-2.001343903585353	
443.7742	35.89	0.020924996233739116	-6.160041674784937	
444.1527	310.83	0.6548575688184136	0.7018597249092496	C19H19N7O6,C19H27N3O5S2,C19H19N7O6
342.9704	192.69	0.992295327810825	0.017123085909540398	
342.9704	203.88	0.9724961108233611	-0.07034679169497708	
444.2756	35.89	0.33932323354343213	-1.5501405026494026	
444.9602	214.16	0.7310180108893067	-0.5452377128178744	
298.0221	205.32	0.5308060994659893	-0.991718625408752	C14H13Cl2NS
298.0333	209.3	0.064027228189997	3.8548431289383633	
389.0803	159.4	0.19210083718607834	2.2426184833717513	
445.0748	204.01	0.9996503052636314	0.00046625966960889205	
389.2576	34.97	0.004436478283945126	-11.847438784972345	
389.2576	46.72	0.0814456323645866	-3.456905092296458	
445.2882	36.41	0.09558844391691083	-3.2013491451645044	
445.7899	36.41	0.08974322974967196	-3.2899510706499053	
343.2955	37.99	0.8299320140483626	0.3446282061215304	
298.0833	221.51	0.13713866623031531	2.670584923331736	C9H14N4O6
298.0968	34.58	0.3561893279845723	-1.5012761527644745	C11H15N5O3S
298.2224	30.77	0.31624234671881746	-1.6264668902790294	
446.2911	36.54	0.14107102713434197	-2.623172426066712	
446.296	31.95	0.5255754752145164	-1.0031524125182953	
344.0364	270.1	0.34205261603551357	1.5400060004600797	C14H9ClF3NO2
390.7329	35.49	0.004290811787566593	-12.31726200223619	
344.2279	34.84	0.0021707975991769345	-20.678134228193095	
344.2279	45.24	0.01836777546389028	-6.520728639322792	
448.0779	158.49	0.05172162950712666	4.287292697179447	
299.0439	238.39	0.5384078571581732	-0.9737046319377216	C12H10N2O5,C9H11FN2O6
299.0649	301.11	0.08649049570605111	-3.355903016832726	
448.9552	362.5	0.44398111422391334	-1.2237264334729798	
391.058	266.81	0.0020436028126974816	-21.430610045882084	
299.2581	32.34	0.31650150298886986	1.6227574613107558	
345.2314	34.84	0.0029365483785430196	-15.571390388339733	
300.0431	232.05	0.9815961400142681	-0.040513240047682954	
450.0747	388.8	0.2730160107753997	-1.8148858557622738	
392.7486	36.02	0.021720428113637797	-6.075529645368016	
300.2017	34.84	0.001267634720849911	-35.448013252446586	
451.1891	251.52	0.0027942496439777942	-16.69255590780867	C24H31ClO6
347.0941	267.07	0.0020436028126974816	-21.526418609268916	
393.0193	35.36	0.5718820889010717	-0.8792858864666198	
452.1278	209.3	0.12010874122899208	2.8594230330340524	
393.0621	220.46	0.7818729015847251	0.4333317587533915	
393.2504	36.02	0.052676495652006085	-4.237547844895128	
348.0976	267.07	0.01036376134184931	-8.340238619471144	
467.3014	36.68	0.10358158818864494	-3.074430582259745	
452.9848	209.3	0.8733274817102332	0.2642193715792018	
452.9948	35.23	0.24590840922088428	-1.9500210994592706	
467.803	36.68	0.12363777991697414	-2.8133068639433354	
467.9999	362.64	0.2300859290243309	-2.033938902474337	
467.9999	363.69	0.41784091007265817	-1.30931936451468	
453.947	202.04	0.9813163419439875	-0.042878869216287516	
469.0179	389.06	0.3135788657179405	-1.639462417986051	
560.3278	34.97	0.0027942496439777942	-16.9387406894382	
469.1801	360.14	0.3068689902129422	-1.6651645556183567	
469.1801	365.82	0.9424838149842194	-0.12788598839839663	
454.9447	202.04	0.7726949626942492	-0.4507562704430096	
454.9887	35.23	0.13189187235600186	-2.7277243225165155	
454.9887	52.66	0.23410374371969486	-2.0118743871803226	
395.2922	24.81	0.9624661292419191	0.08833499177423462	
455.1606	268.91	0.001267634720849911	-39.591332620412096	C24H29ClO5,C22H28N2O5S
455.2487	34.84	0.005091571079763759	-11.146529372305723	C20H38O11,C24H38O6S
455.9454	202.04	0.9305742205132774	0.1490501844014616	
470.0188	388.8	0.2771649994931461	-1.7945510682979062	
455.9804	425.87	0.006214035641239852	-10.265361403126306	
561.024	35.76	0.006059838846198	-10.387640851591911	
561.024	202.96	0.6139952604401725	0.7821953436990168	
561.3313	31.42	0.016904532368937894	-6.76021544529203	
561.3313	34.97	0.0020436028126974816	-22.29365292211397	
561.3582	35.89	0.02572209970770343	-5.698687932133917	
471.0158	388.93	0.314781313218212	-1.6331057506773403	
396.2941	24.81	0.49075037335212673	-1.0914706267369538	
458.2961	28.24	0.008179575095750256	-9.112096544820917	
458.3325	28.1	0.6845951957183529	-0.6377402382789819	
472.2753	34.84	0.0029365483785430196	-15.236288372697802	
473.1712	252.31	0.010102881479466874	-8.411529766596145	C24H31ClO6
474.0314	220.2	0.9110272439240418	0.20084877469355	
564.359	35.23	0.0020436028126974816	-21.81905982805571	
564.359	54.5	0.0020436028126974816	-23.09776863197813	
460.3117	28.76	0.30197050501214645	-1.6847157787038047	
397.9108	203.88	0.4239767844809005	1.2899229479269887	
475.0647	35.63	0.8643929392296736	0.2774058343382257	C20H20O10S
475.0647	220.33	0.7686343980834491	0.4594777388046203	
461.0489	203.49	0.4886558364406676	1.0993288234964882	
461.0858	220.72	0.2524132622860556	1.922018081675966	C25H16O9
565.3625	35.23	0.0027942496439777942	-16.866737968715256	
565.3625	53.97	0.0020436028126974816	-23.360312777023346	
462.0455	203.49	0.542817802734924	-0.9595735131746516	C19H18N2O5S2
398.0428	228.37	0.02874232916618429	-5.428249668463455	
476.3037	35.1	0.0027942496439777942	-18.004532971400785	
476.3037	49.61	0.001267634720849911	-34.637054319872405	
566.3647	35.23	0.01984871320074022	-6.311672597888721	
398.2406	24.81	0.9769758712771635	-0.05655088685947108	
476.9708	35.36	0.2985716371059673	-1.6968933736416854	
476.9708	52.66	0.0768886814982681	-3.5447770499543885	
477.0228	202.96	0.1844824816495111	2.2966851584859818	
477.1425	269.18	0.008774456854909208	-8.825933749261088	
566.9654	362.64	0.5255754752145164	-1.0032995879181656	
399.0275	36.02	0.5850088202527512	0.8517902039135546	
399.0275	52.92	0.6115341308779377	-0.787627005006597	
477.3098	35.1	0.06731677960837776	-3.7712644463341527	
477.3098	49.61	0.17502626690784223	-2.358682448555009	
477.973	35.36	0.08588261736604505	-3.3660124522096266	
478.0201	203.09	0.5033332542981257	1.0578279687086256	
464.8776	190.72	0.2653273819489956	1.858052807020224	
464.8776	193.22	0.9776596851010392	-0.05465999724018351	
464.8776	195.97	0.46956016520849486	-1.1480219338237982	
399.2463	35.49	0.00673451131279815	-9.744867167440425	
399.748	35.63	0.012045114320260113	-7.876330939547473	
399.748	63.46	0.05798740872299589	-4.023382152313437	
568.3614	29.15	0.06989675944990191	-3.714994867316692	
568.3614	34.84	0.014009063568420617	-7.378884355686165	
465.2857	36.15	0.17624582852441925	-2.34918572966645	
465.7874	36.15	0.018358246159236664	-6.547767397352479	
568.863	29.29	0.014337769363368794	-7.237187407662368	
568.863	34.84	0.006640126401806243	-9.851095179517706	
480.3092	28.5	0.004290811787566593	-12.666899311086148	C23H46NO7P
480.3092	34.58	0.03393232803852204	-5.0684413199498275	
466.2888	36.28	0.5577948161784317	-0.9140706994442873	
480.8109	28.63	0.10457290896845156	-3.0588596281701323	
570.0499	220.06	0.7888684787289311	0.4205838324365927	
571.0532	220.2	0.913690718695694	-0.1926962072976977	
482.3245	127.58	0.41784091007265817	1.3084701231557545	C23H48NO7P,C25H43N3O6
572.0656	214.94	0.19446663680070012	2.2293660888363664	
485.2894	24.81	0.9558102905774502	-0.10187879635961328	
486.9762	217.44	0.7669162925773687	0.4719421686790779	
575.3513	35.36	0.004436478283945126	-11.914694175368693	
575.6993	35.89	0.019779001118475026	-6.325735687851465	
487.2988	36.41	0.10801155257301134	-3.0045455959606895	
487.3526	122.19	0.532991977059992	0.9871994663097875	
487.8004	36.41	0.08964524623359355	-3.3002181834751787	
488.0468	220.2	0.7669162925773687	0.47124569693189783	
576.0337	36.15	0.07116979918208731	-3.678993050289999	
488.3008	36.54	0.09738051521803436	-3.1703741176158093	
488.356	122.33	0.5160366565403028	1.0284614242486867	
577.3668	38.51	0.21231290370597888	-2.1260479851354406	
577.8696	38.51	0.7776308263610001	0.44247343052559596	
489.0502	220.2	0.9129342388008468	0.19556381121322144	
489.3144	37.07	0.10501153534470156	-3.045962028770871	
489.8161	37.07	0.045150181252089035	-4.56630305344308	
672.006	217.44	0.951868670064063	-0.10991616198233667	
490.0624	214.81	0.24553417351743984	1.9540090037932485	
582.0727	35.63	0.38431646639581524	-1.4162261893924708	
582.0727	52.92	0.43706824528035015	-1.2407568958882935	
582.9951	217.18	0.3209256640247231	-1.6052917739715566	
494.3245	126.79	0.37056529354424733	1.4557195927383757	C24H48NO7P,C24H48NO7P
584.0292	214.94	0.02594288875566444	-5.671742615650242	
584.0292	219.54	0.020939986522996532	-6.151292832416917	
674.4437	35.49	0.4178706927448847	-1.3053108308310164	
674.7784	35.36	0.7871631867348765	-0.42371184704470516	
704.1289	35.76	0.7497618569529111	0.5042221464855482	
704.2127	24.02	0.1862592796425639	-2.2803520158498296	
704.5399	150.58	0.9961399654676989	-0.009196224186266784	
500.874	363.16	0.3769690876874737	-1.4374332341909777	
500.9919	217.83	0.4488210481744414	-1.2045032112297849	
501.9952	217.44	0.5586422957898051	-0.9118185327149271	
502.0261	214.94	0.03058509910679575	-5.288078784832065	
502.0261	219.41	0.004290811787566593	-12.23137457143885	
502.1852	240.62	0.14704007521526802	-2.5680903331539695	
502.3161	24.94	0.16555559055660146	2.4167383040914237	
502.3222	28.24	0.006640126401806243	-9.85791025723099	
502.3222	35.1	0.0029365483785430196	-15.14693908252271	
502.8239	28.63	0.07385936836982988	-3.614539340491636	
502.8239	34.71	0.03947287739647075	-4.79262488744172	
590.3749	36.28	0.017156712607215456	-6.720405999631896	
503.1176	360.4	0.13774031556404404	-2.658115078099	
503.1176	361.19	0.04843521708403442	-4.435842602392675	
503.1176	365.13	0.4357074098355289	-1.2514626231485726	
590.709	36.28	0.03290180258395311	-5.130253817934075	
590.876	29.42	0.00488508201649545	-11.327231591018425	
590.876	34.84	0.0029365483785430196	-14.957298227531966	
504.1155	360.4	0.22727865533396757	-2.0530708059554863	
504.1155	365.26	0.5125948327944675	-1.037094067114956	
591.3783	36.28	0.014053968090203251	-7.354076450410793	
504.338	29.02	0.3889563429343803	-1.391103847499798	
678.291	269.04	0.3051760014565991	-1.6722071513249719	
678.4269	28.24	0.01836777546389028	-6.512200366416289	
678.4269	30.34	0.10881067332662998	-2.9928455920632446	
678.4269	35.1	0.004436478283945126	-11.87889513907326	
678.4269	38.12	0.05544832638030768	-4.105642826236826	
678.7924	268.65	0.2535236729956341	-1.914974948869149	
509.3119	36.54	0.0814456323645866	-3.4544684544727837	
509.8137	36.68	0.064027228189997	-3.8591922455500165	
597.0107	217.83	0.47365688824036273	-1.1348507538650658	
598.0141	217.83	0.31454767332191713	-1.6348852188037664	
678.9286	30.34	0.3310647626244714	-1.5743895005630486	
678.9286	31.42	0.02784868499596843	-5.512309664934104	
678.9286	35.1	0.02694610802775958	-5.587756555437309	
511.3276	37.2	0.11308182684232332	-2.9355367953224336	
599.0157	217.83	0.23957781599039887	-1.9807972225376222	
511.8293	37.2	0.08974322974967196	-3.2909459425122383	
679.0137	217.83	0.46838504605522596	-1.1511390912955068	
512.8745	200.73	0.9641351472788838	0.08518118284129735	
513.1062	228.11	0.05410724357353671	-4.1813925003585775	
514.8327	200.73	0.18946610913776463	-2.2618669558059215	
514.8724	200.73	0.5791084767893703	-0.8635543679321215	
679.5154	217.31	0.6591654975306336	-0.6885325499603671	C40H70O8
603.5226	200.18	0.405501751219015	-1.3411323485986058	
603.5226	202.17	0.006069596122552692	10.358001772739389	
515.1609	240.88	0.16288863847821555	-2.435927378349136	
515.1609	250.86	0.2584016564138908	-1.8899298794563002	
604.3539	35.1	0.004290811787566593	-12.544126313013289	
604.3539	50.95	0.0029365483785430196	-15.543212783342348	
605.0504	36.54	0.0027942496439777942	-16.74703613083631	
516.1282	221.12	0.1442365519680887	2.59688829595916	
516.3016	34.84	0.0029365483785430196	-15.012185588915639	C26H45NO7S,C26H45NO7S
605.3573	35.1	0.006640126401806243	-9.8752625861867	
605.3573	50.82	0.030729105025769744	-5.2657409655861205	
605.3845	36.41	0.7390701176928525	0.5300206775879679	
516.8308	200.86	0.09558844391691083	-3.201463943908156	
680.0171	217.83	0.4488210481744414	-1.204239004299096	
516.9976	35.36	0.048223525244683395	-4.449711590831199	
517.0123	217.83	0.13922806244676073	-2.642828204112175	
517.305	34.84	0.008267171220616999	-9.016091750135486	C26H45NO7S,C26H45NO7S
517.3309	35.36	0.06302978708293236	-3.8907690817773313	
518.0157	217.7	0.7081549276324943	-0.5945045888245402	
518.3536	28.37	0.3293506564089642	-1.581042215011213	
608.3853	35.36	0.0027942496439777942	-17.528993797383144	
608.3853	57.16	0.0021707975991769345	-20.06650248342261	
609.3887	35.36	0.0027942496439777942	-18.451759208134774	
521.3363	35.1	0.0020436028126974816	-24.163725185620052	
521.3363	51.87	0.0027942496439777942	-17.226762810779295	
610.3911	35.36	0.05544832638030768	-4.114202081452336	
523.0984	240.1	0.6727562452410448	0.6621960376422252	
523.0984	251.91	0.11317469954580937	-2.926629256462724	
610.8514	200.86	0.020858608470203564	-6.172961014727059	
611.3142	124.3	0.7423176320646896	0.5203234042700721	C37H42N2O6
524.0228	35.23	0.542817802734924	-0.9581073645781135	
524.0228	52.66	0.2607311100067085	-1.8799410194142303	
681.0189	217.7	0.12848745528498912	-2.760434195056815	
524.3352	28.89	0.01770030158519328	-6.635851607084939	
524.3352	34.71	0.012751647718337662	-7.658134743723628	C28H41N7O3
524.8369	28.89	0.008602743249799202	-8.88857631469094	
524.8369	34.71	0.07138819920272958	-3.6703898186999324	
525.0252	35.23	0.4488210481744414	-1.2067460442510516	
525.0252	52.66	0.37893097455631963	-1.4292417202698988	
526.024	35.1	0.5128849197224823	-1.035538177768615	
526.024	52.66	0.5245835645939467	-1.0085468753384912	
526.0979	360.27	0.3880478664883145	-1.3952667252842936	
526.0979	365.95	0.5936398943540104	-0.8282376993925413	
526.1223	241.28	0.06594499069102039	-3.803291206305876	
526.1223	250.47	0.602988172508914	-0.8065128810027133	
612.3877	29.68	0.016312523099864293	-6.88483813188477	
612.3877	34.97	0.0029365483785430196	-15.691793852292895	
527.1425	278.14	0.09821344735884656	3.1456367115355626	
527.1782	257.59	0.0029365483785430196	-15.174810855645726	
612.8094	200.73	0.9213193008902488	-0.16767838846746638	
612.8498	200.73	0.2957734213599635	-1.7130383692843014	
612.8894	29.81	0.007205380742545668	-9.535268168127265	
612.8894	34.97	0.01200585713709017	-7.900839828079047	
528.0172	34.84	0.8216206054925104	0.36086322342096266	
528.0172	52.66	0.10358158818864494	-3.072971428812796	
528.3933	124.43	0.7669162925773687	0.4737694605083486	
528.8483	200.86	0.010836124764448899	-8.228351869869238	
529.8517	200.73	0.04982954618789071	-4.3745401368854235	
530.3475	24.81	0.9868535595131831	-0.03057223838360167	
708.0989	220.46	0.7194251104253039	0.5688328924456378	
530.403	124.43	0.7425588202607967	0.5182550350206396	
530.8465	200.86	0.050890206744768345	-4.339033273766007	
531.1241	240.1	0.5389734167253617	-0.9718555600451194	
531.1241	251.39	0.40301337637963924	-1.3486498492967884	
531.325	36.81	0.13294736291997833	-2.7121693748764604	
531.4057	124.43	0.7423176320646896	0.5216970916728317	
531.6729	35.49	0.02266372979679555	-5.935247889910999	
531.8267	36.68	0.0545661340362863	-4.157358665664034	
708.2139	221.51	0.20145727397766922	2.188975474009884	
618.2358	240.1	0.2771649994931461	-1.7945523736050768	
618.2358	251.52	0.0059703072320784565	-10.505703649328792	C33H36N3O7P
618.7376	240.23	0.6548575688184136	-0.6998431020579474	
618.7376	251.78	0.8367121396349005	0.33046568733285725	
532.8449	200.73	0.03742716646293717	-4.899901948994203	
619.2361	240.49	0.07620053576310219	-3.560269038164933	
619.2361	251.91	0.28532936644963924	-1.7582030485862534	C33H36N3O7P
619.7256	36.81	0.05148695224901678	-4.308814786434849	
533.3407	37.73	0.1202744367393602	-2.8521590518995694	
533.8424	37.86	0.14475113483336316	-2.590049687481364	
620.06	36.68	0.052297700270727845	-4.251701188088103	
620.394	36.94	0.08780631497835001	-3.334688103747925	
536.1216	241.02	0.5128849197224823	-1.0347159859546948	C20H22N8O6S2
536.1216	251.52	0.266434884616228	-1.8531799737390084	C20H22N8O6S2
537.117	240.62	0.5486837714091015	-0.9450824830989534	
537.117	251.13	0.9172676690270818	0.18526514026584062	
625.0922	220.46	0.5047683206421235	1.0535606581422463	
538.1192	251.65	0.14107102713434197	-2.621484024944744	
625.9852	216.52	0.5865296725383744	-0.8467630672485194	
625.9852	219.01	0.7669162925773687	-0.4722075689790166	
626.8253	200.73	0.006640126401806243	-9.844222105399487	
627.8286	201.12	0.0036749567365387302	-13.637374661522507	
628.824	200.73	0.014116890613175987	-7.301431312485105	
629.2268	239.31	0.44476894581852755	-1.219902865334825	
629.2268	253.23	0.014009063568420617	-7.383878924322485	
541.049	34.97	0.6657140083427513	-0.6765085277218013	
541.049	52.79	0.46838504605522596	-1.1530758614593144	
630.4176	30.07	0.7264896827764972	-0.5566508097944304	
630.4176	35.23	0.42952514409782483	-1.272744672983766	
542.9657	363.16	0.3294120491751861	-1.5797583453301258	
543.089	220.59	0.38480694349126665	1.4086989998230277	
545.0182	216.91	0.0021707975991769345	-20.15419054523885	
545.1654	362.24	0.3942587930107493	-1.3743638980262298	C27H28O12
546.3485	35.49	0.016312523099864293	-6.871233012967107	
546.6831	35.76	0.13774031556404404	-2.656484828877603	
546.8501	29.02	0.0053276363274183235	-10.929927369503915	
546.8501	34.71	0.028453163978497995	-5.467455554002646	
634.9023	30.07	0.01873670065794954	-6.443490773725766	
634.9023	34.97	0.005286901018336971	-10.98039747476463	
635.4042	28.24	0.006059838846198	-10.405591855530124	
635.4042	29.81	0.013576860327133766	-7.5048351469589765	
635.4042	34.97	0.11069378680400975	-2.965401902447077	
635.4042	36.81	0.09804678904527378	-3.152982699519188	
547.3523	28.24	0.07620053576310219	-3.5605913569863414	
547.3523	34.97	0.13206736245827172	-2.7244061635852828	
548.3642	29.15	0.47365688824036273	-1.1358349676328396	
638.0122	217.83	0.5047683206421235	-1.0532464037214744	
638.5139	217.44	0.495402751590056	-1.07795662922251	
551.3816	124.43	0.7669162925773687	0.47622775628256414	
551.9241	202.04	0.9919491634885048	-0.02182547696897564	
640.9325	363.16	0.29318448907833	-1.7217394866745748	
552.3849	124.3	0.8075457042805403	0.38364789992974235	
553.338	35.36	0.02994262256183977	-5.349375865433371	C30H48O9
553.338	37.2	0.06731677960837776	-3.770272174818728	C30H48O9
643.1328	362.5	0.5936398943540104	-0.8296690742737747	
644.135	362.64	0.5718820889010717	-0.8792578891018473	
555.3538	37.86	0.1563816605376711	-2.4869957110197887	C30H50O9
555.8554	37.99	0.12333436802728788	-2.817650063052772	
645.0931	35.36	0.9867030148291075	-0.03177445264988539	
645.1293	362.11	0.6546320543569382	-0.7043919257738418	
645.4277	35.23	0.80401494739868	-0.39074399633734747	
556.0343	220.2	0.9123906738590025	-0.1981584106624417	
711.2691	252.18	0.0029365483785430196	-16.04845788089239	C44H34N4O4
648.3802	35.1	0.0031742610425290287	-14.59396715309111	
648.3802	52.79	0.003420683407351216	-13.995105506147208	
649.0762	37.2	0.06120796130367653	-3.9287209286679405	
649.3834	35.1	0.0032303299758364144	-14.327451534029903	
649.3834	53.32	0.09315692778110124	-3.2378446161646237	
649.4109	37.33	0.18549772223657088	-2.2871118533690518	
650.9826	216.91	0.6065873650772533	-0.7976676866131106	
651.3068	124.16	0.7435174318547917	0.5143140133636758	
652.0529	220.06	0.8093952991105274	0.3785437339723323	
652.3091	124.16	0.857136070486511	0.28966552417260694	
653.0563	219.93	0.8225001556993676	0.3570109071250437	
654.0685	214.81	0.4359368710795361	1.2459723045456768	
656.414	30.21	0.0710807617886081	-3.68402408827549	
656.414	34.97	0.004290811787566593	-12.468808965052878	
656.9154	30.21	0.1581441868923765	-2.4699967722373484	
656.9154	34.97	0.004290811787566593	-12.638171792663377	
659.7685	35.49	0.6275374628982087	-0.7560563703777888	
660.103	35.36	0.857136070486511	-0.2886836953091818	
713.0073	217.44	0.8858263820008571	0.2448162413759798	
689.4537	35.63	0.9431550153363357	-0.12314689416877408	
663.7517	37.73	0.15470810603611684	-2.5034000469216626	
664.9981	217.18	0.43706824528035015	-1.242188978991077	
666.0321	215.21	0.022775171378778866	-5.912617200146865	
666.0321	219.41	0.017156712607215456	-6.713265492482214	
760.361	242.72	0.3573718461672279	-1.495158634615023	
760.5049	28.5	0.10633780606220429	-3.026769285551202	
760.5049	34.84	0.11317469954580937	-2.9295006237007235	
760.9987	28.5	0.09449458465440705	-3.2181123004437056	
760.9987	34.84	0.07671312432023523	-3.5500535660045487	
761.0168	217.44	0.4641301990850519	-1.1641961734703201	
761.4989	28.5	0.1407565967473709	-2.6288686195968816	
761.4989	34.71	0.12491493371198735	-2.797675225175295	
761.5185	217.83	0.852362509573503	-0.3002413891191611	
692.4063	35.23	0.0029365483785430196	-15.162304758190903	
692.4063	55.98	0.006300235388038337	-10.161331206109313	
762.0202	217.44	0.2607311100067085	-1.8795764372682562	
735.0602	220.06	0.9795874153742301	0.04771078920656519	
735.1747	221.12	0.24149990127419727	1.9724732669202074	
693.4095	35.23	0.004611261324062978	-11.560214727414838	
693.4095	55.58	0.034304177851802065	-5.047739224557191	
716.4767	28.37	0.10470220468134114	-3.052539845148506	
716.4767	34.71	0.11671221141397004	-2.891882724971551	
763.022	217.18	0.7637804376812356	0.483902272274539	
763.022	217.96	0.17426782945633015	-2.3646605307877437	
716.9804	28.5	0.04047268538380616	-4.753788014279386	
716.9804	34.71	0.044811180421873265	-4.5880042755128985	
736.0634	220.2	0.9181450989518782	-0.17439728976219784	
736.0714	215.08	0.2616837897588328	1.8712807714287598	
694.4636	28.5	0.1267450319722826	-2.777530637455972	C35H68NO10P
694.4636	34.71	0.20551050641614554	-2.1628194083956545	
736.4325	35.36	0.004436478283945126	-11.845341267497307	
736.4325	58.87	0.022463519736455485	-5.962718500604141	
718.0233	135.24	0.542817802734924	0.9617680370522899	
737.4359	35.36	0.012751647718337662	-7.655236882851663	
718.8036	35.89	0.6591654975306336	0.6899136975860254	
737.7863	240.62	0.28930548910882087	-1.7391107013688085	
737.7863	250.99	0.5375769289304256	-0.9759865210755159	
766.4798	28.37	0.17426782945633015	-2.364238408860937	
766.4798	35.36	0.04454946772023494	-4.601860951038122	
738.4912	28.5	0.0836069683259505	-3.415032272176546	C41H68O11
738.4912	34.71	0.2730160107753997	-1.8145115037671273	
738.7857	240.62	0.29713708315016224	-1.706735531119359	
738.7857	251.26	0.12066612280050339	-2.845035205673302	
697.4411	35.63	0.004290811787566593	-12.425107650964815	
697.4411	63.59	0.0033912099829509646	-14.088076439828846	C38H65O9P
738.9936	28.5	0.09804482590482314	-3.1564507389898155	
738.9936	34.71	0.051520313904174754	-4.300115108412727	
739.1012	135.54	0.24553417351743984	1.9551536070949072	
720.0152	217.83	0.3903114788601344	-1.3871021740653897	C15H25N5O20P4
739.4835	28.63	0.05796234982747853	-4.034845320703571	C38H65NO8S
739.4835	34.71	0.12689403840298394	-2.7744940866793852	
720.5168	217.44	0.4764174401098746	-1.1278502336327567	
768.226	251.13	0.2134119812721099	-2.118610152821351	
768.538	24.81	0.9213193008902488	-0.16843471989791295	
740.2853	241.15	0.18588477813853937	-2.283697344725562	
721.018	217.18	0.13416538546718354	-2.6963346813751703	C15H25N5O20P4
769.5003	28.63	0.27314120432166256	-1.8128728917709487	
769.5003	34.84	0.08521736630751367	-3.386453982312784	C38H72NO12P
769.5412	24.81	0.8930737515395016	0.229457280599269	
721.6364	220.85	0.5936398943540104	0.8269709497035165	
741.2834	240.49	0.7435174318547917	-0.5150592814034569	
741.2834	250.99	0.8388349828783628	-0.32590466418852665	
741.4674	35.89	0.007964408552874573	-9.195128407320986	
741.4674	67.7	0.00824117796713341	-9.059118082794292	C40H69O10P
700.4403	35.1	0.4508825249485122	1.1993457071218516	
700.9415	35.23	0.08808506531819944	-3.3263453455959255	
771.2233	241.28	0.0968783431226034	-3.178066649122924	
773.2201	241.54	0.13079608162752188	-2.7393623040802915	
789.9911	216.13	0.29028757920435005	-1.7326157189511342	
789.9911	218.75	0.6562660072983099	-0.6969557964942957	
774.2208	241.02	0.13547582425962051	-2.685152039250273	
774.2208	243.77	0.12331131811187443	2.820159212222351	C33H41O21
774.2208	250.86	0.7383118921367968	-0.5319225363458489	
744.968	35.23	0.064027228189997	-3.8614927796327043	
726.8025	200.73	0.5416686985388303	0.9652573092640819	
747.0012	217.44	0.2818865147132803	-1.7722580497656844	
776.5065	219.8	0.6781716925205985	-0.6532116202330118	
747.0703	35.23	0.36426449462236726	-1.4756954008919627	
795.0107	217.83	0.3976824793205858	-1.361794571949328	
748.0035	217.96	0.5412044107717295	-0.9673106757667477	
748.0356	215.08	0.05410724357353671	-4.178140565437551	
748.0356	219.8	0.028537472310177257	-5.456944759650422	
748.5709	35.36	0.3503977158067589	-1.5173694896269092	
749.2758	239.18	0.00988657481653667	-8.474945143209503	
749.2758	253.23	0.05796234982747853	-4.033859408074273	
780.4588	35.49	0.0038832683093768918	-13.322610495845737	
780.4588	62.28	0.02594288875566444	-5.665789324929536	
802.0185	217.83	0.403244488072783	-1.3469015760110357	
803.0209	217.57	0.27478325618484994	-1.8064758793514004	
751.5113	24.81	0.9181450989518782	0.17608869428710178	C46H70O8
804.531	28.76	0.30102528502365256	-1.6885625266397304	
804.531	34.97	0.047968937805671706	-4.467710086058149	
782.5179	28.63	0.12491493371198735	-2.7955624287126173	
782.5179	34.84	0.05798740872299589	-4.023171334008381	
805.0325	28.76	0.20145727397766922	-2.188788352822838	
805.0325	34.97	0.041390712482654184	-4.714060823356292	
805.5295	28.63	0.19931175231249407	-2.2027996483304757	
805.5295	34.97	0.06394408823948565	-3.870602184317171	
783.0198	28.63	0.15948740501191738	-2.4604973973384117	
783.0198	34.84	0.025457125252904736	-5.721546912660391	
783.5211	28.63	0.20402791833029746	-2.1737818578404076	
783.5211	34.97	0.05706990464283767	-4.066411153015861	
753.2576	241.02	0.560042649966144	-0.9065866529734863	
753.2576	250.73	0.76761649128778	-0.4657988637388482	
843.0199	217.83	0.5033332542981257	-1.0576006417557624	
843.5215	217.44	0.2679674958844418	-1.8417918408300689	
754.009	217.83	0.3960298393098038	-1.366366710094151	
844.0233	217.44	0.2730160107753997	-1.820509382517765	
754.5106	217.57	0.2881982722405544	1.7466721652648964	
848.5571	29.02	0.51811665249633	-1.0240286181043021	C48H79O10P
848.5571	35.1	0.05544832638030768	-4.116149306163583	C48H79O10P
849.0589	29.02	0.48583636969166283	-1.10598200896509	
849.0589	34.97	0.05172162950712666	-4.289148418618429	
849.5574	29.02	0.2679674958844418	-1.8406186148613948	C48H79O10P
849.5574	34.97	0.03624613002879987	-4.954662958790768	C48H79O10P
816.0594	219.93	0.9788420705919119	0.05111781971030419	
856.3345	240.62	0.2120139236189925	-2.128730557305084	
856.3345	250.99	0.7839949586312074	0.4296529978065007	
856.8357	240.62	0.23882776330280744	-1.9869679771224993	
817.2444	361.72	0.48972421194302035	-1.0945718621001217	
759.2675	252.83	0.04923518777167081	-4.395469515838599	
870.5699	29.42	0.642525287106901	-0.7255674778263929	
870.5699	35.1	0.04923518777167081	-4.394004977591139	
871.5715	29.29	0.5631471707664686	-0.8981919151693775	
871.5715	35.1	0.19931175231249407	-2.2039289675008504	
824.485	35.76	0.01234685788340715	-7.7721119672836805	
826.5438	28.89	0.34643451075563503	-1.5281119736962414	
826.5438	34.97	0.058029907373516675	-4.017113229158773	
877.0134	217.04	0.5991687833732453	-0.8150412123026544	
827.046	28.89	0.38480694349126665	-1.4092080400639306	
827.046	34.97	0.03086171408693609	-5.253889821555737	
827.5419	28.76	0.29038820839522916	-1.7311242411752752	
827.5419	34.97	0.14704007521526802	-2.566621369088929	
828.5164	36.15	0.09804678904527378	-3.1519044839789117	C45H71O9P
829.0044	217.31	0.6009807389973135	-0.8114220809827498	
829.5398	219.41	0.5865296725383744	-0.8483268765685834	
884.0211	217.83	0.42658955243070057	-1.2824286337415676	
830.0406	219.67	0.45881299473685894	-1.17758144376364	
884.5231	217.44	0.43531643887460936	-1.2562801429381012	
892.5828	29.81	0.6681456533267303	-0.6722040699593723	
892.5828	35.23	0.07850375679293749	-3.503692753318472	
893.0849	29.81	0.7972037454946828	-0.4025228334761067	
893.0849	35.1	0.13212264139831356	-2.7221533302435814	
893.5857	29.68	0.7194251104253039	-0.5702552478479213	
893.5857	35.1	0.13356627776665234	-2.7038517444747496	
914.596	30.07	0.98046002930215	-0.04500392041796387	
914.596	35.23	0.1086104511778361	-2.99683994558214	
915.098	29.81	0.7283958438792428	-0.5514227061356634	
915.098	31.42	0.7021998212450368	-0.605544535257355	
915.098	35.23	0.4347467446495816	-1.2584089784916208	
925.023	217.44	0.38480694349126665	-1.4110790919727731	
925.5244	217.83	0.8570584684219281	0.29144292294493496	
926.0261	217.44	0.3415860951118339	-1.5422761987703746	
959.0162	216.91	0.28398620149778514	-1.763460599676947	
966.0243	217.31	0.549540755190653	-0.9415126302819757	
966.5255	217.57	0.46381440409451025	-1.1673406889821991	
976.3867	241.54	0.13774031556404404	-2.6548865346319013	
977.3833	241.54	0.13774031556404404	-2.659244285972363	C44H64O24
978.384	241.41	0.18549772223657088	-2.288417141855234	C44H64O24
978.384	250.47	0.8248182291212963	0.3531035750649196	C44H64O24
