m/z	rtime	p-value	t-score	custom_id
114.0164	22.55	0.9046773766066575	-1.5769883777929157	
219.1024	34.81	0.29578224786831897	-4.653158943600383	
115.0198	24.65	0.9823361223014477	0.5375356734100276	
190.8584	1.18	0.9969276022813908	0.12457245231842645	
219.8915	22.29	0.9996006914225274	-0.07208942379599674	
219.8915	189.56	0.8439343435457267	-1.8550603317433072	
219.8915	220.39	0.9677164383708717	-1.0911840975657847	
158.8459	22.15	0.9823361223014477	-0.8078025929113155	
159.8593	22.42	0.9884349936061186	0.1868894433052632	
191.9457	23.6	0.9884349936061186	0.2459887668390581	
192.1025	28.87	0.9840505459487924	-0.4920848345503967	
221.0526	21.89	0.9884349936061186	-0.20211712851179842	
221.1544	34.94	0.6013150450173617	-2.8931316343027853	C14H22O2
221.8885	22.42	0.9823361223014477	-0.7403973101204646	
221.8885	189.56	0.9489276694293626	-1.4144820926990647	
221.8885	220.52	0.8967184592135982	-1.5963922430022912	
192.9583	22.29	0.9823361223014477	-0.6035790644079209	
221.9467	25.04	0.9823361223014477	0.5337470898036408	
192.993	25.04	0.8170849596721411	-1.967085483068949	
118.9915	24.39	0.9823361223014477	-0.6623436163551597	
118.9915	238.19	0.9840505459487924	0.4685788093699218	
160.9069	2.1	0.9884349936061186	0.3121914647750022	
193.0864	26.12	0.6816792757887267	-2.461026677987896	
223.028	281.26	0.9823361223014477	0.5180120895085711	
119.946	22.15	0.9884349936061186	0.3095738212152015	
119.9752	0.53	0.6587144022632425	2.6115577485471846	
223.1338	35.07	0.6816792757887267	-2.447185680598665	
161.0238	2.36	0.9823361223014477	0.6500956558048953	
161.0255	24.52	0.9261865491656383	-1.5096429560602564	
194.0817	37.58	0.9991569841983733	-0.07527437043422805	
223.8856	189.56	0.4525931344450713	-3.524582976114262	
223.8856	220.52	0.8573714130738532	-1.797059151799477	
161.8417	22.02	0.9884349936061186	-0.30972544683926817	
161.849	22.29	0.9991569841983733	0.08225900416181671	
223.9178	25.31	0.9969276022813908	-0.133942366580028	
161.875	1.18	0.9823361223014477	0.813086445627357	
224.0275	281.26	0.9884349936061186	0.21395997054245622	
224.0275	440.89	0.9823361223014477	0.8752196112614641	
195.1022	25.85	0.5938351993449734	-2.9323290361171646	
195.1385	36.27	0.6516340269620909	-2.6959973833866315	C12H20O2
195.8104	22.29	0.9823361223014477	-0.839437298862855	
195.8547	0.53	0.9677164383708717	-1.1502029235581324	
121.943	22.15	0.9884349936061186	0.3254161060220947	
122.0601	23.86	0.9563624665031252	-1.2485673115669118	
196.0222	23.07	0.8113308970149575	1.9919273006480163	
225.0074	34.67	0.9823361223014477	-0.8078380739951221	
225.0074	37.45	0.9823361223014477	0.812259374718328	
225.0074	194.95	0.6013150450173617	-2.8324485716607755	
225.0074	202.09	0.9823361223014477	-0.7685827981621159	
225.0167	22.68	0.9823361223014477	-0.5169084890616827	
225.025	251.5	0.9929158526926521	0.14600364327574583	
225.025	281.26	0.9884349936061186	0.3552412281080296	
225.025	379.82	0.9677164383708717	-1.0430087110212585	
225.0614	22.02	0.29578224786831897	4.646546421435847	
197.0219	22.29	0.9719190980287552	1.0112495586369885	
226.0201	22.55	0.9830708117105258	-0.5140830678534036	
226.0648	22.02	0.2423162593642668	5.180022516518576	
197.8075	22.29	0.9823361223014477	-0.8393693976489965	
197.8518	0.53	0.9823361223014477	-0.7187851256837076	
163.0605	24.91	0.9677164383708717	-1.159801636253859	
163.8389	22.42	0.9823361223014477	-0.7386381182550977	
163.8461	22.42	0.9996006914225274	0.03972909229294199	
163.9075	1.18	0.9823361223014477	0.7015578304893093	
164.0709	24.52	0.07762893288147639	-9.357510619461655	
164.9265	23.47	0.9996006914225274	-0.024141763474069756	
227.9823	21.89	0.9840505459487924	0.4761635163175095	
199.8045	22.29	0.9823361223014477	-0.8555395220790064	
228.1604	25.98	0.9884349936061186	-0.2618291967776882	C13H22O3
127.8692	22.42	0.9969276022813908	0.09756933153153423	
165.0401	201.96	0.9915464111111357	0.15965688299837386	
165.0401	225.25	0.9823361223014477	-0.7686923001009442	
165.0401	379.82	0.9823361223014477	-0.8893534006492986	
165.8362	22.68	0.9563624665031252	-1.2334983517273308	
165.9053	1.05	0.9884349936061186	-0.3858639724837587	
165.9391	22.29	0.715358054619939	-2.2608817096789604	
166.0502	23.73	0.715358054619939	-2.2686724134720366	
201.8016	22.29	0.9823361223014477	-0.8650811161640647	
229.9205	22.42	0.9806874445357064	0.9635659952591076	
166.8324	22.02	0.9823361223014477	-0.8968114274210914	
229.9522	25.57	0.9563624665031252	-1.2270784628136095	
230.882	1.18	0.9884349936061186	-0.37046606739565086	
166.9235	23.47	0.9996006914225274	-0.006314041691551068	
129.8663	22.42	0.9996006914225274	-0.014505892638709115	
203.0044	23.86	0.9056904690968357	-1.5474592653944952	
129.9903	22.02	0.9884349936061186	0.3591009827511527	
167.0536	23.73	0.7314208953555589	-2.2067116365149744	
231.0621	23.6	0.9969276022813908	-0.09763953544657736	
231.0816	22.02	0.9823361223014477	0.6739107159093789	
203.8439	22.42	0.9996006914225274	-0.06176141873015307	
167.9311	1.18	0.8170849596721411	-1.9691360252837693	
167.9364	22.42	0.22838910606146062	-5.352272286445814	
232.9145	20.43	0.9823361223014477	-0.7781484461901826	
232.9145	23.47	0.9915464111111357	0.15577395213404327	
203.9598	24.39	0.6816792757887267	2.502797277379961	
168.0659	23.73	0.9766080474593267	-0.9950819601280232	
204.0428	23.47	0.9470841954680966	-1.4261954508733656	
130.9566	23.47	0.8724157176573575	1.662538726479382	
168.8864	1.18	0.8573714130738532	1.7785061356404346	
130.9914	22.02	0.9823361223014477	0.6812977643740594	
168.9886	24.65	0.9677164383708717	-1.06306166050928	
169.0692	23.6	0.9719190980287552	-1.0216284694234083	
205.8393	22.42	0.9996006914225274	0.021366838912546555	
234.9549	27.43	0.9853535524291739	0.4448849852542905	
206.04	23.34	0.8301992816272954	-1.907141261621975	
170.8326	23.86	0.9563624665031252	-1.2412675123758472	
133.0133	1.84	0.345248408948561	-4.232468186398127	
170.9435	21.89	0.9823361223014477	0.5412265022658019	
236.0962	25.57	0.715358054619939	-2.262953554013967	C9H20N2OS2
207.0118	24.91	0.9489276694293626	-1.410958833103243	
236.1052	35.07	0.9884349936061186	-0.19642636183781276	
135.0291	1.84	0.23541512237611123	-5.274039596768327	
135.0303	22.15	0.9884349936061186	-0.19845674994978693	
207.8363	22.42	0.9996006914225274	0.06936463984819302	
171.9461	20.16	0.7016269270311908	2.3711158839117314	
171.9461	25.17	0.9563624665031252	1.3615443877297235	
172.8298	23.86	0.9563624665031252	-1.2144069944882279	
237.0919	1.84	0.6013150450173617	2.8535639436018756	C16H14O2
237.0919	37.58	0.9464103123328292	-1.4346531252627304	C16H14O2
237.0919	42.2	0.7358478129498845	-2.188874852011955	C16H14O2
208.9306	1.18	0.9677164383708717	-1.0985167679868388	
172.9406	21.76	0.9996006914225274	-0.026010964757766285	
136.8621	1.31	0.4992015879649022	3.2747165871568242	
209.0663	21.89	0.9884349936061186	0.41031930374710396	
209.082	27.82	0.9823361223014477	-0.8411672030505937	
209.082	31.13	0.009487232496299262	-20.180714948755472	
209.0968	37.58	0.950733401900578	-1.387486147890752	C15H14O
209.0968	41.41	0.345248408948561	-4.196975866084035	C15H14O
238.0953	37.58	0.9563624665031252	-1.302791672080806	C16H14O2
238.0953	41.94	0.7462038214756432	-2.1628573320140734	C16H14O2
209.8334	22.42	0.9996006914225274	0.004535334882764689	
238.9316	21.5	0.9677164383708717	1.088579529415605	
209.9486	0.53	0.7028804643648726	2.3294423096492665	
209.9486	22.29	0.9823361223014477	-0.5974825081415263	
239.0162	0.53	0.9823361223014477	0.5463168473881739	
239.0594	281.26	0.9823361223014477	0.5516139948849645	
239.0672	44.3	0.9677164383708717	-1.0859884547302037	
239.0713	31.13	0.4428397041845974	-3.6922882444811003	C15H12O3
239.0713	36.53	0.9893622883639298	0.17733681116871075	C15H12O3
239.0926	25.98	0.551218875283552	-3.068408994672287	C12H16O5
239.1288	36.27	0.8573714130738532	-1.8194202022657202	C13H20O4
138.038	22.81	0.9806874445357064	0.9688633411368426	
138.0551	23.73	0.950733401900578	-1.3881640288925532	
174.0013	24.26	0.9991569841983733	0.08609745236421444	
138.8593	1.31	0.5006309368959224	3.2616229078077645	
174.0554	2.23	0.9823361223014477	0.673456094986773	
174.0554	24.78	0.10588460582905068	-8.251793607171255	
210.9494	22.29	0.9823361223014477	-0.5691834616804988	
240.0589	281.39	0.9915464111111357	-0.17071787542820435	
240.0589	380.08	0.9823361223014477	-0.8695348761256482	
240.1322	36.01	0.9915464111111357	-0.15719504473995702	C13H20O4
210.9919	20.84	0.9387283164093242	-1.4493710640456987	
174.8282	23.86	0.9563624665031252	-1.2780387121997083	
138.92	22.42	0.9823361223014477	-0.8631237158190084	
240.9286	21.5	0.9387283164093242	1.4479770328763473	
211.8305	22.29	0.9996006914225274	-0.02086207766379235	
241.0564	281.26	0.9823361223014477	-0.9139985582840288	
139.0202	254.52	0.9884349936061186	0.34791412081261647	
212.9789	24.65	0.9563624665031252	-1.2956798037227533	
140.9172	22.15	0.9823361223014477	-0.9438296326965032	
242.0071	23.07	0.9840505459487924	-0.4713340686261231	
242.0518	21.76	0.21769195108886055	5.494664785537198	
242.1762	27.17	0.9823361223014477	-0.5791553769045257	
177.055	25.31	0.8573799290275661	-1.7560368604986814	
177.8442	22.15	0.9884349936061186	-0.35484230621552804	
213.8728	22.42	0.8678442446563445	1.6808616713369395	
213.8889	22.15	0.8170849596721411	-1.9718026027519087	
213.8889	24.39	0.9823361223014477	0.5539161254698993	
177.9049	22.15	0.9823361223014477	-0.7173109446028598	
141.8672	1.18	0.9677164383708717	1.1727812792630947	
177.9656	22.29	0.9840505459487924	0.4924670684271551	
213.9636	24.78	0.6816792757887267	-2.506768069572179	
214.8797	1.18	0.6516340269620909	2.7015727080601017	
214.9879	23.07	0.9823361223014477	-0.7064217506087981	
243.1795	27.3	0.9823361223014477	-0.6388901163962035	
215.0325	22.15	0.9563624665031252	1.2594045789611596	
243.8994	22.15	0.9968926528899653	-0.13681577751766424	
179.0554	22.02	0.2423162593642668	5.074100669735316	
243.9558	22.15	0.9884349936061186	-0.37904558109769493	
179.8399	22.15	0.9996006914225274	-0.010282100694796929	
144.0446	25.57	0.01861345079182357	-15.451013465436993	
246.9815	26.64	0.9884349936061186	-0.3498713651089255	
180.066	23.2	0.9884349936061186	0.2816491637444084	
247.1704	52.86	0.9884349936061186	-0.3676247274863805	C16H24O2
247.8722	1.18	0.715358054619939	2.2675177262329247	
180.8616	24.26	0.8656581916562771	-1.6926557776768032	
247.9928	23.86	0.9884349936061186	0.19859435059520436	
180.9168	25.17	0.989313870414096	-0.1781812848048238	
215.1649	37.32	0.42671623666494	-3.839585403115672	
181.0712	21.63	0.9853535524291739	-0.44309538455530023	
181.8369	22.15	0.9823361223014477	0.8310742961452993	
249.0228	24.78	0.9677164383708717	1.1404297175197364	
249.0228	28.87	0.009487232496299262	19.741459150088154	
249.1496	37.58	0.6516340269620909	-2.6789826975961835	C15H22O3
249.1496	69.44	0.4363732954952199	-3.782472718099565	C15H22O3
181.9169	22.81	0.9884349936061186	-0.2298810242236887	
249.9906	23.99	0.9563624665031252	-1.285234581952292	
250.1527	37.45	0.3062633548960684	-4.576715345309542	C15H22O3
250.1527	69.83	0.8573714130738532	-1.7723361368588568	C15H22O3
215.9045	22.42	0.9823361223014477	-0.8369025995769973	
216.0358	22.15	0.9677164383708717	1.1498976520396282	
252.0735	26.38	0.5938351993449734	-2.9434806510137923	
182.9294	22.29	0.8808690600267888	-1.6236185996040848	
216.8767	1.18	0.6816792757887267	2.4786606175060646	
216.9369	22.55	0.9840505459487924	-0.47091620274276963	
148.909	21.89	0.9563624665031252	1.3138176041668395	
216.9848	23.07	0.9823361223014477	-0.6734008631025231	
253.8269	22.42	0.9823361223014477	-0.7554554650821299	
254.2491	256.36	0.9884349936061186	0.27818411875331545	
148.9693	21.89	0.9884349936061186	0.33250908045769134	
149.0	23.47	0.9823361223014477	-0.5341467253458198	
149.0	193.63	0.9823361223014477	-0.8538959869863646	
149.0086	202.09	0.9563624665031252	-1.3148167998773415	
149.0086	225.25	0.9282577164461164	-1.4885200348106375	
149.0086	281.0	0.9929158526926521	0.14694172470976682	
149.0086	379.82	0.9823361223014477	-0.8841484927116374	
217.0293	22.15	0.9563624665031252	1.2268117995283008	
184.876	0.79	0.9823361223014477	-0.6310062680261047	
149.06	34.67	0.8301992816272954	-1.9086453518634514	
184.8859	3.68	0.9884349936061186	-0.3722735477643818	
149.9496	22.55	0.9823361223014477	-0.60760547827909	
255.1967	37.32	0.6013150450173617	-2.840866933927731	
255.8223	22.29	0.9823361223014477	-0.6219280189000084	
255.9219	21.76	0.9823361223014477	-0.5661708129613187	
150.0552	23.73	0.9677164383708717	-1.0915091507434642	
150.1509	1.31	0.8808690600267888	-1.6244954160691087	
185.1542	29.92	0.9823361223014477	0.5753607022065088	
256.8221	22.42	0.9823361223014477	-0.5180457640484608	
256.92	1.45	0.9840505459487924	0.5002779416524591	
218.9341	22.68	0.9823361223014477	-0.53906804603954	
151.0586	23.86	0.9719190980287552	-1.005682558492035	
151.112	25.85	0.6013150450173617	-2.857577272502587	
218.9817	24.52	0.9823361223014477	-0.6910224131726072	
218.9817	26.25	0.9823361223014477	-0.7000757008698829	
218.9873	25.44	0.9884349936061186	-0.3667259205604662	
186.8971	1.18	0.8019527445743467	2.011853596052158	
257.8192	22.29	0.9823361223014477	-0.6565477858856852	
257.963	24.12	0.8775957418430985	1.6490001072129454	
187.0065	24.65	0.19657285961856952	-5.768309393479322	
258.819	22.29	0.9823361223014477	-0.8797521193676296	
258.9821	21.24	0.9387283164093242	1.4525719840872622	
258.9821	23.34	0.9563624665031252	1.3399531219591614	
283.2838	289.03	0.9884349936061186	0.2101819523744415	C18H37NO
284.2597	213.28	0.994532751420544	-0.14046848137499462	C17H35NO2
284.2597	219.87	0.9884349936061186	0.23052879993514724	C17H35NO2
284.2597	226.73	0.9823361223014477	-0.5226159824763047	C17H35NO2
284.287	289.03	0.9969276022813908	0.10512041203438047	C18H37NO
284.9249	21.5	0.9823361223014477	-0.5842104466975292	
154.0615	1.71	0.17398641714578747	-6.58932354814943	
285.263	213.28	0.9884349936061186	-0.1967566683689657	C17H35NO2
285.263	219.87	0.9823361223014477	0.5323253500110361	C17H35NO2
285.263	226.47	0.9823361223014477	-0.5922451724376875	C17H35NO2
260.9802	20.97	0.8019527445743467	2.0104132388600755	
260.9802	23.47	0.950733401900578	1.3792001201727877	
260.9802	282.84	0.9823361223014477	0.9442455805055036	
261.1346	22.15	0.9719190980287552	-1.0048349660220992	
261.1346	24.52	0.9563624665031252	-1.3249666861200005	C12H22O6
261.1346	56.14	0.9677164383708717	-1.0927309606287667	
261.1346	104.45	0.9823361223014477	-0.6188933201758489	
286.922	21.24	0.9855249214110682	-0.43772750374696123	
286.97	25.04	0.9884349936061186	-0.41745028911154547	
287.0888	21.89	0.9840505459487924	-0.45596567984954217	
287.0888	23.2	0.9991569841983733	0.08479958522096975	
189.017	246.23	0.9823361223014477	0.6365189820336437	
262.9763	25.31	0.8573714130738532	-1.8320549303123892	
156.9985	20.29	0.9884349936061186	-0.20056570657965947	
156.9985	23.73	0.9823361223014477	0.5405556648472547	
263.1654	37.45	0.345248408948561	-4.200912634481874	
263.8415	220.39	0.9823361223014477	0.6188789826028925	
289.9494	20.43	0.18731536376045946	-6.267890642205193	
321.2106	120.4	0.9884349936061186	0.1948497915828316	
157.8622	22.29	0.9915464111111357	0.16743424346653912	
291.1453	24.52	0.9823361223014477	-0.6951564406651656	
265.1481	48.64	0.9996006914225274	-0.059876784041133606	
363.9431	20.97	0.950733401900578	-1.3815548579184918	
265.8391	220.79	0.9046773766066575	-1.58123859870032	
364.9383	20.97	0.345248408948561	-4.276475141040884	
323.19	74.99	0.9884349936061186	-0.39215784689237687	
323.2206	189.56	0.7186614102350308	-2.2472111866606763	C17H34O4
292.9319	23.07	0.9884349936061186	0.3829625427130723	
265.9509	21.5	0.9823361223014477	0.7028227006963969	
293.0494	21.24	0.6516340269620909	2.667711070624522	
266.0844	23.99	0.8656581916562771	-1.7014512732073257	
266.1516	48.77	0.9996006914225274	0.03786798356244904	
293.1779	75.78	0.9884349936061186	0.28638284185104934	
323.979	20.03	0.6816792757887267	2.4731659570108215	
323.979	24.39	0.6816792757887267	2.5346211839513177	
293.8646	22.29	0.8170849596721411	-1.9777582806650174	
324.2546	211.18	0.9823361223014477	-0.5504449256195274	
324.2546	246.1	0.9823361223014477	-0.9251659090396009	
324.2546	263.61	0.9884349936061186	-0.3513524741672246	
293.9867	37.19	0.9840505459487924	-0.48938115430905826	
294.1793	35.07	0.9996006914225274	-0.03342545772829644	
294.1793	36.93	0.9884349936061186	0.3694867368177746	
294.1828	75.65	0.9884349936061186	0.194370576111179	
294.9286	23.07	0.9823361223014477	0.7280499844009766	
294.9536	20.84	0.924725992276574	-1.514724516645732	
295.9549	20.84	0.8573714130738532	-1.7923971926979496	
296.2232	191.67	0.9823361223014477	-0.7778722371599825	
296.2596	195.77	0.921124665443076	-1.5260897119636163	
296.8905	21.76	0.9563624665031252	1.2422941585561975	
296.9509	20.84	0.8656581916562771	-1.7232902137818318	
267.0089	189.43	0.8573714130738532	-1.7719121163276512	
267.0089	220.65	0.8439343435457267	-1.8656281345442935	
367.2161	82.47	0.9884349936061186	-0.3291949448043994	
267.8363	220.39	0.9563624665031252	-1.2377026207625115	
267.9446	22.29	0.6816792757887267	2.4646092925296297	
267.9919	24.52	0.9840505459487924	0.4793251465421975	
268.0032	1.71	0.10588460582905068	-8.366797705932568	
297.0472	31.0	0.9840505459487924	-0.45385701628645175	
297.0472	37.32	0.7348697450748566	-2.198327108427732	
297.0472	201.96	0.9677164383708717	1.17626832267101	
297.0472	280.87	0.9823361223014477	0.6050124497508158	
297.0472	313.43	0.9823361223014477	0.6081247181163495	
297.0472	346.51	0.7740775971019814	2.095293089572315	
297.0472	347.3	0.9677164383708717	-1.1234255162313307	
297.0472	411.35	0.9884349936061186	-0.4064073096972394	
297.0472	411.88	0.8910788598956711	-1.6113974611138382	
297.1346	24.78	0.9563624665031252	-1.2491207150772388	
268.9842	26.64	0.9823361223014477	-0.7822091047363144	
368.8883	20.97	0.9677164383708717	1.0962974398512373	
368.8883	23.07	0.9677164383708717	1.0394708488672728	
368.9621	20.97	0.9840505459487924	0.4653911008537321	
326.2703	289.03	0.9884349936061186	0.24510009340103592	C19H37NO3
269.0232	23.47	0.9563624665031252	-1.325786015406805	
298.138	24.91	0.8724157176573575	-1.6569886501690752	
298.1566	48.9	0.9884349936061186	-0.2896316361188063	
269.0882	24.39	0.9046773766066575	1.5652988503354532	
269.1315	36.01	0.9823361223014477	0.6191645806925179	
269.1398	25.85	0.7946122678897152	-2.040557993383948	
269.1398	35.07	0.9713218434884097	-1.0257979131373816	
269.9421	22.02	0.8019527445743467	2.0095842504413266	
269.9867	26.64	0.9823361223014477	-0.7168467404325902	
369.3013	233.03	0.9996006914225274	-0.04326463455321686	C22H42O4
298.9433	26.38	0.9677164383708717	-1.1861880493083583	
299.0264	26.77	0.9823361223014477	-0.8869688385162334	
299.0264	31.52	0.9470841954680966	1.4282762681653194	
299.0264	201.57	0.9823361223014477	-0.9193317177435852	
327.2737	289.03	0.9996006914225274	0.04290808964848216	C19H37NO3
299.1491	37.71	0.9823361223014477	-0.68836826417171	
299.1491	49.03	0.9823361223014477	-0.5317080758899717	
299.2594	174.8	0.009487232496299262	-20.32936601791934	C18H36O3
271.2281	116.46	0.18773159441352694	-6.057314622117676	C16H32O3
299.9349	25.31	0.14082976616039958	-7.1957132814368	
299.9465	26.25	0.9823361223014477	-0.9144929766709462	
299.9734	21.1	0.9915464111111357	-0.16016852417780386	
299.9734	24.78	0.2667971034247305	-4.888100876112753	
273.0537	24.52	0.9823361223014477	-0.8067716494883103	
300.9023	23.07	0.8573714130738532	1.8042053634224033	
300.9391	26.25	0.9823361223014477	-0.7399357110203423	
329.1549	37.19	0.9677164383708717	-1.137698255748128	
329.27	220.65	0.4609833551304699	-3.480494210419091	C19H38O4
300.9634	25.98	0.9823361223014477	-0.5214430851244929	
300.9746	21.1	0.9884349936061186	0.3220039882024486	
371.0663	37.45	0.9563624665031252	1.2760142515366835	
371.2019	89.06	0.9563624665031252	1.2742567537574514	
301.2386	190.09	0.34661000979146495	-4.171473278271443	C17H34O4
301.934	25.98	0.8656581916562771	-1.70793385542599	
373.0457	31.65	0.9925500062547862	0.14839039410803523	
373.0457	37.32	0.7946122678897152	2.0390789666404143	
373.0457	189.56	0.9823361223014477	-0.7438498882358177	
373.0457	198.53	0.9884349936061186	0.34861087619931896	
373.0457	201.96	0.9823361223014477	0.8934930082991375	
302.9606	20.84	0.8678442446563445	-1.6748744302251906	
302.9606	24.12	0.9823361223014477	0.618149175472339	
373.1448	34.28	0.9261865491656383	-1.505298933717153	
373.1448	37.19	0.9563624665031252	-1.2162394557065765	
374.1324	189.56	0.8912242014862625	-1.6040111597708608	
374.2452	32.44	0.9823361223014477	-0.7424437343663711	
374.9069	21.37	0.9806874445357064	0.9632252244598605	
303.07	26.64	0.9709420179953382	-1.0295578923585287	
276.0178	24.52	0.8656581916562771	-1.7282443054515506	
303.9221	22.29	0.9357673093536858	1.4760633315718144	
375.2487	32.44	0.9823361223014477	-0.7687635382000318	
375.2786	219.34	0.9823361223014477	-0.7958105804469133	
333.1114	24.65	0.8656581916562771	-1.70503064113368	
277.0599	23.07	0.9823361223014477	-0.5934935383540503	
304.0734	26.77	0.9766080474593267	-0.9827761994024347	
376.2517	32.57	0.9823361223014477	-0.8493112538984636	
333.9385	21.37	0.9823361223014477	0.6652489549316113	
334.1148	24.52	0.8656581916562771	-1.7320098958625154	
304.9153	23.86	0.9884349936061186	0.22485298522602395	
304.9576	24.12	0.9884349936061186	-0.2643144931695992	
376.8457	0.53	0.9823361223014477	0.6436599455099751	
277.9735	20.16	0.6838848766737163	2.4247826163473194	
277.9735	24.12	0.6013150450173617	2.8688784908412024	
376.9967	21.63	0.9915464111111357	0.1566836307343185	
376.9967	23.2	0.9823361223014477	-0.5500975749060358	
305.9182	22.42	0.6013150450173617	2.805734893973259	
335.1084	24.39	0.8301992816272954	-1.9050498319346088	C10H17NO9
278.9801	20.84	0.9823361223014477	-0.8066315494925873	
377.061	25.31	0.7314208953555589	-2.210495922113344	
306.8689	3.94	0.9915464111111357	-0.15507357817100012	
306.9194	21.37	0.9387283164093242	1.4509400002172403	
377.8984	5.12	0.9884349936061186	-0.2670885830888128	
377.8984	25.85	0.9884349936061186	0.22817995383808604	
279.1637	60.21	0.9823361223014477	-0.5850517126426941	
306.9386	22.29	0.9823361223014477	-0.8428405507845499	
378.0004	21.63	0.9969276022813908	0.0978233137474943	
378.0004	23.07	0.9823361223014477	-0.7730948441824083	
336.8794	26.12	0.9823361223014477	0.7114310636518066	
279.9204	22.42	0.7524349085219375	-2.1407479976868955	
336.942	20.84	0.9996006914225274	-0.032089243503430426	
378.9933	21.63	0.9884349936061186	0.28637812262959	
378.9933	22.94	0.9823361223014477	-0.7435660630497064	
337.0545	27.82	0.4373830788291686	3.7206811189916364	
337.2059	94.45	0.9996006914225274	0.016125004124360957	
307.1555	26.9	0.9823361223014477	0.8686814080057278	
307.1555	31.39	0.9823361223014477	0.8155638908585184	
307.1586	37.85	0.9884349936061186	0.3740028668443381	
307.1586	47.32	0.9884349936061186	-0.30156427047314266	
307.1952	96.04	0.9884349936061186	-0.23316063922150657	
307.2645	200.78	0.02252411478015947	-14.147991506887253	C20H36O2
379.0588	25.31	0.6587144022632425	-2.6165829494640125	
281.2487	194.95	0.00869605622712202	-23.232985107121277	C18H34O2
307.9153	22.42	0.7854759714657414	2.0678951191683037	
282.2804	289.03	0.9884349936061186	0.23401685963668659	C18H37NO
379.9316	21.24	0.9996006914225274	-0.019584078952802304	
380.9602	26.77	0.9996006914225274	0.01255703603751081	
339.3018	219.21	0.9840505459487924	-0.45492854771725033	
308.8645	3.94	0.9969276022813908	-0.13066257929716246	
308.9164	21.37	0.8301992816272954	1.9223275134420443	
283.1107	32.18	0.9823361223014477	-0.5198874691459586	
283.1107	130.03	0.5370641189895402	-3.129678315513379	
283.1107	158.98	0.4525931344450713	-3.512567704402269	
381.2319	104.32	0.9972087704476349	0.09565452212114897	
339.8978	22.29	0.6013150450173617	2.81749956133027	
309.1533	37.58	0.9969276022813908	-0.12616030754316582	
340.3053	219.21	0.9677164383708717	-1.146402489782718	
309.1745	59.43	0.9996006914225274	-0.026171168920808133	
340.8459	3.94	0.9489276694293626	-1.4075224079255928	
340.968	26.51	0.9823361223014477	-0.6094269399861547	
409.2729	147.01	0.8656581916562771	-1.723664339857501	C20H43O6P,C27H38O3
409.3116	225.81	0.9915464111111357	-0.16510669466436134	C28H42O2
410.2219	32.44	0.9677164383708717	-1.055910637511404	
310.0022	25.04	0.2675359107528304	-4.857871135341382	
384.3124	213.67	0.9855249214110682	-0.4300856073914284	
384.9358	20.97	0.9865061548007047	0.4255680300163444	
384.9828	32.18	0.9884349936061186	-0.1952371692557715	
341.1184	37.58	0.818240504880835	-1.95863585822073	
341.1184	41.55	0.6703351155240238	-2.5877615307534167	
411.2254	32.31	0.9677164383708717	-1.044404888791582	
311.223	37.32	0.11452316101938143	-7.873714314315128	C18H32O4
311.2959	224.33	0.8413090547253883	-1.8873272469825897	C20H40O2
341.8503	22.42	0.9823361223014477	-0.6653658867739375	
411.8813	20.43	0.9823361223014477	-0.5311334344761036	
341.8948	22.29	0.7028804643648726	2.3126129668089104	
311.9442	21.37	0.9823361223014477	-0.5260800972328058	
412.2186	32.44	0.9677164383708717	-1.1578244105882263	
385.1788	33.36	0.9823361223014477	-0.6572338698171305	
385.1788	36.93	0.9823361223014477	-0.6054604588106036	
385.3074	219.34	0.9823361223014477	-0.5800329638949331	
342.1219	37.58	0.4821786551163495	-3.3485890537288254	
342.1219	41.81	0.5226518868979927	-3.167884132984222	
312.9733	26.64	0.9823361223014477	-0.7652071818906937	
342.8437	3.94	0.9823361223014477	-0.7531512978268275	
312.9906	24.65	0.9884349936061186	0.204091810421076	C17H10S2
413.1973	37.32	0.9823361223014477	-0.8930174090454611	C24H30O6
413.2223	32.31	0.9373036315652004	-1.470359113209526	
386.023	24.78	0.9884349936061186	0.2570592564000917	
386.3109	219.34	0.9823361223014477	-0.5426971827787058	
313.0788	201.96	0.9884349936061186	0.24717251905255094	
313.0788	281.26	0.9823361223014477	0.5857922766222681	
313.0788	313.56	0.9996006914225274	-0.0005324114680714996	
313.2388	37.19	0.18731536376045946	-6.220364231791247	C18H34O4
313.2388	79.72	0.00474037194423455	-29.08706004911121	C18H34O4
313.2945	246.23	0.9884349936061186	0.21659377389479598	C19H39NO2
343.0199	254.52	0.9969276022813908	0.10413288492002712	
414.1354	135.96	0.345248408948561	-4.230949508814716	
343.1342	34.41	0.6938095452201593	-2.386343222136063	
343.1342	42.33	0.8573714130738532	-1.7589313406313656	
343.1401	24.91	0.9387283164093242	-1.4462777642171973	C16H24O8
313.9766	26.77	0.9996006914225274	-0.046363810856429204	
343.8446	3.94	0.32251988796266096	-4.4637753960309565	
314.2977	238.06	0.8573714130738532	1.8265177792394003	C19H39NO2
314.2977	245.97	0.9884349936061186	0.31713678844335486	C19H39NO2
314.2977	269.38	0.9884349936061186	-0.3568637448948666	C19H39NO2
414.9553	20.84	0.9996006914225274	-0.06059675984835109	
387.0261	21.5	0.9969276022813908	-0.10601392519878601	
344.0234	254.26	0.9823361223014477	-0.6450691119411801	
344.1435	24.91	0.9563624665031252	-1.342730544645681	C16H24O8
344.2808	288.9	0.9996006914225274	0.07107957343442681	
315.2542	37.45	0.2727658717138028	-4.805478326069605	
315.2542	52.34	0.027562462577404603	-13.145252777878481	
388.0199	24.78	0.9991569841983733	0.08547444411397571	
388.0294	21.5	0.9884349936061186	-0.2829774191288347	
416.0749	189.56	0.9563624665031252	-1.3391201045098828	
346.1774	33.36	0.9884349936061186	0.3965974411098589	
346.1774	220.13	0.9563624665031252	-1.2532745078379257	
417.0363	21.5	0.9969276022813908	-0.12233587457763107	
417.0363	23.34	0.950733401900578	-1.3802883468077438	
389.0242	24.91	0.9563624665031252	1.3320212681637214	
417.156	27.03	0.9840505459487924	-0.45606001780812566	
417.2862	69.31	0.9677164383708717	-1.1008636108390062	C22H42O7
417.2862	79.98	0.950733401900578	-1.3812855234533021	C22H42O7
346.9676	20.84	0.9677164383708717	-1.0372018050730643	
389.8859	3.94	0.9823361223014477	-0.9465702067420617	
390.2402	37.85	0.9823361223014477	-0.780883222795073	
390.2402	41.68	0.9823361223014477	-0.9014905265562814	
418.0717	189.56	0.948813101428488	-1.420100665001939	
418.1298	135.96	0.9783357487474102	-0.9782866758873151	
418.1594	27.03	0.9813789240428041	0.9613203591842512	
318.9073	24.91	0.9884349936061186	-0.19645770755671155	
349.012	25.04	0.22838910606146062	-5.381995763171412	
318.981	28.61	0.9823361223014477	-0.9572455318359857	
349.882	22.55	0.9996006914225274	-0.06624588052719027	
419.228	219.08	0.9677164383708717	-1.1646411294433514	
420.0687	189.56	0.9719190980287552	-1.0098126853068896	
420.2508	32.44	0.9823361223014477	-0.7727788027165493	C20H40NO6P
320.1902	36.66	0.9915464111111357	0.16655532552073377	
351.218	36.27	0.6707501838028926	-2.5700463258723354	
351.2213	118.83	0.9996006914225274	0.03644798684792143	
453.1328	27.03	0.9884349936061186	-0.20049308095549706	
453.2049	68.39	0.9823361223014477	-0.7400225989472347	
453.2049	69.05	0.921124665443076	-1.5202710603823522	
453.2049	79.45	0.9884349936061186	-0.33803309585206875	
420.9465	20.97	0.9884349936061186	0.3792516516406856	
420.9465	23.6	0.9884349936061186	-0.3871894614462299	
421.1555	36.93	0.9823361223014477	0.8312639199030611	
421.227	70.92	0.9823361223014477	-0.6920008299060624	C20H38O7S
421.2543	32.44	0.9823361223014477	-0.7399489005877771	C20H40NO6P
352.2861	298.39	0.9823361223014477	0.8630930287439522	C21H39NO3
394.2812	195.9	0.7186614102350308	-2.2465796623309244	C27H38O2
352.9123	21.24	0.9823361223014477	-0.754017055943076	
454.1715	32.44	0.9563624665031252	-1.264155289562801	
422.159	36.93	0.9823361223014477	0.5741922848605319	
422.2305	71.18	0.9823361223014477	-0.6000014566594516	C20H38O7S
422.2571	32.44	0.9823361223014477	-0.6070848319275759	C20H40NO6P
353.0493	22.02	0.9823361223014477	-0.642210483694665	
353.0493	25.04	0.9823361223014477	0.6241120102297741	
353.2007	65.5	0.9991569841983733	-0.08376489807829636	
422.9444	20.97	0.9884349936061186	0.20872193811956347	
422.9444	23.34	0.9823361223014477	-0.8194642883835465	
422.9908	37.19	0.9823361223014477	0.7506831460534935	
423.1523	36.93	0.6816792757887267	2.466058806468363	
395.2441	34.67	0.9823361223014477	-0.5424473450897612	C22H36O6
395.2441	104.71	0.9884349936061186	-0.3913543171752604	C22H36O6
395.2441	196.03	0.9563624665031252	-1.2454163712241886	C22H36O6
423.3271	202.09	0.9823361223014477	-0.8151428848013572	C29H44O2
395.2745	196.16	0.8678442446563445	-1.678482422441729	
395.2745	200.78	0.9489276694293626	1.411897960242667	
455.1296	27.17	0.9677164383708717	-1.0774645400680205	
455.1748	32.31	0.9563624665031252	-1.2539944081931915	
354.0526	25.04	0.9969276022813908	0.12917775693262165	
396.0516	25.17	0.9766080474593267	-0.9841443623210673	
396.2475	34.54	0.9865061548007047	-0.42787917033118755	C22H36O6
396.2475	105.1	0.9823361223014477	-0.6497772274861172	C22H36O6
396.2475	196.03	0.9823361223014477	-0.7983551569380312	C22H36O6
396.2475	229.62	0.9823361223014477	-0.5651490782387398	C22H36O6
396.2781	196.16	0.551218875283552	-3.0699837817149875	
424.1326	39.68	0.9884349936061186	-0.2574887495437416	
424.1326	40.76	0.9884349936061186	0.4078692196773341	
354.9097	21.37	0.9884349936061186	0.2042182158635616	
456.1223	37.58	0.9823361223014477	-0.5823534276897404	
456.1223	41.15	0.4525931344450713	-3.5421439339599585	
456.1223	41.68	0.9823361223014477	-0.6474165975730904	
456.1694	32.44	0.9563624665031252	-1.212001442515451	C21H31NO8S
456.1825	189.17	0.2423162593642668	-5.0981823971510325	
456.2746	219.87	0.9884349936061186	0.23159023856474603	
424.9113	20.03	0.9853535524291739	0.44234668940424443	
424.9113	23.34	0.9884349936061186	0.2697386341588529	
397.2268	69.31	0.9996006914225274	0.006051407964634453	
355.1682	34.54	0.9840505459487924	0.4924888842020154	
355.1682	36.93	0.9884349936061186	-0.21889481042054892	
355.2857	220.92	0.9563624665031252	-1.2439658976683072	C21H40O4
426.0313	79.32	0.9677164383708717	-1.1740238517620887	
397.9506	26.64	0.9823361223014477	0.7983960950597745	
457.1728	32.31	0.8656581916562771	-1.720636348351455	C21H31NO8S
457.2781	219.87	0.9996006914225274	0.009681373734690291	
457.9323	245.84	0.9884349936061186	0.4079965162767606	
457.9323	254.13	0.9823361223014477	0.843539310489535	
458.1192	37.58	0.9677164383708717	-1.0965239738105774	
458.1192	40.89	0.8439343435457267	-1.8528570138238152	
458.2809	159.12	0.6013150450173617	-2.809938924643456	C27H39NO5
458.2809	219.87	0.9915464111111357	-0.15914128184930762	
427.2162	216.32	0.8439343435457267	-1.8532312119147902	
427.3218	202.09	0.04593470844779952	-11.302725858975338	
400.3072	204.72	0.9884349936061186	-0.201847676204946	
428.2121	81.95	0.9996006914225274	-0.0006374993273226921	
459.0028	39.16	0.9823361223014477	-0.8078531387489026	
459.0028	42.73	0.9823361223014477	-0.6736035554227708	
429.0806	28.35	0.004305335607660043	32.98858050345936	C21H18O10
358.8689	3.94	0.19032362028003524	-5.861266990821229	
429.1946	196.16	0.8205188292503961	1.944067385936523	
430.0839	28.48	2.8217236442538838e-05	138.07665546592554	C21H18O10
359.0319	22.15	0.9677164383708717	-1.0834394373969256	
359.1539	216.19	0.715358054619939	-2.262705750367307	
359.1656	37.58	0.9855249214110682	-0.43083352492865273	
459.2028	36.93	0.9884349936061186	-0.32880568576972086	
459.2618	32.57	0.8573714130738532	-1.77319842546804	
430.9285	20.84	0.9823361223014477	-0.8669134097782434	
401.0416	25.44	0.9855249214110682	0.4356520593671997	
460.0247	189.56	0.8170849596721411	-1.9647803110095456	
460.2063	36.93	0.9884349936061186	-0.2046148289803133	
460.2133	189.3	0.7186614102350308	-2.243725141491771	
460.3307	200.23	0.9884349936061186	-0.36166126860194137	
460.3307	220.13	0.9991569841983733	-0.07629200111121469	
401.9257	21.5	0.9823361223014477	0.5752409759769359	
402.0209	25.98	0.9823361223014477	0.6580306578319799	
402.1637	220.92	0.9823361223014477	-0.8425582668660705	
360.1304	24.52	0.9677164383708717	-1.1802009947709222	
431.0518	24.39	0.9677164383708717	-1.1973545760350732	
431.1398	36.4	0.6013150450173617	-2.849489310013576	
431.1842	36.93	0.9915464111111357	0.1644087613946494	
431.195	220.39	0.9677164383708717	-1.1428903995201913	
431.3381	230.67	0.9840505459487924	0.47015701633113255	
461.209	37.19	0.9925500062547862	0.14894438919675088	
431.8876	2.63	0.8808690600267888	-1.6278987085017496	
432.1876	36.93	0.9996006914225274	-0.017960992487236507	
462.0221	189.43	0.9563624665031252	-1.289315592717627	
462.8787	20.56	0.9823361223014477	0.6173464177287823	
361.1578	36.93	0.9823361223014477	-0.539598394406085	
361.1578	69.44	0.9677164383708717	-1.0633446507837652	
403.3066	200.78	0.9884349936061186	0.23829698044145078	C22H44O6
403.856	3.28	0.9969276022813908	-0.10039756715670771	
404.0157	21.63	0.950733401900578	1.3931153438785615	
404.0157	23.2	0.9823361223014477	-0.5987238040854962	
404.31	200.78	0.9884349936061186	0.19166740783291422	C22H44O6
433.1507	27.3	0.9884349936061186	-0.22053523958480073	
362.1727	28.48	0.9884349936061186	-0.31593463892749424	
362.1727	35.07	0.9823361223014477	-0.5867419294675722	
433.1901	36.93	0.9823361223014477	0.5499995736707468	
433.1901	220.0	0.18773159441352694	-5.970928591764319	
464.2769	32.44	0.7028804643648726	-2.3313468649595404	
464.3231	194.55	0.9823361223014477	-0.5316812707927564	
404.9293	20.84	0.9677164383708717	1.10029366294081	
362.9413	20.84	0.9046773766066575	-1.5628591178718465	
433.9647	31.92	0.9884349936061186	0.19205331869593212	
434.0262	21.63	0.7854489685129139	2.0717057765364113	
434.0262	23.2	0.9563624665031252	-1.281165034518484	
362.9702	28.61	0.9823361223014477	-0.5287585141254989	
434.309	254.52	0.9884349936061186	0.20865552627153763	
405.3127	200.78	0.9884349936061186	0.25087040852844583	C22H44O6
406.0203	21.63	0.9823361223014477	0.5964883628800545	
406.0203	23.2	0.9996006914225274	0.024448153089040726	
406.2778	226.73	0.9884349936061186	-0.2719632532662846	
406.3152	200.78	0.9489276694293626	1.4057486324984962	C22H44O6
435.0277	21.63	0.9823361223014477	0.817935059547139	
435.0277	23.2	0.9884349936061186	-0.35479433691828016	
465.1048	36.93	0.9823361223014477	0.7708156302900309	C21H22O12
465.1669	150.17	0.8807011890115359	1.636453544292356	
499.8059	3.94	0.9929158526926521	0.1455702218475943	
465.3047	207.11	0.9823361223014477	0.611860937423113	C27H46O4S
435.3124	254.0	0.9898541296546505	-0.1759633158042948	
500.0719	41.94	0.8912242014862625	-1.6066499287198877	
500.2085	169.02	0.9996006914225274	0.058901502735459604	
500.2283	196.16	0.8656581916562771	1.7123881726804142	
500.2453	194.42	0.8301992816272954	-1.9054063612112453	
500.301	193.63	0.13052998033693416	-7.425679376350266	
500.301	197.74	0.9840505459487924	0.4950759647748461	
407.0072	21.63	0.9996006914225274	-0.018350937490932986	
407.0072	23.2	0.9823361223014477	-0.7868000301920745	
436.06	79.59	0.6013150450173617	-2.877491969078469	
436.3155	253.87	0.9823361223014477	-0.5235980798421677	
466.1604	150.03	0.9823361223014477	0.9503976361667689	
466.3025	190.88	0.9563624665031252	-1.2192726098220967	C23H47O7P,C28H41O2F3,C30H42O4
466.3081	206.98	0.9884349936061186	0.39061782587800953	C27H46O4S
407.2573	68.39	0.9840505459487924	-0.458337531730256	C20H41O6P
407.2809	226.6	0.9823361223014477	-0.5598726491107157	
436.9495	21.1	0.9884349936061186	-0.28467800491315937	
437.0616	79.32	0.9884349936061186	-0.3344967126781389	
437.1376	31.39	0.9915464111111357	0.15571042528868992	
437.2274	195.47	0.7023334581944379	-2.3591980709158658	
437.2408	32.44	0.9677164383708717	-1.1186936600793091	
501.2318	196.16	0.9563624665031252	1.256166240167775	
501.249	194.42	0.9563624665031252	1.3397107591210442	
501.304	193.37	0.18731536376045946	-6.169282697698206	
437.3041	194.55	0.4373830788291686	-3.7551836337217552	
467.1026	36.93	0.9996006914225274	0.010084955844823999	
467.2971	191.14	0.9823361223014477	-0.6563648185611436	C27H42O4F2
467.2971	194.16	0.9991569841983733	-0.08270220827601447	
467.3146	192.19	0.4009969738267068	-3.9289186871890824	C30H44O4
502.0701	41.41	0.6938095452201593	-2.3959570271285062	
502.2964	191.93	0.9282577164461164	-1.490215101957196	
502.2964	254.39	0.9884349936061186	0.24217774749165016	
468.1506	184.41	0.9261865491656383	1.5077892065321379	
468.1824	194.16	0.01861345079182357	-15.213473297459513	
468.3181	192.45	0.4525931344450713	-3.574086849397687	C30H44O4
438.0573	79.85	0.8656581916562771	-1.717480547809196	
438.2444	32.31	0.9563624665031252	-1.3381057784515444	
438.3075	194.55	0.5938351993449734	-2.9466334944286627	
553.2337	278.24	0.9677164383708717	1.1197260764012789	
553.2337	283.1	0.8573714130738532	1.8160003633122388	
553.2707	81.69	0.9884349936061186	0.35739135902484814	C25H46O11S
553.297	196.82	0.9884349936061186	-0.34672144829730017	C25H48NO10P
553.326	103.14	0.9766080474593267	-0.9859533495128013	
554.1253	35.46	0.9823361223014477	0.7323329185351238	
554.1253	37.32	0.9840505459487924	-0.4745366618186673	
554.2738	81.69	0.9840505459487924	0.46254605461956155	C25H46O11S
554.329	103.0	0.9677164383708717	-1.1040393641391921	
439.2253	195.47	0.7740775971019814	-2.092217284807747	
439.2835	142.16	0.9677164383708717	-1.0376563462427597	C28H40O4,C26H39O2F3
439.3007	194.42	0.2423162593642668	-5.05080990285004	
469.3112	192.45	0.4525931344450713	-3.5173399960055165	
503.1674	37.58	0.9884349936061186	-0.344269877665325	
503.2271	196.16	0.8124979889189828	1.987135151873158	
504.1277	184.41	0.7101659266859532	2.2941398608540413	
504.2297	196.16	0.950733401900578	1.386641811037191	
440.3045	194.82	0.6554621372851425	-2.647791531440596	
470.1474	184.67	0.8656581916562771	1.7124335216975508	
470.198	158.46	0.9969276022813908	0.12119818738839534	
470.2578	81.56	0.9840505459487924	0.46744903431818663	
470.315	192.06	0.345248408948561	-4.27673851055226	
504.8663	22.02	0.9830708117105258	-0.5134676375102646	
555.2305	283.1	0.9719190980287552	1.0173040917129272	
555.2768	81.82	0.9823361223014477	0.7428149112035874	C25H46O11S
555.3316	103.66	0.9823361223014477	-0.5824647361747091	
556.1958	184.67	0.9884349936061186	0.20419096776975967	
556.2031	191.67	0.9823361223014477	0.6853980288319864	
556.2324	220.79	0.345248408948561	-4.3322414691193085	
505.2316	196.43	0.9823361223014477	0.757552488196519	
505.333	220.92	0.9923310093340025	0.15098641868005397	
506.0442	27.3	0.9357673093536858	1.4779628488432968	
506.1141	220.13	0.9823361223014477	0.9098075796389928	
506.1243	184.28	0.6816792757887267	2.4409636826473444	
506.1743	68.65	0.9563624665031252	1.338408059499023	
506.2715	213.28	0.9969276022813908	-0.12001329958436577	
506.7277	198.53	0.6816792757887267	2.5434742629828717	
506.7277	201.7	0.9806874445357064	0.9667647623614152	
557.1281	35.46	0.4525931344450713	3.649283942096452	
557.1281	37.58	0.9823361223014477	0.5225812460615274	
471.2005	158.85	0.9884349936061186	0.33204410320624617	
471.2005	220.26	0.11588464773747664	-7.753585662358476	
557.199	184.41	0.9823361223014477	-0.880991311710696	
557.2064	191.53	0.9823361223014477	-0.7443479547698466	
558.1198	37.19	0.9884349936061186	-0.2041137535067531	
558.2001	191.8	0.9969276022813908	-0.10246547348933761	
558.2866	264.66	0.9823361223014477	0.7842829884331671	
441.8862	20.29	0.8439343435457267	-1.848758910652455	
472.1768	193.77	0.01861345079182357	-15.95028479019591	
442.1667	189.17	0.4808359420389767	-3.367103605971419	
442.8946	21.37	0.9823361223014477	0.8072189097002346	
507.0272	35.88	0.9884349936061186	-0.3205950137893543	
507.0272	37.19	0.9563624665031252	1.2209478080428982	
472.9165	21.1	0.9563624665031252	1.3417106243569525	
507.2522	167.58	0.9677164383708717	1.16087952330702	
507.2748	169.94	0.9823361223014477	-0.8044547304529995	
507.2748	213.28	0.9884349936061186	-0.3077219511758855	
507.3693	217.11	0.9823361223014477	-0.7273435602700077	C30H52O6
507.3693	265.05	0.9969276022813908	0.10012316715189891	
508.1131	150.03	0.9969276022813908	-0.12188115159734562	
473.0224	22.02	0.9884349936061186	0.3063656481929896	
559.123	37.45	0.9884349936061186	-0.180862692058082	
559.1427	53.52	0.9677164383708717	-1.075001771116854	
559.2898	264.26	0.9840505459487924	0.47848936894283406	
559.4374	288.64	0.9823361223014477	0.5926144612619865	C35H60O5
560.0135	21.63	0.9046773766066575	1.5673220566125683	
560.0135	24.39	0.9884349936061186	-0.18824204884685242	
560.1254	37.19	0.9840505459487924	-0.4652215068764934	
560.1824	203.41	0.9823361223014477	0.8413842264186321	
443.1692	188.91	0.7314208953555589	-2.215798760294194	
443.2478	216.32	0.6938095452201593	-2.389385507602108	
473.2829	112.76	0.8213868724292336	-1.9397794123470642	
473.2829	189.04	0.7023334581944379	-2.341257873787753	
444.1061	220.52	0.9563624665031252	-1.3246150405286192	
444.2499	216.32	0.6703351155240238	-2.5766402677921487	
474.2864	112.49	0.7314208953555589	-2.2120619527653065	
474.2864	189.04	0.6838848766737163	-2.428179350391848	
444.9732	37.19	0.9884349936061186	-0.3381712939016075	
509.2486	190.88	0.9563624665031252	-1.345139659225349	
474.8952	21.63	0.9884349936061186	-0.2523139482313647	
474.8952	23.2	0.4992015879649022	3.27706268227124	
510.1541	189.3	0.9884349936061186	-0.29686072607940833	
475.2894	112.89	0.5067815204115846	-3.224338435074682	
475.2894	188.78	0.8808690600267888	-1.6306728300259965	
445.1093	220.39	0.9840505459487924	-0.45977042879243113	
445.2444	216.06	0.34661000979146495	-4.138726180291453	
563.0892	188.91	0.9853535524291739	-0.44459887775883566	
563.3959	230.01	0.9823361223014477	0.8077901021909057	
446.0887	79.59	0.6816792757887267	-2.5309612497437204	
446.1029	220.52	0.9126235965447188	-1.537156888190669	
446.1611	189.43	0.47937120187782095	-3.3850716543630917	
446.2475	216.45	0.5067815204115846	-3.2192469541076663	
564.1761	191.8	0.9840505459487924	0.45897618517014677	
564.1761	230.14	0.9563624665031252	1.2883705373351124	
564.3447	220.26	0.7358478129498845	-2.1913983366696907	
511.2008	228.7	0.9884349936061186	0.1910097700549445	
511.2008	229.09	0.9855249214110682	0.4341120283457576	
511.2008	230.93	0.18680892205010122	6.3407538833677455	
511.2459	191.14	0.9884349936061186	-0.26487821239389026	
511.2645	192.06	0.345248408948561	-4.252286549229275	
512.2678	192.19	0.21279788021627818	-5.603829618908531	
476.086	189.43	0.9853535524291739	-0.4429362240138817	
476.1984	34.54	0.6816792757887267	-2.4640871989492457	
447.0642	37.32	0.9823361223014477	0.5484395103928703	
476.3313	191.27	0.9996006914225274	0.003131816084430057	
447.0908	79.85	0.9840505459487924	-0.49405367414964496	
447.1062	220.65	0.9823361223014477	-0.9038193505020623	
447.1347	31.52	0.9884349936061186	0.34845813805995207	
447.1347	35.59	0.7946122678897152	-2.0419991353754754	
512.3371	277.32	0.9915464111111357	0.1592516669637138	
447.1649	31.26	0.9991569841983733	0.07669693054107463	C23H28O9
447.1649	189.43	0.9823361223014477	-0.8823534927921631	
447.2968	141.37	0.9884349936061186	-0.26583660384942415	
447.333	194.55	0.9563624665031252	-1.2134116272390911	
565.3482	220.52	0.9823361223014477	-0.8552140407285325	
566.1742	192.32	0.7529679288249097	2.1361709180154085	
566.1742	230.41	0.9823361223014477	0.5906433494998936	
566.2323	192.06	0.9884349936061186	0.26378326832224663	
448.0998	220.52	0.9563624665031252	-1.3183709227077123	C21H21O11
448.1382	31.52	0.9840505459487924	0.4531398799156836	
448.1382	35.59	0.5067815204115846	-3.232057099082562	
448.1696	31.13	0.9884349936061186	0.23663421384599445	C23H28O9
448.1744	36.93	0.9996006914225274	-0.06383058741508892	
448.3365	194.82	0.950733401900578	-1.379412836804749	
476.8928	21.63	0.9677164383708717	1.152997012380044	
476.8928	23.6	0.6013150450173617	2.8187413655042906	
476.922	20.56	0.8724157176573575	-1.6615341863427469	
513.2622	192.06	0.32251988796266096	-4.472748144964275	C25H42N2O7S
514.0979	184.67	0.8573714130738532	1.7627365866583846	
514.1469	189.17	0.46899952325668703	-3.4499552736973174	
514.1469	220.79	0.9677164383708717	1.1178847528482625	
514.2657	192.19	0.7023334581944379	-2.355916767498481	C25H42N2O7S
449.1509	32.44	0.05904655893145426	-10.21292671883907	
449.1741	37.19	0.9884349936061186	0.30656598720911143	C24H30O6
477.0888	189.7	0.9677164383708717	1.0719514223504887	
449.3125	142.02	0.9884349936061186	-0.33077381300157194	
449.3393	194.69	0.9840505459487924	-0.45723630454331715	
477.3436	192.32	0.9823361223014477	-0.603033065468674	
514.8933	20.84	0.9563624665031252	-1.2333369751745027	
568.113	215.93	0.9969276022813908	-0.11538482140947355	
450.1545	31.92	0.7360226699306598	-2.1845639900404206	
450.1773	36.93	0.9884349936061186	0.26051547646030077	C24H30O6
568.2162	196.69	0.8779586296125198	1.6461496869006265	
568.2162	201.7	0.9563624665031252	1.2920546116123675	
450.3158	141.63	0.9823361223014477	-0.7778966298551904	
478.0829	189.43	0.9996006914225274	-0.04921461892433141	
478.1795	184.67	0.9823361223014477	0.8748954686161409	
478.2943	104.71	0.17130835381287862	-6.684291504912394	C23H46NO7P
568.7357	3.94	0.9996006914225274	-0.011482491805113059	
478.3471	192.19	0.9823361223014477	-0.7609325041668201	
569.1719	53.52	0.9719190980287552	-1.0035743151918357	
515.1223	31.39	0.8656581916562771	1.7154563535673546	
570.1102	216.19	0.950733401900578	-1.3764277943143997	
570.2113	195.64	0.9677164383708717	1.0898976163901335	C31H30O8
570.2612	81.69	0.9991569841983733	0.07867855063228796	
570.7363	3.94	0.9915464111111357	0.17119246782654227	
451.1705	37.32	0.9969276022813908	-0.11477746027146954	
451.2069	68.91	0.9677164383708717	-1.1171966043651518	
451.2069	79.06	0.9563624665031252	-1.2572670639078198	
516.073	27.17	0.9823361223014477	0.939549089436418	
479.2246	215.93	0.8661247695779876	-1.6882199277629641	
516.2032	68.52	0.9884349936061186	0.20511837937274519	
516.2396	214.85	0.9996006914225274	-0.05559998088044243	
479.3499	192.19	0.9884349936061186	-0.3199944316487562	
479.3747	264.39	0.9991569841983733	0.08846371421432707	
452.1734	36.93	0.9840505459487924	-0.4758125985968244	
452.2999	213.8	0.9677164383708717	-1.1322142706220855	C25H43NO6
480.1513	27.3	0.9677164383708717	-1.1918433804071829	C23H26O11
480.2266	216.19	0.4373830788291686	-3.725193286159677	
480.3781	264.39	0.9969276022813908	-0.12031835861309555	
571.2146	195.47	0.9823361223014477	0.9349868112477768	C31H30O8
571.2638	81.95	0.9996006914225274	0.016476273762914797	
452.9232	20.97	0.9823361223014477	0.5640916365310792	
480.8326	4.33	0.9884349936061186	-0.42075698718271526	
517.0771	27.3	0.8301992816272954	1.9095370769462765	
572.2168	195.9	0.9969276022813908	0.13342008855281443	C31H30O8
572.3023	283.36	0.9823361223014477	0.7071362872105333	
572.7333	3.94	0.9677164383708717	1.0473763108109297	
518.0912	189.3	0.9884349936061186	0.30611315325816846	
481.2217	216.06	0.4525931344450713	-3.519751190122824	
481.2538	194.16	0.4821786551163495	-3.3427702344444428	
519.1867	196.95	0.9969276022813908	-0.13283992880841253	
519.2139	203.54	0.9677164383708717	1.1920698334182989	
613.1533	81.56	0.9823361223014477	0.860227126854911	
482.1663	194.03	0.6816792757887267	-2.4575172607604614	
482.2572	194.03	0.9823361223014477	-0.7035349450560595	
614.2704	303.27	0.9823361223014477	-0.5193883539889598	
614.2704	317.5	0.9677164383708717	1.190903838665224	
520.0598	31.0	0.9884349936061186	-0.341162219895593	
575.1102	37.45	0.9884349936061186	0.33860709806951245	
520.2264	192.06	0.9387283164093242	1.4573650215817382	
575.2344	103.66	0.9056904690968357	1.546242112441968	
575.2399	167.45	0.9884349936061186	-0.3804469122666471	
575.2399	213.67	0.9629211127287112	-1.2036911500103273	
615.2327	192.06	0.6816792757887267	2.4879137439454	
615.2413	81.42	0.9884349936061186	0.35250066538030966	
615.2963	102.87	0.9719190980287552	-1.0172710155774913	
520.9107	20.97	0.9915464111111357	0.16317988324211546	
576.2609	191.8	0.9677164383708717	-1.155876683283855	
482.8746	20.29	0.9996006914225274	-0.03330302635101145	
616.0788	35.59	0.19032362028003524	5.901606836612235	
616.0788	37.58	0.9563624665031252	1.3412120120732538	
616.2861	277.32	0.9884349936061186	0.4136098877019331	
616.2861	282.84	0.9823361223014477	0.7390022149007194	
577.2324	102.74	0.9823361223014477	0.7449021728908839	
577.264	192.06	0.9766080474593267	-0.9833291956012749	
577.3119	204.72	0.9823361223014477	-0.9031576781748074	
577.448	289.69	0.9046773766066575	1.5693298925478487	C35H62O6
617.2895	277.45	0.9840505459487924	0.46147419386279953	
617.2895	282.84	0.9823361223014477	0.787821688516284	
578.1419	215.93	0.8439343435457267	-1.8510814077621918	C30H27O12
521.2296	192.06	0.9823361223014477	0.6175453396151485	
521.2296	230.14	0.9563624665031252	1.334821818284894	
522.033	189.17	0.9884349936061186	0.18486519774710086	
522.2233	192.06	0.8236789927233126	1.9340019655945389	
618.1697	108.42	0.993986019306489	0.1419174958295076	
618.1902	135.15	0.9840505459487924	0.47031130290903517	
618.2918	277.06	0.9823361223014477	0.5594165441173712	
618.2918	282.71	0.9969276022813908	0.10316986545058006	
618.3018	231.19	0.9853535524291739	-0.4435614821847112	
483.1695	203.8	0.7314208953555589	2.217211359301347	
483.2516	194.42	0.6703351155240238	-2.5786677514434033	
579.1438	215.38	0.7740775971019814	-2.097905164129679	C30H27O12
484.0306	62.87	0.6816792757887267	2.5345847886689734	
484.2138	220.39	0.551218875283552	-3.067262266725733	
484.255	194.03	0.9884349936061186	-0.25930906220770744	
484.3059	197.08	0.6516340269620909	-2.6748287588072714	
484.3059	246.23	0.9840505459487924	0.4642098911805307	
484.332	103.14	0.9823361223014477	-0.7998082132106179	
580.1392	215.93	0.7125584074286928	-2.2865811168064627	
620.2809	196.56	0.5226518868979927	-3.1741021841072947	
580.2377	192.19	0.9563624665031252	1.2538494727270515	
580.3398	102.22	0.9823361223014477	0.5982809366351469	
580.3398	219.34	0.9996006914225274	0.04484314212182827	
523.2267	191.8	0.8573714130738532	1.7588402498187579	
621.185	81.29	0.9823361223014477	0.6160398134825626	
621.2581	81.82	0.9840505459487924	0.4722552034011649	
621.3064	285.07	0.8439343435457267	-1.854275625235891	
581.1411	215.93	0.9563624665031252	-1.2528894893750344	
581.2406	192.06	0.9884349936061186	0.22439942903253562	
581.3434	219.21	0.9996006914225274	-0.018677557450331325	
524.1751	220.52	0.6516340269620909	-2.663735790212554	
581.3702	203.01	0.9677164383708717	-1.0702148305920378	
485.283	81.56	0.9884349936061186	0.41932785241231607	C28H42N2O3S
485.3092	197.08	0.6587144022632425	-2.6300264190835594	
485.3092	246.23	0.9840505459487924	0.4535425855280826	
582.1364	189.56	0.15230674776910672	-6.9708210125946355	
622.1131	35.88	0.9823361223014477	0.9046007344944912	
622.1131	37.58	0.9823361223014477	0.6030893439072088	
622.1878	81.56	0.9823361223014477	0.710594085376651	
582.3748	196.43	0.34661000979146495	-4.142961129604768	
582.3748	199.18	0.1819153785469114	-6.447214738449468	
582.3748	203.01	0.9677164383708717	-1.1442578078923147	
622.2613	81.69	0.9823361223014477	0.5257452619172662	
622.3084	285.07	0.9563624665031252	-1.3030586316501884	
486.1151	189.43	0.9884349936061186	-0.25280501375120107	
486.2863	81.29	0.9884349936061186	0.2950724493520557	C28H42N2O3S
486.3122	197.08	0.818240504880835	-1.9552470701409985	
486.3122	246.23	0.9884349936061186	0.3722652244056492	
486.3416	103.27	0.9823361223014477	-0.5478983337639037	
623.1588	78.8	0.9823361223014477	0.7631022356151329	C28H32O16
623.1588	101.43	0.9884349936061186	0.27642781351508877	C28H32O16
623.1836	81.69	0.9823361223014477	0.6560234059562506	
623.3041	284.67	0.818240504880835	-1.9532685548018398	
624.1123	35.46	0.950733401900578	-1.3925126678999624	
624.1123	184.54	0.9884349936061186	0.19138146502602257	
624.162	79.19	0.8573714130738532	1.7851080543852154	C28H32O16
624.162	101.43	0.9996006914225274	0.031791278820626274	C28H32O16
624.3059	285.33	0.8413090547253883	-1.883943373222124	
626.1077	35.46	0.47937120187782095	3.3817186004454163	
626.1077	37.19	0.9996006914225274	-0.05765985797512852	
626.1077	41.28	0.9823361223014477	-0.6472172877539516	
626.2428	191.8	0.9677164383708717	1.0870457254418242	
626.2662	103.4	0.9563624665031252	1.2409229520299951	
626.2719	213.28	0.9996006914225274	-0.05038005880950072	
626.2719	219.87	0.9884349936061186	0.2310462482346053	
584.0095	34.67	0.8573714130738532	-1.7693245073476895	
584.0095	37.98	0.9823361223014477	0.6039046013832943	
584.0095	41.81	0.9677164383708717	-1.1680839565780698	
584.1907	68.52	0.9996006914225274	-0.01872499980804854	
584.2274	214.99	0.9884349936061186	0.23618029271101468	
584.2554	103.14	0.9840505459487924	-0.499602809909781	
584.3	203.28	0.5938351993449734	-2.9571909518104973	
627.0825	188.78	0.9996006914225274	0.03340131766210466	
627.1543	27.95	0.9823361223014477	0.8503987786507826	
627.1543	30.32	0.9884349936061186	-0.23377985680111726	
627.2753	213.02	0.9996006914225274	-0.04550876284125582	
627.2753	219.87	0.9884349936061186	0.18433210150155685	
628.1132	35.46	0.4525931344450713	3.572934266531769	
628.1132	37.45	0.9884349936061186	0.2378730425509271	
628.1246	215.93	0.9823361223014477	-0.7848975879165304	
628.1575	27.95	0.9884349936061186	0.19866065262914306	
628.1575	30.32	0.9563624665031252	-1.3447272613581418	
628.1985	108.29	0.9823361223014477	-0.535178186049786	
487.2893	81.56	0.9884349936061186	0.25840505888246584	C28H42N2O3S
487.3149	197.21	0.9563624665031252	-1.3100825542658456	
487.3149	246.1	0.9840505459487924	0.4557097624914104	
487.3442	103.27	0.9823361223014477	-0.6168279824478482	
628.2781	213.28	0.9969276022813908	-0.10374647275760082	
628.2781	220.0	0.9884349936061186	0.23149943237768872	
585.263	103.27	0.9884349936061186	0.2924841724657864	
488.056	220.52	0.6816792757887267	-2.4736517957259814	
488.2083	184.67	0.9915464111111357	0.17291032180161744	
586.162	52.73	0.9677164383708717	-1.0873544070043877	
586.162	53.78	0.9563624665031252	-1.3010834831488856	
526.1159	203.93	0.9823361223014477	-0.6640782160508233	
488.2446	220.52	0.2423162593642668	-5.074767945184317	
488.2923	81.56	0.9823361223014477	0.5587125927957877	C28H42N2O3S
488.347	103.53	0.9677164383708717	-1.043150790874457	
526.2608	192.06	0.9563624665031252	1.2203348408969779	
526.2608	230.14	0.9677164383708717	1.0683254678302894	
586.2664	103.14	0.9823361223014477	0.7214951432267908	
586.3179	303.4	0.9823361223014477	0.8238259092039119	
629.2017	108.29	0.9884349936061186	-0.3275520498509098	
630.261	103.14	0.9884349936061186	0.28381622969645187	
631.0771	189.56	0.9884349936061186	-0.3784796627352924	
631.2137	81.69	0.9823361223014477	0.787342883227202	
631.266	103.14	0.9969276022813908	-0.11341652706197802	
587.2018	203.41	0.9884349936061186	-0.18320040134197452	
587.2661	103.4	0.9884349936061186	0.29420605944784095	
588.1715	215.93	0.6816792757887267	-2.438066300169102	
632.2061	158.2	0.9884349936061186	-0.23763440879754247	
588.2141	192.06	0.8654549298104046	1.7452261515390177	
588.2141	230.14	0.8912242014862625	1.6041387256076864	
632.2169	81.56	0.9823361223014477	0.878781076731452	
588.2548	238.71	0.9996006914225274	-0.02819009537221004	
588.2548	245.54	0.9563624665031252	1.2676993222898432	
588.2548	250.43	0.9884349936061186	0.38488255466566307	
588.8985	20.97	0.9991569841983733	0.07453872934479595	
527.3958	217.37	0.7028804643648726	-2.3178472008209074	
589.1733	215.93	0.8807011890115359	-1.636047099182616	
633.2093	158.2	0.9884349936061186	-0.2715395887402618	
633.2154	81.95	0.9563624665031252	1.3266689981789157	
634.1393	184.41	0.9563624665031252	1.3511642588968233	
634.2973	207.76	0.9991569841983733	-0.07508428903586052	C29H50NO12P
528.1093	34.15	0.9563624665031252	-1.2338139910058628	
590.1707	215.93	0.9823361223014477	0.5886041811566309	
489.2122	70.92	0.9840505459487924	-0.4984095079600329	
528.1136	204.06	0.9915464111111357	0.16240407463949003	
489.2535	216.45	0.7057518069805183	-2.3043406427866824	
528.2599	192.19	0.9884349936061186	-0.38559735493797725	
528.2599	230.41	0.9996006914225274	0.020446212052261457	
489.3956	309.2	0.8573714130738532	-1.8237801872555262	C31H54O4
635.2076	81.03	0.9996006914225274	0.02706650766401366	
635.2076	81.69	0.9798326706107661	0.9743450168716028	
635.2916	186.54	0.9884349936061186	-0.36775415321466115	
636.1398	184.41	0.9884349936061186	0.35171576558654644	
592.0409	37.58	0.9677164383708717	-1.095675375124149	
592.0917	103.27	0.9719190980287552	-1.0024435405183518	
490.0534	220.52	0.9823361223014477	-0.8367420798063897	
490.1993	194.69	0.7462038214756432	2.160124469214316	
490.2164	194.03	0.9884349936061186	0.35098800295265503	
490.2556	216.32	0.9884349936061186	0.41293816837863095	
490.2815	159.64	0.7740775971019814	-2.1014772531877144	
593.0653	31.52	0.9823361223014477	-0.5680467069642174	
638.1533	216.19	0.7023334581944379	-2.3499621320932476	
638.175	81.56	0.9884349936061186	0.2870053164569789	
593.1231	278.11	0.9996006914225274	0.06400666133665883	
638.3083	245.97	0.9884349936061186	0.23978922944910994	
594.039	37.45	0.9823361223014477	-0.8037287876165069	
594.1237	278.24	0.9884349936061186	-0.22766541784043298	
529.1664	37.58	0.6938095452201593	-2.38983042753728	
639.3116	245.97	0.9884349936061186	-0.24606973685879743	
639.3116	254.66	0.9969276022813908	0.10034937170820869	
640.1492	79.06	0.9991569841983733	0.08824204038495735	
640.1492	101.82	0.9884349936061186	0.41097162836817874	
640.1575	49.03	0.9884349936061186	0.27146732573143867	C28H32O17
530.0887	31.0	0.5370641189895402	3.121061568759464	
530.1014	36.93	0.9823361223014477	0.8419972286165242	
530.2552	192.19	0.9996006914225274	-0.031248234664094845	
595.1212	278.24	0.9884349936061186	-0.36097093081319603	
492.0503	220.39	0.7028804643648726	-2.3153950182407157	
492.1089	152.02	0.8573714130738532	1.7950218613416942	
492.3183	191.27	0.9884349936061186	-0.2446356560799267	
530.8661	20.84	0.9884349936061186	0.18338701258998302	
596.2478	192.19	0.9855249214110682	0.43174884879171305	
596.2478	230.41	0.9884349936061186	0.3291658416436775	
596.3351	108.55	0.9823361223014477	-0.6570462809882451	
644.2488	192.32	0.9884349936061186	0.41318667174767276	
645.1202	36.93	0.9996006914225274	-0.006712444621732776	C27H30O16
531.092	31.13	0.9563624665031252	1.2215647555811424	
531.2585	192.19	0.9915464111111357	0.1622124966153969	
531.2585	230.14	0.9823361223014477	0.655446025751304	
646.1236	36.93	0.9996006914225274	-0.038428902194153854	C27H30O16
646.222	179.15	0.9996006914225274	-0.05579577880118559	
597.131	37.58	0.9969276022813908	0.10154072093752693	
597.3105	81.56	0.9046773766066575	1.5602959067697308	
598.0079	113.54	0.9969276022813908	0.11535658087153258	
598.0766	31.13	0.9282577164461164	1.4876400383974386	
598.2429	192.06	0.9677164383708717	1.0804100064699906	
598.2429	230.14	0.9823361223014477	0.9262215238376597	
647.1175	36.93	0.9823361223014477	0.6834585057407607	
647.2252	179.02	0.9823361223014477	-0.7577129006986153	
648.1209	36.93	0.9823361223014477	-0.6683527296989392	
532.261	191.8	0.9884349936061186	0.27648942405362237	
532.261	230.41	0.9884349936061186	-0.35034572984551987	
648.2257	192.32	0.9884349936061186	0.29597023216712276	
648.2495	248.2	0.9823361223014477	0.7828263982677992	
648.2495	254.79	0.9677164383708717	1.144426139009423	
648.2495	259.65	0.9563624665031252	1.3255487268604742	
650.1553	198.0	0.9406781472846286	1.44187729208259	
599.2461	191.93	0.9823361223014477	0.6622494904028035	
599.2461	230.01	0.9823361223014477	0.6802648871278896	
599.3729	220.92	0.9823361223014477	-0.6977076892504452	
493.1237	36.93	0.9840505459487924	-0.5081205733444492	
493.1983	141.37	0.9677164383708717	-1.0868487350500438	
600.2485	192.19	0.9855249214110682	-0.43406743339883525	
600.2485	230.41	0.9823361223014477	-0.791886305057736	
600.3763	221.18	0.9823361223014477	-0.5523794065153226	
600.3763	230.01	0.9915464111111357	-0.16381067930579726	
651.3229	188.64	0.9884349936061186	-0.3689874053804972	
652.1512	198.13	0.9489276694293626	1.4107171266451866	
652.2874	277.98	0.9846632335527759	0.45086903705401293	
494.3341	192.06	0.4373830788291686	-3.739157656650541	
653.302	104.19	0.9840505459487924	-0.4636484494556274	
654.2541	103.0	0.8439343435457267	-1.8602608549493476	
654.2826	262.16	0.9884349936061186	0.23704537234262751	
654.2826	290.74	0.9996006914225274	0.028095484234894764	
654.2826	298.13	0.9884349936061186	0.41458523159542965	
655.1139	220.39	0.8573714130738532	1.8082509794007742	
655.1489	36.8	0.9823361223014477	-0.6816472758027151	C28H32O18
655.1601	201.96	0.9884349936061186	0.18667925894502396	
655.252	102.74	0.9823361223014477	-0.665228678046191	
655.4226	134.63	0.9855249214110682	-0.4318898491039061	
655.4226	206.45	0.9996006914225274	-0.061039637736074084	
655.4226	243.7	0.9996006914225274	0.037324277018521625	
534.3028	200.5	0.9823361223014477	-0.6807448488981335	
534.3028	238.06	0.9884349936061186	0.33741881784581806	
656.1524	36.8	0.9823361223014477	-0.7925444631562586	C28H32O18
656.1605	201.96	0.9915464111111357	-0.1676077186085626	
656.3095	238.19	0.9884349936061186	0.21343028903078093	
656.3095	246.23	0.9853535524291739	0.44508239175027386	
601.3707	221.05	0.9823361223014477	0.5177081515801446	
601.3707	230.54	0.9823361223014477	0.8671888721593062	
656.4261	134.76	0.9884349936061186	-0.18080198040860085	
656.4261	206.45	0.9884349936061186	-0.18468188491602752	
656.4261	243.97	0.9986859841262409	-0.093027559465959	
657.1548	36.8	0.9840505459487924	-0.47468537644787034	C28H32O18
657.3123	238.19	0.9823361223014477	0.7031043444140458	
657.3123	246.23	0.9823361223014477	0.7035728832709817	
657.4292	134.63	0.9884349936061186	-0.2868855960686122	
657.4292	206.45	0.9969276022813908	-0.09907609632631549	
657.4292	244.23	0.9991569841983733	-0.07481383432408602	
495.1216	36.93	0.9884349936061186	-0.2172805252569067	
495.1954	194.55	0.9884349936061186	-0.35620037743193206	
658.1577	36.93	0.05296422561017644	-10.691300485480363	C28H32O18
495.3373	191.67	0.9853535524291739	-0.446877171490112	
658.2781	248.2	0.9840505459487924	0.48727882057284866	
658.2781	254.79	0.9855249214110682	0.43433665721434894	
658.2781	260.04	0.9823361223014477	0.9252253277567727	
658.2911	264.39	0.9884349936061186	0.21381750163373436	
658.4319	134.89	0.9840505459487924	0.49152100965197765	
658.4319	206.19	0.9823361223014477	0.7996859362898228	
496.1447	68.52	0.7023334581944379	2.342138570521814	
496.1447	79.85	0.8019527445743467	2.0092311975791346	
496.1447	189.3	0.9563624665031252	-1.2111404733980142	
496.1823	214.33	0.9823361223014477	0.9221138159616092	
604.1258	32.84	0.9823361223014477	-0.5730319665886474	
604.1744	113.94	0.9677164383708717	-1.0590713834290322	
659.0526	37.58	0.9823361223014477	-0.5332522016589967	
659.1081	220.39	0.9563624665031252	-1.2919766921379392	
659.2939	264.39	0.9996006914225274	-0.025200776607243243	
660.2377	191.67	0.9677164383708717	-1.1130997417724073	
535.3062	200.5	0.9823361223014477	-0.6748345657930506	
535.3062	238.06	0.9884349936061186	0.27955731801223765	
660.2877	264.39	0.9823361223014477	0.7223580324470864	
661.0538	31.52	0.5938351993449734	2.9403754682179124	
661.0538	35.33	0.9823361223014477	0.5453849151409829	
661.0538	37.58	0.3964037337048832	-3.9590668969516116	
661.241	191.53	0.9677164383708717	-1.110185413660785	
661.9983	171.65	0.10498234795309855	8.514642799812307	
662.1343	68.78	0.9823361223014477	0.598392366004342	
536.1448	203.54	0.9884349936061186	-0.4114627579530086	
536.3093	200.5	0.9884349936061186	-0.19345950780457138	
536.3093	238.06	0.9865061548007047	0.42708253332112456	
662.2489	208.95	0.9823361223014477	0.9344410620990262	
662.2489	213.02	0.9991569841983733	0.08217390107837333	
662.2489	226.73	0.9677164383708717	1.0738812753642297	
662.3133	220.92	0.9884349936061186	0.32078307758370767	
662.3133	230.41	0.9884349936061186	0.37123077682109473	
497.0824	27.03	0.9972087704476349	-0.09626925094196812	
497.1681	31.13	0.9823361223014477	-0.6772763014229124	
497.8082	4.07	0.9915464111111357	0.1673846211367133	
664.2445	238.84	0.9823361223014477	0.7535801048948372	
498.2853	159.77	0.9991569841983733	0.08643767669843692	
498.2853	193.11	0.9823361223014477	-0.8455964717139355	
498.2853	198.66	0.9884349936061186	-0.4189780790610187	
608.1025	37.58	0.9823361223014477	-0.558693250198834	
665.2562	284.28	0.9766080474593267	-0.9816703574836912	
666.2307	192.32	0.9563624665031252	1.3493977007302487	
498.9165	20.97	0.9677164383708717	-1.0538825028009915	
538.0622	37.58	0.8019527445743467	2.0162562655096687	
538.143	203.41	0.9823361223014477	0.853736110463913	
538.2291	264.39	0.921124665443076	1.520618540181242	
667.2545	284.81	0.6587144022632425	-2.620249524241882	
610.1676	220.39	0.3232286616947983	-4.439155803548719	
610.2767	213.15	0.9840505459487924	-0.5107954360342237	
610.2767	219.87	0.9823361223014477	0.6646956804921673	
610.2767	226.34	0.9996006914225274	0.03774195260236755	
610.405	230.01	0.9969276022813908	-0.11696196694228232	
668.3192	264.13	0.9917467047917679	-0.1529986296995331	
669.2861	192.19	0.9677164383708717	-1.131604034504327	
499.08	27.3	0.950733401900578	-1.3861510717058763	
669.2976	103.66	0.9823361223014477	-0.5738308690872207	
669.3226	264.39	0.9933780383832899	-0.1442249852258308	
669.4598	209.86	0.9840505459487924	-0.4718542265743673	
499.3646	193.5	0.9387283164093242	-1.4629541262232555	
611.1556	81.56	0.9677164383708717	1.1848419708608862	
611.1707	220.52	0.6013150450173617	-2.8646123946935202	
611.2844	102.87	0.9677164383708717	-1.0778978614225294	
670.0299	171.39	0.5753755192377581	3.014701552494222	
670.2997	103.66	0.9884349936061186	-0.2774715657236723	
670.2997	190.75	0.9677164383708717	1.087771460812528	
670.2997	198.26	0.9677164383708717	1.0484930913095152	
539.0663	37.71	0.9823361223014477	0.9069347233559857	
689.0697	36.8	0.9680385688064758	-1.0355456847107898	
689.1723	81.69	0.9563624665031252	1.270008069600361	
671.0313	171.25	0.8808690600267888	1.6330410857273938	
689.2456	81.56	0.9884349936061186	-0.20159042971248592	
689.2699	211.83	0.9969276022813908	0.1272387920700826	
689.3011	103.0	0.4992015879649022	-3.2918558630713024	
690.0729	36.66	0.9823361223014477	-0.7444966501515402	
690.2634	81.42	0.9823361223014477	0.5878918712960272	
690.2808	246.23	0.9563624665031252	1.224945662958012	
690.2808	254.52	0.9823361223014477	0.7273559032875994	C34H46ClN3O10
691.0678	36.8	0.9677164383708717	-1.0701577213288316	
691.2667	81.42	0.9719190980287552	1.0038595783440336	
691.2837	246.1	0.8573714130738532	1.8197119142294254	
691.2837	254.0	0.9823361223014477	0.640498876277481	C34H46ClN3O10
691.3992	134.37	0.9855249214110682	-0.43617620024141973	
692.0714	36.8	0.9840505459487924	0.5045976679944464	
692.1712	184.54	0.9563624665031252	-1.2497351368317373	
692.1991	248.2	0.9823361223014477	0.9065376113709562	
692.1991	254.66	0.9996006914225274	-0.05497596091991182	
692.1991	259.38	0.9823361223014477	0.8574077302050815	
692.2693	268.33	0.9823361223014477	0.6391615110421	
671.4176	114.72	0.9823361223014477	-0.6629746163148782	
671.4176	198.13	0.8678442446563445	-1.6711261566534523	
671.4176	231.72	0.6587144022632425	-2.616862429828029	
692.4028	134.1	0.9884349936061186	-0.20484173349710139	
693.0736	36.93	0.9677164383708717	-1.1300974061181137	
693.3978	134.1	0.8678442446563445	-1.6725546000897589	C34H63O12P
694.0219	35.2	0.7524349085219375	2.143312306072082	
694.0219	37.71	0.9855249214110682	0.43189522996290874	
694.0954	35.46	0.9823361223014477	0.5402614835443319	
694.0954	37.58	0.9840505459487924	-0.45237247682841886	
694.1594	36.8	0.9991569841983733	0.07839451654616664	
672.1391	36.8	0.9823361223014477	-0.5272800693477919	
694.1971	248.2	0.9884349936061186	0.32084398361678557	
694.1971	254.66	0.8656581916562771	-1.7306695241178223	
694.1971	260.04	0.9282577164461164	1.4984091017335759	
672.2167	81.69	0.9823361223014477	0.8488724304220788	
696.1864	108.55	0.9823361223014477	-0.6722438318867386	
540.0593	37.58	0.9823361223014477	0.8674066912690399	
540.226	265.05	0.7023334581944379	2.342612506610356	
672.4209	113.67	0.9046773766066575	-1.5764266735093442	
672.4209	198.13	0.9823361223014477	-0.8466525449962253	
672.4209	231.33	0.9969276022813908	0.10851675996214019	
697.1893	108.55	0.9823361223014477	-0.666882249415016	
698.2296	256.1	0.9884349936061186	-0.21531994971946428	
698.2489	103.53	0.9823361223014477	0.6105236435019442	
699.2015	81.69	0.9840505459487924	0.5033779314544055	
699.2521	103.4	0.9884349936061186	0.340980202806362	
673.1426	36.8	0.9996006914225274	0.034767462222221816	
700.2041	81.82	0.9766080474593267	0.9941295426813183	
700.3092	238.19	0.9884349936061186	-0.3826359899541986	
700.3092	254.13	0.9884349936061186	-0.27837891872690074	
701.2029	82.08	0.9387283164093242	1.4606208129922986	
790.5873	198.66	0.9823361223014477	-0.689261190814398	
790.5873	201.7	0.9840505459487924	-0.4658352142097478	
701.3124	238.19	0.9823361223014477	-0.8003545206199955	
701.3124	254.13	0.9996006914225274	0.02697321017682152	
701.4282	134.89	0.9969276022813908	0.11883387060733125	
701.4282	206.06	0.9884349936061186	-0.20948885781877657	
702.1268	184.54	0.8045766526337068	2.0027986861383735	
702.2403	264.13	0.9823361223014477	-0.7304032107160155	
702.2403	264.79	0.9884349936061186	-0.37329335015456344	
791.5835	198.66	0.9823361223014477	-0.6597887300049181	
702.3047	277.45	0.9823361223014477	0.6365495498398374	
702.3047	282.71	0.9823361223014477	0.935359576358061	
674.1446	36.8	0.9823361223014477	-0.6038614330616534	
702.4316	134.63	0.9996006914225274	-0.026122802859472324	
702.4316	206.19	0.9884349936061186	0.19868062981912019	
674.2526	201.57	0.9823361223014477	-0.9385455696257063	
674.265	303.14	0.8573714130738532	1.7601781475787095	
674.265	308.28	0.9282577164461164	1.4977522826115277	
703.301	279.55	0.6013150450173617	2.86540290838392	
703.3062	270.04	0.9823361223014477	0.6827828738839135	
703.3062	276.8	0.9823361223014477	-0.6568768628760486	
703.3062	282.44	0.9969276022813908	-0.11699123328530511	
675.2559	201.57	0.8656581916562771	-1.7144985472412768	
704.0511	35.46	0.21279788021627818	5.566366783454834	
705.0547	35.59	0.4342965897628666	3.8033865718165587	
676.0194	31.0	0.9387283164093242	1.458553859153652	
706.0529	35.46	0.6516340269620909	2.687788933763884	
676.1863	192.32	0.5938351993449734	2.956068020207954	
676.1863	230.14	0.47937120187782095	3.3812617420520006	
676.2114	81.82	0.9677164383708717	1.0645447457940762	
706.187	198.53	0.9865061548007047	-0.42476212918162887	
706.187	201.83	0.9884349936061186	0.2812281849112947	
706.198	209.08	0.9840505459487924	0.5057495016766052	
706.198	212.88	0.9823361223014477	0.8971802673835809	
706.198	226.47	0.9823361223014477	0.8922636173388825	
676.2808	279.68	0.950733401900578	1.3951157310013789	
676.2808	286.8	0.8573714130738532	1.805748696136316	
707.1902	198.4	0.9884349936061186	0.18529827238167335	
707.1902	201.83	0.9884349936061186	0.2657051018406127	
677.023	31.13	0.10783398979549547	8.102609331058384	
798.5059	328.06	0.9823361223014477	0.7129043915666883	C46H74NO8P
708.1947	198.13	0.9766080474593267	0.9844707678538793	
708.1947	201.17	0.9677164383708717	1.0389189318672951	
708.1947	202.36	0.9823361223014477	0.7052607142683681	
708.1947	208.68	0.9677164383708717	1.1347722741494763	
708.1947	213.15	0.9823361223014477	0.5527676995090145	
708.1947	226.6	0.9823361223014477	0.9103040443859804	
708.1947	238.84	0.9563624665031252	1.2259637019547018	
708.2511	213.8	0.9823361223014477	-0.7302422337360885	
708.2511	248.86	0.9823361223014477	-0.8275811043844986	
708.2511	287.72	0.9823361223014477	-0.7924336631103531	
708.2587	198.4	0.9823361223014477	0.7756514454967859	
708.2587	256.1	0.9969276022813908	0.10722856436988341	
677.2145	81.42	0.9823361223014477	0.6768796563333926	
677.2841	279.55	0.9056904690968357	1.545891730188017	
677.2841	286.8	0.6816792757887267	2.5231891757923512	
541.2708	112.89	0.9823361223014477	-0.9556582175357894	
709.262	198.26	0.9806874445357064	0.9633346329381801	
709.262	256.49	0.9823361223014477	-0.6705909417529918	
709.4335	206.19	0.9884349936061186	0.18102028890341723	
709.4335	244.23	0.9969276022813908	-0.10670997355211871	
710.2668	214.72	0.9884349936061186	0.2270565518385145	
710.2668	220.13	0.9056904690968357	-1.5548084615260376	
710.2668	264.13	0.9823361223014477	0.7858075024839584	
677.4044	206.45	0.9969276022813908	-0.1280689199136097	
677.4044	243.83	0.9996006914225274	0.04026843315307721	
711.2698	214.85	0.9840505459487924	0.46448010855171346	
711.2698	220.39	0.9046773766066575	-1.561622421002423	
711.2698	264.39	0.9677164383708717	1.1415635686485621	
711.2698	274.93	0.9991569841983733	0.07461464427037068	
799.5099	328.72	0.9823361223014477	0.7262465126019708	C46H74NO8P
712.2639	214.72	0.9884349936061186	0.352518169062202	
712.2639	220.26	0.9790298694767683	-0.9763634413291138	
712.2639	264.39	0.9677164383708717	1.081452712863229	
712.4594	220.65	0.8573714130738532	-1.7738017442885488	
713.2671	214.85	0.9996006914225274	0.0013549421915579883	
713.2671	219.73	0.9884349936061186	-0.21413755832243223	
713.2671	220.39	0.9823361223014477	-0.6634282151122826	
713.2671	264.39	0.8439343435457267	1.8652747631648707	
713.2671	274.67	0.9884349936061186	-0.2977257052638268	
678.1868	192.19	0.4525931344450713	3.5990420087577375	
678.1868	230.14	0.18773159441352694	5.977381623403874	
678.2779	279.55	0.9563624665031252	1.3111129556356993	
678.2779	286.8	0.8205188292503961	1.945286739923543	
678.4079	206.06	0.9884349936061186	0.203923260663959	
678.4079	243.97	0.9884349936061186	-0.19015520752177703	
800.5055	321.59	0.9823361223014477	-0.949818258485365	
800.5055	328.45	0.9563624665031252	1.2245329668595	C43H76NO8P
679.2812	279.42	0.9677164383708717	1.0924571859846348	
679.2812	286.53	0.6816792757887267	2.442329435459999	
680.0585	171.65	0.9823361223014477	0.6938381221598873	
680.2435	103.14	0.9884349936061186	0.3613952362362101	
681.0592	171.52	0.9996006914225274	0.022060097311743788	
681.2459	102.87	0.9884349936061186	-0.38347810261420523	
681.297	136.49	0.9823361223014477	0.5624713325413526	
682.057	171.52	0.9884349936061186	0.19488982732060536	
682.2347	195.47	0.9806874445357064	-0.9671449652863985	
682.2347	234.35	0.9823361223014477	-0.6028519286403208	
682.2347	243.97	0.9677164383708717	1.1738098527957959	
682.2347	262.69	0.9884349936061186	0.18709889156865908	
682.3004	136.62	0.9823361223014477	0.7397810791981183	
682.3345	267.55	0.9969276022813908	0.11700103379579234	
682.3345	277.72	0.9823361223014477	0.8090888879240429	
803.1986	251.5	0.9884349936061186	0.20144333266993225	
718.3026	238.19	0.9677164383708717	1.084560431835441	
718.3026	246.23	0.9677164383708717	1.1375936971616394	
718.3026	254.0	0.9840505459487924	0.49751353805299947	
718.4185	133.71	0.9823361223014477	-0.6820481614007838	
804.1994	251.64	0.9884349936061186	-0.28750970096182404	
683.1441	36.93	0.9823361223014477	-0.7317086675763315	
683.3034	136.49	0.9823361223014477	0.602841162506097	
719.1456	225.38	0.9823361223014477	0.5767064915201623	
805.1976	251.64	0.9563624665031252	1.323183704395019	
719.3051	254.13	0.921124665443076	-1.524272771201571	
720.1394	201.96	0.9996006914225274	-0.020395913929076942	
684.3062	136.49	0.9884349936061186	0.27086374261819046	
684.3139	254.52	0.9884349936061186	0.23962220121740618	
720.2307	279.55	0.9884349936061186	0.3425478417298338	
808.0392	224.99	0.7913390936899857	2.0538328964364716	
720.2956	264.53	0.9823361223014477	0.6991859187706237	
685.3096	264.39	0.9925500062547862	-0.14836725770459294	
685.3096	273.1	0.9563624665031252	-1.2577961062843757	
543.0255	21.89	0.9996006914225274	0.05984056454152286	
543.0255	24.26	0.9969276022813908	-0.11647866489131438	
721.2338	279.29	0.9823361223014477	0.8003698361587133	
721.2338	285.33	0.7403267268119565	2.17527163450035	
721.2389	102.87	0.9823361223014477	0.7980588992495706	
810.0368	225.25	0.9563624665031252	1.3296826591962019	
721.299	215.51	0.9996006914225274	-0.008760515444518635	
721.299	264.53	0.9719190980287552	1.0056983840241556	
722.2287	279.55	0.9840505459487924	0.5005029627406679	
722.2909	238.06	0.9969276022813908	0.10724106924055704	
722.2909	246.1	0.9884349936061186	0.2564112535385107	
722.6002	198.53	0.9766080474593267	-0.9950696050519034	
723.1367	36.8	0.9840505459487924	0.4651190525697847	
686.3097	287.45	0.9677164383708717	1.1596366438491696	
723.2319	279.55	0.9884349936061186	0.20792437546717402	
723.2941	238.19	0.9677164383708717	-1.1297190155335677	
723.2941	245.7	0.9766080474593267	-0.9859984115193814	
723.2941	246.36	0.9996006914225274	0.029161218244163324	
723.3085	135.96	0.9373036315652004	-1.471090717640034	
723.4106	206.32	0.9823361223014477	0.5493606417996835	
723.4106	244.23	0.9884349936061186	-0.18084975396588462	
724.2461	191.14	0.8656581916562771	-1.7001580392131774	
687.313	287.45	0.9823361223014477	0.9185592263642747	
543.2418	81.42	0.9884349936061186	0.38545181788402105	
688.0785	35.2	0.9677164383708717	1.1818870164673547	
688.0785	37.58	0.9677164383708717	1.1304815253355314	
724.6002	198.66	0.9677164383708717	-1.081799409429637	C47H80O5
688.2689	211.18	0.9884349936061186	-0.25348405230072685	
688.2689	245.7	0.9996006914225274	-0.004993453566954939	
725.6033	198.66	0.9823361223014477	-0.8340172756447684	C47H80O5
726.194	81.95	0.9840505459487924	0.47647463617347185	
726.2616	217.9	0.9884349936061186	-0.21804837495316126	
726.2616	289.29	0.9884349936061186	0.3409054283371822	
818.0681	224.99	0.8301992816272954	1.904079168519169	
820.0663	225.25	0.9677164383708717	1.1211964794511309	
966.5447	314.21	0.9563624665031252	-1.243294676148091	
727.265	217.5	0.9884349936061186	-0.2296499752211983	
727.265	289.42	0.9884349936061186	0.35766769246889996	
727.4442	129.9	0.9387283164093242	-1.45128194128635	
727.4442	202.49	0.9884349936061186	-0.34931383300259655	
967.5726	206.84	0.9884349936061186	-0.2713246545647595	
728.2591	217.77	0.9884349936061186	-0.253256468539447	
728.2591	289.29	0.9884349936061186	0.2799594769543031	
728.4474	129.38	0.8656581916562771	-1.6918843668681698	
728.4474	202.36	0.9823361223014477	-0.8947580217801968	
825.5239	321.06	0.9823361223014477	-0.9335943450525072	
825.5239	328.85	0.9823361223014477	0.8307224313430793	
969.573	206.58	0.9823361223014477	-0.5622467257554494	
969.6115	261.11	0.9884349936061186	0.24857577697794064	
970.5744	206.45	0.9884349936061186	-0.2771365665609756	
828.0968	225.38	0.9282577164461164	-1.4877960311783975	
970.615	260.85	0.9855249214110682	0.43502986545210154	
971.5742	81.56	0.9884349936061186	0.3560134115734422	C47H89O18P
971.5742	206.32	0.9719190980287552	-1.0180328768815612	
544.2452	81.29	0.9823361223014477	0.5255216156388307	
829.0976	225.38	0.9823361223014477	0.6887260075102561	
971.6181	260.57	0.9677164383708717	1.0956306165155347	
971.6844	103.0	0.9563624665031252	-1.3163570861033276	
544.3005	103.27	0.9884349936061186	-0.40812310601062424	C28H48O8S
829.4366	328.72	0.9884349936061186	0.1864410231569626	
972.3771	157.28	0.9563624665031252	-1.2528937343947688	
729.1797	225.25	0.9840505459487924	-0.4826680140458575	
976.1339	281.26	0.9996006914225274	-0.05581276104175914	
729.2621	217.37	0.9996006914225274	-0.05473417776822284	
729.2621	289.42	0.9969276022813908	0.11057995239169456	
977.1346	281.65	0.9884349936061186	-0.26499586085381266	
977.6017	206.58	0.9823361223014477	-0.608082066599096	
730.1803	225.25	0.9884349936061186	-0.4046593569424422	
978.5965	218.16	0.9996006914225274	0.0065944477235138875	
978.6049	206.84	0.9884349936061186	-0.24859801240983848	
730.2433	177.58	0.9969276022813908	-0.12916392128226675	
730.2433	181.91	0.9840505459487924	-0.48562497465898086	
730.2433	185.33	0.9719190980287552	-1.009430974722955	
730.2433	189.56	0.9830708117105258	0.5151133073096948	
730.2433	194.16	0.4724301425787169	-3.4305447173232375	
730.2531	284.28	0.8439343435457267	-1.858278769595134	
979.6	218.16	0.9884349936061186	-0.2766554958606843	
731.1783	224.99	0.9969276022813908	-0.132933297319638	
731.255	284.28	0.9056904690968357	-1.5484846545094668	
980.6028	218.29	0.9823361223014477	0.7665534518409138	
732.2535	284.02	0.9823361223014477	-0.7352307440914244	
983.5669	195.64	0.9823361223014477	-0.8528282171577208	
983.5669	207.76	0.9677164383708717	-1.0377324680060616	
983.5882	218.16	0.9387283164093242	-1.445723315187209	
983.5882	260.98	0.9884349936061186	0.40111779330732994	
984.5917	218.16	0.9823361223014477	-0.8476310786488394	
984.5917	260.85	0.9884349936061186	-0.29455578022258305	
734.2187	192.32	0.9823361223014477	0.5464759409015468	
734.2187	229.62	0.9823361223014477	-0.5512360907893668	
734.2302	246.1	0.9823361223014477	0.9451112132368639	
734.2302	254.52	0.9884349936061186	-0.2855189680972071	
987.6225	212.88	0.9996006914225274	0.019446598671764074	
988.626	213.15	0.9823361223014477	-0.7795192496709135	
837.4979	347.04	0.9823361223014477	-0.655691589406221	
837.4979	348.48	0.9677164383708717	-1.0844305055244545	
735.2218	191.93	0.7524349085219375	-2.147220856630572	
735.2218	230.01	0.9823361223014477	-0.5226230491686988	
735.2337	238.19	0.9840505459487924	0.45306186633034395	
735.2337	246.1	0.9823361223014477	0.8900982810847619	
735.2337	254.0	0.9884349936061186	-0.27781312024215626	
735.3492	133.84	0.9884349936061186	0.19715194201071584	
993.5552	81.56	0.9884349936061186	0.23938909474401093	C47H89O18P
735.5222	158.59	0.8573714130738532	-1.7971769994624964	
994.5922	206.58	0.9884349936061186	-0.37330702970191193	
995.5271	218.16	0.9677164383708717	-1.0952708180452357	
995.5954	206.84	0.9840505459487924	0.48397133728228076	
996.5304	218.29	0.9806874445357064	-0.9686617707349451	
736.2901	217.37	0.9823361223014477	0.5210794538875423	
736.2901	289.03	0.9884349936061186	0.23758713799001452	
736.5253	158.59	0.6013150450173617	-2.8946074699742645	
842.4918	198.79	0.9563624665031252	1.220236134531924	
997.1792	202.36	0.9677164383708717	1.0637418491209583	
997.5263	218.16	0.9840505459487924	-0.45307508891992837	
737.231	238.19	0.9996006914225274	-0.061778714466747285	
737.231	268.73	0.9823361223014477	-0.6420069023993761	
998.5288	218.16	0.9840505459487924	-0.4824912189287126	
999.5314	218.16	0.9823361223014477	-0.8027463696698346	
737.2919	217.24	0.9823361223014477	0.5806634953276939	
737.2919	288.77	0.9884349936061186	0.4183535113931198	
737.3477	133.97	0.9823361223014477	0.652604865089576	
1000.6174	218.16	0.9969276022813908	-0.10027899064442222	
738.2957	217.37	0.9884349936061186	0.39218031030325295	
738.2957	288.77	0.9855249214110682	0.43031438828122065	
545.2389	81.69	0.9823361223014477	0.5934370675380297	
545.2943	103.14	0.9865061548007047	-0.4251369838282828	
546.1228	220.92	0.6925453860347752	2.408060188745758	
546.1669	184.54	0.9823361223014477	0.7850458138393628	
739.2272	268.47	0.9969276022813908	0.09758366769726894	
739.3201	238.19	0.9917467047917679	0.15247756207132976	C36H52O16
739.3201	246.23	0.9563624665031252	1.2792610472420287	C36H52O16
1011.5231	206.58	0.9823361223014477	-0.9365681381611124	
1012.4971	322.38	0.6466916485350259	-2.7277029400193853	
1012.4971	328.32	0.7718168491778855	-2.1102848096045115	
739.5414	325.26	0.9709420179953382	1.0288567205114447	
1012.5258	206.45	0.9823361223014477	-0.6424998040282943	
740.241	188.38	0.9046773766066575	-1.5792533100244062	
1013.5229	206.84	0.9677164383708717	-1.1805702972108532	
740.3229	238.19	0.9884349936061186	-0.22745995553885937	C36H52O16
740.3229	246.1	0.9677164383708717	1.0868383415017469	C36H52O16
740.3229	254.13	0.9991569841983733	-0.08243735290508988	C36H52O16
1014.525	206.45	0.9823361223014477	-0.8461286245941945	
741.2478	217.63	0.9996006914225274	-0.056512086692448706	
1015.6171	212.88	0.9823361223014477	0.6419851588529587	
744.1744	192.32	0.4525931344450713	3.5928565051064796	
744.1744	229.62	0.6516340269620909	2.6674512423606163	
1027.2543	346.78	0.9823361223014477	-0.8912588913082243	
1028.2539	346.78	0.9806874445357064	-0.9635657401995457	
1028.4409	199.05	0.9884349936061186	0.2373510890654806	
1028.4409	201.83	0.9677164383708717	1.0694740466090067	
1029.1974	223.28	0.9823361223014477	-0.7201838400633506	
1039.2267	223.41	0.9823361223014477	0.600487659928108	
1040.1243	313.43	0.8656581916562771	1.6969783873005764	
1040.2299	223.41	0.9840505459487924	0.4787554083386015	
748.1415	81.16	0.9719190980287552	1.0133584279914798	
748.231	103.14	0.8724157176573575	1.6565449457992167	
1043.4272	322.51	0.9563624665031252	-1.3386010963853052	
1043.4272	327.4	0.9823361223014477	-0.9581988942550809	
1044.4316	322.11	0.9823361223014477	-0.7310162481382587	
1044.4316	328.32	0.9677164383708717	-1.1693692203415864	
750.2695	188.51	0.9719190980287552	-1.0055883388090336	
751.27	188.91	0.9823361223014477	-0.8401554599689631	
859.5373	195.08	0.9719190980287552	-1.015182467314114	C45H81O13P,C52H76O10
859.5373	230.54	0.9823361223014477	0.7541219027517828	
752.2005	213.94	0.9823361223014477	-0.7171756621313807	
752.2005	221.31	0.6516340269620909	-2.659857556370084	
752.2005	249.12	0.9823361223014477	0.7169184399929498	
547.2455	192.19	0.2423162593642668	5.083233193643601	
547.2455	230.28	0.4525931344450713	3.6205883085281183	
753.2805	217.63	0.9991569841983733	-0.07444239976687722	
753.2805	289.82	0.9884349936061186	-0.22896664710902892	
1060.5241	218.16	0.9996006914225274	-0.05999271335226357	
1061.528	217.63	0.9677164383708717	1.0938515302512557	
548.067	221.31	0.9996006914225274	-0.03770966618837442	
548.0913	37.58	0.9823361223014477	0.6470215185078474	
548.1933	103.92	0.9677164383708717	-1.0603025584209278	
548.2424	238.58	0.9917467047917679	-0.15270655895909485	
548.2581	264.66	0.9823361223014477	0.940719242981103	
865.218	214.85	0.9884349936061186	0.35532369624814186	
865.218	220.0	0.9996006914225274	-0.012477518559588164	
865.218	250.17	0.9282577164461164	1.4872197641021683	
865.218	274.93	0.9823361223014477	0.5824281916630512	
865.218	292.31	0.9823361223014477	0.8793776700086452	
754.2169	214.99	0.9823361223014477	-0.7635610975591174	
754.2169	220.13	0.9884349936061186	-0.31913018435042184	
754.2169	264.39	0.9884349936061186	0.29143127110841355	
754.2832	217.37	0.9892619304628589	0.17903003573740892	
754.2832	290.21	0.4525931344450713	-3.627944834912894	
755.127	201.31	0.9996006914225274	0.06725574233428125	
755.22	214.85	0.9969276022813908	-0.10985876527720119	
755.22	220.26	0.9823361223014477	-0.6330081563824504	
755.22	264.79	0.9823361223014477	0.6139133135819288	
755.22	274.41	0.9823361223014477	-0.8364739486212506	
866.494	321.06	0.9823361223014477	-0.5648441122030061	
866.494	328.72	0.9823361223014477	0.8825033328730404	
756.2143	214.72	0.9884349936061186	-0.23841460171172785	C33H41O20
756.2143	219.87	0.9823361223014477	-0.7021608871084947	C33H41O20
756.2143	264.13	0.9884349936061186	-0.2990824461340958	C33H41O20
756.2565	211.44	0.9823361223014477	0.7566268201147127	
757.2175	214.85	0.9884349936061186	-0.20757262852312797	C33H41O20
757.2175	220.0	0.9991569841983733	-0.08249658564367575	C33H41O20
757.2175	264.13	0.9884349936061186	0.35153812294996867	C33H41O20
757.2175	274.67	0.9563624665031252	-1.3044739453616294	C33H41O20
1100.5129	314.74	0.8573714130738532	-1.772505694570974	
1101.2728	379.82	0.9823361223014477	-0.8348259724554743	
1102.2728	379.82	0.9823361223014477	-0.8668420618427983	
549.0945	37.58	0.9823361223014477	0.5706276737413118	
1109.3032	269.65	0.9884349936061186	-0.379630812619859	
1109.3032	270.04	0.9884349936061186	0.2471725983339468	
875.5329	194.16	0.9969276022813908	-0.12459014893469245	
1119.7157	245.7	0.9840505459487924	0.4577618745054227	
877.217	281.0	0.9884349936061186	0.407776139652637	
1120.7188	245.97	0.9884349936061186	0.40627113634487527	
766.2361	103.14	0.9470841954680966	1.4257590155990945	
550.0883	37.58	0.9884349936061186	0.3926008363993371	
878.2179	281.0	0.9884349936061186	-0.1819957988243192	
879.2162	281.26	0.950733401900578	1.3763366073715064	
768.1935	81.29	0.8807011890115359	-1.6399091951038995	
768.1935	191.14	0.9563624665031252	-1.2116508073252847	
880.2158	281.26	0.9884349936061186	0.19844929548750478	
881.2136	217.37	0.9470841954680966	1.4305661295693597	
881.2136	281.65	0.9563624665031252	-1.3642193080949347	
1135.7106	243.05	0.9915464111111357	-0.15706071388608925	
770.211	217.63	0.9884349936061186	-0.22974761144209518	
770.211	289.95	0.9823361223014477	-0.8647365968023661	
1136.7144	243.57	0.9884349936061186	-0.331897606329432	
882.0579	251.37	0.9823361223014477	0.9274681734735033	
771.2142	217.63	0.9884349936061186	-0.3480459397038468	
771.2142	289.82	0.9823361223014477	-0.5307901468721409	
771.246	195.77	0.9823361223014477	-0.7898126112123927	
772.0386	35.46	0.9840505459487924	0.5017554447989395	
772.209	217.5	0.9884349936061186	-0.29639004535992125	C33H41O21
551.0916	37.45	0.9884349936061186	0.3475111352055109	
773.0418	35.46	0.8413090547253883	1.8828809928083379	
773.2123	217.37	0.9884349936061186	-0.21694868337451134	C33H41O21
773.2123	289.69	0.9823361223014477	-0.8148310316047824	C33H41O21
774.0399	35.33	0.948813101428488	1.4219521790372829	
1169.7712	117.52	0.9046773766066575	-1.5747086871684923	
1173.7629	279.16	0.7028804643648726	2.313902286568417	
1174.7664	279.16	0.7909605580086412	2.057996753835648	
1175.7775	281.26	0.9823361223014477	0.827049530212359	
1176.7813	281.26	0.9823361223014477	0.8291572815525603	
1177.2907	411.75	0.9823361223014477	-0.8776628471973975	
884.0558	252.03	0.9677164383708717	1.1670290112387214	
1177.7847	281.26	0.9823361223014477	0.7238587486815237	
1178.7879	281.26	0.9823361223014477	0.5537444177785696	
552.1426	216.19	0.9823361223014477	-0.9447171585912534	
552.206	141.63	0.9709420179953382	-1.028974286432745	
1179.7905	281.39	0.9996006914225274	-0.05397049918113186	
552.2935	196.82	0.9969276022813908	0.09775463187156279	C25H48NO10P
552.3195	103.66	0.9884349936061186	-0.296187303379383	
886.5227	314.21	0.9884349936061186	0.24532737618753228	
552.7615	3.94	0.9823361223014477	-0.5333694813329506	
1189.7581	259.38	0.9855249214110682	0.43760951271694754	
1190.7614	258.73	0.9766080474593267	0.9879650104029735	
1191.7734	261.24	0.9991569841983733	-0.07661203923679574	
892.0869	250.98	0.9489276694293626	1.4085206486616995	
1192.777	261.24	0.9996006914225274	-0.06722662539762264	
1193.7806	261.51	0.9884349936061186	-0.3125924477788651	
781.275	196.56	0.9677164383708717	-1.0441185614723114	
1194.7838	261.11	0.9884349936061186	-0.2115893900789635	
893.0878	251.11	0.9677164383708717	1.0494741256820708	
894.0853	251.37	0.9766080474593267	-0.9811356534372062	
785.4755	32.44	0.9823361223014477	-0.9039766791731717	
1211.755	281.26	0.8019527445743467	2.0192935502675127	
1212.7584	281.26	0.8678442446563445	1.6748577284948598	
1213.757	281.26	0.8573714130738532	1.8118400119219913	
786.1305	198.13	0.8656581916562771	1.6912755073335097	
1214.7578	281.26	0.8656581916562771	1.7043858151343374	
786.188	188.12	0.9563624665031252	-1.2486869352128303	
1215.7599	281.26	0.9046773766066575	1.5688581262617618	
1221.7834	280.87	0.9823361223014477	0.6099564924700955	
1222.7868	281.0	0.9884349936061186	0.28205228005683985	
1223.7901	281.26	0.9261865491656383	1.5044777825181685	
1224.7933	281.26	0.993986019306489	0.1423207344152224	
1227.7499	261.11	0.9823361223014477	0.9422550053250759	
1228.7533	260.98	0.9823361223014477	0.6487940042044392	
1229.7519	260.98	0.9823361223014477	0.6529002953245223	
1230.7528	261.11	0.9823361223014477	0.9006846176859227	
1231.7548	261.24	0.9884349936061186	-0.3654342753216617	C61H112N2O21
1237.7787	261.24	0.9884349936061186	0.284144684584938	
1238.774	281.26	0.9563624665031252	1.2778044677238338	
1239.7769	281.65	0.9915464111111357	0.15920535044327255	
1240.7802	281.79	0.9823361223014477	0.669007765588453	
902.1157	251.5	0.9884349936061186	-0.2954683333293509	
1243.7444	244.49	0.9823361223014477	-0.5492968396696124	C61H112N2O21
1244.768	281.0	0.9969276022813908	-0.10518890654750475	
903.1165	251.24	0.9677164383708717	1.120136837593279	
904.3912	157.93	0.6816792757887267	2.4423853289324575	
1254.7691	260.98	0.9884349936061186	-0.234467508267829	
1255.7039	281.26	0.9823361223014477	0.8574867285685328	
1255.7722	260.98	0.9996006914225274	-0.015453005442840615	
1256.7075	281.65	0.9884349936061186	0.24526177256082055	
1256.7754	260.98	0.9884349936061186	-0.3334262121185932	
1257.7041	281.26	0.9823361223014477	0.6066667045238737	
1258.7061	281.26	0.9823361223014477	0.529342894058999	
1259.7085	281.39	0.18773159441352694	6.072018500978689	
1271.699	261.51	0.9996006914225274	0.05973852639333332	
1272.7022	261.51	0.9884349936061186	-0.3613065877564009	
1273.6992	261.24	0.9996006914225274	-0.0013195943147325956	
1274.7014	261.24	0.9884349936061186	-0.3822969411002841	
1275.7041	260.98	0.9823361223014477	0.9126583590778483	
913.5856	216.71	0.9709678798432849	1.0274729535706144	C49H87O13P,C49H86O15
914.589	216.58	0.9563624665031252	1.3649721476920915	C49H87O13P,C49H86O15
915.6007	218.16	0.9840505459487924	-0.4672334736555132	C49H89O13P
915.6007	260.85	0.9884349936061186	0.20843244064835034	C49H89O13P
916.6043	218.16	0.9840505459487924	-0.48615052591054386	C49H89O13P
916.6043	260.98	0.9884349936061186	0.3323107251298693	C49H89O13P
917.6075	218.16	0.9840505459487924	-0.5060975229012702	C49H89O13P
917.6075	261.11	0.9853535524291739	0.44682278898422934	C49H89O13P
1336.6956	260.57	0.9823361223014477	0.7318025328937892	
1337.699	260.57	0.9884349936061186	-0.3073752571165303	
931.5961	207.5	0.9046773766066575	-1.5583078527762435	
931.5961	245.7	0.9766080474593267	-0.9864504997542253	
932.4732	313.03	0.9823361223014477	0.6247394733532515	
932.5996	207.5	0.9823361223014477	-0.6091752233246113	
932.5996	245.28	0.9823361223014477	-0.8807821178891766	
937.5829	218.29	0.9677164383708717	-1.0484718322678706	C49H89O13P
937.5829	260.85	0.9884349936061186	0.26115122220106957	C49H89O13P
938.5863	218.16	0.9823361223014477	-0.6524100651824196	C49H89O13P
938.5863	260.85	0.9884349936061186	-0.23774392456781795	C49H89O13P
939.5895	218.16	0.9996006914225274	-0.016125011354691517	C49H89O13P
939.5895	260.98	0.9996006914225274	-0.0043308672969805005	C49H89O13P
947.5901	198.79	0.9823361223014477	-0.5650502260394822	
947.5901	202.23	0.7773706395112024	-2.084640580620447	
947.5901	205.38	0.9823361223014477	-0.7643730095349999	
947.5901	208.29	0.9823361223014477	-0.6242909558162933	
951.2361	313.29	0.9884349936061186	0.28739094264132736	
951.5773	218.55	0.9719190980287552	-1.0169924468257	C49H89O13P
952.2366	313.29	0.9884349936061186	0.2018253848948028	
952.5808	218.29	0.9563624665031252	-1.2832930309705124	C49H89O13P
953.578	218.42	0.9677164383708717	-1.112025197997824	
954.5795	218.55	0.9823361223014477	-0.9096811054733489	
955.5817	218.29	0.9996006914225274	0.022773473794131065	
959.4504	198.79	0.9823361223014477	0.6439220116398207	
959.4504	201.44	0.9677164383708717	1.0503957886016735	
960.4533	198.92	0.9823361223014477	0.5886026246723364	
960.4533	201.31	0.9677164383708717	1.0583148175272876	
961.6063	217.9	0.9884349936061186	-0.22080875043892625	
962.6097	218.03	0.9840505459487924	-0.4647522165335134	
963.6129	218.16	0.9840505459487924	-0.4670366097841856	
