m/z	rtime	p-value	t-score	custom_id
132.0446	28.24	0.7545500349621397	4.044823118004179	C8H5NO
132.0527	159.14	0.7797894134411055	0.568623074623709	
132.0769	252.96	0.7545500349621397	-1.1629449499841202	C4H9N3O2
175.2036	358.7	0.7655661479992738	0.6877782037114235	
218.0653	269.18	0.7545500349621397	1.2155955764048514	
132.1152	265.76	0.8137842898803558	0.4609400270096638	
218.1249	295.96	0.7545500349621397	-1.2002416579216997	
73.0848	209.69	0.7655661479992738	0.6794495082529344	
176.0295	216.13	0.7545500349621397	-0.9027072238798993	
132.9874	108.14	0.7545500349621397	2.6820941806491776	
132.9874	110.9	0.7545500349621397	2.4531428531514883	
132.9874	112.74	0.7545500349621397	2.9323456214579946	
132.9874	213.89	0.7545500349621397	-4.124705584018927	
133.0279	362.77	0.939724731708295	0.14206058689349957	
218.9434	200.73	0.7797894134411055	-0.5665434600467716	
133.0801	252.83	0.7545500349621397	-1.9517479977166814	C4H9N3O2
133.0861	26.79	0.7545500349621397	-1.4280857436502503	
219.0267	204.67	0.7655661479992738	-0.675252338144299	
133.1014	25.2	0.9800084785964667	0.04341703067525069	
133.1014	27.84	0.9464469197340396	-0.12867895350688263	
219.0476	192.56	0.7545500349621397	0.9026532822381942	
219.0576	269.31	0.7911319535784398	0.5224987322496151	C13H11ClO,C11H10N2OS
133.1222	266.16	0.7545500349621397	1.0218033706046294	
133.1247	265.76	0.9334634330101246	0.1568680188535468	
176.8754	200.73	0.7545500349621397	0.9491142476811604	CK2O3
219.9076	198.21	0.7545500349621397	-1.151222593991521	
219.9076	205.06	0.775521826443576	-0.5964144961033795	
134.0353	190.85	0.7545500349621397	-1.993559533773254	C5H8O2S
219.9468	200.73	0.7545500349621397	-1.2704089600250397	
134.0813	41.57	0.04889174840562189	-15.110832630788465	C5H11NO3
134.0813	48.95	0.5384510254457722	-5.621018478332042	C5H11NO3
220.03	198.21	0.7545500349621397	-1.0497678234498193	
220.03	204.67	0.7545500349621397	-0.8134458695536204	
220.03	210.74	0.7545500349621397	0.7790014950153655	
220.0371	198.07	0.7545500349621397	-1.543366933639329	
220.0371	204.54	0.7545500349621397	-1.81537968921162	C9H11NO3
220.1181	179.0	0.8622299151992083	0.3397068675088229	C9H17NO5
177.8883	200.73	0.7545500349621397	-2.406599521119694	
135.0277	190.72	0.7545500349621397	-1.8678751958068733	
177.9668	200.99	0.7545500349621397	-1.500273391965477	H2KO4P
178.0242	202.96	0.7729627843555889	0.6189615021935435	
178.0711	191.12	0.7836337566942677	0.5528212953741809	
220.9016	200.73	0.9081077130908617	0.22475752163939444	
220.9415	200.6	0.7545500349621397	-1.560653692615189	
220.9475	200.6	0.7545500349621397	-0.8098812512104687	
135.0635	50.0	0.7545500349621397	-0.94193645133306	C8H7NO
221.0248	198.21	0.7545500349621397	-1.0293963459194944	
221.0248	204.67	0.7545500349621397	-0.7238558959250955	
221.0248	211.14	0.8243455832834715	0.43568611113729827	
221.0344	204.14	0.7545500349621397	-1.5393159913778267	
135.068	203.36	0.7545500349621397	-1.5989771000260986	
221.8998	135.41	0.9622779896699911	-0.08759690545438631	
221.8998	150.28	0.7545500349621397	-1.7227852925870197	
221.9049	200.86	0.8787346005371894	0.29151081536687334	
77.0391	159.01	0.785181308978962	0.5444054041556479	
178.8736	200.73	0.7545500349621397	1.0060554699681283	
178.8811	198.21	0.7545500349621397	-2.0673439738515658	
178.8811	205.06	0.7545500349621397	-1.1359061987402346	
77.9274	200.73	0.7545500349621397	-1.727105518468727	
222.0956	174.67	0.7545500349621397	1.2222983942677768	C11H12N2O3
222.0956	191.25	0.7545500349621397	1.3762748735334127	C11H12N2O3
80.0032	200.73	0.7545500349621397	-4.245174976473109	
80.9873	200.6	0.7545500349621397	-1.0984329382344022	
80.9937	200.73	0.7545500349621397	-1.7224652789976045	
136.9098	200.73	0.7545500349621397	-0.9626606528425538	
136.9109	201.12	0.7545500349621397	0.880949791024691	
136.9402	200.73	0.7545500349621397	-1.1118214942728475	H2KO4P
81.0453	197.02	0.7545500349621397	1.0517557487137834	
136.9695	200.99	0.7545500349621397	0.8132056035567219	
136.9707	200.47	0.7545500349621397	-1.8133035575321248	
222.8997	200.73	0.9440714361009248	0.13456078490430862	
179.0901	357.78	0.7545500349621397	1.3223422748003226	
81.9884	200.73	0.7545500349621397	-1.6688468297853698	
137.0598	204.41	0.7545500349621397	-2.266307033189417	C8H8O2
137.071	194.27	0.7545500349621397	3.5240985749646843	C8H7NO,C5H8FNO2
223.0637	136.19	0.7545500349621397	-1.2620854013508085	
137.0792	204.14	0.7545500349621397	-2.1725298839289917	C6H6O
223.1078	204.14	0.7545500349621397	-2.3003895839687254	C9H11NO3
223.1116	302.03	0.7545500349621397	-2.19347876106769	
179.8812	198.21	0.7545500349621397	-2.645271678511068	
179.8812	205.06	0.7545500349621397	-1.5102671973958388	
137.9435	200.73	0.7545500349621397	-1.0576720080246809	H2KO4P
138.0526	222.17	0.9582062601836766	0.0977921699101129	
138.9383	200.73	0.7545500349621397	-1.150881750454892	
138.9443	200.73	0.7545500349621397	-0.8253763076718543	
223.1918	192.03	0.7545500349621397	-1.470308339715611	
139.0503	182.68	0.7545500349621397	1.3826184131813264	C6H6N2O2
84.9118	202.96	0.7545500349621397	-1.7123262968282844	
139.0979	198.73	0.7836337566942677	0.5535712648817401	C6H10N4
224.1496	25.87	0.7545500349621397	0.9923647561740757	C11H16N4O
224.1496	27.71	0.7782202936371255	0.5730149697093182	
139.9148	198.73	0.7545500349621397	-1.6861605651594977	
139.9148	203.62	0.9732367963023206	0.061876316057019036	
139.9417	200.73	0.7545500349621397	-1.0887757074835505	
181.0948	213.76	0.7545500349621397	-1.6015003703809088	
225.0347	215.73	0.7652800598630739	-0.6956229623964498	
225.0468	198.21	0.7545500349621397	-1.0107612807601414	
225.0468	204.93	0.8136858989132131	-0.4641116348327256	
225.0468	210.74	0.7545500349621397	0.8540760246024135	
225.1486	28.1	0.9812604519775738	-0.035487921919863254	C13H20O3
140.9364	200.73	0.7545500349621397	-0.983827495049263	
140.9426	200.6	0.7782202936371255	-0.5732032220366304	
225.1592	26.53	0.9582062601836766	0.09856632718323817	C10H17NO2
86.9092	203.09	0.7545500349621397	-0.8228270968184593	
87.0269	190.85	0.7545500349621397	-2.0456586317368193	
141.0716	213.63	0.7545500349621397	-0.923645039853145	
182.0926	268.78	0.7545500349621397	0.7854851643366407	C9H10N2O2
141.1136	31.03	0.9560615000547535	0.10350899367802806	
88.0221	190.16	0.7655661479992738	0.6754796076046633	
183.0226	35.89	0.7545500349621397	2.0279911429782294	
142.0613	28.24	0.9473402521838757	0.12161168946281027	
226.1803	34.44	0.7545500349621397	-0.8379700502850608	
226.9879	212.71	0.7729627843555889	0.617607171564043	
89.0603	26.79	0.7545500349621397	-1.2673105849608723	
143.019	388.93	0.9013723799695933	0.24062184446340357	
143.073	155.99	0.8000309819893398	0.5000191881467067	
144.0479	197.16	0.7545500349621397	1.0615016367594075	
184.0857	204.14	0.8313393419993984	-0.419541073634971	
184.097	30.07	0.7545500349621397	1.876437052970644	
184.097	161.51	0.9209905853075512	-0.19772876310159637	
144.9276	198.47	0.7842874477139024	0.5491359647288544	
144.9276	205.06	0.7545500349621397	0.7596097452055046	
145.0474	197.29	0.7545500349621397	0.9705806928363236	
145.0496	191.51	0.7545500349621397	-1.1094243852757963	
145.0511	197.16	0.7545500349621397	1.1768846609471253	
145.0841	159.01	0.7696117186332534	0.6519494332743825	
95.0497	204.41	0.7545500349621397	-2.2284145047064836	C6H6O
229.1437	28.1	0.7545500349621397	1.4296070849350377	
229.1548	192.56	0.775521826443576	-0.5958491212362136	
229.1548	205.06	0.8787346005371894	-0.29081610765023197	C11H20N2O3
146.0436	197.16	0.7545500349621397	1.0392714353573005	
96.0813	209.43	0.7545500349621397	0.9394799548413658	C6H9N
146.0925	254.67	0.7545500349621397	-1.4150676155435669	C5H11N3O2
96.9223	198.07	0.7545500349621397	-2.2574136980040973	
96.9223	204.93	0.7545500349621397	-1.216361078873697	
96.9223	210.74	0.9097269496594994	0.2196177973778539	
97.0289	191.51	0.7545500349621397	-0.9336267705078226	
230.9952	363.16	0.9224849780508597	0.18050448192084662	
147.0634	155.99	0.848568794709184	0.3736554460763379	C9H7NO
98.9193	198.21	0.7545500349621397	-1.448432495412601	
98.9193	204.93	0.7545500349621397	-1.3639934496137465	
187.0578	191.12	0.7545500349621397	-1.1997121749774888	
147.1164	26.4	0.8576706918259375	0.3519753738470599	
148.0393	27.97	0.11226234367954842	10.571655419952966	C8H5NO2
148.0393	204.41	0.7545500349621397	-1.573406891055101	
187.1442	190.85	0.7545500349621397	0.8092736457035847	C10H17NO2
148.0475	204.27	0.7545500349621397	-2.174598465107172	C9H6O2,C2H6N6S
148.1333	191.9	0.7545500349621397	-0.7839874982222199	
148.9403	200.6	0.7545500349621397	-1.5721001382665365	
233.0352	269.31	0.8347448271197827	0.40966118336958157	C14H10O
233.2013	28.63	0.939724731708295	-0.14132361508493432	
150.0245	190.85	0.7545500349621397	1.3249639127006123	
234.1966	194.53	0.7545500349621397	-2.0845621339178004	C12H20N2
234.8091	198.99	0.7545500349621397	1.8383718536514648	
234.8091	203.09	0.7655661479992738	0.68169084343723	
234.9173	200.73	0.7545500349621397	-0.8180864515379311	
150.0775	198.21	0.7545500349621397	-3.7306908998926267	C6H7N5
235.0748	191.12	0.7545500349621397	1.564426719196411	C8H14N2O4S
235.0748	209.69	0.772366304665552	0.6337026271293298	C8H14N2O4S
235.9206	200.73	0.7545500349621397	-0.9112996138152273	
150.9768	199.52	0.8518039036842723	-0.3621879528012461	
150.9768	202.3	0.7545500349621397	1.84310406687802	
236.0225	209.3	0.8697530692287112	0.32561942139326233	
151.0581	190.72	0.7545500349621397	-1.9807165484698415	
190.9876	18.86	0.7545500349621397	2.2291001567459685	
190.9876	22.97	0.7545500349621397	0.9107881464411433	
190.9927	267.86	0.7545500349621397	-1.4450233982337604	
236.9153	200.86	0.7545500349621397	-0.7845324760901281	
104.0534	190.85	0.7545500349621397	-1.8845244498252882	C4H9NS
104.058	159.4	0.775521826443576	0.600960847535336	
191.0816	27.97	0.7545500349621397	2.9312523553870493	C10H10N2O2
191.085	190.72	0.7545500349621397	-1.7928245276053456	
152.0568	135.54	0.18992640904805694	-8.285971416453117	C5H5N5O,C5H13NS2
152.0623	190.98	0.7545500349621397	-1.6165325740986165	
191.9987	191.77	0.7545500349621397	-1.9932090117030716	
192.0302	191.25	0.7545500349621397	-1.2240585634203842	C5H8ClN5
192.0302	210.09	0.7729627843555889	-0.6206673850981619	
105.0227	213.89	0.5567999582414273	-5.220968850525498	
192.0627	50.0	0.7545500349621397	1.2771261825486215	
105.0565	190.72	0.7545500349621397	-2.1193722595491438	C4H9NS
237.8917	202.3	0.7655661479992738	-0.6863570581295788	
237.9187	200.86	0.775521826443576	-0.6049710388073045	
153.0575	190.85	0.7545500349621397	-1.8689100845241222	
153.0601	135.54	0.25480077505121385	-7.0483444337500964	C5H5N5O,C5H13NS2
106.0491	190.85	0.7545500349621397	-1.853673126143177	
238.0452	294.25	0.8224396206070789	-0.43908504741325066	C5H14NO6P
107.0658	190.59	0.7545500349621397	-2.1569915298202598	
238.1652	27.05	0.7545500349621397	-1.0265410537243007	
238.1652	34.84	0.7545500349621397	-1.0788928649689	
238.1915	192.3	0.7545500349621397	-1.0166963127846576	
154.0566	189.9	0.7545500349621397	-0.9943678637065284	
238.9136	200.73	0.7545500349621397	0.774234529595163	
238.9197	200.99	0.8042576401796895	-0.48247149955042	
193.1437	34.58	0.7545500349621397	1.0218517566236691	
193.1628	37.6	0.8787346005371894	-0.29001551924505115	
239.0438	269.18	0.7545500349621397	2.098742768981768	
193.9982	201.52	0.9264229440397869	0.1745202773282744	C3H10NO4P,C7H7O4
155.0689	191.12	0.7545500349621397	-2.001751699584812	
109.0637	190.85	0.7545500349621397	-1.9346518406978575	
155.0751	191.12	0.7545500349621397	-2.307799991126115	
109.0652	27.19	0.7545500349621397	-1.9817161603693747	
109.0652	204.27	0.7545500349621397	-2.1062583960972896	
194.1005	49.87	0.7545500349621397	0.8060742583877527	C8H9NO2
194.855	198.6	0.7545500349621397	-1.3156854997742207	
194.855	203.88	0.7797894134411055	0.5641789968926753	
240.1376	269.18	0.7545500349621397	1.0897153999197073	C16H17NO
195.08	269.18	0.8787346005371894	-0.2959646176629889	C14H10O
156.0422	200.18	0.7545500349621397	-1.6950935923981323	C3H10NO4P,C7H7O4
241.0086	198.86	0.7545500349621397	-1.0640315065432036	
241.0086	202.57	0.7545500349621397	-0.9244661203535615	
241.0859	228.9	0.7797894134411055	0.563820758471655	C15H12O3
195.8552	198.6	0.7862286031170244	-0.5389840685616539	
195.8552	204.01	0.7975894132336332	0.5089938153982438	
157.0761	155.86	0.9965918767118954	-0.005556996756783419	
195.996	201.52	0.9812604519775738	0.03297125647993675	
195.996	214.55	0.7545500349621397	1.2819917817409592	
195.996	219.54	0.7545500349621397	0.9864803072319033	
196.0175	188.72	0.7979845567536251	0.503611495694565	
242.0189	198.6	0.8143155265698436	0.45861816071980327	
242.0189	203.88	0.9582062601836766	-0.09904497571656713	
196.0638	209.17	0.7545500349621397	-1.5545391716218349	
196.0833	269.18	0.8787346005371894	-0.2905924252341496	C14H10O
112.0216	197.16	0.7640425345829879	0.7032325647074666	
242.0376	220.72	0.7545500349621397	1.3350423926678816	
242.0998	179.27	0.7545500349621397	-2.204269980082881	C9H17NO5
158.0403	200.18	0.7545500349621397	-1.7608839761287607	
158.0602	28.24	0.7545500349621397	3.4803367713332305	C10H7NO
158.068	190.85	0.7545500349621397	-2.0578369352254757	
242.9385	232.18	0.8580765472370613	-0.348026570130397	
242.9385	233.23	0.7545500349621397	2.108337510951997	
243.0161	198.47	0.7545500349621397	2.9815301548566127	
243.0161	203.88	0.7545500349621397	-0.8003293340798195	
243.0226	198.47	0.9775286416422796	0.05234350657324314	
243.0226	203.88	0.9473402521838757	-0.12230103703912631	
196.8532	198.6	0.7545500349621397	-1.6140756007361223	
196.8532	203.88	0.775521826443576	0.590628395010758	
196.9615	200.73	0.7545500349621397	-0.7312176777027257	
243.0409	220.72	0.7545500349621397	1.422407377496171	
158.1005	222.56	0.9134084974477534	0.21210263993617823	C7H12N2O2
243.1033	179.27	0.7545500349621397	-1.7795866751119471	C9H17NO5
112.8961	200.86	0.7545500349621397	-3.1164478186788838	
113.0297	197.16	0.7545500349621397	1.0647862285214666	
197.0757	269.18	0.8670615722307251	-0.33180151283411735	
197.1147	135.41	0.7545500349621397	-1.2044129346531474	
244.0175	203.88	0.7545500349621397	0.8769433335483516	
159.0474	136.06	0.7545500349621397	-1.958232703810368	
159.0474	149.1	0.7545500349621397	-1.0490065973682399	
159.0805	25.07	0.7545500349621397	3.7427576124755473	
244.0532	214.42	0.7545500349621397	1.8866742283965616	
244.1294	310.3	0.9291049395176486	-0.1669729020130631	
244.1908	34.58	0.7545500349621397	-0.7528030729360266	
198.0876	251.39	0.7545500349621397	1.1586453265214747	
198.0975	191.51	0.7545500349621397	-1.1191259545086263	
198.1045	357.51	0.7545500349621397	1.0938210748570416	
160.0758	27.84	0.7545500349621397	1.5010705442454086	C8H6O
160.0758	156.25	0.8507137328667087	0.3695166509677005	
245.0011	233.36	0.7545500349621397	1.9924056003028976	
114.8932	200.73	0.7545500349621397	-2.628654785997582	
115.0545	155.99	0.8069519552360003	0.47816362277134183	
245.9478	225.19	0.790353378636068	0.5272684513345489	
160.1162	209.69	0.7545500349621397	0.7948854551644917	C5H11NO2
198.5455	314.11	0.7545500349621397	0.7727925112375609	
198.9596	200.73	0.9507161474226812	-0.11335681589553556	
246.0973	191.25	0.772366304665552	0.6371683920098928	
246.1238	155.99	0.9081077130908617	0.22452053115197249	C11H12N2O2
160.9015	198.73	0.7545500349621397	1.6982216961691268	CK2O3
160.9015	203.49	0.7545500349621397	1.287800723791884	CK2O3
116.0471	221.51	0.824635488144296	0.4308222819784581	
161.0317	220.85	0.7545500349621397	1.0422531275892428	
161.0378	220.85	0.7545500349621397	1.1590432873874792	
161.071	27.97	0.5567999582414273	5.140221077731091	C10H7NO
161.079	27.84	0.754812286385744	0.7208547477647783	C8H6O
116.0936	222.3	0.7545500349621397	-1.1013004686428332	
199.1007	191.64	0.7545500349621397	-1.0229062924679901	
117.055	25.87	0.7645945086356268	0.6995645089869628	
117.068	222.17	0.8580765472370613	0.3477090663812596	
248.0218	362.64	0.9464469197340396	0.12581518381931564	
248.1283	35.36	0.7545500349621397	1.358647882871984	C14H17NO3
161.9929	199.65	0.9616991026827748	0.09106664857850008	H2NaO4P
161.9929	201.52	0.775521826443576	0.5912559304206394	
117.0913	28.1	0.7545500349621397	-2.3193715523235356	
162.0386	221.12	0.7545500349621397	1.0870879936782154	
162.0551	35.89	0.7545500349621397	1.89459457347871	
162.0551	37.46	0.7545500349621397	0.9010017889948694	
199.5428	313.98	0.9686805222382703	-0.07136787516391066	
249.1195	299.77	0.9810945822514364	-0.03866587496838809	
118.0615	253.1	0.5567999582414273	5.2531563175042075	C3H7N3O2
250.0176	363.29	0.9028821090548044	0.2368196000673195	
118.0751	222.17	0.8472506083542517	0.38221762735606984	
118.0775	222.17	0.9217990770067618	0.1911531078116549	
250.0935	34.97	0.7545500349621397	4.094761202646354	C10H19NO2S2,C10H11N5O3
162.1127	288.18	0.7729627843555889	-0.6241664415774759	C7H15NO3
118.1099	209.03	0.8216903001109217	0.44474394316131377	
119.0494	204.27	0.7545500349621397	-2.193453855120109	C8H6O
119.0688	158.49	0.7545500349621397	0.7426761568945125	
163.0536	214.16	0.7545500349621397	2.048690709173587	
119.0836	209.69	0.775521826443576	0.6012721142460947	
200.8631	198.21	0.8243455832834715	0.43409993985162904	
200.8631	205.62	0.7545500349621397	1.7624905067162049	
251.0962	34.97	0.7545500349621397	2.6170917351428433	C10H19NO2S2,C10H11N5O3
251.0962	198.6	0.8042576401796895	0.4886542873573583	C11H14N4OS
120.0449	257.72	0.7545500349621397	-0.8864026024218653	C7H5NO
120.0528	204.27	0.7545500349621397	-2.27916494261735	C8H6O
163.0979	197.16	0.7545500349621397	0.8421237729664772	C6H7N3
120.0907	209.69	0.7655661479992738	0.6878108567020428	
120.0932	209.43	0.7655661479992738	0.6813421204902915	C5H11NO2
120.1022	192.3	0.7545500349621397	-1.4548060778189087	C5H13NO2
201.9839	225.05	0.7979845567536251	-0.5038908968471071	C3H7NO5S2,C3H7NO5S2
121.0165	200.73	0.7545500349621397	-1.2587893058477062	
202.0645	221.12	0.7545500349621397	1.0424299513697939	C6H8N4O4
202.0686	192.95	0.7545500349621397	-0.9891793560103745	C6H13NO5
164.0707	204.14	0.7545500349621397	-2.4135946385937377	C7H6O2
164.082	33.39	0.9775286416422796	0.050788329176133885	C6H6N2O
121.0651	159.27	0.7640425345829879	0.7012733225580703	C8H8O
121.0781	158.75	0.785181308978962	0.5463859731313601	
164.1282	190.85	0.07085667125170196	-12.779991325322085	
202.9695	199.65	0.7545500349621397	0.7939687104824859	
202.9695	202.3	0.7545500349621397	0.730618302944734	
202.9695	214.16	0.7545500349621397	-1.4655050915058714	
253.0854	187.8	0.7545500349621397	1.1257774344329647	
253.0854	190.85	0.7545500349621397	1.147209427264653	C16H12O3
121.9698	199.78	0.772366304665552	0.6331542388130559	H2NaO4P
121.9698	202.17	0.9382729295644192	-0.1468452049359312	
253.1646	31.16	0.785181308978962	-0.5442003975120374	
164.9352	200.6	0.7545500349621397	-1.1792901954698927	
122.0469	197.29	0.8882188984460792	0.2723197069823366	
253.2387	194.79	0.7545500349621397	1.2619416906469554	
122.9248	200.6	0.9625381074783844	0.08627571733802349	
122.9646	199.78	0.8818368940616972	-0.2831673531808886	
122.9646	201.12	0.7545500349621397	-1.7301615880999457	
203.0767	209.17	0.7797894134411055	0.5669412267416293	
203.0767	214.29	0.7545500349621397	1.9696877702558953	
203.0814	27.71	0.2157996007853437	7.555002029816192	
203.0814	187.54	0.7545500349621397	0.8699262496624981	
203.0814	191.12	0.7545500349621397	1.8778751273043714	
203.1028	302.82	0.7545500349621397	-1.4941169977673112	
203.114	268.39	0.7729627843555889	-0.6249048826691241	
203.1391	192.03	0.7545500349621397	0.8390698277105818	
254.1963	28.24	0.7545500349621397	-1.704813245026468	
123.0684	197.16	0.7545500349621397	1.2798060267505853	
165.924	1.95	0.7545500349621397	1.5996760913951884	
123.0749	197.16	0.7545500349621397	1.105318333084052	C6H7N3
165.9304	200.04	0.7640425345829879	0.7025377707482575	
204.0245	232.31	0.8388087266753981	0.4036678176474718	
204.0631	197.42	0.7545500349621397	-1.0346179776151698	
204.0631	204.93	0.7545500349621397	-1.9110338844972021	C16H15F6N5O
255.101	301.24	0.7545500349621397	-1.0331124741585078	C16H14O3
204.1174	191.51	0.7545500349621397	-1.6477206925184098	
255.1591	31.56	0.7545500349621397	1.7086707986659941	
166.0581	204.41	0.7545500349621397	-2.2516818033531973	C9H8O3
123.941	198.34	0.7545500349621397	-4.324486954353656	
123.941	204.67	0.7545500349621397	-0.9756041955810736	
204.9278	200.6	0.7545500349621397	1.0844930225714582	
124.0477	204.14	0.7545500349621397	-2.0854176962621516	C7H6O2
256.0169	214.55	0.8128494334082077	0.46781152153398575	
256.0169	219.67	0.8787346005371894	0.2967794195110559	
124.0527	33.26	0.8744232416952169	0.31319197660203635	
256.1045	301.24	0.7545500349621397	-1.0131793299917944	C16H14O3
124.0589	33.26	0.9217990770067618	0.1859498108476951	C6H6N2O
124.0782	197.29	0.790353378636068	0.5277576463761983	C6H7N3
205.0683	191.12	0.7545500349621397	-3.4014107039560866	
124.9229	200.73	0.9891642938186269	0.018818572650853366	
256.9825	200.6	0.7545500349621397	-0.9530255499735675	
125.0599	33.52	0.939724731708295	0.14128953815435646	
257.0567	190.98	0.7545500349621397	1.6257192488895373	C8H14N2O4S
257.0567	209.69	0.7655661479992738	0.6695472666221274	C8H14N2O4S
125.0793	50.13	0.7545500349621397	-0.8485889490683406	C7H9NO
166.9508	200.6	0.7545500349621397	-3.218719502114996	
126.0374	197.02	0.7545500349621397	1.5961180989059716	
126.0664	34.97	0.7545500349621397	1.7857822638899121	C5H7N3O
167.9542	200.99	0.8507137328667087	-0.36908321273322636	
206.0814	204.27	0.7545500349621397	-2.0025346061652427	C9H8O3
257.9328	371.2	0.9204330007704338	0.2006012786996533	
257.9933	202.96	0.7545500349621397	1.8927101899780563	
258.0884	269.18	0.7729627843555889	0.6268614060014919	
127.0392	191.51	0.7545500349621397	-1.2911601683039184	
258.1103	314.37	0.9742279329865209	-0.0581653735674668	C8H20NO6P
168.0902	159.01	0.777932865260228	0.5812689151770588	
168.1496	191.9	0.7545500349621397	-1.0641261978727123	
258.9809	200.31	0.7545500349621397	-1.1733724321738255	
168.9489	200.6	0.7545500349621397	-3.158711009196679	
258.99	202.96	0.7545500349621397	1.5706676820597736	
258.9966	202.96	0.7545500349621397	2.3174638825853657	
207.104	156.12	0.8702660013711498	0.32309342513624045	C11H12N2O2
207.1857	34.84	0.9616991026827748	-0.09031446721858578	
169.0691	47.77	0.7545500349621397	-4.384436846117962	C8H9NO3
128.9328	1.17	0.7545500349621397	2.385382798865169	
169.0761	27.45	0.7545500349621397	0.7618439500204821	
259.0922	269.31	0.7911319535784398	0.5233690985094674	
259.1135	314.37	0.9840754943251258	0.02723734346277373	C8H20NO6P
169.086	27.05	0.7545500349621397	-2.452143605755733	
259.9912	202.83	0.7545500349621397	1.288433214221835	
169.1265	36.68	0.7782202936371255	-0.5749391378990624	
260.0272	294.38	0.7545500349621397	1.0313510565024178	
170.0425	320.19	0.7655661479992738	-0.66998751861492	C5H8NNaO4
170.0482	191.25	0.7545500349621397	-1.0297233649473292	
170.0482	210.22	0.8019934511873416	-0.4939498100842339	
260.1138	314.37	0.8224396206070789	-0.44031055963678556	
260.1494	26.0	0.7545500349621397	-1.6864868124331378	
260.988	202.96	0.7545500349621397	1.8845630219042413	
260.9949	202.7	0.7545500349621397	1.1702440679493271	
130.0695	266.16	0.9204330007704338	-0.1998505484967789	C5H8N2O2
261.0307	203.49	0.7545500349621397	0.829369460678863	
171.0785	50.43	0.7545500349621397	-1.2289553382973202	
209.0957	274.72	0.7545500349621397	-0.8670385994663947	C15H12O
209.1174	26.4	0.7545500349621397	-2.0575911450192574	C12H16O3
130.9298	1.17	0.7545500349621397	1.8996113886668429	
262.1438	34.71	0.7545500349621397	1.390235864262433	
131.0705	27.05	0.7545500349621397	-0.8705410951867684	
131.0705	266.29	0.8042576401796895	-0.48739298061323366	
263.0026	200.47	0.8472506083542517	-0.3773748729540355	
209.9963	198.6	0.7545500349621397	1.5005497504935643	
209.9963	203.62	0.7545500349621397	3.0096907770236396	
131.0928	192.56	0.810221856464305	-0.4721993853289503	
172.0718	300.72	0.939724731708295	0.14111471430370412	C6H9N3O3
172.0718	308.99	0.8394970985618837	0.40153808515710354	C6H9N3O3
263.8587	198.21	0.7545500349621397	-3.0689346427340882	
263.8587	205.49	0.8472506083542517	0.3774443911612829	
264.0819	179.27	0.9645403221517631	-0.07776432779918657	
264.9278	200.86	0.7545500349621397	-1.5058817256473	
173.0711	26.79	0.7545500349621397	4.121757063960057	C8H5NO
301.0296	199.12	0.8656632975405859	-0.3344858304010169	
301.0296	202.7	0.7545500349621397	-0.8668492227072087	
173.0887	50.13	0.7545500349621397	-1.0273339915826376	
301.1116	213.24	0.7545500349621397	1.6358071053930607	
301.2051	34.84	0.7545500349621397	-0.8842667888220362	
302.0587	220.72	0.7545500349621397	1.457853606830439	C16H12ClNO3,C14H11N3O3S
266.0748	157.57	0.5567999582414273	-5.3259792126913155	C9H13N3O5
266.1144	197.16	0.7545500349621397	0.9807495260817773	C14H17ClN2O
173.9832	216.65	0.7545500349621397	0.8856801908842103	
174.0139	214.55	0.7545500349621397	0.9223180679294767	
174.0139	219.8	0.8137842898803558	0.46211683893223704	
174.0388	134.32	0.7545500349621397	-2.6301713943063025	C5H5N5O,C5H13NS2
302.9046	200.6	0.7545500349621397	0.925585400286702	
174.0551	28.5	0.7545500349621397	4.357849225308902	C10H7NO2
267.059	159.93	0.7545500349621397	-0.7540129352506283	
267.0646	190.98	0.7545500349621397	-0.7821019536158907	
267.0646	208.9	0.7545500349621397	-0.8973571847003863	
267.0975	257.72	0.7545500349621397	-0.892073056220742	C12H14N2O5
267.1074	197.16	0.7545500349621397	0.9474393247137697	C11H14N4O4,C10H18O8
211.9969	34.05	0.7545500349621397	0.7318765112827251	
267.1175	197.29	0.9507161474226812	0.11429283657032632	C14H17ClN2O
267.1226	25.87	0.7545500349621397	-1.4193335137213354	
267.1452	34.97	0.7545500349621397	0.9907369948434822	C10H15N3O3
304.1194	239.31	0.775521826443576	-0.5964791876993215	C14H14O5
174.149	37.6	0.89893209222994	-0.24559400642275642	C9H19NO2
212.1065	269.18	0.7797894134411055	-0.563367841177743	
268.0792	191.12	0.7545500349621397	-2.0028651311085843	
175.0173	214.16	0.7545500349621397	1.2078864544378811	
175.0173	219.8	0.7545500349621397	0.9276837644404999	
268.1012	257.72	0.7545500349621397	-0.9102994361793131	C12H14N2O5
268.1108	197.02	0.7545500349621397	1.1367771863352025	C11H14N4O4,C10H18O8
175.0591	320.48	0.8960262170280725	-0.2545854626817648	
175.0591	321.27	0.7545500349621397	1.0928990419951317	
268.1486	34.97	0.7655661479992738	0.6657976284043157	C10H15N3O3
306.0809	167.71	0.11226234367954842	-9.849177356494444	C10H13N5O5
306.1912	26.92	0.7545500349621397	-1.0369934913732595	C12H24O6
269.043	35.89	0.7545500349621397	1.2633361009309942	C15H8O5,C7H12N2O7S
269.0882	134.97	0.7545500349621397	-3.39933047030133	C10H12N4O5
213.0905	252.31	0.8472506083542517	0.37717657515247455	C14H12O2
269.2155	26.66	0.7545500349621397	-1.7178993752748302	
308.0482	205.19	0.7545500349621397	1.0129089589039098	
308.0482	208.9	0.7545500349621397	2.122786108459061	
308.0482	212.32	0.7545500349621397	2.109242246423652	
349.2305	357.51	0.9348759072792522	-0.15409510088694403	
270.1911	28.37	0.7545500349621397	-1.0844608167896264	
308.8497	200.6	0.7545500349621397	-2.521181111286677	
350.0175	212.71	0.7545500349621397	2.4732722023551603	
350.0303	190.98	0.7545500349621397	-1.9583366282894643	
350.2174	27.45	0.9291049395176486	-0.16629381672471893	
270.3156	28.24	0.7545500349621397	1.1048656818821454	
309.036	223.22	0.9011388782338049	-0.2418655567791163	C15H10O6
271.0386	36.02	0.7545500349621397	3.752725532860908	
309.9688	297.4	0.7545500349621397	0.9712862479315125	
310.025	220.46	0.7545500349621397	1.7814992404046366	C8H12N3O6PS
310.0698	36.02	0.7545500349621397	0.9658825980981645	C15H8O5,C7H12N2O7S
271.9731	212.71	0.7545500349621397	-1.5096987754248066	
214.1416	35.1	0.7545500349621397	3.3748127281876052	
272.1856	32.08	0.89893209222994	-0.24677384623138443	C15H24O4
311.0227	205.62	0.775521826443576	-0.5949590170733838	
311.0284	190.98	0.7545500349621397	-0.8010167266658778	
311.0284	220.59	0.7545500349621397	0.8122745521034832	C8H12N3O6PS
352.2329	26.79	0.7545500349621397	-1.6052899972458488	C16H30MgO4
311.059	220.72	0.9732367963023206	0.06378076935496706	
311.0614	257.46	0.9800084785964667	0.04289861624302409	
311.2065	31.69	0.7545500349621397	-0.7576362265417443	C16H30MgO4
353.0478	34.44	0.7545500349621397	-0.8719225341262913	
312.0405	214.29	0.7545500349621397	1.813429195851548	
215.0405	214.42	0.801241543147744	0.49756309671732024	
215.0405	219.93	0.9540464483166069	0.10709582950763184	
312.238	27.19	0.7545500349621397	-1.7186516141476094	C15H32O6,C16H28N4O2
273.03	205.62	0.7545500349621397	0.8549212119641469	
273.03	209.56	0.9775286416422796	-0.050443572739601386	C8H14N2O4S
273.0857	2.61	0.7545500349621397	0.8159232559194196	
273.0857	362.64	0.9217990770067618	0.19159330381273912	C9H13ClN6O2
313.0668	209.3	0.8347448271197827	0.41004596144779154	C15H14O6
273.091	28.37	0.7545500349621397	-0.8292843626861943	C19H12O2,C11H16N2O4S
313.0747	213.5	0.7545500349621397	2.034998735769935	C12H20NO4S
313.1043	310.83	0.7545500349621397	-1.0968451660657326	C14H12N6O3
354.0512	34.44	0.7655661479992738	-0.680842240331696	
354.0512	220.59	0.7563803346253727	0.7178947062281391	
313.8998	201.12	0.7545500349621397	2.170661142276489	
354.0787	25.2	0.7545500349621397	2.539466523664517	
354.0787	228.63	0.7545500349621397	-0.9058467924829237	
354.0787	265.24	0.9217990770067618	-0.18734050592411444	
274.0837	211.0	0.8042576401796895	0.4833738729193028	C11H14ClN5
314.138	269.04	0.952066328638537	0.11063504018165382	C18H19NO4
314.146	134.97	0.7545500349621397	-2.1927354160918204	
274.0922	338.24	0.7545500349621397	-1.60074736378567	
314.8979	201.25	0.8775212246162893	0.3055497760253447	
274.0942	28.37	0.772366304665552	-0.6382735653757547	C19H12O2,C11H16N2O4S
315.0623	209.17	0.7979845567536251	0.503550472313935	C18H12O4
315.1415	269.04	0.7545500349621397	-0.8890794691411914	C18H19NO4
355.0634	35.23	0.7545500349621397	-0.9677766464413566	
355.0804	228.5	0.7545500349621397	-1.13985455230186	
355.2833	25.74	0.7545500349621397	2.303413188300106	
216.0633	294.12	0.7545500349621397	-1.0215150252642005	C5H14NO6P
355.9699	202.44	0.7545500349621397	1.887556689114665	
356.0666	35.23	0.7545500349621397	-0.9987488250083996	
356.0666	52.66	0.8164971495692233	0.4543584879441145	
356.0666	213.5	0.7545500349621397	1.1119456740076399	
316.0935	187.67	0.9097269496594994	0.2202901119223841	C13H10N2O5
316.0935	191.25	0.7545500349621397	0.9492408241252908	
216.8369	198.6	0.8953950965495925	-0.25894096973229236	
216.8369	204.27	0.7545500349621397	1.9836986448976646	
316.9203	200.73	0.8745591844950299	-0.3120784100883858	
275.0537	209.3	0.89893209222994	0.24616314336090336	
275.0673	187.8	0.7545500349621397	2.6592395458614067	C13H10N2O5
275.0673	191.12	0.7545500349621397	1.1131493842184808	C16H12O3
356.9666	202.04	0.8042224896071085	0.49006348500428765	
317.0035	200.6	0.7545500349621397	-0.8053292484049173	
357.059	35.23	0.7545500349621397	-1.8531401967922192	
217.0618	269.18	0.7655661479992738	0.6630714349455813	
357.0694	35.23	0.7545500349621397	-0.7581317659078199	
275.135	324.55	0.7545500349621397	-0.8831735738245378	C8H15N3O5
217.1048	35.76	0.7545500349621397	-1.2368969603657167	
217.1048	213.24	0.7545500349621397	-0.7328125568593674	
357.9684	199.65	0.8338099900019499	-0.4136456765626976	
357.9684	202.3	0.7545500349621397	2.0456002726144833	
317.9237	200.73	0.7545500349621397	-1.441915462883276	
217.1185	284.47	0.772366304665552	-0.6374849373163813	
217.1297	266.81	0.7545500349621397	-1.5369188988974212	
358.2435	31.82	0.8243455832834715	0.43377432873088617	
318.0061	199.78	0.9732367963023206	0.060456807755516165	
358.9446	203.49	0.7545500349621397	1.9645026356803956	
318.1912	26.92	0.7545500349621397	-2.264724823173743	C15H27NO6
318.8785	200.73	0.8787346005371894	0.297821258758674	
276.0256	188.06	0.7545500349621397	2.4823586749832014	
318.9182	200.6	0.9584504626971238	-0.0964955869843106	
276.0574	209.03	0.7839645590442661	-0.5504949850834717	
400.1215	35.23	0.7545500349621397	-1.855363423127003	
400.8817	200.6	0.785181308978962	-0.545795913838533	
319.882	200.73	0.7929137069608896	0.5193238795201844	
401.1595	28.1	0.7545500349621397	1.3348607414666345	C22H24O7
401.1701	283.55	0.7545500349621397	0.7837764726532197	
401.262	36.02	0.7545500349621397	-1.0699845859858381	
401.7636	36.02	0.7545500349621397	-1.0965809730068445	
402.2648	36.02	0.7545500349621397	-0.907222903082304	
402.2698	31.56	0.7545500349621397	1.043028177185853	
277.0491	209.3	0.9097810844341675	0.2185968174597182	
320.2068	26.53	0.7545500349621397	-1.2794235660109508	
320.2068	34.71	0.7711281993212598	0.6474466019733817	
320.8764	200.99	0.9507161474226812	0.11365608615139565	
277.083	301.24	0.775521826443576	-0.604688058243459	C16H14O3
403.1374	36.02	0.7898076978415001	0.5298510242084096	
277.9986	214.81	0.772366304665552	0.6338266653002743	
277.9986	219.67	0.7545500349621397	1.2612575471933372	
322.0544	270.23	0.7545500349621397	-1.1708517973425887	
278.0865	300.98	0.7545500349621397	-0.8142812661693861	C16H14O3
404.2066	25.87	0.9217990770067618	-0.18593633970353082	C23H25N5O2
405.1504	357.51	0.8401851347581949	0.39631054374292524	
362.9048	200.73	0.9217990770067618	0.18520655331436123	
405.2099	25.87	0.7545500349621397	0.9300894570856629	C23H25N5O2
406.0437	220.2	0.7545500349621397	1.512440611641502	
362.9564	214.16	0.7545500349621397	-0.9599485047565488	
406.148	357.65	0.7545500349621397	1.7622242353794266	C20H23NO8
407.047	220.33	0.7545500349621397	1.2745808364847524	
363.0155	363.16	0.8580765472370613	0.3483781092120211	
408.0478	388.8	0.7954771303817327	0.5151758474678603	
408.0593	214.68	0.7545500349621397	1.935295852611521	C16H14F3N3O3S
363.1307	270.78	0.7545500349621397	2.7387886705306426	
279.0923	34.18	0.9464469197340396	-0.1283397643512833	C12H14N4O2S,C12H14N4O2S
279.0985	239.7	0.7545500349621397	-1.139950903618274	
279.0985	253.1	0.7545500349621397	-1.993049268735169	
324.0223	198.47	0.008704349469488523	30.783991177986124	
324.0223	204.01	0.7545500349621397	2.1886971203641568	
324.0413	220.46	0.9031769694302011	0.2354977772645594	C16H12ClNO3,C14H11N3O3S
363.955	214.16	0.7545500349621397	0.8618570198371326	
324.2016	26.92	0.7545500349621397	-1.3436072866809503	C12H26O7
324.8975	233.49	0.7545500349621397	1.8400732657247978	
364.007	179.27	0.7545500349621397	-0.9051039692813317	
409.0475	388.93	0.7545500349621397	0.7519212251424232	
324.9598	191.25	0.7545500349621397	-1.306559313607295	
409.062	214.55	0.7545500349621397	1.7486879520049292	C16H14F3N3O3S
409.0669	159.54	0.7545500349621397	1.2559053230890376	
324.9883	233.23	0.7545500349621397	1.8105575204289892	C4H6N4O12
364.2329	27.19	0.7545500349621397	-1.9690568560043964	
364.9526	214.02	0.7545500349621397	-1.0519650494181778	
279.9749	198.86	0.7545500349621397	1.9339896632772207	
279.9749	203.49	0.7545500349621397	1.9395454157869627	
325.0377	213.24	0.7545500349621397	1.8854755252263133	
325.044	220.46	0.7545500349621397	1.5423373376427905	C16H12ClNO3,C14H11N3O3S
410.0455	388.8	0.7729627843555889	0.6241428708641757	
280.0703	269.44	0.7545500349621397	1.542613771154206	
280.092	313.98	0.7545500349621397	1.2265324437147598	C8H20NO6P
410.8791	200.73	0.8744232416952169	-0.31408971076455455	
325.9609	191.51	0.7545500349621397	-0.7239788265525292	
325.9706	205.88	0.9382729295644192	0.14720193095062187	
365.9864	191.64	0.7545500349621397	-1.1510690689654908	
366.0372	389.06	0.7545500349621397	0.7386349146629803	
326.0455	220.33	0.7545500349621397	1.9802533715317963	
326.0565	214.55	0.7545500349621397	1.8843624430565007	
366.1089	263.79	0.8137842898803558	0.4607758125510375	C10H24N2O8S2
366.1089	295.56	0.8394970985618837	-0.39934637366213793	C10H24N2O8S2
326.2172	27.84	0.7545500349621397	-0.9695395173523954	
411.0623	159.54	0.7545500349621397	1.2340226905258191	
411.1343	269.31	0.9217990770067618	-0.1885786039689045	
411.2224	34.71	0.7545500349621397	-0.741977564070314	
326.9966	204.41	0.7545500349621397	-1.841388592760621	
367.056	308.86	0.7890603105612377	0.5317354143828483	
327.0596	214.55	0.7545500349621397	2.3374582712123146	
367.1646	266.16	0.9056612606700566	-0.2295119539185181	C19H19NO4
327.2013	34.84	0.8472506083542517	-0.3785128947488053	C14H30O8
327.2013	45.67	0.7655661479992738	-0.6636063901276966	
412.7461	35.76	0.7545500349621397	-1.2610569170746189	
328.2329	27.71	0.8696924343164989	-0.3266387224373129	
414.2699	28.24	0.7545500349621397	-0.9905954782678837	
414.7618	36.28	0.7545500349621397	-1.1593693665118443	
282.1195	198.07	0.7545500349621397	-2.267369255366323	C11H15N5O4,C10H19NO8
414.8972	200.99	0.9224849780508597	-0.1809220485443184	
282.1911	26.0	0.7545500349621397	-2.1677497551418154	
282.1911	27.45	0.7545500349621397	-1.2153127652387554	
282.1911	35.1	0.7545500349621397	-1.2690068602988638	
329.0497	240.1	0.7545500349621397	-1.8560489250706882	
282.9499	214.16	0.7545500349621397	-1.335755915810064	
369.0761	266.81	0.775521826443576	-0.6099700306594656	C18H16ClFN2O2,C15H20Cl2N2O3
369.1823	24.81	0.7545500349621397	4.058464643361899	C20H29ClO4,C21H24N2O4,C18H28N2O4S
369.2165	249.42	0.7545500349621397	-0.7308749187978872	
329.157	250.73	0.7545500349621397	-2.768291789588852	C19H21NO4
329.2364	27.71	0.8702660013711498	-0.32367700764669627	
283.0632	388.93	0.8787346005371894	0.2884728491623726	
415.2536	34.97	0.7545500349621397	-0.8292833518513604	
330.0134	357.51	0.7545500349621397	0.7453727250812684	
283.1177	28.1	0.7975894132336332	-0.5087471368983997	C14H18O6
415.9019	200.86	0.9085120095682812	-0.22305775688808072	
283.123	198.07	0.7545500349621397	-0.8427677276378054	C11H15N5O4,C10H19NO8
283.1433	241.54	0.8308222099455553	-0.42112522741735314	
283.1433	250.47	0.7545500349621397	2.14204885002717	
283.1543	27.32	0.7545500349621397	0.8787922694046536	C15H22O5
283.1751	34.84	0.7655661479992738	-0.6890165940896656	C12H26O7
283.1751	44.06	0.7545500349621397	-0.7523669967047762	
370.2436	28.1	0.7545500349621397	-0.9406563506742968	
370.7355	35.89	0.7545500349621397	-1.1000829241856849	C40H69O10P
370.7355	65.17	0.8448641807888924	-0.3895538464335599	
330.7878	199.65	0.9464469197340396	0.12567879833061021	
330.7878	201.12	0.7545500349621397	0.8414766631192993	
330.9799	191.77	0.9810945822514364	0.0381804299244565	
416.8556	200.73	0.9627853035267901	0.08453378207436195	
416.8952	200.86	0.7545500349621397	-0.8459027876262588	
331.1304	35.49	0.7545500349621397	1.786089766765778	
417.0049	35.36	0.7545500349621397	0.8800661946481083	
371.2125	357.51	0.775521826443576	0.59700467724696	
371.2275	34.97	0.7545500349621397	-0.819747223665388	C16H34O9
371.2275	46.85	0.7545500349621397	-1.4466921615563648	
371.2559	200.31	0.7545500349621397	-3.463051717612697	
371.2559	202.04	0.7545500349621397	-1.018733489088233	
284.099	167.71	0.02892811839662846	-19.118941838978206	C10H13N5O5
418.0719	35.36	0.7782202936371255	0.5752261373465417	C18H16ClN5O3S
332.0562	198.86	0.7545500349621397	-1.6727833033683261	
332.0562	202.83	0.7545500349621397	-0.9472575389056356	
332.2067	27.32	0.7545500349621397	-2.248214468388186	
418.8537	200.6	0.8342088015945374	0.41220888270052475	
418.9888	217.44	0.8394970985618837	0.40025922079777887	
419.0749	35.36	0.7545500349621397	1.1350138424376515	C18H16ClN5O3S
419.0749	204.67	0.7545500349621397	-1.8138984335226214	C19H18N2O5S2
419.1701	28.1	0.9291049395176486	0.16630017831427188	C22H26O8
332.8941	200.73	0.772366304665552	-0.6399081440027774	
284.9722	198.6	0.7545500349621397	1.2919631680203663	
284.9722	214.29	0.7589817714768322	-0.7136754631192851	
372.1903	300.16	0.7545500349621397	-1.7765786405511743	
285.0556	215.6	0.7545500349621397	-0.8048353659638653	
420.0231	214.81	0.9812604519775738	-0.033003677049472296	
420.0231	219.54	0.7655661479992738	0.6685608325853131	
285.0982	34.84	0.7545500349621397	3.8221511661741854	
333.0411	33.52	0.7545500349621397	-1.643732977574864	
421.0262	214.55	0.7545500349621397	0.831685471964281	
421.0262	219.8	0.9732367963023206	0.06191828454217698	
421.2594	35.76	0.7545500349621397	-1.1440517936148618	C24H36O6
421.7611	35.76	0.7545500349621397	-1.1876931286917132	
333.8975	200.99	0.7729627843555889	-0.6175472975272774	
421.9993	203.49	0.11226234367954842	9.836759425143574	
286.2117	27.19	0.8128494334082077	0.46690285189920006	
422.9878	238.13	0.7545500349621397	1.8610948007775399	C19H12Cl2O5S
423.275	36.28	0.7545500349621397	-1.1350355941131662	C24H38O6,C25H34N4O2
423.7767	36.28	0.7545500349621397	-1.2093022718324986	
287.0448	209.17	0.7545500349621397	-0.7895083365780945	
374.051	313.72	0.7545500349621397	1.3718272562741771	
424.278	36.28	0.7545500349621397	-1.064663706319852	C24H38O6,C25H34N4O2
424.8851	190.98	0.8224396206070789	-0.4428394273299843	
424.9578	362.64	0.7545500349621397	1.458821522866523	
288.0231	240.88	0.772366304665552	-0.6342724099574337	
288.1232	131.43	0.7545500349621397	-2.2884978001680274	
425.0917	240.88	0.7545500349621397	-2.3587128245780895	
425.0917	250.86	0.7545500349621397	-1.862341998521879	
425.0917	251.39	0.7545500349621397	-1.058589870984974	
288.2897	28.24	0.775521826443576	0.5925405665688704	
426.0584	389.06	0.772366304665552	0.6334110645821805	
426.0958	158.22	0.7545500349621397	1.3467415372935494	
376.0608	228.5	0.7545500349621397	-1.3417747698243832	
334.8921	200.73	0.7655661479992738	-0.6630683923074403	
289.0465	191.12	0.7545500349621397	-0.8426821914139425	
289.0465	208.64	0.7545500349621397	-0.7318843753283778	
426.9731	363.29	0.788753756626645	0.5339679003810522	
377.011	188.85	0.7545500349621397	1.394227734441574	
289.0795	257.72	0.7545500349621397	-0.8379448719808731	C12H14N2O5
377.0453	30.21	0.9818350033746307	-0.03121092649251284	
377.0453	35.23	0.89893209222994	-0.24635921813296224	
377.233	35.36	0.7545500349621397	-1.1034687086022834	C40H68NO10P
377.233	59.79	0.7545500349621397	-1.2313568954403213	
290.0821	257.59	0.7545500349621397	-0.8422394638065643	C12H14N2O5
290.1597	27.05	0.7696117186332534	-0.6515597354870345	
428.1301	357.51	0.7545500349621397	1.6372935605836427	C20H23NO8
335.8954	200.73	0.754582628035403	-0.722177390255133	
428.2491	34.71	0.7545500349621397	-1.0462715482229916	C19H33N5O6
290.8837	200.47	0.777932865260228	0.5810984897680596	
290.8837	201.25	0.9320706951593732	0.1605767232970645	
291.0404	205.19	0.7545500349621397	2.5008624911983777	C15H11ClO4
379.0828	221.12	0.7545500349621397	1.078224181061955	C19H17ClN2O3
291.0849	209.3	0.9042182520765374	0.23323417820329884	C15H14O6
291.1935	24.81	0.7545500349621397	0.7474270594661734	
379.2488	35.89	0.7545500349621397	-1.0891064572128188	C22H34O5
379.2682	24.68	0.7545500349621397	-1.486861303029383	
379.7505	35.76	0.7545500349621397	-1.0210800471260253	
336.2017	26.92	0.7545500349621397	-1.1881609175980694	
291.963	201.12	0.7545500349621397	1.924448368226881	
336.8899	200.86	0.7802277201430122	-0.559945403624794	
430.8712	200.86	0.7727161664589295	-0.630151517602382	
336.9857	217.44	0.775521826443576	0.5905652684365261	
292.0161	269.57	0.7545500349621397	1.3691191261893372	
337.0356	33.26	0.7545500349621397	1.9950877386964097	
380.0615	36.02	0.7545500349621397	2.897509300458168	
380.0852	221.12	0.7545500349621397	1.0235632623705813	C19H17ClN2O3
380.2518	35.89	0.7545500349621397	-1.12945175637126	C22H34O5
431.8745	200.86	0.7545500349621397	-1.105124034866247	
292.1756	27.19	0.7545500349621397	-1.6518994910043492	
292.2017	24.68	0.7545500349621397	-2.0842821686450446	
292.9597	214.42	0.7545500349621397	0.7419365641397039	
432.0844	240.75	0.7545500349621397	1.6958062672842844	C18H23FINO2
432.2803	34.97	0.7545500349621397	-1.0798408010968068	
432.2803	48.17	0.7545500349621397	-1.0215580152996906	
381.9368	204.67	0.7545500349621397	-0.8423721029001695	
293.0803	209.43	0.9464469197340396	0.1286013291816938	C18H12O4
432.8691	200.73	0.7545500349621397	-0.7849461080028007	
338.0196	214.55	0.7782202936371255	0.575957100538225	C6H8N3O7P2
338.0196	219.54	0.772366304665552	0.6415487827626106	
433.2838	34.97	0.7545500349621397	-0.9686418332614901	
433.2838	48.3	0.7545500349621397	-0.971795928464061	
293.9475	188.85	0.8401851347581949	-0.39663007089958435	
433.8729	200.86	0.7545500349621397	-0.862170180912504	
294.0483	388.93	0.8452339145709894	0.3881525211854868	
434.125	221.64	0.7545500349621397	0.8305125397090085	C20H21N5O3S
434.3125	24.81	0.7545500349621397	0.795943645436149	
434.7593	35.89	0.7545500349621397	-1.1093844239308586	C46H77O13P
434.8675	200.73	0.9198621997905584	0.2029910753412207	
339.0232	214.55	0.90477449837158	-0.23158185465025943	C6H8N3O7P2
339.0232	219.67	0.7778942165977634	-0.5859950568459492	
339.0486	197.16	0.7545500349621397	-1.078680412241905	C14H13Cl2NS
339.0486	205.19	0.7545500349621397	-2.0299786316296506	C14H13Cl2NS
436.2831	28.37	0.7545500349621397	-1.081884484395352	C46H82NO12P
436.775	36.54	0.7545500349621397	-1.6681436233703608	C46H81O13P
339.996	198.86	0.7545500349621397	0.9842861025790396	
339.996	203.22	0.7545500349621397	1.744005100684806	
385.1128	270.39	0.7545500349621397	0.9702132802722836	C17H20O10
295.0339	162.16	0.7910976981357275	-0.5253888354072074	
437.9732	198.99	0.7545500349621397	1.5056788473032838	
437.9732	202.83	0.7545500349621397	1.624099552680186	
295.0777	357.51	0.7729627843555889	0.6207244953405949	
386.8172	199.52	0.7545500349621397	-2.084628004804917	
386.8172	201.91	0.7545500349621397	-2.725867327335227	
340.9929	203.49	0.7911319535784398	0.5232856698313527	
295.9488	202.44	0.7545500349621397	1.2535707607863396	
341.0285	238.0	0.7545500349621397	2.2849027969465303	
341.0445	205.19	0.7545500349621397	-1.9674789986360746	
296.0089	33.26	0.9732367963023206	0.061372248050767346	
341.1489	270.52	0.7545500349621397	3.0405866973146396	
387.0447	388.93	0.8338036611904918	0.41459467552205675	
387.0849	159.54	0.7545500349621397	0.9010517164869319	
387.18	25.87	0.8744232416952169	-0.3147725022155661	C22H26O6
441.0568	204.93	0.7545500349621397	-1.5792713430903265	
441.1521	28.1	0.8787346005371894	-0.30051943320467456	C22H26O8
296.9261	29.15	0.7545500349621397	-2.001323693992832	
296.9281	199.52	0.20366241283538064	7.887556007533544	
296.9281	202.44	0.7862286031170244	0.5403460609559191	
296.9456	199.26	0.7545500349621397	1.4224220403619305	
296.9456	202.57	0.7545500349621397	1.4972941646719689	
388.0804	363.03	0.8243455832834715	0.4329504181242887	
388.1834	25.87	0.9775286416422796	-0.0498560800740399	C22H26O6
388.2541	34.97	0.7545500349621397	-0.9191122155093314	
388.2541	46.72	0.7545500349621397	-0.9285046610439169	
297.0492	187.41	0.777932865260228	0.5841408985893581	C13H10N2O5
297.0798	221.51	0.7545500349621397	0.8374234539382498	C9H14N4O6
297.1016	30.21	0.9955096157778855	-0.008010679583439626	
342.1526	270.78	0.7545500349621397	3.8801031201748617	
342.1693	240.1	0.7545500349621397	1.0992555518247924	
443.2726	35.89	0.7545500349621397	-1.1079480597787892	
297.1908	31.16	0.848568794709184	-0.374043329678244	
443.7742	35.89	0.7545500349621397	-1.0849440712718188	
444.1527	310.83	0.7545500349621397	-1.0795207997544527	C19H19N7O6,C19H27N3O5S2,C19H19N7O6
342.9704	192.69	0.7545500349621397	-1.4408619157959366	
342.9704	203.88	0.7545500349621397	-0.934945138969007	
444.2756	35.89	0.7545500349621397	-0.9246482521280217	
444.9602	214.16	0.8787346005371894	-0.2940943289674987	
298.0221	205.32	0.7545500349621397	-1.951749042623284	C14H13Cl2NS
298.0333	209.3	0.7545500349621397	1.01600938309922	C38H74O4
389.0803	159.4	0.775521826443576	0.5989639827813903	
445.0748	204.01	0.7545500349621397	-1.067052841101382	
389.2576	34.97	0.7545500349621397	-0.9732568430938169	
389.2576	46.72	0.7545500349621397	-0.7885663586715714	
445.2882	36.41	0.7545500349621397	-1.2291012268148223	
445.7899	36.41	0.7545500349621397	-1.1336172215996605	
343.2955	37.99	0.7545500349621397	-0.7620473448751838	
298.0833	221.51	0.7545500349621397	0.7899642285220801	C9H14N4O6
298.0968	34.58	0.7545500349621397	-1.850296774349279	C11H15N5O3S
298.2224	30.77	0.7545500349621397	-1.1105135179493584	
446.2911	36.54	0.7545500349621397	-1.4157689110814342	
446.296	31.95	0.9320706951593732	-0.1611622650088399	
344.0364	270.1	0.775521826443576	-0.5946291561673056	
390.7329	35.49	0.7545500349621397	-0.9470024985643642	
344.2279	34.84	0.772366304665552	-0.6368523278945637	
344.2279	45.24	0.7545500349621397	-0.7411725660255044	
448.0779	158.49	0.7545500349621397	1.5214128815624983	
299.0439	238.39	0.7545500349621397	1.48496735256164	C12H10N2O5,C9H11FN2O6
299.0649	301.11	0.8580765472370613	0.35034531368777333	C12H15N3O4S,C20H11NO2
448.9552	362.5	0.8767137915607511	-0.3082581788342598	
391.058	266.81	0.9627853035267901	-0.083327614909033	
299.2581	32.34	0.7545500349621397	0.9122217638981492	
345.2314	34.84	0.7711281993212598	-0.6466829563245083	
300.0431	232.05	0.7545500349621397	2.0743188738943092	
450.0747	388.8	0.775521826443576	0.6009961185124765	
392.7486	36.02	0.7545500349621397	-1.2169410368996265	
300.2017	34.84	0.7545500349621397	-0.7817903500610125	
451.1891	251.52	0.8744232416952169	-0.3156972198383172	C24H31ClO6
347.0941	267.07	0.7545500349621397	-0.9267842880475131	C18H16ClFN2O2,C15H20Cl2N2O3
393.0193	35.36	0.7545500349621397	-0.878229534907735	
452.1278	209.3	0.8787346005371894	0.30042772050772754	
393.0621	220.46	0.8518039036842723	0.36357603288336476	
393.2504	36.02	0.7545500349621397	-0.734227421487791	
348.0976	267.07	0.7545500349621397	-0.9687942154877928	C18H16ClFN2O2,C15H20Cl2N2O3
467.3014	36.68	0.7545500349621397	-1.241459382006464	
452.9848	209.3	0.7545500349621397	-0.7946282629498059	
452.9948	35.23	0.7731650654233422	0.61532592508037	
467.803	36.68	0.7545500349621397	-1.1026591004527477	
467.9999	362.64	0.9464469197340396	-0.12697495409617085	
467.9999	363.69	0.7655661479992738	0.6730108563665458	
453.947	202.04	0.7545500349621397	1.3007340301667851	
469.0179	389.06	0.7802277201430122	0.5617765404340048	
560.3278	34.97	0.7545500349621397	-1.1352597608695987	
469.1801	360.14	0.7545500349621397	0.8885622552909764	
469.1801	365.82	0.7545500349621397	1.7243633130474976	
454.9447	202.04	0.7545500349621397	0.9345302969461485	
454.9887	35.23	0.7545500349621397	-0.7908459983237622	
454.9887	52.66	0.7655661479992738	0.6721646771686438	
395.2922	24.81	0.7545500349621397	-3.169573294039794	
455.1606	268.91	0.7545500349621397	-0.9381365562805757	C24H29ClO5,C22H28N2O5S
455.2487	34.84	0.7545500349621397	-0.9944074456031499	C20H38O11,C24H38O6S
455.9454	202.04	0.7545500349621397	2.9645282456355218	
470.0188	388.8	0.8890924025164075	0.27027766862993424	
455.9804	425.87	0.8137842898803558	0.46022168106941896	
561.024	35.76	0.7545500349621397	-0.746700991342968	
561.024	202.96	0.9291049395176486	0.1679729420939726	
561.3313	31.42	0.7545500349621397	-0.8392452023776469	
561.3313	34.97	0.7545500349621397	-1.103577658327928	
561.3582	35.89	0.775521826443576	-0.6052310658376291	
471.0158	388.93	0.775521826443576	0.5899929867316492	
396.2941	24.81	0.7545500349621397	-2.218964811506147	
458.2961	28.24	0.7545500349621397	-0.9742582996839931	
458.3325	28.1	0.7545500349621397	0.7666154236113433	
472.2753	34.84	0.7545500349621397	-1.027712381191924	
473.1712	252.31	0.7545500349621397	0.8161105606429899	C24H31ClO6
474.0314	220.2	0.7545500349621397	2.408198165835125	
564.359	35.23	0.7545500349621397	-1.1813799168023489	
564.359	54.5	0.7545500349621397	-1.1858970250432632	
460.3117	28.76	0.9217990770067618	0.188602951741583	
397.9108	203.88	0.9474074755622733	0.12055322962303572	
475.0647	35.63	0.9121222920269894	-0.21468321411186228	C20H20O10S
475.0647	220.33	0.7545500349621397	0.7232595104477582	
461.0489	203.49	0.8787346005371894	0.2995576061903499	
461.0858	220.72	0.7545500349621397	1.2800971843860918	C25H16O9
565.3625	35.23	0.7545500349621397	-1.1445873239324151	
565.3625	53.97	0.7545500349621397	-1.0210012089604812	
462.0455	203.49	0.8787346005371894	0.28800943455263023	
398.0428	228.37	0.7545500349621397	-1.3647608053054534	
476.3037	35.1	0.7545500349621397	-1.1248078246297581	
476.3037	49.61	0.7545500349621397	-1.139274272415444	
566.3647	35.23	0.7545500349621397	-1.2913316902755976	
398.2406	24.81	0.7802277201430122	-0.5602182296743604	
476.9708	35.36	0.8787346005371894	0.2881747535774761	
476.9708	52.66	0.7545500349621397	1.4508790386449903	
477.0228	202.96	0.7545500349621397	0.7622139128426506	
477.1425	269.18	0.8472506083542517	-0.3785543826883844	
566.9654	362.64	0.7545500349621397	0.8278591128507653	
399.0275	36.02	0.7545500349621397	2.9142582928894964	
399.0275	52.92	0.7545500349621397	1.3445425460799598	
477.3098	35.1	0.7545500349621397	-1.1202111699189135	
477.3098	49.61	0.7545500349621397	-0.9839883811574506	
477.973	35.36	0.7684541980484205	-0.6560017184412434	
478.0201	203.09	0.7545500349621397	2.082686210375438	
464.8776	190.72	0.9224849780508597	-0.18179220491925321	
464.8776	193.22	0.9810945822514364	-0.0389117700477669	
464.8776	195.97	0.8326555415589258	-0.4169632459513685	
399.2463	35.49	0.7545500349621397	-1.0827208182383161	
399.748	35.63	0.7545500349621397	-1.2032432650824352	
399.748	63.46	0.7545500349621397	-1.196551567088098	
568.3614	29.15	0.7545500349621397	-0.8603865712061247	C27H54NO9P
568.3614	34.84	0.7545500349621397	-1.0007029291964709	
465.2857	36.15	0.7545500349621397	-1.2821691575893963	
465.7874	36.15	0.7545500349621397	-1.0857272646672282	
568.863	29.29	0.7545500349621397	-1.0049017935155717	
568.863	34.84	0.7545500349621397	-1.0087310591856893	
480.3092	28.5	0.7545500349621397	-0.9293186718856248	
480.3092	34.58	0.8518039036842723	-0.3621099086634747	
466.2888	36.28	0.7545500349621397	-1.0824527274687632	
480.8109	28.63	0.7545500349621397	-0.9500407007123389	
570.0499	220.06	0.7545500349621397	1.6834987641483652	
571.0532	220.2	0.7545500349621397	1.4190471263757622	
482.3245	127.58	0.7545500349621397	1.4102397526248438	C23H48NO7P,C25H43N3O6
572.0656	214.94	0.7545500349621397	1.974094625006178	
485.2894	24.81	0.8857500797737536	-0.2763646162596304	
486.9762	217.44	0.7545500349621397	2.085244949374536	
575.3513	35.36	0.7545500349621397	-1.480898011260418	
575.6993	35.89	0.7545500349621397	-0.8179517979183031	
487.2988	36.41	0.7545500349621397	-1.2816736034794756	
487.3526	122.19	0.7545500349621397	-0.7532768824900758	
487.8004	36.41	0.7545500349621397	-1.2071372683163761	
488.0468	220.2	0.7545500349621397	1.4787744515702315	
576.0337	36.15	0.7545500349621397	-0.7578510930206795	
488.3008	36.54	0.7545500349621397	-1.054814221181891	
488.356	122.33	0.8472506083542517	-0.38025315646974484	
577.3668	38.51	0.7545500349621397	-0.895591273598771	
577.8696	38.51	0.7545500349621397	-0.8335446823083831	
489.0502	220.2	0.7545500349621397	1.6013770258187976	
489.3144	37.07	0.7545500349621397	-1.2233998109495978	
489.8161	37.07	0.7545500349621397	-1.063779590295683	
672.006	217.44	0.7655661479992738	0.6690369865154796	
490.0624	214.81	0.7545500349621397	1.6458090960451417	
582.0727	35.63	0.8785325035403568	0.30334299892619493	
582.0727	52.92	0.7545500349621397	1.600077564153317	
582.9951	217.18	0.7782202936371255	0.5753578132591202	
494.3245	126.79	0.7545500349621397	0.7655670105386604	C24H48NO7P,C24H48NO7P
584.0292	214.94	0.8978761484366158	-0.25071720363654265	
584.0292	219.54	0.9627853035267901	0.08300549804249711	
674.4437	35.49	0.7545500349621397	-1.0496531903026518	
674.7784	35.36	0.7545500349621397	-0.906601537305322	
704.1289	35.76	0.7545500349621397	-1.0761700860168686	
704.2127	24.02	0.9891642938186269	-0.018469913851984543	
704.5399	150.58	0.8767137915607511	-0.30750185940734254	
500.874	363.16	0.8787346005371894	0.2906060121943398	
500.9919	217.83	0.7725040748245914	0.6319885177060514	
501.9952	217.44	0.7545500349621397	1.006353178540639	
502.0261	214.94	0.9987809172962794	-0.0016254444996556638	
502.0261	219.41	0.8735347976648445	0.31807717533853885	
502.1852	240.62	0.7545500349621397	-3.50088644304023	
502.3161	24.94	0.9800084785964667	0.04260656485182788	
502.3222	28.24	0.7545500349621397	-0.9080541189593949	
502.3222	35.1	0.7545500349621397	-0.8245698404167966	
502.8239	28.63	0.7545500349621397	-0.9174744390428682	
502.8239	34.71	0.8908186665026172	-0.2671643061375391	
590.3749	36.28	0.8593465308550321	0.3442449289510589	
503.1176	360.4	0.775521826443576	0.5998698707262822	
503.1176	361.19	0.8019934511873416	-0.49414649452466197	
503.1176	365.13	0.775521826443576	0.6077671490774883	
590.709	36.28	0.7545500349621397	-1.0727735099814295	
590.876	29.42	0.7545500349621397	-0.9671797620687771	
590.876	34.84	0.7545500349621397	-1.0669595647193342	
504.1155	360.4	0.7545500349621397	1.6347484748653462	
504.1155	365.26	0.7545500349621397	1.284969682444186	
591.3783	36.28	0.7545500349621397	-0.7910411492780302	
504.338	29.02	0.7545500349621397	0.7431178602648463	
678.291	269.04	0.7655661479992738	-0.676840744791347	
678.4269	28.24	0.7545500349621397	-0.9752335366708696	
678.4269	30.34	0.7545500349621397	-1.0762765749383163	
678.4269	35.1	0.7545500349621397	-0.905285811115297	
678.4269	38.12	0.777932865260228	-0.5824824768896831	
678.7924	268.65	0.8960262170280725	-0.25601034692780433	
509.3119	36.54	0.7545500349621397	-1.2231149813942894	
509.8137	36.68	0.7545500349621397	-1.1239113590883278	
597.0107	217.83	0.7545500349621397	-0.906354147269158	
598.0141	217.83	0.7545500349621397	-0.8797446674347283	
678.9286	30.34	0.7545500349621397	-1.0546211273455413	
678.9286	31.42	0.7545500349621397	-1.3122662096284874	
678.9286	35.1	0.7545500349621397	-1.136600006944253	
511.3276	37.2	0.7545500349621397	-1.3561774533702526	
599.0157	217.83	0.9017475797823484	-0.23919949328419116	
511.8293	37.2	0.7545500349621397	-1.0948511617444414	
679.0137	217.83	0.7727161664589295	-0.6297370084301136	
512.8745	200.73	0.7545500349621397	1.636839466972106	
513.1062	228.11	0.7545500349621397	2.5439608765334523	
514.8327	200.73	0.8042576401796895	0.4842797343851758	
514.8724	200.73	0.7545500349621397	-0.7401856777443127	
679.5154	217.31	0.7545500349621397	-0.9752385815477307	C40H70O8
603.5226	200.18	0.7545500349621397	-1.4054717136335169	
603.5226	202.17	0.7545500349621397	-2.656467498434807	
515.1609	240.88	0.7545500349621397	-1.6974571166889183	
515.1609	250.86	0.7979845567536251	-0.5071387019331213	
604.3539	35.1	0.7545500349621397	-1.2057755470260005	
604.3539	50.95	0.7545500349621397	-1.2641687648103221	
605.0504	36.54	0.7545500349621397	-0.9055318120174676	
516.1282	221.12	0.7545500349621397	1.047745950693047	
516.3016	34.84	0.7545500349621397	-1.1108132994772442	C26H45NO7S,C26H45NO7S
605.3573	35.1	0.7545500349621397	-1.101416377279796	
605.3573	50.82	0.7545500349621397	-1.0089358681687768	
605.3845	36.41	0.8696924343164989	-0.32696953476537155	C31H57O9P
516.8308	200.86	0.9622779896699911	0.08764096406750171	
680.0171	217.83	0.7545500349621397	-1.2200160539346976	
516.9976	35.36	0.7545500349621397	-0.9616160317286007	C70H123N27O13
517.0123	217.83	0.7545500349621397	-0.9993095451102001	
517.305	34.84	0.7545500349621397	-1.0583179964642184	C26H45NO7S,C26H45NO7S
517.3309	35.36	0.7545500349621397	1.4095364209804557	
518.0157	217.7	0.7545500349621397	1.6112775252747236	
518.3536	28.37	0.7782202936371255	0.578217523419594	
608.3853	35.36	0.7545500349621397	-1.218135085220827	
608.3853	57.16	0.7545500349621397	-1.2162961969530386	
609.3887	35.36	0.8787346005371894	0.297134816726819	
521.3363	35.1	0.7545500349621397	-1.1715627437473666	
521.3363	51.87	0.7545500349621397	-1.1634514458718017	
610.3911	35.36	0.7545500349621397	-1.119263473710109	
523.0984	240.1	0.7655661479992738	0.6812922132771361	C20H20Cl2N8O5
523.0984	251.91	0.8953400092413731	0.26054374791864465	
610.8514	200.86	0.8164971495692233	-0.4540157782999836	
611.3142	124.3	0.7545500349621397	-1.1103839776207356	C37H42N2O6
524.0228	35.23	0.7545500349621397	-2.27733328634235	
524.0228	52.66	0.7545500349621397	-2.4730796832089963	
681.0189	217.7	0.7545500349621397	-1.7642620111892036	
524.3352	28.89	0.7545500349621397	-0.9382253135527475	C26H38N6O3
524.3352	34.71	0.7545500349621397	-0.7240428248875194	
524.8369	28.89	0.7545500349621397	-0.9417968821971038	
524.8369	34.71	0.7862286031170244	-0.5381279268011201	
525.0252	35.23	0.7545500349621397	-2.010688643461979	
525.0252	52.66	0.7545500349621397	-2.4722953603597824	
526.024	35.1	0.7545500349621397	-2.162949356277074	
526.024	52.66	0.7545500349621397	-1.6398604759491524	
526.0979	360.27	0.7545500349621397	1.1373916444656622	
526.0979	365.95	0.7545500349621397	1.2842967767036073	
526.1223	241.28	0.7545500349621397	-2.0527381756153145	
526.1223	250.47	0.8042576401796895	-0.485155856420199	
612.3877	29.68	0.7545500349621397	-0.9792330532735679	
612.3877	34.97	0.7545500349621397	-0.873303510288642	
527.1425	278.14	0.7545500349621397	2.276285352157432	
527.1782	257.59	0.7545500349621397	-0.8745355131786055	
612.8094	200.73	0.7731650654233422	-0.6155726701042622	
612.8498	200.73	0.9217990770067618	0.1921365394268337	
612.8894	29.81	0.7545500349621397	-0.9697100827938427	
612.8894	34.97	0.7545500349621397	-0.9922636010982289	
528.0172	34.84	0.8836716841657121	-0.27991914656032735	
528.0172	52.66	0.9812604519775738	-0.03315433746702911	
528.3933	124.43	0.7545500349621397	-1.471076105449235	
528.8483	200.86	0.7696117186332534	-0.6516799117701221	
529.8517	200.73	0.9642529644698277	0.07912356389928361	
530.3475	24.81	0.7545500349621397	-1.8588512574126983	
708.0989	220.46	0.7545500349621397	1.6723286374074757	
530.403	124.43	0.7545500349621397	-1.3894208490931863	
530.8465	200.86	0.7545500349621397	-0.8777258974222152	
531.1241	240.1	0.7545500349621397	-2.2048368302248895	
531.1241	251.39	0.7545500349621397	-2.6809323016970157	
531.325	36.81	0.7545500349621397	-1.2273818732791573	
531.4057	124.43	0.7545500349621397	-1.2482979541924122	
531.6729	35.49	0.7545500349621397	-1.196577365579332	
531.8267	36.68	0.7545500349621397	-1.2303228091883174	
708.2139	221.51	0.7655661479992738	0.6731254064204542	
618.2358	240.1	0.7545500349621397	-2.9799780756376015	C33H36N3O7P
618.2358	251.52	0.8960262170280725	0.25452374799033345	C33H36N3O7P
618.7376	240.23	0.7545500349621397	-1.7683370570401833	
618.7376	251.78	0.7545500349621397	-0.9104646793191277	
532.8449	200.73	0.7545500349621397	0.8441134154441174	
619.2361	240.49	0.7545500349621397	-3.64456591690501	C33H36N3O7P
619.2361	251.91	0.7545500349621397	-1.1811530059108337	C33H36N3O7P
619.7256	36.81	0.7545500349621397	-0.8969242630339462	
533.3407	37.73	0.7545500349621397	-1.123554408833306	
533.8424	37.86	0.7545500349621397	-1.0094406649449186	
620.06	36.68	0.7545500349621397	-1.0627984501826868	
620.394	36.94	0.7545500349621397	-0.8090774905825028	
536.1216	241.02	0.7545500349621397	-2.192082147243342	C20H22N8O6S2
536.1216	251.52	0.7545500349621397	-1.124626439146243	C20H22N8O6S2
537.117	240.62	0.7545500349621397	-1.5913940122510075	
537.117	251.13	0.7545500349621397	-1.7008420927002332	
625.0922	220.46	0.7545500349621397	1.8901688332856152	
538.1192	251.65	0.7545500349621397	-3.3269088556682433	
625.9852	216.52	0.7545500349621397	-2.080894351055232	
625.9852	219.01	0.7545500349621397	-1.7444330017933332	
626.8253	200.73	0.7545500349621397	-0.7371340860075494	
627.8286	201.12	0.8128494334082077	0.46609638452330177	
628.824	200.73	0.8518039036842723	-0.36413047208183014	
629.2268	239.31	0.7545500349621397	0.7999431438224605	
629.2268	253.23	0.9629502777068265	-0.08180755537518083	
541.049	34.97	0.7545500349621397	-1.4721127402477718	
541.049	52.79	0.7545500349621397	-1.5653414937951737	
630.4176	30.07	0.7545500349621397	-1.1676241881797504	
630.4176	35.23	0.7655661479992738	-0.665173801524196	
542.9657	363.16	0.7838731261854547	-0.5515656298947869	
543.089	220.59	0.7545500349621397	1.3584911567130236	
545.0182	216.91	0.9291049395176486	0.1683372112879853	
545.1654	362.24	0.7640425345829879	0.7012834135287673	C27H28O12
546.3485	35.49	0.7545500349621397	-0.8084753512733582	
546.6831	35.76	0.7545500349621397	-0.7327531516421197	
546.8501	29.02	0.7545500349621397	-0.9181832188797232	
546.8501	34.71	0.7545500349621397	-0.8587485838613161	
634.9023	30.07	0.7545500349621397	-0.9552254750430623	
634.9023	34.97	0.7545500349621397	-0.8232297632284635	
635.4042	28.24	0.7545500349621397	-0.8967352409829754	
635.4042	29.81	0.7545500349621397	-1.0474321522361139	
635.4042	34.97	0.7545500349621397	-0.9299418046530377	
635.4042	36.81	0.7545500349621397	-0.931210968835025	
547.3523	28.24	0.7545500349621397	-1.0704298437495323	
547.3523	34.97	0.7655661479992738	-0.69030518594278	
548.3642	29.15	0.7545500349621397	-0.7653232428548123	
638.0122	217.83	0.9217990770067618	0.19099629964927298	
638.5139	217.44	0.9812604519775738	0.03588795152865406	
551.3816	124.43	0.7655661479992738	-0.6852241855980893	
551.9241	202.04	0.7545500349621397	1.0777603727398393	
640.9325	363.16	0.7545500349621397	0.887433713251104	
552.3849	124.3	0.7545500349621397	-1.6742878703708837	
553.338	35.36	0.7545500349621397	-1.3114698906968065	C30H48O9
553.338	37.2	0.7545500349621397	-1.2717866119754844	C30H48O9
643.1328	362.5	0.7545500349621397	0.8659495008810796	
644.135	362.64	0.775521826443576	0.5899129827887594	
555.3538	37.86	0.7545500349621397	-0.872786462764271	C30H50O9
555.8554	37.99	0.7545500349621397	-0.8674302129643227	
645.0931	35.36	0.7545500349621397	-0.7529745950183744	
645.1293	362.11	0.9357817500430803	0.151969962988995	
645.4277	35.23	0.7655661479992738	-0.6911102616906003	
556.0343	220.2	0.7545500349621397	0.835209889348577	
711.2691	252.18	0.9468513348600698	-0.1241858815816353	
648.3802	35.1	0.7545500349621397	-1.200892846692459	
648.3802	52.79	0.7545500349621397	-0.9812275737377562	
649.0762	37.2	0.7545500349621397	-0.9154401391689306	
649.3834	35.1	0.7545500349621397	-1.2156935962644215	
649.3834	53.32	0.7545500349621397	-1.0522012763676152	
649.4109	37.33	0.7655661479992738	-0.6645904935034374	
650.9826	216.91	0.8224396206070789	0.441135430067711	
651.3068	124.16	0.7652800598630739	-0.696562277164756	
652.0529	220.06	0.7545500349621397	1.432500771187915	
652.3091	124.16	0.7545500349621397	-0.9278893689727339	
653.0563	219.93	0.7711281993212598	0.6485105746017961	
654.0685	214.81	0.7545500349621397	1.515826962777281	
656.414	30.21	0.7545500349621397	-1.0841653430545513	
656.414	34.97	0.7545500349621397	-1.2687703793175014	
656.9154	30.21	0.7545500349621397	-1.1202338134725225	
656.9154	34.97	0.7545500349621397	-0.994037909759612	
659.7685	35.49	0.7545500349621397	-1.064963336634937	
660.103	35.36	0.7545500349621397	-0.7450133810545296	
713.0073	217.44	0.7975894132336332	0.5099855344823081	
689.4537	35.63	0.7975894132336332	-0.5115196658066833	
663.7517	37.73	0.7545500349621397	-0.7697753310092526	
664.9981	217.18	0.788753756626645	0.5330696417984446	
666.0321	215.21	0.7782202936371255	-0.5779949717801587	
666.0321	219.41	0.7797894134411055	-0.5659545086274381	
760.361	242.72	0.7545500349621397	1.0853830506621014	
760.5049	28.5	0.7655661479992738	-0.6625740230868481	
760.5049	34.84	0.8960262170280725	-0.2539918030745613	
760.9987	28.5	0.7652800598630739	-0.6962039749132635	
760.9987	34.84	0.772366304665552	-0.6418506504690998	
761.0168	217.44	0.8042576401796895	-0.4846638353502136	
761.4989	28.5	0.7545500349621397	-0.7924526291446353	
761.4989	34.71	0.7545500349621397	-0.7329078453689596	
761.5185	217.83	0.9217990770067618	-0.19399572998084771	
692.4063	35.23	0.7545500349621397	-1.177455479956898	
692.4063	55.98	0.7545500349621397	-1.3381448177079411	
762.0202	217.44	0.7545500349621397	-0.8258695233278561	
735.0602	220.06	0.7545500349621397	1.553295001479663	
735.1747	221.12	0.7545500349621397	1.0280114676505168	
693.4095	35.23	0.7545500349621397	-1.1829273106079545	
693.4095	55.58	0.7545500349621397	-0.9690134359117033	
716.4767	28.37	0.7545500349621397	-0.8124373237331616	
716.4767	34.71	0.7545500349621397	-0.8816480843468422	
763.022	217.18	0.7545500349621397	1.434278347203565	
763.022	217.96	0.7545500349621397	-0.9253233890032337	
716.9804	28.5	0.7545500349621397	-1.6589058048050227	
716.9804	34.71	0.7545500349621397	-1.722079049068354	
736.0634	220.2	0.7545500349621397	0.7761006325662378	
736.0714	215.08	0.7545500349621397	2.4226023967403627	
694.4636	28.5	0.7683919504819179	0.6570866780581669	C35H68NO10P
694.4636	34.71	0.7545500349621397	0.8428264822098662	
736.4325	35.36	0.7545500349621397	-1.2126259231812893	
736.4325	58.87	0.7545500349621397	-1.1407363478755674	
718.0233	135.24	0.7545500349621397	-1.3317621982576093	
737.4359	35.36	0.7545500349621397	-1.1390251447696431	
718.8036	35.89	0.7545500349621397	-0.7385823397360666	
737.7863	240.62	0.7545500349621397	-2.305313787849014	
737.7863	250.99	0.7655661479992738	-0.6875884715067502	
766.4798	28.37	0.7545500349621397	-1.0389583249959673	
766.4798	35.36	0.7545500349621397	-0.7759969121879746	
738.4912	28.5	0.7729627843555889	-0.6190489509021013	C41H68O11
738.4912	34.71	0.7545500349621397	-0.7256295114049135	C41H68O11
738.7857	240.62	0.7545500349621397	-1.3266515693584808	
738.7857	251.26	0.7545500349621397	-1.0967015778545162	
697.4411	35.63	0.7545500349621397	-1.1652710543792588	
697.4411	63.59	0.7545500349621397	-1.2826507586427929	C38H65O9P
738.9936	28.5	0.8529489999651864	0.35974230901482457	
738.9936	34.71	0.8507137328667087	0.36722492129095824	
739.1012	135.54	0.9323962190998071	0.15919749129495755	
720.0152	217.83	0.7655661479992738	-0.6786463446949705	C15H25N5O20P4
739.4835	28.63	0.7545500349621397	-0.7259082705161478	C38H65NO8S
739.4835	34.71	0.810221856464305	-0.4729818162369354	
720.5168	217.44	0.7545500349621397	-1.7321166266844306	
768.226	251.13	0.7545500349621397	-1.1575524341757581	
768.538	24.81	0.7545500349621397	-3.8425537473318987	
740.2853	241.15	0.7545500349621397	-2.1086903421135976	
721.018	217.18	0.7545500349621397	-0.8428676708462618	C15H25N5O20P4
769.5003	28.63	0.7545500349621397	-0.8813134021429991	
769.5003	34.84	0.8586407735952081	-0.3460653977028029	C38H72NO12P
769.5412	24.81	0.7545500349621397	-3.891082281959333	
721.6364	220.85	0.8953950965495925	-0.2585771847795841	
741.2834	240.49	0.7862286031170244	0.5398733454152003	
741.2834	250.99	0.7729627843555889	0.6219289388474533	
741.4674	35.89	0.7545500349621397	-1.2176929567617771	
741.4674	67.7	0.7545500349621397	-1.0534074393345223	C40H69O10P
700.4403	35.1	0.7545500349621397	-1.416945919992389	
700.9415	35.23	0.7545500349621397	-0.9592773221416152	
771.2233	241.28	0.7545500349621397	-1.6375637314615559	
773.2201	241.54	0.7545500349621397	-1.189191917566658	
789.9911	216.13	0.7545500349621397	-2.152449556202128	
789.9911	218.75	0.7545500349621397	-0.7299569738749915	
774.2208	241.02	0.7545500349621397	-0.9656482846900987	
774.2208	243.77	0.7545500349621397	1.7629161677799854	
774.2208	250.86	0.824635488144296	-0.4307108990630859	
744.968	35.23	0.7545500349621397	-1.1174650220377185	
726.8025	200.73	0.8019934511873416	0.49378845024450324	
747.0012	217.44	0.8216903001109217	0.44643695266319144	
776.5065	219.8	0.7545500349621397	1.178116630873719	
747.0703	35.23	0.9224849780508597	-0.18233508926198874	
795.0107	217.83	0.7545500349621397	1.2487349919925772	
748.0035	217.96	0.7545500349621397	1.4017906185316582	
748.0356	215.08	0.775521826443576	0.594303024636468	
748.0356	219.8	0.7545500349621397	3.1223982213775634	
748.5709	35.36	0.7545500349621397	-0.7672793899154949	
749.2758	239.18	0.7545500349621397	0.8091542704375037	
749.2758	253.23	0.7655661479992738	-0.6699900572999093	
780.4588	35.49	0.7545500349621397	-1.160510455225877	
780.4588	62.28	0.7545500349621397	-1.1636822359170798	
802.0185	217.83	0.7640425345829879	-0.7018971202708632	
803.0209	217.57	0.7545500349621397	-1.3448469856795915	
751.5113	24.81	0.7545500349621397	-1.0964800178237406	C46H70O8
804.531	28.76	0.7545500349621397	-0.7627795583640915	
804.531	34.97	0.785345520044886	-0.5430415829122452	
782.5179	28.63	0.7545500349621397	-0.7713691900369246	
782.5179	34.84	0.8224396206070789	-0.4394554442600421	
805.0325	28.76	0.7545500349621397	-0.8391699364498253	
805.0325	34.97	0.8295172537120903	-0.4236894095845025	
805.5295	28.63	0.7545500349621397	-0.8158675080539501	
805.5295	34.97	0.8463788480387264	-0.3857886684413766	
783.0198	28.63	0.7545500349621397	-0.7775362668463258	
783.0198	34.84	0.9204330007704338	-0.19939295477581107	
783.5211	28.63	0.7545500349621397	-0.7566790959575282	
783.5211	34.97	0.7545500349621397	-0.8139805824893913	
753.2576	241.02	0.7545500349621397	-1.0208194307064582	
753.2576	250.73	0.7545500349621397	-1.4781791729309481	
843.0199	217.83	0.7545500349621397	-0.7820236967611924	
843.5215	217.44	0.7545500349621397	-0.9522647161293555	
754.009	217.83	0.8472506083542517	0.3824352233774234	
844.0233	217.44	0.7545500349621397	-0.8475043731532307	
754.5106	217.57	0.7545500349621397	0.9837261437747691	
848.5571	29.02	0.7545500349621397	-0.7279813290973809	C48H79O10P
848.5571	35.1	0.8216903001109217	-0.4447237925603027	C48H79O10P
849.0589	29.02	0.7545500349621397	-0.8047101711746033	
849.0589	34.97	0.7729627843555889	-0.6229285877301385	
849.5574	29.02	0.7545500349621397	-0.9240643689378659	C48H79O10P
849.5574	34.97	0.7545500349621397	-0.7308716746413817	C48H79O10P
816.0594	219.93	0.7545500349621397	1.7325182820521658	
856.3345	240.62	0.7545500349621397	-2.029795533694586	
856.3345	250.99	0.7545500349621397	-0.9425664215697453	
856.8357	240.62	0.7545500349621397	-2.8797438890832554	
817.2444	361.72	0.7545500349621397	0.9289798868187712	
759.2675	252.83	0.7545500349621397	0.8958745677905018	
870.5699	29.42	0.7545500349621397	-0.9377787921133779	
870.5699	35.1	0.7596756955208962	-0.7117882107314806	
871.5715	29.29	0.7545500349621397	-0.905944204524313	
871.5715	35.1	0.7545500349621397	-0.750813876737343	
824.485	35.76	0.7545500349621397	-1.1695338412204934	
826.5438	28.89	0.7545500349621397	-0.8155065688933385	
826.5438	34.97	0.8563438322840534	-0.3545692363281451	
877.0134	217.04	0.9785655261973469	-0.047496674031128915	
827.046	28.89	0.7545500349621397	-1.7915468637500767	
827.046	34.97	0.7545500349621397	-1.3350605701282496	
827.5419	28.76	0.7545500349621397	-0.8246208504543688	
827.5419	34.97	0.7797894134411055	-0.5656841303017348	
828.5164	36.15	0.7545500349621397	-1.1907220048305969	C45H71O9P
829.0044	217.31	0.7545500349621397	0.8834954540580775	
829.5398	219.41	0.7979845567536251	0.5035196556706669	
884.0211	217.83	0.7545500349621397	-1.804729190621351	
830.0406	219.67	0.7545500349621397	1.366631192634725	
884.5231	217.44	0.7545500349621397	-1.7781416282210987	
892.5828	29.81	0.7545500349621397	-0.9207876504120024	
892.5828	35.23	0.777932865260228	-0.5816405179162595	
893.0849	29.81	0.7545500349621397	-0.8631427501900311	
893.0849	35.1	0.7545500349621397	-0.7659729626512494	
893.5857	29.68	0.7545500349621397	-0.9375242000734627	
893.5857	35.1	0.8394970985618837	-0.39904721292760537	
914.596	30.07	0.7545500349621397	-1.0515017092919603	
914.596	35.23	0.7836337566942677	-0.5543025836062659	
915.098	29.81	0.7545500349621397	-1.1386285079573457	
915.098	31.42	0.8042576401796895	-0.4869618176745003	
915.098	35.23	0.7664154404479032	-0.660521483056096	
925.023	217.44	0.7545500349621397	-0.7472876555821643	
925.5244	217.83	0.8507137328667087	0.36745126670433864	
926.0261	217.44	0.7545500349621397	-1.647576290375112	
959.0162	216.91	0.9948273080457104	0.009930136683255092	
966.0243	217.31	0.7545500349621397	-0.8879145583265691	
966.5255	217.57	0.9217990770067618	-0.18590758995455714	
976.3867	241.54	0.7545500349621397	-1.7502587946888783	
977.3833	241.54	0.7545500349621397	-1.6270200423731518	C44H64O24
978.384	241.41	0.7545500349621397	-1.3983963059231197	C44H64O24
978.384	250.47	0.7545500349621397	0.8582569169018412	C44H64O24
