m/z	rtime	p-value	t-score	custom_id
132.0446	28.24	0.007068125261883879	-9.155626318062133	C8H5NO
132.0527	159.14	0.01780565464553261	-5.906561759524265	
132.0769	252.96	0.0938467482829651	-2.849427447647373	C4H9N3O2
175.2036	358.7	0.6915708968027872	-0.5705948473517496	
218.0653	269.18	0.0064405236919727795	-9.784497717217771	
132.1152	265.76	0.0064405236919727795	-9.775450189281244	
218.1249	295.96	0.13820072924095936	-2.3946586838488555	
73.0848	209.69	0.018367538260810886	-5.828975136934335	
176.0295	216.13	0.002279771944424919	-19.39010541505401	
132.9874	108.14	0.04712243491080303	-3.8723061729040977	
132.9874	110.9	0.08370447207494776	-3.0255414417653945	
132.9874	112.74	0.307025172229601	-1.4856873403868704	
132.9874	213.89	0.4258263120095002	-1.131180809851494	
133.0279	362.77	0.8864844446704426	0.22207492500549694	
218.9434	200.73	0.3026419127284832	-1.5025498839830707	
133.0801	252.83	0.14926084455568261	-2.2969187852518638	C4H9N3O2
133.0861	26.79	0.007436389016301871	8.84714333811213	
219.0267	204.67	0.023232934856603625	5.2401821884312	
133.1014	25.2	0.45581032621304834	1.0590423540061735	
133.1014	27.84	0.3178789337035627	-1.4451425245845613	
219.0476	192.56	0.2998032084155329	1.514426977139621	
219.0576	269.31	0.007844730014547548	-8.573646134642456	C13H11ClO,C11H10N2OS
133.1222	266.16	0.0058383945929304905	-10.620307722362327	
133.1247	265.76	0.0029469408629447646	-16.196199848827938	
176.8754	200.73	0.31087023302580674	-1.4714218962304533	CK2O3
219.9076	198.21	0.8586619796445979	-0.27105736587796103	
219.9076	205.06	0.08424327066703848	3.01488711545367	
134.0353	190.85	0.0064405236919727795	10.053925118763361	C5H8O2S
219.9468	200.73	0.20987464632404496	-1.901245459949271	
134.0813	41.57	0.006815703836816475	-9.446162361840937	C5H11NO3
134.0813	48.95	0.08616476259552813	-2.978886708375937	C5H11NO3
220.03	198.21	0.010219551431025877	7.537716954194756	
220.03	204.67	0.02271922463342571	5.293811788478667	
220.03	210.74	0.030853890817174393	4.646209941041847	
220.0371	198.07	0.5604661792966406	-0.8189583435061334	
220.0371	204.54	0.017963314827222014	5.881731189735781	C9H11NO3
220.1181	179.0	0.5028070537141637	0.9432755564402647	C9H17NO5
177.8883	200.73	0.050258989033696175	3.744954332193434	
135.0277	190.72	0.007475431862283999	8.778040793584472	
177.9668	200.99	0.8859579997143717	0.22368549207869382	H2KO4P
178.0242	202.96	0.0029469408629447646	-16.312588062817678	
178.0711	191.12	0.013271241928051973	-6.673879487099927	
220.9016	200.73	0.5743608253664387	-0.7887671408945444	
220.9415	200.6	0.5654585395284685	-0.8059246461266382	
220.9475	200.6	0.3549124878068502	-1.3306129370872783	
135.0635	50.0	0.06038130998957628	3.4757400994495806	C8H7NO
221.0248	198.21	0.01239239839577613	6.869612181133264	
221.0248	204.67	0.020326607921824204	5.535552450158651	
221.0248	211.14	0.08283125869684876	3.043817531973363	
221.0344	204.14	0.018348555492018897	5.842404197750825	
135.068	203.36	0.16451980059083382	2.181494776799253	
221.8998	135.41	0.9963844923425578	-0.004820700215817719	
221.8998	150.28	0.6139311283553767	0.7105442674421801	
221.9049	200.86	0.32648969187454224	-1.4179321258420339	
77.0391	159.01	0.05935138608912293	-3.4992889503196247	
178.8736	200.73	0.05715044490324466	-3.5559207325660127	
178.8811	198.21	0.270540091213102	1.624449683929295	
178.8811	205.06	0.058858827623355044	3.5139348058594595	
77.9274	200.73	0.8396327717221613	0.30233983919953905	
222.0956	174.67	5.027625428694351e-05	-111.84657523539458	C11H12N2O3
222.0956	191.25	0.001983867329179143	-21.476925293164083	C11H12N2O3
80.0032	200.73	0.3631221228316087	1.3034619414390864	
80.9873	200.6	0.1983378726207808	1.964438416912452	
80.9937	200.73	0.0866197729227847	2.9687032983715658	
136.9098	200.73	0.2597739590210175	-1.6668464340622264	
136.9109	201.12	0.7127174764305692	0.5325701284455403	
136.9402	200.73	0.2792458792081988	1.5907559723060198	H2KO4P
81.0453	197.02	0.009726655151066278	-7.7546533702885325	
136.9695	200.99	0.5064742567418242	-0.9343526784857193	
136.9707	200.47	0.7424835085143824	0.4710846427539156	
222.8997	200.73	0.39323315101841194	-1.2180738865421163	
179.0901	357.78	0.4969775809322092	-0.9611288298702009	
81.9884	200.73	0.053931864331477036	3.649218130682408	
137.0598	204.41	0.01981229937546981	5.59340706169261	C8H8O2
137.071	194.27	0.9498460745986617	-0.10670115104863116	C8H7NO,C5H8FNO2
223.0637	136.19	0.8384533831584666	0.3055531625408731	
137.0792	204.14	0.04195793123687201	4.085483770537595	C6H6O
223.1078	204.14	0.03716777960545469	4.312064868975648	C9H11NO3
223.1116	302.03	0.05466223587560422	3.6276264588563247	
179.8812	198.21	0.5003128716599132	0.9512950608205144	
179.8812	205.06	0.13221425807900264	2.446088258841162	
137.9435	200.73	0.253823987316975	1.7045733677951396	H2KO4P
138.0526	222.17	0.05580203412317089	-3.5918112979197363	
138.9383	200.73	0.25456764551686184	1.6967742658403029	
138.9443	200.73	0.5580477360266161	0.8236928260290854	
223.1918	192.03	0.5466561638850408	0.8464074454195629	
139.0503	182.68	0.1331499351667551	-2.435591996946902	C6H6N2O2
84.9118	202.96	0.1169708624175796	2.586743716435068	
139.0979	198.73	0.005627708035604627	-11.010452144806871	C6H10N4
224.1496	25.87	0.7663733306666943	-0.4293950409107672	C11H16N4O
224.1496	27.71	0.9374493537056885	0.13247025466693718	
139.9148	198.73	0.03828550150858337	4.230928735176996	
139.9148	203.62	0.7492920042188218	0.4575126084713832	
139.9417	200.73	0.3348917612437405	1.3891239700143792	
181.0948	213.76	0.8412635863642145	0.29917369431895374	
225.0347	215.73	0.03762378173036376	4.264301503459511	
225.0468	198.21	0.01036700547300851	7.472306188028681	
225.0468	204.93	0.2752080450672047	1.6062293457923082	
225.0468	210.74	0.12415514422237316	2.5168162394591698	
225.1486	28.1	0.9752147898621483	-0.05786407314566368	C13H20O3
140.9364	200.73	0.3140045795408665	1.4592169908232424	
140.9426	200.6	0.9963844923425578	-0.00509965309108693	
225.1592	26.53	0.07628654420341548	3.1510221295024388	C10H17NO2
86.9092	203.09	0.8621366290897915	0.2628846542175663	
87.0269	190.85	0.0064405236919727795	9.956161280154022	
141.0716	213.63	0.9843386326744543	0.041420590500063956	
182.0926	268.78	0.0029469408629447646	-16.27613960746714	C9H10N2O2
141.1136	31.03	0.14316529301144607	2.3481355982248755	
88.0221	190.16	0.9451319528660908	-0.11767867396209564	
183.0226	35.89	0.10953431563654858	-2.667765313835486	
142.0613	28.24	0.024191961001234757	5.157025343249689	
226.1803	34.44	0.2392365729608141	1.7694959050045849	
226.9879	212.71	0.6893912100242284	-0.577932672428312	
89.0603	26.79	0.23155841614355321	1.8016408208255863	
143.019	388.93	0.25500480254157015	-1.6915735825480618	
143.073	155.99	0.01478866665803777	-6.384533152944181	
144.0479	197.16	0.013415622661317484	-6.633955886859389	
184.0857	204.14	0.0485760500946116	3.818131419640752	
184.097	30.07	0.03754008196786925	-4.282856272712102	
184.097	161.51	0.05366328897198164	-3.6591645147929492	
144.9276	198.47	0.3677706893524976	-1.2878676290646778	
144.9276	205.06	0.04926848925070963	-3.792541430360116	
145.0474	197.29	0.029936268809668733	-4.699848695877802	
145.0496	191.51	0.10128806199765492	2.7609817140443913	
145.0511	197.16	0.009911703857635352	-7.697510850642616	
145.0841	159.01	0.00439605692565486	-12.855546238953483	
95.0497	204.41	0.04676202974874305	3.8925870195360663	C6H6O
229.1437	28.1	0.6058498045260735	-0.7254518341847739	
229.1548	192.56	0.01866304093035916	-5.764010569730912	
229.1548	205.06	0.0034047755001517807	-14.351679931730098	C11H20N2O3
146.0436	197.16	0.009467695240619498	-7.841028390169409	
96.0813	209.43	0.026552658204729174	-4.951796582202495	C6H9N
146.0925	254.67	0.2101012522734025	-1.8992441650859353	C5H11N3O2
96.9223	198.07	0.06749695054440571	3.3238657735286408	
96.9223	204.93	0.08766375239053123	2.955017914549829	
96.9223	210.74	0.04219434697634661	4.0760461621888755	
97.0289	191.51	0.0033875952942310893	15.046521349895347	
230.9952	363.16	0.9843386326744543	-0.04309534704694722	
147.0634	155.99	0.015144114454416805	-6.318848111331796	C9H7NO
98.9193	198.21	0.412404844468737	1.1652297825023539	
98.9193	204.93	0.2180670582640137	1.860687631098852	
187.0578	191.12	0.43598497428813643	-1.1045932643797802	
147.1164	26.4	0.6475987375284504	0.6538711741622802	
148.0393	27.97	0.12654855991492286	-2.4935451749160014	C8H5NO2
148.0393	204.41	0.07892586979121825	3.10534410921028	
187.1442	190.85	0.4766538365415774	1.0043849872133324	C10H17NO2
148.0475	204.27	0.06265359910844306	3.4195947329298466	C9H6O2,C2H6N6S
148.1333	191.9	0.02000275631585892	5.564787318545884	
148.9403	200.6	0.009911703857635352	7.696057374102862	
233.0352	269.31	0.0064405236919727795	-9.81949319865074	C14H10O
233.2013	28.63	0.4288328279062951	1.1222482194413346	
150.0245	190.85	0.1337051931389542	2.429112669608409	
234.1966	194.53	0.2998032084155329	1.5143020440521966	C12H20N2
234.8091	198.99	0.6873858081773623	-0.582463536158753	
234.8091	203.09	0.29884347923421445	-1.5189107157844453	
234.9173	200.73	0.8351527843150713	0.3134717754220474	
150.0775	198.21	0.1235531934112633	-2.525451338235106	C6H7N5
235.0748	191.12	0.1493887847172523	2.2942897048840463	C8H14N2O4S
235.0748	209.69	0.10807688657069262	2.6849630566783955	C8H14N2O4S
235.9206	200.73	0.9103947794366264	0.18272180388671616	
150.9768	199.52	0.011382192933897358	-7.136660952738209	
150.9768	202.3	0.028309125036792566	-4.823496996983444	
236.0225	209.3	0.03218486708064182	-4.54897327718679	
151.0581	190.72	0.007746457237949323	8.628097246488679	
190.9876	18.86	0.4447239625582176	1.0841166713595176	
190.9876	22.97	0.8160742182293075	0.3429557023635943	
190.9927	267.86	0.011647341914321829	-7.0690955667456805	
236.9153	200.86	0.9524449134921072	0.09861712587601001	
104.0534	190.85	0.9197416454942754	-0.16119541319281303	C4H9NS
104.058	159.4	0.010710126249799124	-7.346018632017652	
191.0816	27.97	0.003951826219655185	-13.611559750083215	C10H10N2O2
191.085	190.72	0.004514506243416774	12.42632518322474	
152.0568	135.54	0.6027992376920454	-0.73417279671847	C5H5N5O,C5H13NS2
152.0623	190.98	0.0024955015657391853	18.229579734783893	
191.9987	191.77	0.004645243684274855	12.12390660746713	
192.0302	191.25	0.21242407373853056	1.8875918321980778	C5H8ClN5
192.0302	210.09	0.5385531932347362	0.8672353506538174	
105.0227	213.89	0.14250816464444155	2.3548913353165326	
192.0627	50.0	0.5353838806074211	0.8776353056245283	
105.0565	190.72	0.0024955015657391853	18.393545338117082	C4H9NS
237.8917	202.3	0.8135414030836926	-0.3480709231216394	
237.9187	200.86	0.9472585459960695	0.1129784565797699	
153.0575	190.85	0.009145359155610015	8.052333119963372	
153.0601	135.54	0.6045822051805095	-0.7289315385687314	C5H5N5O,C5H13NS2
106.0491	190.85	0.011382192933897358	7.146549718471794	
238.0452	294.25	0.014026507285866161	-6.521698752844631	C5H14NO6P
107.0658	190.59	0.00936527328089035	7.9433305355567345	
238.1652	27.05	0.012019815235038261	6.948415002973433	
238.1652	34.84	0.03326604409189446	4.484319768250302	
238.1915	192.3	0.6876233050621724	-0.5812734749012588	
154.0566	189.9	0.40815560294074343	1.175818272032968	
238.9136	200.73	0.7453149908877315	0.46625796123733515	
238.9197	200.99	0.6698840631749824	-0.613238198661629	
193.1437	34.58	0.010388552603535143	-7.449320315584697	
193.1628	37.6	0.36414769012372905	1.298392639115056	
239.0438	269.18	0.7949522359610084	-0.3788346807811765	
193.9982	201.52	0.0022479755371004957	-19.66887971552152	C3H10NO4P,C7H7O4
155.0689	191.12	0.01038765259938488	7.459282421658441	
109.0637	190.85	0.007746457237949323	8.657323003960773	
155.0751	191.12	0.9752147898621483	-0.05833986957592866	
109.0652	27.19	0.04332136496384867	4.036348548597217	
109.0652	204.27	0.1842766084205562	2.0465852986895743	
194.1005	49.87	0.4584108417605202	1.0495842197505312	C8H9NO2
194.855	198.6	0.08902421867298313	2.9248204723836637	
194.855	203.88	0.6941573040624865	0.5644027287824547	
240.1376	269.18	0.02119933965155223	-5.441255207026897	C16H17NO
195.08	269.18	0.006974360567744344	-9.281531211317315	C14H10O
156.0422	200.18	0.03792642715209607	4.250498726446553	C3H10NO4P,C7H7O4
241.0086	198.86	0.16424850229734037	2.1868969999400587	
241.0086	202.57	0.19934276698433662	1.9578526139932644	
241.0859	228.9	0.5240723088912519	-0.9009353059245537	C15H12O3
195.8552	198.6	0.4715251341770696	-1.018047080447919	
195.8552	204.01	0.7903508924215297	0.38670612336549426	
157.0761	155.86	0.03925986135964607	-4.193748754561983	
195.996	201.52	0.004514506243416774	-12.617788211224719	
195.996	214.55	0.01680938601176439	-6.047300824008052	
195.996	219.54	0.031109075851056864	-4.62874763779807	
196.0175	188.72	0.20130735820110132	1.9471358496373952	
242.0189	198.6	0.2087022100941065	-1.908240593271867	
242.0189	203.88	0.90111119976716	-0.19942188836412356	
196.0638	209.17	0.6631248214189811	0.625470056234683	
196.0833	269.18	0.0064405236919727795	-10.105429582223987	C14H10O
112.0216	197.16	0.1030006356506597	-2.7401658867584837	
242.0376	220.72	0.00936527328089035	-7.9374888349788515	
242.0998	179.27	0.08875116107081615	2.9378150724948116	C9H17NO5
158.0403	200.18	0.08487268897130876	3.002369640807131	
158.0602	28.24	0.007068125261883879	-9.086049377108681	C10H7NO
158.068	190.85	0.011674983542261737	7.054614833248911	
242.9385	232.18	0.1765665088944063	-2.1013917188366924	
242.9385	233.23	0.01895960966545846	-5.717968088626679	
243.0161	198.47	0.26012678902540054	-1.6647042698288899	
243.0161	203.88	0.04633565421681749	3.9136338864265237	
243.0226	198.47	0.29672654999641634	-1.5268289106377686	
243.0226	203.88	0.9914979756296094	0.020494371063236573	
196.8532	198.6	0.17178107238619622	-2.131990718897849	
196.8532	203.88	0.6908384327530049	-0.5724781137814995	
196.9615	200.73	0.3100333145746371	1.4755681120783577	
243.0409	220.72	0.007424903898498522	-8.879944903776844	
158.1005	222.56	0.07903740923538023	-3.1021653205234982	C7H12N2O2
243.1033	179.27	0.09220384290882182	2.882341828257582	C9H17NO5
112.8961	200.86	0.6256187093631729	0.6895722923755859	
113.0297	197.16	0.014165738567818808	-6.497817101472779	
197.0757	269.18	0.0064405236919727795	-9.81309586478222	
197.1147	135.41	0.7236422568388468	-0.5046186098796281	
244.0175	203.88	0.9859066630718644	0.03505589708689089	
159.0474	136.06	0.9914979756296094	0.02056344700963237	
159.0474	149.1	0.7327848473374703	0.48949249510270343	
159.0805	25.07	0.5466561638850408	0.8469524906061942	
244.0532	214.42	0.007068125261883879	-9.087301716289808	
244.1294	310.3	0.04954448257216299	-3.7792358393281225	
244.1908	34.58	0.22925895400359253	1.8123045040088661	
198.0876	251.39	0.7315210169738736	-0.4920832874506902	
198.0975	191.51	0.010043500628791542	7.607123192146632	
198.1045	357.51	0.6725211069592573	-0.6086258395836438	
160.0758	27.84	0.04572174042337298	-3.94101563653638	C8H6O
160.0758	156.25	0.014487103719643941	-6.4325258261427685	
245.0011	233.36	0.0702098508097259	-3.2724982515750733	
114.8932	200.73	0.4976343503456805	0.9582744980532435	
115.0545	155.99	0.011674983542261737	-7.037062253490996	
245.9478	225.19	0.15268080409405133	2.2634705372620654	
160.1162	209.69	0.014026507285866161	-6.525819652030121	C5H11NO2
198.5455	314.11	0.015187537815850085	-6.30782018358029	
198.9596	200.73	0.8977663920550256	0.20468109159730155	
246.0973	191.25	0.03716777960545469	4.30962160210124	
246.1238	155.99	0.01673971942238995	-6.062548229257381	C11H12N2O2
160.9015	198.73	0.3952037184208475	-1.2120605084564724	CK2O3
160.9015	203.49	0.2962866304171965	-1.5318960273682425	CK2O3
116.0471	221.51	0.15519772084427313	-2.246266192770408	
161.0317	220.85	0.0013731347567814247	-25.704835631240154	
161.0378	220.85	0.006088813800092233	-10.421390234561647	
161.071	27.97	0.03591594068741608	-4.364722502597341	C10H7NO
161.079	27.84	0.011933170092258184	-6.983937679994619	C8H6O
116.0936	222.3	0.14578367314731133	-2.3240055508243485	
199.1007	191.64	0.013189002879584575	6.6919718294936485	
117.055	25.87	0.7697152827705476	-0.4230172563773095	
117.068	222.17	0.028760412396929943	-4.791244050418511	
248.0218	362.64	0.8396327717221613	0.30220715728869785	
248.1283	35.36	0.022953204722496227	-5.270351553326809	C14H17NO3
161.9929	199.65	0.2719411927256438	1.6181115918002225	H2NaO4P
161.9929	201.52	0.6256187093631729	-0.6908882961540428	
117.0913	28.1	0.5420128324439945	0.8574777064655367	
162.0386	221.12	0.011674983542261737	-7.04791225718579	
162.0551	35.89	0.024655698459426605	-5.109947738682905	
162.0551	37.46	0.018415606132929013	-5.815813215946342	
199.5428	313.98	0.04740705928142247	-3.853542720681112	
249.1195	299.77	0.9428745563566584	-0.12157585610777791	
118.0615	253.1	0.11139343282682813	2.6438077919854024	C3H7N3O2
250.0176	363.29	0.9135849127149687	-0.17765569989146346	
118.0751	222.17	0.025498077810912113	-5.042895307673991	
118.0775	222.17	0.03502547999687894	-4.411603530610033	
250.0935	34.97	0.05012549968970288	3.7502227134420214	C10H19NO2S2,C10H11N5O3
162.1127	288.18	0.0029469408629447646	-16.21705795279034	C7H15NO3
118.1099	209.03	0.09282514406783929	-2.8741142657475356	
119.0494	204.27	0.03216850308698455	4.5580648688838865	C8H6O
119.0688	158.49	0.0034047755001517807	-14.26850457393949	
163.0536	214.16	0.010043500628791542	-7.594829246005854	
119.0836	209.69	0.018974546773795276	-5.694427300727571	
200.8631	198.21	0.9914979756296094	-0.02040638168614776	
200.8631	205.62	0.34282764173984254	-1.3647664413836464	
251.0962	34.97	0.7064311673217691	0.5429970093923271	C10H19NO2S2,C10H11N5O3
251.0962	198.6	0.28073940083443355	-1.5842993877311238	C11H14N4OS
120.0449	257.72	0.00019928529175122623	56.29896959747867	C7H5NO
120.0528	204.27	0.4976343503456805	-0.9584240793302597	C8H6O
163.0979	197.16	0.05587282335812813	-3.588311096102229	C6H7N3
120.0907	209.69	0.01673971942238995	-6.069307390076281	
120.0932	209.43	0.02659899779615062	-4.93841772902515	C5H11NO2
120.1022	192.3	0.007918220732310976	-8.520953500306526	C5H13NO2
201.9839	225.05	0.0622689015728687	3.4321558239583885	C3H7NO5S2,C3H7NO5S2
121.0165	200.73	0.04633565421681749	3.9149450673106507	
202.0645	221.12	0.0029469408629447646	-16.180345751062095	C6H8N4O4
202.0686	192.95	0.046466005108135235	3.907897314049922	C6H13NO5
164.0707	204.14	0.026569215960399035	4.9458968520603035	C7H6O2
164.082	33.39	0.777522072802936	0.409944851035196	C6H6N2O
121.0651	159.27	0.0213774313736383	-5.423210127243291	C8H8O
121.0781	158.75	0.03762378173036376	-4.267879219978966	
164.1282	190.85	0.1522734986492047	-2.2683297423938162	
202.9695	199.65	0.02165405691175723	-5.392630273931414	
202.9695	202.3	0.11205815664541104	-2.6359857781532265	
202.9695	214.16	0.07511308886260255	-3.1706956987329953	
253.0854	187.8	0.007746457237949323	-8.615190765048307	
253.0854	190.85	0.6817023127388738	-0.5928541754330946	C16H12O3
121.9698	199.78	0.13938637746249793	2.382913896068741	H2NaO4P
121.9698	202.17	0.9843386326744543	0.041002798958879205	
253.1646	31.16	0.9914979756296094	0.023664155761635823	
164.9352	200.6	0.0412716253990891	-4.12137582461236	
122.0469	197.29	0.8851766221221591	-0.22655421284982344	
253.2387	194.79	0.7879901887622044	0.3907248197488028	
122.9248	200.6	0.9197416454942754	0.160205046262685	
122.9646	199.78	0.41404104532431324	1.1609754636153164	
122.9646	201.12	0.16451980059083382	-2.179480674458369	
203.0767	209.17	0.026552658204729174	-4.954595851875546	
203.0767	214.29	0.014026507285866161	-6.521865464017962	
203.0814	27.71	0.01895960966545846	-5.713249494227941	
203.0814	187.54	0.0016411690170413781	-23.900463989788953	
203.0814	191.12	0.002403349832275475	-18.937578101176243	
203.1028	302.82	0.010973430894075408	-7.290192211204265	
203.114	268.39	0.011933170092258184	-6.977042248048482	
203.1391	192.03	0.31269185175479897	-1.4655480490063892	
254.1963	28.24	0.008567204214270686	8.25384861675615	
123.0684	197.16	0.03141554092124417	-4.596577280710065	
165.924	1.95	0.9637402154221624	0.0807765508214532	
123.0749	197.16	0.011382192933897358	-7.176866803972782	C6H7N3
165.9304	200.04	0.5020702392594475	-0.9462537892030574	
204.0245	232.31	0.03762378173036376	-4.274402015858461	
204.0631	197.42	0.9159125613434689	-0.17056820686517302	
204.0631	204.93	0.023232934856603625	5.248066073446645	C16H15F6N5O
255.101	301.24	0.1879043605823629	-2.027201113037533	C16H14O3
204.1174	191.51	0.01673971942238995	6.084708920567314	
255.1591	31.56	0.37835031409866415	1.2588198597351743	
166.0581	204.41	0.03216850308698455	4.552744522852847	C9H8O3
123.941	198.34	0.020625721237629784	5.504151722613777	
123.941	204.67	0.1717162091532829	2.134237914196416	
204.9278	200.6	0.17859346711951102	-2.0832695322425603	
124.0477	204.14	0.03762378173036376	4.272457263316156	C7H6O2
256.0169	214.55	0.0031891360571861716	-15.655159372160146	
256.0169	219.67	0.019717078421629345	-5.612180991445294	
124.0527	33.26	0.9963844923425578	0.005651973115974369	
256.1045	301.24	0.2719411927256438	-1.6189295056496158	C16H14O3
124.0589	33.26	0.959543810066434	0.08723458075194507	C6H6N2O
124.0782	197.29	0.07260429273197704	-3.2187861699762292	C6H7N3
205.0683	191.12	0.0008404003494382575	-30.32256608488726	
124.9229	200.73	0.8357205155192007	-0.31182867540065984	
256.9825	200.6	0.00439605692565486	13.051647130184394	
125.0599	33.52	0.24824008534104164	1.7276281782773857	
257.0567	190.98	0.14574615453630158	2.3254959136112747	C8H14N2O4S
257.0567	209.69	0.045956520062147115	3.928223090040746	C8H14N2O4S
125.0793	50.13	0.01895960966545846	5.709601729664599	C7H9NO
166.9508	200.6	0.0064405236919727795	-9.845313499856598	
126.0374	197.02	0.01658913923398388	-6.111464017488999	
126.0664	34.97	0.013065843411437223	-6.718422483207596	C5H7N3O
167.9542	200.99	0.017853517865670403	-5.896907006395822	
206.0814	204.27	0.0434845806402234	4.026714354006893	C9H8O3
257.9328	371.2	0.650264503111921	0.648295779964546	
257.9933	202.96	0.24493501109863214	-1.7441930273460902	
258.0884	269.18	0.010557411654027094	-7.391370220176624	
127.0392	191.51	0.00790370976303363	8.543778291521217	
258.1103	314.37	0.5649128892445375	0.8092964420942141	C8H20NO6P
168.0902	159.01	0.018858171427804233	-5.732776077365447	
168.1496	191.9	0.05523162063823789	3.6096244101271555	
258.9809	200.31	0.008074367406967823	8.444977319213269	
168.9489	200.6	0.006605110299376718	-9.636462343287938	
258.99	202.96	0.6644456328388905	0.6227234324033161	
258.9966	202.96	0.10362198220199786	-2.731464642922968	
207.104	156.12	0.011674983542261737	-7.033308578047011	C11H12N2O2
207.1857	34.84	0.6978375755438851	0.5575407858070782	
169.0691	47.77	0.004514506243416774	-12.584438728587411	C8H9NO3
128.9328	1.17	0.19736670690876676	-1.9698140069709293	
169.0761	27.45	0.006605110299376718	-9.632970163089341	
259.0922	269.31	0.026403495195960924	-4.980387825981913	
259.1135	314.37	0.3923898123246514	-1.2216617202832143	C8H20NO6P
169.086	27.05	0.2003436258399143	1.9524008650339202	
259.9912	202.83	0.2087022100941065	-1.9090148775056632	
169.1265	36.68	0.261782844524482	1.658316081314194	
260.0272	294.38	0.1108795048658741	-2.653196923660871	
170.0425	320.19	0.34697856069860905	-1.3527700923313288	C5H8NNaO4
170.0482	191.25	0.2928489364456099	1.5446520138630762	
170.0482	210.22	0.1952250879363631	1.982631297884637	
260.1138	314.37	0.05715044490324466	-3.554788332568187	
260.1494	26.0	0.08938833398062801	2.916393088315635	
260.988	202.96	0.5679370004527237	-0.8002942588339349	
260.9949	202.7	0.563450557099869	0.8124902048523254	
130.0695	266.16	0.0034009465045944432	-14.759802183859195	C5H8N2O2
261.0307	203.49	0.2657593705713986	-1.6415620741385046	
171.0785	50.43	0.6256187093631729	0.6888008515865479	
209.0957	274.72	0.05008423671363459	3.7582523223816406	C15H12O
209.1174	26.4	0.9424471401175826	-0.12406417884443575	C12H16O3
130.9298	1.17	0.20737476130113536	-1.918071288260634	
262.1438	34.71	0.1083153248408176	2.6813990914654124	
131.0705	27.05	0.7661488314149448	0.43129264270076206	
131.0705	266.29	0.17754920182655054	-2.093028756164492	
263.0026	200.47	0.4258263120095002	1.1308762975923967	
209.9963	198.6	0.5870573334094042	-0.7621892522560683	
209.9963	203.62	0.13863509775213093	-2.3904721823877395	
131.0928	192.56	0.5457310163117134	-0.8496024297654563	
172.0718	300.72	0.00013290691669566368	-73.74691093913718	C6H9N3O3
172.0718	308.99	0.0021023328319162427	-20.431370750706478	C6H9N3O3
263.8587	198.21	0.49612108089187257	0.964339142306726	
263.8587	205.49	0.1030006356506597	2.73876859110005	
264.0819	179.27	0.2962866304171965	1.53277634645916	
264.9278	200.86	0.014411943831773383	-6.461208062032585	
173.0711	26.79	0.0064405236919727795	-9.837215371914754	C8H5NO
301.0296	199.12	0.33615651372907956	1.383272618657611	
301.0296	202.7	0.07486654341933438	3.1812251914178633	
173.0887	50.13	0.04715827868072963	3.867162182396509	
301.1116	213.24	0.04679984667223355	-3.885118542707296	
301.2051	34.84	0.2442223189650504	1.7487374677196834	
302.0587	220.72	0.010557411654027094	-7.382809429607194	C16H12ClNO3,C14H11N3O3S
266.0748	157.57	0.08308321015807145	-3.039032370639315	C9H13N3O5
266.1144	197.16	0.01036700547300851	-7.483572567639714	C14H17ClN2O
173.9832	216.65	0.1251126537857274	-2.5069128549759223	
174.0139	214.55	0.0029469408629447646	-16.24110526017274	
174.0139	219.8	0.049097557464244115	-3.7988484836847873	
174.0388	134.32	0.6863285544525286	-0.584807157304163	C5H5N5O,C5H13NS2
302.9046	200.6	0.19852500567552012	-1.9625258153726926	
174.0551	28.5	0.011382192933897358	-7.1370141003832	C10H7NO2
267.059	159.93	0.07039105535816531	-3.2679139263672656	
267.0646	190.98	0.7043870467590687	0.5466954149482792	
267.0646	208.9	0.3222841835253693	-1.4298163260252852	
267.0975	257.72	0.0002260267339781072	49.05043888751256	C12H14N2O5
267.1074	197.16	0.00995630557557562	-7.671503539460902	C11H14N4O4,C10H18O8
211.9969	34.05	0.40361185507236935	-1.188862470559101	
267.1175	197.29	0.14608023917883087	-2.3208989524528474	C14H17ClN2O
267.1226	25.87	0.0293871108040639	4.734863985774542	
267.1452	34.97	0.00995630557557562	-7.667069914981119	C10H15N3O3
304.1194	239.31	0.2028293876618065	1.9384154445076032	C14H14O5
174.149	37.6	0.40311449920400116	1.1912780996986412	C9H19NO2
212.1065	269.18	0.019717078421629345	-5.612262154129054	
268.0792	191.12	0.0238437550359461	5.197416416781036	
175.0173	214.16	0.012421821025471116	-6.843340613780969	
175.0173	219.8	0.2970643025386692	-1.5249156566392406	
268.1012	257.72	0.00022343238033377128	51.48958832621994	C12H14N2O5
268.1108	197.02	0.015422349412796629	-6.275584702664106	C11H14N4O4,C10H18O8
175.0591	320.48	0.4503529066168406	-1.0723701311058942	
175.0591	321.27	0.17556544916337077	2.1075844726393407	
268.1486	34.97	0.005964536963954491	-10.535012429750848	C10H15N3O3
306.0809	167.71	0.09634043786792605	-2.819005140366293	C10H13N5O5
306.1912	26.92	0.2539707950457373	1.7030703312269426	C12H24O6
269.043	35.89	0.9524449134921072	-0.09921225170336723	C15H8O5,C7H12N2O7S
269.0882	134.97	0.9269965887573469	0.1489780590030588	C10H12N4O5
213.0905	252.31	0.0064405236919727795	-10.042239099375188	C14H12O2
269.2155	26.66	0.03279724584894816	4.518062164651784	
308.0482	205.19	0.06639516671810732	-3.3472095432681597	
308.0482	208.9	0.1773298036162916	-2.095270741674636	
308.0482	212.32	0.1347590519439889	-2.419234737941923	
349.2305	357.51	0.7799819740324935	-0.4039575806644641	
270.1911	28.37	0.24255103079962592	1.7566738411680491	
308.8497	200.6	0.5003128716599132	-0.9510244675657872	
350.0175	212.71	0.2866349310614982	-1.564748779064539	
350.0303	190.98	0.028402284230929522	4.812027033936722	
350.2174	27.45	0.18553674221800595	2.03946644044953	
270.3156	28.24	0.7190773525337247	0.5143420531425854	
309.036	223.22	0.0937633427056211	-2.854891642689243	C15H10O6
271.0386	36.02	0.34094186106729263	-1.370340527619477	
309.9688	297.4	0.17859346711951102	-2.083872949660222	
310.025	220.46	0.04181745567534437	-4.094782209814619	C8H12N3O6PS
310.0698	36.02	0.0930567881085602	-2.866969981771307	C15H8O5,C7H12N2O7S
271.9731	212.71	0.42795632851883103	1.1248675641752957	
214.1416	35.1	0.7200953857087196	-0.5120798661852158	
272.1856	32.08	0.14926084455568261	2.296308284779318	C15H24O4
311.0227	205.62	0.37662010926708495	1.2644848023830635	
311.0284	190.98	0.716594586015382	-0.522059687138069	
311.0284	220.59	0.12381348227260705	-2.5221149154758056	C8H12N3O6PS
352.2329	26.79	0.09864814473199462	2.7927525363972783	C16H30MgO4
311.059	220.72	0.35718456410160837	-1.322812244312638	
311.0614	257.46	0.0016411690170413781	23.709746141902897	
311.2065	31.69	0.25500480254157015	1.692529847540117	C16H30MgO4
353.0478	34.44	0.3169154850760457	1.4486338926268558	
312.0405	214.29	0.0033875952942310893	-14.914560956628778	
215.0405	214.42	0.004085073657646675	-13.436473423268197	
215.0405	219.93	0.07323352567175347	-3.2079148042668773	
312.238	27.19	0.06179712502749458	3.4440369450122343	C15H32O6,C16H28N4O2
273.03	205.62	0.12242117301005227	2.5368342282613945	
273.03	209.56	0.028764586127352814	4.780909541362539	C8H14N2O4S
273.0857	2.61	0.7541243078591016	-0.44923486547337926	
273.0857	362.64	0.9173092082524172	0.1671537818569138	C9H13ClN6O2
313.0668	209.3	0.014929863858724798	-6.355650159716171	C15H14O6
273.091	28.37	0.00489396348623761	11.729947950494935	C19H12O2,C11H16N2O4S
313.0747	213.5	0.01866304093035916	-5.763893408419329	C12H20NO4S
313.1043	310.83	0.0021023328319162427	20.28688627859386	C14H12N6O3
354.0512	34.44	0.3036692472816502	1.4978009493562572	
354.0512	220.59	0.009467695240619498	-7.857017023057277	
313.8998	201.12	0.23098402986455016	-1.804815864674419	
354.0787	25.2	0.15535611551318387	-2.244133785317416	
354.0787	228.63	0.04195793123687201	-4.08672919977879	
354.0787	265.24	0.009467695240619498	-7.872115137029858	
274.0837	211.0	0.07136413364180184	3.24420441082157	C11H14ClN5
314.138	269.04	0.0052213193531991655	-11.395358699280857	C18H19NO4
314.146	134.97	0.9940055590260728	0.012033623990254478	
274.0922	338.24	0.0029288522645872844	-17.35236520712572	
314.8979	201.25	0.6992219083265129	-0.5547510232761746	
274.0942	28.37	0.4848738820757369	0.9877849157865565	C19H12O2,C11H16N2O4S
315.0623	209.17	0.028760412396929943	-4.785789304847473	C18H12O4
315.1415	269.04	0.0034047755001517807	-14.431661214406049	C18H19NO4
355.0634	35.23	0.07660362743777652	3.14320970070921	
355.0804	228.5	0.01673971942238995	-6.0622125631704	
355.2833	25.74	0.849489387116481	0.286633849052648	
216.0633	294.12	0.018974546773795276	-5.693811614276853	C5H14NO6P
355.9699	202.44	0.2899205787370826	-1.5541271526369285	
356.0666	35.23	0.0882200999714231	2.947046766855113	
356.0666	52.66	0.031138744078626625	-4.614988776633121	
356.0666	213.5	0.000788009913507854	-31.561899047084477	
316.0935	187.67	0.03716777960545469	-4.310695965197178	C13H10N2O5
316.0935	191.25	0.5901380653754059	0.7561807040345833	
216.8369	198.6	0.181041516250139	2.067835885667784	
216.8369	204.27	0.47367710862266127	-1.0123862819629796	
316.9203	200.73	0.2543814302468915	-1.6986708263832386	
275.0537	209.3	0.02271922463342571	-5.29769308239473	
275.0673	187.8	0.00936527328089035	-7.9058952281095705	C13H10N2O5
275.0673	191.12	0.31012268931547465	1.474390966502735	C16H12O3
356.9666	202.04	0.8947844282772035	0.2104057545957966	
317.0035	200.6	0.004911297528571308	11.646360247003242	
357.059	35.23	0.45606692428911766	1.0563298439170714	
217.0618	269.18	0.007068125261883879	-9.183471204799197	
357.0694	35.23	0.05008423671363459	3.75338257110159	
275.135	324.55	0.40264853010974494	1.1944026857682775	C8H15N3O5
217.1048	35.76	0.7541243078591016	0.44967521478261213	
217.1048	213.24	0.2074574338099685	1.915575807294984	
357.9684	199.65	0.9428745563566584	-0.12214429647078394	
357.9684	202.3	0.5406282667695779	-0.8622022390416386	
317.9237	200.73	0.46156594338371004	-1.042536823241087	
217.1185	284.47	0.0018909663691230717	-22.511132116670993	
217.1297	266.81	0.0064405236919727795	10.090842939749225	
358.2435	31.82	0.9857698535519352	-0.037016466972130325	
318.0061	199.78	0.02606192481930692	5.004058139680912	
358.9446	203.49	0.576447909363387	0.7837340591965002	
318.1912	26.92	0.4308878591279529	1.1155566191678532	C15H27NO6
318.8785	200.73	0.42255180340896636	-1.1392235332781786	
276.0256	188.06	0.09767081739768606	2.8040187103770866	
318.9182	200.6	0.40196920802999664	-1.1967198820805747	
276.0574	209.03	0.1259680049450601	-2.499188284141468	
400.1215	35.23	0.14510419325130305	2.334166515035583	
400.8817	200.6	0.07107318309241568	-3.252178555141015	
319.882	200.73	0.04722438334118284	-3.8627324587066387	
401.1595	28.1	0.13276157300532013	2.4409342595553274	C22H24O7
401.1701	283.55	0.7424835085143824	-0.4717725438357138	
401.262	36.02	0.007068125261883879	9.147790911798259	
401.7636	36.02	0.015543710474797797	6.256223655416598	
402.2648	36.02	0.001924509901681512	22.07237695960614	
402.2698	31.56	0.7453149908877315	0.4647843560911855	
277.0491	209.3	0.01673971942238995	-6.085143092235736	
320.2068	26.53	0.35857794836674434	1.317394560501432	
320.2068	34.71	0.0930567881085602	-2.8654580915066865	
320.8764	200.99	0.4277967278511196	-1.1260524599218455	
277.083	301.24	0.1621236892548486	-2.2009573049904816	C16H14O3
403.1374	36.02	0.08902421867298313	-2.9236240602626595	
277.9986	214.81	0.06946993671366639	-3.287476162565781	
277.9986	219.67	0.0832061198770256	-3.0356198509734384	
322.0544	270.23	0.6581709506297755	-0.6351509385888635	
278.0865	300.98	0.041305218333483266	-4.1156101589017835	C16H14O3
404.2066	25.87	0.027397247948125175	4.889967535972658	C23H25N5O2
405.1504	357.51	0.8650932888837523	-0.2572095826313127	
362.9048	200.73	0.00936527328089035	-7.955412033673352	
405.2099	25.87	0.16040748708077493	2.2129120884685727	C23H25N5O2
406.0437	220.2	0.026403495195960924	-4.973066098735791	
362.9564	214.16	0.3295436240085104	1.4073066735119981	
406.148	357.65	0.5508657194641673	-0.837014143706441	C20H23NO8
407.047	220.33	0.02695129439069072	-4.916411531533393	
363.0155	363.16	0.946387546768409	0.1150795967320576	
408.0478	388.8	0.1781130761298715	-2.0890773331582158	
408.0593	214.68	0.01036700547300851	-7.474027957978431	C16H14F3N3O3S
363.1307	270.78	0.00417987006200099	-13.299178983565982	
279.0923	34.18	0.863689318438336	0.25995070833014094	C12H14N4O2S,C12H14N4O2S
279.0985	239.7	0.16372459877843765	2.190952000160773	
279.0985	253.1	0.19520821058668406	1.9838058513897818	
324.0223	198.47	0.3037552985424496	-1.4966223811658765	
324.0223	204.01	0.06316888756741115	-3.408031787094796	
324.0413	220.46	0.7799819740324935	-0.40228023860623624	C16H12ClNO3,C14H11N3O3S
363.955	214.16	0.46775740209789846	-1.0258644278516977	
324.2016	26.92	0.02119933965155223	5.440225315340503	C12H26O7
324.8975	233.49	0.037391603811409824	-4.296333774634174	
364.007	179.27	0.025017991545512222	5.085134061907043	
409.0475	388.93	0.17178107238619622	-2.1299158044171613	
324.9598	191.25	0.021911983330078953	5.367605353041839	
409.062	214.55	0.014995336331937456	-6.341928236012212	C16H14F3N3O3S
409.0669	159.54	0.24276494738010493	-1.7548899015775872	
324.9883	233.23	0.029455419902775167	-4.7283750662844835	C4H6N4O12
364.2329	27.19	0.07489765799156066	3.177235463041077	
364.9526	214.02	0.9197416454942754	0.16089588746511269	
279.9749	198.86	0.10930702316165437	-2.671195681140822	
279.9749	203.49	0.37530886875221914	-1.2683333026485344	
325.0377	213.24	0.12996479570503314	-2.463362331735859	
325.044	220.46	0.019393496223076324	-5.654868878834504	C16H12ClNO3,C14H11N3O3S
410.0455	388.8	0.19736670690876676	-1.969839350390045	
280.0703	269.44	0.14926084455568261	-2.29824898424551	
280.092	313.98	0.008611429304845963	-8.218867022743389	C8H20NO6P
410.8791	200.73	0.9745958938974654	0.06066055978186542	
325.9609	191.51	0.05556759779809358	3.600710493805938	
325.9706	205.88	0.0033875952942310893	-14.887975926687895	
365.9864	191.64	0.041305218333483266	4.115103511498866	
366.0372	389.06	0.21729880274408714	-1.864791066148744	
326.0455	220.33	0.03921513438654245	-4.1978683627903495	
326.0565	214.55	0.7707775357487349	-0.42071997898810604	
366.1089	263.79	0.004514506243416774	-12.411554690435842	C10H24N2O8S2
366.1089	295.56	0.21423377683204956	-1.879188667775113	C10H24N2O8S2
326.2172	27.84	0.0034047755001517807	14.546211595468181	
411.0623	159.54	0.45600838830345886	-1.0572985250824416	
411.1343	269.31	0.006605110299376718	-9.65097261405308	
411.2224	34.71	0.15573566009974402	2.2407229731682063	
326.9966	204.41	0.1613311936136307	2.206553714146255	
367.056	308.86	0.00861103349423423	-8.230849369116049	
327.0596	214.55	0.01036700547300851	-7.490645917162308	
367.1646	266.16	0.023232934856603625	-5.2415613907196335	C19H19NO4
327.2013	34.84	0.031138744078626625	4.614672944943627	C14H30O8
327.2013	45.67	0.25423713600358344	1.701167577091886	
412.7461	35.76	0.011382192933897358	7.14385777207442	
328.2329	27.71	0.1692263831179197	2.149582810906768	
414.2699	28.24	0.005627708035604627	10.952930896131436	
414.7618	36.28	0.00936527328089035	7.915853124828303	
282.1195	198.07	0.012421821025471116	-6.846363411654247	C11H15N5O4,C10H19NO8
414.8972	200.99	0.24632415577207403	-1.7363412074337272	
282.1911	26.0	0.12501548827763403	2.508989716863272	
282.1911	27.45	0.0029469408629447646	16.277791979970036	
282.1911	35.1	0.03068667895700796	4.659996458568356	
329.0497	240.1	0.06316888756741115	3.406812237524097	
282.9499	214.16	0.41978497123708763	1.1465835102885151	
369.0761	266.81	0.012788946464700664	-6.782979766311173	C18H16ClFN2O2,C15H20Cl2N2O3
369.1823	24.81	0.9142528601521119	0.1748988446007781	C20H29ClO4,C21H24N2O4,C18H28N2O4S
369.2165	249.42	0.006974360567744344	9.291218183653768	
329.157	250.73	0.01866304093035916	-5.759136996405344	C19H21NO4
329.2364	27.71	0.716594586015382	0.5232858315933009	
283.0632	388.93	0.25586638946698087	-1.6876990772873979	
415.2536	34.97	0.030740991459554078	4.654365438455338	
330.0134	357.51	0.33615651372907956	-1.3832074872503652	
283.1177	28.1	0.4145631135699099	1.1590288448749557	C14H18O6
415.9019	200.86	0.49021303156744683	-0.9773714606769626	
283.123	198.07	0.2021070007246207	-1.9426014383613568	C11H15N5O4,C10H19NO8
283.1433	241.54	0.5743608253664387	-0.7884231619253687	
283.1433	250.47	0.26945505874323894	1.6288416144795195	
283.1543	27.32	0.716594586015382	0.5225032634466986	C15H22O5
283.1751	34.84	0.4584108417605202	1.0493281207937786	C12H26O7
283.1751	44.06	0.5908152399645205	-0.7542931313523189	
370.2436	28.1	0.0031045114282385305	15.863617218617668	
370.7355	35.89	0.006383551147056487	10.249213001467291	C40H69O10P
370.7355	65.17	0.25381234198334507	1.7056233146523492	
330.7878	199.65	0.1781672099941492	2.087664840169906	
330.7878	201.12	0.7345385699574472	-0.4853714218369083	
330.9799	191.77	0.5819480054076596	-0.7739727090768286	
416.8556	200.73	0.3457096808736342	-1.356775836008406	
416.8952	200.86	0.5525748077892492	-0.833394525379377	
331.1304	35.49	0.6947207262486393	0.5627586512110782	
417.0049	35.36	0.14510419325130305	2.3320426371615133	
371.2125	357.51	0.693356854216905	-0.5672343343950594	
371.2275	34.97	0.21538415453197557	1.8734979404590295	C16H34O9
371.2275	46.85	0.024191874084085203	5.168469050066335	
371.2559	200.31	0.03718780605067059	4.3060864619269275	
371.2559	202.04	0.7408798105907881	-0.47499482270348775	
284.099	167.71	0.12892914936390287	-2.4734743894339384	C10H13N5O5
418.0719	35.36	0.3570328930384736	-1.3240717400708917	C18H16ClN5O3S
332.0562	198.86	0.08638343842253925	2.9747009523004255	
332.0562	202.83	0.2797762541856646	1.588179910603597	
332.2067	27.32	0.5317698018848344	0.8861936040808424	
418.8537	200.6	0.6753943349666052	-0.6036860401937927	
418.9888	217.44	0.19059920011750914	2.0089825253931366	
419.0749	35.36	0.7799819740324935	-0.4028232789372455	C18H16ClN5O3S
419.0749	204.67	0.03199067805622601	4.569419508235932	C19H18N2O5S2
419.1701	28.1	0.40311449920400116	1.1915519575641071	C22H26O8
332.8941	200.73	0.8147611975015616	0.34557466210030613	
284.9722	198.6	0.47501401111947705	-1.0090843138468668	
284.9722	214.29	0.1424371316520703	-2.3566232241141756	
372.1903	300.16	0.7234839518886715	-0.5056948025786493	
285.0556	215.6	0.031132181832560637	4.6245426723638	
420.0231	214.81	0.006807735297079131	-9.501107942946948	
420.0231	219.54	0.007068125261883879	-9.181685658163035	
285.0982	34.84	0.02917605875839101	4.751371930402788	
333.0411	33.52	0.2543814302468915	1.6987399153154434	
421.0262	214.55	0.06066481013410974	-3.468606864067827	
421.0262	219.8	0.13401360823276792	-2.425671462407162	
421.2594	35.76	0.004581116043179764	12.208880855570046	C24H36O6
421.7611	35.76	0.004646800536508263	12.08188445141748	
333.8975	200.99	0.71351927724912	-0.5306025060225849	
421.9993	203.49	0.9724610380708476	0.0654368542138297	
286.2117	27.19	0.24632415577207403	1.7362894779014664	
422.9878	238.13	0.1209555290928517	-2.552298319254593	C19H12Cl2O5S
423.275	36.28	0.01981229937546981	5.597791084015214	C24H38O6,C25H34N4O2
423.7767	36.28	0.02271922463342571	5.293807001540075	
287.0448	209.17	0.36411879405962577	-1.3002447081376767	
374.051	313.72	0.014482419237400576	-6.440634812584525	
424.278	36.28	0.026403495195960924	4.970760562269456	C24H38O6,C25H34N4O2
424.8851	190.98	0.018858171427804233	5.737222246004522	
424.9578	362.64	0.0930567881085602	-2.865458878961577	
288.0231	240.88	0.21185244637627362	1.8909875573607702	
288.1232	131.43	0.5870573334094042	0.761806140351476	
425.0917	240.88	0.06999287523852915	3.277639561243831	
425.0917	250.86	0.7085977905360707	0.539132399485445	
425.0917	251.39	0.024191874084085203	5.162190712685354	
288.2897	28.24	0.38572025313193997	-1.238007715406012	
426.0584	389.06	0.26256776134706106	-1.6538019902239764	
426.0958	158.22	0.23731450791640413	-1.779516739524588	
376.0608	228.5	0.11470330364303138	-2.6081230349833993	
334.8921	200.73	0.9922512066226499	-0.018400105204067953	
289.0465	191.12	0.9044463677039938	0.19323412982071245	
289.0465	208.64	0.11121949848434984	-2.6474185012337186	
426.9731	363.29	0.6419957082973122	0.6629042313506973	
377.011	188.85	0.007068125261883879	9.1147403000138	
289.0795	257.72	0.00019928529175122623	56.02824562220557	C12H14N2O5
377.0453	30.21	0.0064405236919727795	-9.83646714146031	
377.0453	35.23	0.49348143356112145	0.9698593191720294	
377.233	35.36	0.007918220732310976	8.50094833654215	C40H68NO10P
377.233	59.79	0.017688164527491487	5.933386617493238	
290.0821	257.59	0.0007543917278326469	32.763350702496425	C12H14N2O5
290.1597	27.05	0.4930487621489933	0.9714773313244089	
428.1301	357.51	0.5870573334094042	-0.763014359275911	C20H23NO8
335.8954	200.73	0.6646479846623645	-0.6215823748746752	
428.2491	34.71	0.07651917826972181	3.1461038836089	C19H33N5O6
290.8837	200.47	0.3710011642572037	-1.2790187889165838	
290.8837	201.25	0.9930360240939837	-0.015341151068185446	
291.0404	205.19	0.612719688533331	0.7140549339157568	C15H11ClO4
379.0828	221.12	0.004842659610811622	-11.837147721754006	C19H17ClN2O3
291.0849	209.3	0.026552658204729174	-4.9550067170744185	C15H14O6
291.1935	24.81	0.8501477928328571	0.284867900801366	
379.2488	35.89	0.00936527328089035	7.924679780855316	C22H34O5
379.2682	24.68	0.42915473194320813	1.120580135408767	
379.7505	35.76	0.010557411654027094	7.39656248777438	
336.2017	26.92	0.3485724992171028	1.3479864985821906	
291.963	201.12	0.25026473641550967	-1.7196704834366376	
336.8899	200.86	0.689878455756368	-0.5755367284450165	
430.8712	200.86	0.96601152730161	0.07682729898293439	
336.9857	217.44	0.11271442936953777	2.627592455144533	
292.0161	269.57	0.02271922463342571	-5.30278177977224	
337.0356	33.26	0.37835031409866415	1.2592045867597828	
380.0615	36.02	0.14232315514564836	-2.3586340481092662	
380.0852	221.12	0.005301535634718332	-11.316899024683002	C19H17ClN2O3
380.2518	35.89	0.04582086429409787	3.9341689942445353	C22H34O5
431.8745	200.86	0.7182763101805891	0.5177854871195002	
292.1756	27.19	0.9729269172685526	0.06383649383716711	
292.2017	24.68	0.5370531254152326	0.8738375958998283	
292.9597	214.42	0.6030807973969949	0.7329025956101375	
432.0844	240.75	0.05008423671363459	-3.755287928745681	C18H23FINO2
432.2803	34.97	0.03762378173036376	4.271429231919718	
432.2803	48.17	0.02989779050541229	4.704894180323492	
381.9368	204.67	0.4564762395951987	1.054697421129657	
293.0803	209.43	0.019687344513616332	-5.626709253705648	C18H12O4
432.8691	200.73	0.6130746722910001	0.7126781095027204	
338.0196	214.55	0.00439605692565486	-12.90832273788302	C6H8N3O7P2
338.0196	219.54	0.009980998942703725	-7.6327110381246595	
433.2838	34.97	0.04556920141585974	3.9480656238940965	
433.2838	48.3	0.05137092785423482	3.7132573391592736	
293.9475	188.85	0.19129796642988273	2.0037200350376976	
433.8729	200.86	0.4048362607272748	1.185048414078848	
294.0483	388.93	0.23768898177110548	-1.7771284280680872	
434.125	221.64	0.008988645345697327	-8.115248879234919	C20H21N5O3S
434.3125	24.81	0.7352262890559902	-0.4835699865665855	
434.7593	35.89	0.004727856788393664	11.988427224131387	C46H77O13P
434.8675	200.73	0.8384533831584666	-0.3058217861193903	
339.0232	214.55	0.07064246539748419	-3.262289171173091	C6H8N3O7P2
339.0232	219.67	0.05055973224035218	-3.735892333089952	
339.0486	197.16	0.7182763101805891	-0.5181968525882781	C14H13Cl2NS
339.0486	205.19	0.015840759071194786	6.212231292220067	C14H13Cl2NS
436.2831	28.37	0.01239239839577613	6.8622987506264215	C46H82NO12P
436.775	36.54	0.06736811420840258	3.3277987431097884	C46H81O13P
339.996	198.86	0.3155321187694488	-1.4541850404408254	
339.996	203.22	0.14510419325130305	-2.333130588828166	
385.1128	270.39	0.008440231344565155	-8.298318854344046	C17H20O10
295.0339	162.16	0.7453149908877315	-0.4646422078043402	
437.9732	198.99	0.307025172229601	-1.4863388286310788	
437.9732	202.83	0.0827247711071492	-3.0468196663186053	
295.0777	357.51	0.18294383954426297	-2.0563560641042504	
386.8172	199.52	0.2265384091217397	1.8257152152060743	
386.8172	201.91	0.3278517612910009	1.4125761695222507	
340.9929	203.49	0.29672654999641634	-1.5274474021625934	
295.9488	202.44	0.14795975262760322	-2.3080038534341303	
341.0285	238.0	0.04427873848042373	-3.999854629521299	
341.0445	205.19	0.011531271950904415	7.095941836449815	
296.0089	33.26	0.48443835767306936	0.9894195862472986	
341.1489	270.52	0.0034009465045944432	-14.705960425852172	
387.0447	388.93	0.40311449920400116	-1.1907884970849654	
387.0849	159.54	0.10194583072028268	-2.753195985853655	
387.18	25.87	0.017746320061693688	5.922673782965962	C22H26O6
441.0568	204.93	0.03927104827385051	4.190698976629163	
441.1521	28.1	0.01866304093035916	5.775322736278827	C22H26O8
296.9261	29.15	0.831355095948967	-0.3211341733737681	
296.9281	199.52	0.4091133879095633	-1.1729458343940888	
296.9281	202.44	0.9818126796602596	0.04821975482670381	
296.9456	199.26	0.12236024804036393	-2.5400428577000183	
296.9456	202.57	0.7137783470938351	-0.5293851637542082	
388.0804	363.03	0.993113278128993	-0.014229203309931547	
388.1834	25.87	0.07120265707714801	3.2484240030321487	C22H26O6
388.2541	34.97	0.053183166957708056	3.6715264774263856	
388.2541	46.72	0.089102339218373	2.9211708311667706	
297.0492	187.41	0.011002692768170303	-7.276463965799941	C13H10N2O5
297.0798	221.51	0.005838121478970021	-10.64793899229291	C9H14N4O6
297.1016	30.21	0.2792458792081988	1.5914825028069006	
342.1526	270.78	0.013965655821293473	-6.551606972109677	
342.1693	240.1	0.5385531932347362	-0.8685622625013718	
443.2726	35.89	0.006559070054498204	9.709390133860884	
297.1908	31.16	0.9077196206741972	-0.1871216626284977	
443.7742	35.89	0.007746457237949323	8.653625469924764	
444.1527	310.83	0.0021023328319162427	20.22924551543615	C19H19N7O6,C19H27N3O5S2,C19H19N7O6
342.9704	192.69	0.07568410579880645	3.1610341929192893	
342.9704	203.88	0.018416891100985475	5.80545617784174	
444.2756	35.89	0.049097557464244115	3.8005479838244334	
444.9602	214.16	0.09380061592509972	2.851934337930422	
298.0221	205.32	0.010043500628791542	7.591348268623495	C14H13Cl2NS
298.0333	209.3	0.004514506243416774	-12.333856662665527	C38H74O4
389.0803	159.4	0.36706215205174675	-1.2907420725528245	
445.0748	204.01	0.6817023127388738	0.593013621846749	
389.2576	34.97	0.10758450729727125	2.690808016800222	
389.2576	46.72	0.09918672216193274	2.78443090253728	
445.2882	36.41	0.07170960791576057	3.237283565820514	
445.7899	36.41	0.06788164962912428	3.315900740898263	
343.2955	37.99	0.3677706893524976	1.2873266467815223	
298.0833	221.51	0.00439605692565486	-12.872725547650308	C9H14N4O6
298.0968	34.58	0.3549124878068502	-1.3300176088069233	C11H15N5O3S
298.2224	30.77	0.5474797671423816	0.8433821643829554	
446.2911	36.54	0.02535812029694501	5.060390853753232	
446.296	31.95	0.7665844820329468	0.4280920646879622	
344.0364	270.1	0.35857794836674434	-1.3159239459666106	
390.7329	35.49	0.0032452676771197357	15.394533447766879	
344.2279	34.84	0.08875708365068076	2.931526816343624	
344.2279	45.24	0.4389937908601241	1.097818306590244	
448.0779	158.49	0.08875708365068076	-2.9330544531066423	
299.0439	238.39	0.4650544617213306	1.0336549810020728	C12H10N2O5,C9H11FN2O6
299.0649	301.11	0.057427306489517174	-3.5473592915335685	C12H15N3O4S,C20H11NO2
448.9552	362.5	0.32131563174164113	1.434202642106757	
391.058	266.81	0.007918220732310976	-8.509295950201794	
299.2581	32.34	0.059695143398362654	3.490316286995165	
345.2314	34.84	0.25381234198334507	1.7065900166357268	
300.0431	232.05	0.029061906647510433	-4.763477078245688	
450.0747	388.8	0.2586293573637204	-1.673574408593771	
392.7486	36.02	0.00697428646457516	9.351144886635979	
300.2017	34.84	0.4224675262967472	1.1402616925339906	
451.1891	251.52	0.007475431862283999	-8.78491202722648	C24H31ClO6
347.0941	267.07	0.008370229838460955	-8.328658319700478	C18H16ClFN2O2,C15H20Cl2N2O3
393.0193	35.36	0.06248988929416877	3.4263378144327663	
452.1278	209.3	0.013065843411437223	-6.715835422304969	
393.0621	220.46	0.20982377303499083	-1.9025228678747443	
393.2504	36.02	0.019717078421629345	5.610207564644145	
348.0976	267.07	0.048934084390805134	-3.8072871220503175	C18H16ClFN2O2,C15H20Cl2N2O3
467.3014	36.68	0.19059920011750914	2.0080328719183402	
452.9848	209.3	0.4447239625582176	1.0840724480589214	
452.9948	35.23	0.5385531932347362	-0.8670517870359815	
467.803	36.68	0.17477431835026086	2.1127458240821375	
467.9999	362.64	0.16451980059083382	2.1808750331264015	
467.9999	363.69	0.603332068775513	-0.7316791778924183	
453.947	202.04	0.2752080450672047	-1.6060253686113672	
469.0179	389.06	0.2578285466768139	-1.6772082519764697	
560.3278	34.97	0.007475431862283999	8.784592490857596	
469.1801	360.14	0.4447239625582176	-1.0849873040198352	
469.1801	365.82	0.22721447063063216	-1.8221024142350202	
454.9447	202.04	0.3341091718022632	-1.3929262807851244	
454.9887	35.23	0.25912474278033304	-1.6709540996876737	
454.9887	52.66	0.17178107238619622	-2.130358272460429	
395.2922	24.81	0.7218439155805274	0.5088115623178103	
455.1606	268.91	0.16500157333631915	-2.174502797352864	C24H29ClO5,C22H28N2O5S
455.2487	34.84	0.003196203206400628	15.548778280665976	C20H38O11,C24H38O6S
455.9454	202.04	0.1402420710490541	-2.3747134891779274	
470.0188	388.8	0.3811243277017448	-1.2500465946911294	
455.9804	425.87	0.006815703836816475	-9.46941097361133	
561.024	35.76	0.01680938601176439	6.044144776681245	
561.024	202.96	0.811443416594748	0.351723524375438	
561.3313	31.42	0.0937633427056211	2.855028510220098	
561.3313	34.97	0.007068125261883879	9.101046758129888	
561.3582	35.89	0.036364437446621906	4.345992400594271	
471.0158	388.93	0.2792458792081988	-1.5912094111122226	
396.2941	24.81	0.8494143300091301	-0.28764001460908023	
458.2961	28.24	0.0068227090869253815	9.42248828277752	
458.3325	28.1	0.4654537875689409	-1.0317607501641812	
472.2753	34.84	0.0466521330731862	3.900765920602362	
473.1712	252.31	0.04712243491080303	-3.8730741015246695	C24H31ClO6
474.0314	220.2	0.0856500220688463	-2.9898450653775552	
564.359	35.23	0.006691404214544606	9.58146163010389	
564.359	54.5	0.0064405236919727795	9.786648523020645	
460.3117	28.76	0.8621366290897915	-0.26336152170395766	
397.9108	203.88	0.4650544617213306	-1.0334498696752985	
475.0647	35.63	0.1688257851998586	2.1528692059569297	C20H20O10S
475.0647	220.33	0.15053644049513448	-2.285313549075767	
461.0489	203.49	0.9146138496576961	-0.1734850589945718	
461.0858	220.72	0.006974360567744344	-9.293494423871248	C25H16O9
565.3625	35.23	0.006815703836816475	9.443053148876352	
565.3625	53.97	0.08902421867298313	2.9261609362451453	
462.0455	203.49	0.7930223961694456	-0.382277125474728	
398.0428	228.37	0.07873756767182764	-3.1095360571374386	
476.3037	35.1	0.028095885414843973	4.837403990389431	
476.3037	49.61	0.027567915326934398	4.877773627132702	
566.3647	35.23	0.03461898498228647	4.429625819638338	
398.2406	24.81	0.6908384327530049	0.572872123285126	
476.9708	35.36	0.5370531254152326	0.8731748228604638	
476.9708	52.66	0.0866197729227847	-2.970222686981644	
477.0228	202.96	0.6941573040624865	-0.5648252176676432	
477.1425	269.18	0.035479200999863285	-4.386221416411081	
566.9654	362.64	0.541246703984314	-0.8603403548027356	
399.0275	36.02	0.3169154850760457	1.4488805243896608	
399.0275	52.92	0.03951546114041277	-4.180317306730224	
477.3098	35.1	0.0328545162492251	4.512715900757498	
477.3098	49.61	0.11220764572906022	2.633301978014837	
477.973	35.36	0.9035912846405387	0.19527914172623267	
478.0201	203.09	0.9335520409880129	0.13944205224460976	
464.8776	190.72	0.03216850308698455	4.555233325381126	
464.8776	193.22	0.6896655229556847	0.5766914159367473	
464.8776	195.97	0.3140045795408665	1.45943066805158	
399.2463	35.49	0.00473730715110193	11.942820372662677	
399.748	35.63	0.005697440975452346	10.800098869098498	
399.748	63.46	0.055658230982434054	3.596790862517735	
568.3614	29.15	0.007746457237949323	8.619266220180416	C27H54NO9P
568.3614	34.84	0.15362847174156488	2.2566585066845875	
465.2857	36.15	0.009018021105276126	8.096704333970804	
465.7874	36.15	0.004511498543906904	12.719626278243581	
568.863	29.29	0.007068125261883879	9.170790241689351	
568.863	34.84	0.08875708365068076	2.9326687556871973	
480.3092	28.5	0.009608719225578792	7.800175712738517	
480.3092	34.58	0.08829848416467309	2.9445502139585846	
466.2888	36.28	0.13302639442136815	2.437768215325322	
480.8109	28.63	0.010388552603535143	7.441089284341579	
570.0499	220.06	0.044479309115493436	-3.9919139176092147	
571.0532	220.2	0.04234116096952766	-4.069237783138143	
482.3245	127.58	0.99591233241688	0.008486668870057446	C23H48NO7P,C25H43N3O6
572.0656	214.94	0.013305770306551811	-6.662326460460657	
485.2894	24.81	0.08616476259552813	2.980383910382667	
486.9762	217.44	0.8621366290897915	-0.26367113634187483	
575.3513	35.36	0.04572174042337298	3.939185027311734	
575.6993	35.89	0.0057641348501431214	10.710875142320553	
487.2988	36.41	0.01726238954609769	5.9839312734408265	
487.3526	122.19	0.959543810066434	-0.08779273862291556	
487.8004	36.41	0.011408984742738907	7.124136874661777	
488.0468	220.2	0.03326604409189446	-4.486533292209646	
576.0337	36.15	0.005358216146414662	11.252648960262794	
488.3008	36.54	0.004862618795606485	11.7866836921652	
488.356	122.33	0.966379137562025	0.07536172350607187	
577.3668	38.51	0.23909662893815586	-1.7710300529590512	
577.8696	38.51	0.6256187093631729	0.6901887141720733	
489.0502	220.2	0.028760412396929943	-4.784527821231971	
489.3144	37.07	0.5870573334094042	0.7623555932307217	
489.8161	37.07	0.5385531932347362	0.8664749625462349	
672.006	217.44	0.1108795048658741	2.6542382905674593	
490.0624	214.81	0.014487103719643941	-6.4264988018898865	
582.0727	35.63	0.5677642491296964	0.801406584373601	
582.0727	52.92	0.03561173817442472	-4.378516493437767	
582.9951	217.18	0.06179712502749458	3.442423465688021	
494.3245	126.79	0.6058498045260735	-0.725321059628229	C24H48NO7P,C24H48NO7P
584.0292	214.94	0.007068125261883879	-9.21208019863628	
584.0292	219.54	0.013965655821293473	-6.549236806248044	
674.4437	35.49	0.01866304093035916	5.760779378141678	
674.7784	35.36	0.08048393818439464	3.080062049897535	
704.1289	35.76	0.06265359910844306	3.4200211618839855	
704.2127	24.02	0.6631248214189811	-0.6258594323048486	
704.5399	150.58	0.6228618149712883	0.6962852965754193	
500.874	363.16	0.8554739593096263	-0.2770264680482101	
500.9919	217.83	0.24632415577207403	1.7379151991614792	
501.9952	217.44	0.3341091718022632	1.3935721023208023	
502.0261	214.94	0.005695131012109013	-10.830342189516214	
502.0261	219.41	0.006088813800092233	-10.400495126516267	
502.1852	240.62	0.09611704592479678	2.822801391620499	
502.3161	24.94	0.08875708365068076	2.9313794451470674	
502.3222	28.24	0.0029469408629447646	16.882170496193975	
502.3222	35.1	0.0064405236919727795	9.779623779508391	
502.8239	28.63	0.0002690485882961993	45.17881070734365	
502.8239	34.71	0.26252572908946287	1.6549204778850801	
590.3749	36.28	0.01485212913421417	6.370874016282599	
503.1176	360.4	0.8712928688851945	-0.24731906325030711	
503.1176	361.19	0.8070905952244286	0.358351139285978	
503.1176	365.13	0.7182763101805891	-0.5171632733115432	
590.709	36.28	0.018367538260810886	5.832088821090903	
590.876	29.42	0.005742078904116112	10.749762892889152	
590.876	34.84	0.5032043814611893	0.9417372640012363	
504.1155	360.4	0.3341091718022632	-1.3934652759090334	
504.1155	365.26	0.22107301277987917	-1.8478162181915099	
591.3783	36.28	0.1239855081003602	2.519454129214815	
504.338	29.02	0.8339572021268548	0.31683585598053376	
678.291	269.04	0.08580032639700522	2.9864342240985122	
678.4269	28.24	0.007436389016301871	8.848777991739425	
678.4269	30.34	0.02428497370383427	5.147503515963246	
678.4269	35.1	0.044604813098599226	3.980376994197707	
678.4269	38.12	0.9269965887573469	-0.1488933446043944	
678.7924	268.65	0.4511644782782052	1.0699563760049229	
509.3119	36.54	0.01601443821496025	6.187946550276889	
509.8137	36.68	0.012001494476804118	6.9588119891486055	
597.0107	217.83	0.04740705928142247	3.854787805487978	
598.0141	217.83	0.020604223558480992	5.510263418106518	
678.9286	30.34	0.042974280430419544	4.048646324603501	
678.9286	31.42	0.07085499511779442	3.2572674927858047	
678.9286	35.1	0.05844132842362661	3.5238440302941645	
511.3276	37.2	0.9520511883432927	0.10188522577912118	
599.0157	217.83	0.048049263662452685	3.833290921152309	
511.8293	37.2	0.9159125613434689	0.16990994833299153	
679.0137	217.83	0.048049263662452685	3.8331601241496687	
512.8745	200.73	0.9504156218897241	-0.10498767699284577	
513.1062	228.11	0.005390883714403935	-11.20221531280255	
514.8327	200.73	0.3931352790878028	-1.2191656085659257	
514.8724	200.73	0.9177188656988969	0.16567461451925253	
679.5154	217.31	0.1235531934112633	2.525669077313263	C40H70O8
603.5226	200.18	0.40577138126465245	1.1816909258900465	
603.5226	202.17	0.3587133858405684	1.3147087786895342	
515.1609	240.88	0.19022940613264389	2.0141756219586306	
515.1609	250.86	0.021911983330078953	5.364502161408133	
604.3539	35.1	0.0064405236919727795	9.902095549291797	
604.3539	50.95	0.0064405236919727795	9.949617450614218	
605.0504	36.54	0.025498077810912113	5.042651794811316	
516.1282	221.12	0.007173273385428166	-8.977372986006726	
516.3016	34.84	0.012837229023582239	6.76185084537643	C26H45NO7S,C26H45NO7S
605.3573	35.1	0.015686169783144913	6.234761839694645	
605.3573	50.82	0.05715044490324466	3.558019589350719	
605.3845	36.41	0.3348917612437405	1.3894823128946672	C31H57O9P
516.8308	200.86	0.2578285466768139	-1.6779010096424918	
680.0171	217.83	0.054671168685314235	3.6253270167421103	
516.9976	35.36	0.30144143923191274	1.507799244667399	C70H123N27O13
517.0123	217.83	0.04954448257216299	3.774802839133909	
517.305	34.84	0.00936527328089035	7.955571999316159	C26H45NO7S,C26H45NO7S
517.3309	35.36	0.15166845548909783	2.2743854024345946	
518.0157	217.7	0.5420128324439945	0.8573960657274257	
518.3536	28.37	0.5652040392084657	-0.8071689336789497	
608.3853	35.36	0.004911297528571308	11.652994713850978	
608.3853	57.16	0.0034047755001517807	14.287347552152413	
609.3887	35.36	0.7992504984604649	-0.37137236358557785	
521.3363	35.1	0.011046352477497074	7.260293979898701	
521.3363	51.87	0.03519087681056598	4.402082293203989	
610.3911	35.36	0.007068125261883879	9.070587333920303	
523.0984	240.1	0.9377659406035974	-0.13109673693451718	C20H20Cl2N8O5
523.0984	251.91	0.9859066630718644	-0.033828243333123294	
610.8514	200.86	0.5097002871256042	-0.9279171776363914	
611.3142	124.3	0.9724610380708476	-0.06590679956757155	C37H42N2O6
524.0228	35.23	0.013415622661317484	6.639420044773757	
524.0228	52.66	0.06657749290901809	3.34236281901553	
681.0189	217.7	0.005627708035604627	10.91018374004414	
524.3352	28.89	0.012824128920827725	6.770827837048806	C26H38N6O3
524.3352	34.71	0.15170941053800838	2.272914338648759	
524.8369	28.89	0.009628436649058146	7.785667265116552	
524.8369	34.71	0.9843386326744543	0.040187976339683844	
525.0252	35.23	0.024653562090104265	5.113974715519495	
525.0252	52.66	0.07435390206945584	3.1901994367531827	
526.024	35.1	0.07229508141963296	3.2250844448684397	
526.024	52.66	0.1272195313003608	2.4872643945974393	
526.0979	360.27	0.2963468021609428	-1.5306253819059112	
526.0979	365.95	0.05466223587560422	-3.6291711567120766	
526.1223	241.28	0.7663733306666943	-0.42924723334332265	
526.1223	250.47	0.33615651372907956	1.3836729380259587	
612.3877	29.68	0.007074689483527449	9.052944712402693	
612.3877	34.97	0.15060181769767483	2.2832421928298228	
527.1425	278.14	0.5020702392594475	-0.9463938837108864	
527.1782	257.59	0.000664417555513977	34.837182756873425	
612.8094	200.73	0.9045271595355324	-0.19218905107701548	
612.8498	200.73	0.8700609605344037	-0.24983786250621093	
612.8894	29.81	0.008175668000464303	8.404931227107998	
612.8894	34.97	0.018415606132929013	5.810682743843558	
528.0172	34.84	0.04715827868072963	3.8667170614153052	
528.0172	52.66	0.02789913779451934	4.854141682911753	
528.3933	124.43	0.9930360240939837	0.01582998279234617	
528.8483	200.86	0.7989580879682259	0.37264365019120926	
529.8517	200.73	0.45581032621304834	1.0585323964674904	
530.3475	24.81	0.0832061198770256	3.0341676224844525	
708.0989	220.46	0.01647598478885029	-6.1286653913484646	
530.403	124.43	0.9374493537056885	0.13326148767420853	
530.8465	200.86	0.6817023127388738	0.5921865631868873	
531.1241	240.1	0.13329818604012206	2.4332473716612344	
531.1241	251.39	0.031066375335096194	4.6338052325424535	
531.325	36.81	0.011382192933897358	7.15016890029135	
531.4057	124.43	0.9843386326744543	0.039901591377291386	
531.6729	35.49	0.02929146339132222	4.742641614378989	
531.8267	36.68	0.004514506243416774	12.29734079371584	
708.2139	221.51	0.008302166828517865	-8.358809702370802	
618.2358	240.1	0.181041516250139	2.06926852624879	C33H36N3O7P
618.2358	251.52	0.030014248809998974	4.693043375254955	C33H36N3O7P
618.7376	240.23	0.19029889786210757	2.0116321288167733	
618.7376	251.78	0.04337886279661365	4.0321963097742675	
532.8449	200.73	0.3135916455595204	1.46218722347684	
619.2361	240.49	0.5001740725750281	0.9529621008096071	C33H36N3O7P
619.2361	251.91	0.027977547194627264	4.8467387516974565	C33H36N3O7P
619.7256	36.81	0.08447033054810223	3.010495222174317	
533.3407	37.73	0.6579562966708238	-0.6363111857704568	
533.8424	37.86	0.7766891124824516	-0.41193342837318797	
620.06	36.68	0.8064419242973089	-0.36098258268569927	
620.394	36.94	0.19201654889500586	1.999331913842337	
536.1216	241.02	0.05443411499022378	3.6365960574744887	C20H22N8O6S2
536.1216	251.52	0.0011691169022959	27.308217132580996	C20H22N8O6S2
537.117	240.62	0.03762378173036376	4.2633139412850625	
537.117	251.13	0.018974546773795276	5.699278530596727	
625.0922	220.46	0.022839770097937855	-5.281813985084875	
538.1192	251.65	0.05924230327049545	3.504736112394267	
625.9852	216.52	0.005627708035604627	10.893134445940548	
625.9852	219.01	0.0052213193531991655	11.400531891383197	
626.8253	200.73	0.2446249385539544	1.7463016148914459	
627.8286	201.12	0.7781569316333997	-0.4073453885486505	
628.824	200.73	0.6263079777491667	0.6869317773088339	
629.2268	239.31	0.7308407270640653	-0.49387581021700544	
629.2268	253.23	0.0238437550359461	5.194121491071493	
541.049	34.97	0.04675274609533679	3.895825141887649	
541.049	52.79	0.09380061592509972	2.851439171761288	
630.4176	30.07	0.0719750405076296	3.231570557268686	
630.4176	35.23	0.15073769092451894	2.2811931389303064	
542.9657	363.16	0.7343321082554811	-0.4865151297843477	
543.089	220.59	0.011379837501239495	-7.186341471427669	
545.0182	216.91	0.01981229937546981	-5.588762656181079	
545.1654	362.24	0.5628024452342257	-0.814367953365533	C27H28O12
546.3485	35.49	0.01611908727628137	6.171118735418601	
546.6831	35.76	0.009971263873855182	7.644404544314901	
546.8501	29.02	0.006974360567744344	9.289765420266132	
546.8501	34.71	0.14232315514564836	2.3592520056745405	
634.9023	30.07	0.007733574828887569	8.686775499792082	
634.9023	34.97	0.07489765799156066	3.17746335720383	
635.4042	28.24	0.010082476403534593	7.574105672765515	
635.4042	29.81	0.01239239839577613	6.864420218282632	
635.4042	34.97	0.2963468021609428	1.5298165336218472	
635.4042	36.81	0.38473724406644	1.2410594931388785	
547.3523	28.24	0.01740625016130699	5.9649289268911	
547.3523	34.97	0.2578169617475755	1.6802281839182651	
548.3642	29.15	0.5325480945947089	0.8840484393510489	
638.0122	217.83	0.04096409256350273	4.133211644549137	
638.5139	217.44	0.02914968681629876	4.755980779271111	
551.3816	124.43	0.9900828153647233	0.027313701359138486	
551.9241	202.04	0.37887665571315954	-1.256753959343555	
640.9325	363.16	0.9914979756296094	-0.022058968828017066	
552.3849	124.3	0.9524449134921072	0.09845062211646215	
553.338	35.36	0.19570061409667014	1.9794076046417943	C30H48O9
553.338	37.2	0.018367538260810886	5.825147838111984	C30H48O9
643.1328	362.5	0.7186985402894129	-0.5157225828398645	
644.135	362.64	0.8065183248779306	-0.35999399296900597	
555.3538	37.86	0.5162636795373503	-0.915785284288172	C30H50O9
555.8554	37.99	0.4969775809322092	-0.9616636682833163	
645.0931	35.36	0.07696456526348618	3.1365852462696604	
645.1293	362.11	0.8853638468471519	0.22538330206889642	
645.4277	35.23	0.08370447207494776	3.024740559489504	
556.0343	220.2	0.026403495195960924	-4.97148035859019	
711.2691	252.18	0.024191874084085203	-5.1610150852532435	
648.3802	35.1	0.005627708035604627	10.992882236130749	
648.3802	52.79	0.0064405236919727795	9.981628735357184	
649.0762	37.2	0.1402420710490541	2.375336102648115	
649.3834	35.1	0.00439605692565486	12.997900033381384	
649.3834	53.32	0.001983867329179143	21.29932795692209	
649.4109	37.33	0.16451980059083382	2.180459973208466	
650.9826	216.91	0.538228481492834	-0.8703831810229995	
651.3068	124.16	0.9859066630718644	-0.03393141495543532	
652.0529	220.06	0.04954448257216299	-3.7749403273589808	
652.3091	124.16	0.9142528601521119	-0.17496371820524503	
653.0563	219.93	0.056417669614691586	-3.5753724237719138	
654.0685	214.81	0.03268914858883713	-4.525461137756709	
656.414	30.21	0.0168991758109054	6.024268473568221	
656.414	34.97	0.22925895400359253	1.8133364418909919	
656.9154	30.21	0.02113884383644399	5.457837185634015	
656.9154	34.97	0.04399865775249544	4.010009851431371	
659.7685	35.49	0.1030006356506597	2.740253667985024	
660.103	35.36	0.044604813098599226	3.9785614600084758	
713.0073	217.44	0.10585245794909669	2.70792452481532	
689.4537	35.63	0.5472493919263776	0.8445973028445999	
663.7517	37.73	0.25960063873025885	1.6684023811066393	
664.9981	217.18	0.044604813098599226	3.982704008387203	
666.0321	215.21	0.012053024670844908	-6.935775981892361	
666.0321	219.41	0.0064405236919727795	-10.159682933345787	
760.361	242.72	0.9498376919163423	0.10768428590393567	
760.5049	28.5	0.07846101048116572	3.1149020123554063	
760.5049	34.84	0.295961359096393	1.534738324731693	
760.9987	28.5	0.0792817049250802	3.097265316587844	
760.9987	34.84	0.25456764551686184	1.69603896690416	
761.0168	217.44	0.021614562281453656	5.402244439068077	
761.4989	28.5	0.05392588283537538	3.6514835469368876	
761.4989	34.71	0.35857794836674434	1.3166859754666331	
761.5185	217.83	0.08211037612703	3.0561372825107855	
692.4063	35.23	0.004514506243416774	12.389556111242873	
692.4063	55.98	0.006088813800092233	10.419678691885098	
762.0202	217.44	0.009150280036029487	8.031595042751599	
735.0602	220.06	0.0990242295902156	-2.787528981205954	
735.1747	221.12	0.026569215960399035	-4.94362006770436	
693.4095	35.23	0.003742792881288202	13.864466342271465	
693.4095	55.58	0.0064405236919727795	9.91282242093615	
716.4767	28.37	0.17178107238619622	2.1292461877825914	
716.4767	34.71	0.30326995694480713	1.4998543680484173	
763.022	217.18	0.11095542494229349	2.651116626122745	
763.022	217.96	0.26451454297943705	1.6465353508367646	
716.9804	28.5	0.16500157333631915	2.174800108267622	
716.9804	34.71	0.45570708319414177	1.0604473056186428	
736.0634	220.2	0.06486188478551862	-3.374463004385793	
736.0714	215.08	0.0683798473614805	-3.306209421314705	
694.4636	28.5	0.15053644049513448	2.284869298424908	C35H68NO10P
694.4636	34.71	0.5870573334094042	0.7620383567808564	
736.4325	35.36	0.004514506243416774	12.323879914046186	
736.4325	58.87	0.007475431862283999	8.796681283511624	
718.0233	135.24	0.8952550477121257	-0.20886274049881176	
737.4359	35.36	0.0064405236919727795	9.812546294898068	
718.8036	35.89	0.7548609197704998	0.4473717406100109	
737.7863	240.62	0.3075441413823894	1.4833228343105884	
737.7863	250.99	0.017768887212466805	5.915248357801199	
766.4798	28.37	0.007155888436836362	9.010822771516285	
766.4798	35.36	0.045495868519231944	3.9524465332763126	
738.4912	28.5	0.11682221850388891	2.5893394034726023	C41H68O11
738.4912	34.71	0.36414769012372905	1.2988994595536922	C41H68O11
738.7857	240.62	0.5960294260287583	0.7453976030501356	
738.7857	251.26	0.009971263873855182	7.651985737016056	
697.4411	35.63	0.0033875952942310893	14.880517436258046	
697.4411	63.59	0.007173273385428166	8.974945858067024	C38H65O9P
738.9936	28.5	0.8576877227794573	-0.273236596877888	
738.9936	34.71	0.658340739732315	-0.634055811890971	
739.1012	135.54	0.8359050213737346	0.3106859319688127	
720.0152	217.83	0.024329485790815564	5.140903373086861	C15H25N5O20P4
739.4835	28.63	0.13905219000033262	2.3864133812729618	C38H65NO8S
739.4835	34.71	0.650264503111921	0.6489932335836458	
720.5168	217.44	0.07501669541916037	3.173804465122694	
768.226	251.13	0.11327404562916008	2.6214645892668083	
768.538	24.81	0.576447909363387	0.78345326728147	
740.2853	241.15	0.5338819118220439	-0.8809794001807632	
721.018	217.18	0.526156840590196	-0.8964553893159225	C15H25N5O20P4
769.5003	28.63	0.14300769303663696	2.3504141734639723	
769.5003	34.84	0.2578285466768139	1.6778987178429594	C38H72NO12P
769.5412	24.81	0.4175618458666502	1.1519957666622267	
721.6364	220.85	0.006725036936298731	-9.550048105841318	
741.2834	240.49	0.8767428451622579	-0.23928851573222856	
741.2834	250.99	0.9498376919163423	0.10777511212919619	
741.4674	35.89	0.005627708035604627	10.938825934234504	
741.4674	67.7	0.011109501172465612	7.240843909731721	C40H69O10P
700.4403	35.1	0.17662838777212592	2.0999299979770734	
700.9415	35.23	0.0168713973959483	6.032515198402451	
771.2233	241.28	0.02535812029694501	5.058130522648599	
773.2201	241.54	0.031160421075589518	4.610570009960354	
789.9911	216.13	0.30197994337471235	1.505345316805906	
789.9911	218.75	0.03828550150858337	4.230944445707659	
774.2208	241.02	0.15234315999694584	2.266693631060667	
774.2208	243.77	0.16451980059083382	2.1814765216724434	
774.2208	250.86	0.032964756102823914	4.5052831979491375	
744.968	35.23	0.02165405691175723	5.390827909604883	
726.8025	200.73	0.18315110456348246	2.0531046959159887	
747.0012	217.44	0.14574615453630158	2.3266435790585023	
776.5065	219.8	0.4644407900697838	-1.0363035577184194	
747.0703	35.23	0.3811243277017448	1.2499610864377455	
795.0107	217.83	0.021145361201360836	5.452923641660316	
748.0035	217.96	0.42915473194320813	1.1198780167378504	
748.0356	215.08	0.009145359155610015	-8.044057608138052	
748.0356	219.8	0.009467695240619498	-7.8507121967511875	
748.5709	35.36	0.8604897384757776	-0.26776845628310525	
749.2758	239.18	0.5028070537141637	-0.9441128832093939	
749.2758	253.23	0.5445204734775375	0.8524293166823609	
780.4588	35.49	0.0034047755001517807	14.308952393322283	
780.4588	62.28	0.014482419237400576	6.439827350641797	
802.0185	217.83	0.01673971942238995	6.0710412471044695	
803.0209	217.57	0.8166672016539651	0.34128389424831546	
751.5113	24.81	0.3943572645475993	1.2147645847732087	C46H70O8
804.531	28.76	0.04173892403955645	4.09969328438495	
804.531	34.97	0.18306771666658134	2.054631917893178	
782.5179	28.63	0.05935138608912293	3.498687673328523	
782.5179	34.84	0.3540453990425166	1.3338929523085523	
805.0325	28.76	0.05510061491747776	3.614399373103093	
805.0325	34.97	0.25500480254157015	1.6935545988924634	
805.5295	28.63	0.061389249057334436	3.453607681929819	
805.5295	34.97	0.3583769033836716	1.319090191385006	
783.0198	28.63	0.04676202974874305	3.890819709431683	
783.0198	34.84	0.5240723088912519	0.9008180633055392	
783.5211	28.63	0.06486188478551862	3.3743071355907013	
783.5211	34.97	0.5057597002016154	0.936438627063153	
753.2576	241.02	0.47224439552276926	1.0158707184098772	
753.2576	250.73	0.39018683007277494	1.2273338163612146	
843.0199	217.83	0.044604813098599226	3.9856554615922466	
843.5215	217.44	0.181041516250139	2.067925071993116	
754.009	217.83	0.8767428451622579	0.23840422708608078	
844.0233	217.44	0.02113884383644399	5.458295508712174	
754.5106	217.57	0.0024955015657391853	18.417420027041587	
848.5571	29.02	0.03519087681056598	4.39963279536635	C48H79O10P
848.5571	35.1	0.12996479570503314	2.4635716927235243	C48H79O10P
849.0589	29.02	0.04941501851332086	3.7867613627630465	
849.0589	34.97	0.11989290268195082	2.5620066150785052	
849.5574	29.02	0.02000275631585892	5.568423761068095	C48H79O10P
849.5574	34.97	0.17087552868329794	2.13977363838399	C48H79O10P
816.0594	219.93	0.05844132842362661	-3.5244378335581907	
856.3345	240.62	0.7781569316333997	0.4076866999670563	
856.3345	250.99	0.09499717783474054	2.8358694749439373	
856.8357	240.62	0.08498350439110369	2.9994010844703554	
817.2444	361.72	0.7464327100358601	-0.46225913424463666	
759.2675	252.83	0.18933274401177774	-2.0194353453655527	
870.5699	29.42	0.03753061542862245	4.2888160026672875	
870.5699	35.1	0.10490874895896612	2.718043060606406	
871.5715	29.29	0.032967718266961	4.502123536618173	
871.5715	35.1	0.12242117301005227	2.5374307283353534	
824.485	35.76	0.0029469408629447646	17.100863664468207	
826.5438	28.89	0.04679984667223355	3.886948659542161	
826.5438	34.97	0.29987231212170934	1.5131615499408524	
877.0134	217.04	0.5649128892445375	0.8084724262271457	
827.046	28.89	0.03828550150858337	4.230480975529006	
827.046	34.97	0.24698117488866497	1.7329925130318091	
827.5419	28.76	0.04941501851332086	3.7845740881138905	
827.5419	34.97	0.3209022636119845	1.4362132835671186	
828.5164	36.15	0.024403141160941992	5.132601438803886	C45H71O9P
829.0044	217.31	0.834778922866546	0.31486164455098187	
829.5398	219.41	0.19029889786210757	-2.012455183330589	
884.0211	217.83	0.004514506243416774	12.448823510776636	
830.0406	219.67	0.08105172439585932	-3.0711371030248444	
884.5231	217.44	0.327198586544735	1.415179809599729	
892.5828	29.81	0.031138744078626625	4.618588006342099	
892.5828	35.23	0.050808273035285324	3.728068008936757	
893.0849	29.81	0.02559598143940693	5.033406494542455	
893.0849	35.1	0.08455925029901071	3.007773839063437	
893.5857	29.68	0.0916054469589048	2.8903792383554414	
893.5857	35.1	0.18294383954426297	2.056446375719259	
914.596	30.07	0.03754008196786925	4.283134647094046	
914.596	35.23	0.05008423671363459	3.75415322482767	
915.098	29.81	0.028402284230929522	4.813727020253438	
915.098	31.42	0.027721076453481236	4.866539091937533	
915.098	35.23	0.11139343282682813	2.643087597297556	
925.023	217.44	0.09948303337208389	2.7800228928095096	
925.5244	217.83	0.2074574338099685	1.9158615282375124	
926.0261	217.44	0.7156027710408567	0.5260061717624263	
959.0162	216.91	0.08386457835894384	3.0211304606912757	
966.0243	217.31	0.47586255934601057	1.0066809869012217	
966.5255	217.57	0.4048362607272748	1.1845319075779204	
976.3867	241.54	0.32205314827438974	1.4313426926876778	
977.3833	241.54	0.2827221558376012	1.5773659868274212	C44H64O24
978.384	241.41	0.4654537875689409	1.0309991872775452	C44H64O24
978.384	250.47	0.0930567881085602	2.868097130919038	C44H64O24
