m/z	rtime	p-value	t-score	custom_id
114.0666	22.62	0.9952472404579659	0.018500524679175998	
174.0914	24.33	0.1641234945170962	4.266004505433416	
116.0623	38.8	0.7843148819796767	-0.5670016285014309	
268.1908	21.44	0.8264270225867799	0.4623115106233452	
268.1908	24.33	0.9945129896514574	0.02243826952439793	
268.2637	58.16	0.35061614451683826	-2.219987983084785	
268.2637	228.51	0.40719256465628045	-1.8947200793815195	C18H32O
268.2716	200.85	0.6222857020307109	-0.9392519216301174	C18H34O
174.1315	40.65	0.7188776256165983	-0.7098573932844915	
221.1758	176.09	0.3281308844315192	-2.6323420131987882	
221.1758	183.86	0.36658970751266384	-2.1044220858369904	
174.1359	176.35	0.3554921100718058	-2.174998997899176	
174.1359	183.73	0.32913913268825756	-2.375219883533253	
268.9976	1.24	0.9901392754474102	-0.06260000339139994	
270.2429	176.35	0.3281308844315192	-2.547635563870126	
270.2429	183.86	0.3281308844315192	-2.6447178257004786	
223.1541	24.72	0.4518903228036258	1.6104600020255195	
223.8841	21.97	0.6496583392074752	-0.89124004739823	
271.2056	206.78	0.7824844997891277	0.5757769334709228	
271.2056	283.86	0.5176382756559166	1.2772865340296904	
271.2269	176.35	0.3281308844315192	-2.5079950430050846	
271.2269	183.86	0.3281308844315192	-2.7568751112842502	C16H30O3
271.3189	141.57	0.7309441693253751	-0.6898054261372973	
176.066	23.28	0.28023644269296527	3.399183204588495	
272.2221	181.76	0.3281308844315192	-2.4840734650215697	C16H25NO2
272.2221	209.27	0.3333545459935088	-2.317889155677429	
224.1282	27.35	0.5537899451858646	-1.1454220340455963	
272.3221	141.7	0.8264270225867799	-0.4652673755589481	
272.9442	20.78	0.7395410227234075	-0.6682530572309681	
273.0911	29.71	0.8918300187734317	-0.3030706296839338	
273.0911	46.84	0.7843148819796767	0.5628802441235862	
273.0911	221.4	0.8308372784876297	-0.449045180359308	
273.0911	247.89	0.7739216660712552	0.598696406791557	
273.1697	25.91	0.4365405459246645	1.6774486413950178	
273.2537	27.88	0.4141639039443872	-1.8299215438175465	
273.9455	20.78	0.5246535403398406	1.253771023468952	
119.0494	27.48	0.41442069252535557	1.8185866438674367	C8H6O
119.0688	39.06	0.5076758152142327	-1.3178246136613867	
274.2741	34.6	0.3560043236060797	-2.166856581507045	C16H35NO2
274.9418	20.92	0.6810304034088632	-0.8022567839126354	
177.1275	37.09	0.6142158056217076	-0.9702708459128185	
120.0528	27.35	0.32913913268825756	2.438934092030981	C8H6O
120.0528	30.53	0.3281308844315192	2.750477803708222	C8H6O
177.1638	39.32	0.7663897830213138	-0.6164607392385582	
225.8811	22.23	0.5479036169370975	-1.1623382194835716	
276.1442	24.99	0.33782565061073777	2.302131165685618	
226.1803	176.35	0.3281308844315192	-2.4753674320606187	
277.1283	27.61	0.4711886111922801	-1.4742364879714718	
178.1227	32.63	0.479081545315755	-1.436965389528313	
226.2167	174.77	0.36768059288939453	-2.0896061802061183	
226.2167	181.36	0.39931553955703664	-1.9464916945579913	C14H27NO
226.2167	204.39	0.4168322059488823	-1.8009101720600091	
226.2167	209.27	0.3540825102268082	-2.18463803271968	C14H27NO
226.2167	228.51	0.4141639039443872	-1.8340226916279303	C15H26O
121.0399	22.75	0.41838110410480744	-1.7636105734767953	
226.9516	21.05	0.6126699075927425	-0.976280427852753	C6H4Cl2O5
121.0844	24.59	0.1641234945170962	4.198856046088354	
179.0638	31.05	0.5011280796529447	-1.3366245541965276	
277.9571	0.98	0.9850461782545145	-0.07689071877978042	
122.0687	65.15	0.3281308844315192	2.8453894483278637	
179.1625	26.96	0.8795883313644919	0.32797303303158165	
278.9033	1.37	0.7288673576160699	-0.6938965439143113	
227.1835	176.35	0.3281308844315192	-2.485812969713734	
227.1835	183.73	0.3281308844315192	-2.5545739839552595	
278.9539	0.98	0.9245049526806566	-0.20852712882599955	
278.9539	2.95	0.9384911973957815	-0.16740461043244764	
278.9652	21.18	0.6079682966056443	0.9878834436334579	
227.2119	176.35	0.3281308844315192	-2.5169075773438325	
227.2119	183.86	0.3281308844315192	-2.794725995290531	
279.0934	30.24	0.4699520097754769	-1.496253139783174	
227.9549	21.05	0.5837838267261924	-1.058181043460523	C6H4Cl2O5
279.1137	206.78	0.9114677412831107	0.2563521404764622	
180.1384	21.7	0.6986067555572626	-0.7592860895025834	
123.0682	23.67	0.9925850936525361	0.05002575625754816	
180.1748	27.35	0.3281308844315192	-2.70677113681379	
180.1748	175.96	0.40178956048530295	-1.924621473058868	
180.1748	184.12	0.3379239559949066	-2.2991806478164643	
123.941	22.75	0.5096886085327491	-1.2983278168086294	
181.1086	22.49	0.47888700579745647	1.4401579925698207	
229.1185	22.75	0.41838110410480744	-1.7543569124785636	
280.1756	24.86	0.5277828926219804	-1.2399570687244343	
124.0589	23.28	0.3281308844315192	-2.4787329396763287	
124.0759	23.67	0.37902012957558545	-2.0250009564253553	
229.18	27.88	0.4141639039443872	-1.8298254134474656	
229.18	176.35	0.3281308844315192	-2.486712225198481	C13H24O3
229.18	183.86	0.3281308844315192	-2.7606782328893176	C13H24O3
181.1588	176.35	0.3281308844315192	-2.4526163957107836	
181.1588	183.99	0.3281308844315192	-2.638889255079095	
229.1992	176.35	0.3281308844315192	-2.4732062567997155	
229.1992	183.86	0.3281308844315192	-2.692464107936423	
280.9543	0.98	0.9255943673503051	0.2020658829720132	
182.0294	22.49	0.5076758152142327	-1.318045899091649	
182.0814	23.28	0.35061614451683826	-2.2229958899864153	
281.101	31.05	0.5368489577504802	1.207340437212947	
182.1037	22.23	0.3409912310293258	-2.2821505910969564	
230.248	51.31	0.3281308844315192	-3.0159988062809218	C14H31NO
125.0793	23.8	0.6511360174754349	-0.8779053244193753	
281.8426	22.1	0.5947751995233624	-1.037805840219115	
281.9521	1.24	0.8765985764885313	0.3323056224287739	
281.9521	3.08	0.5973987160561692	1.0191719236445567	
282.1053	31.05	0.44315178988157744	1.6584596457171905	
282.1911	24.59	0.7861445700538771	-0.5531318454818401	
282.2042	27.61	0.32913913268825756	-2.386702457632697	
282.9497	0.98	0.988492533025518	0.06749773426296134	
283.1176	27.09	0.4200333039251829	1.7319088965089324	
283.144	35.38	0.9746627869645802	0.09639163087680638	C15H20O5
283.175	22.75	0.36460547747222893	-2.1182455137014777	
283.2461	196.1	0.9945129896514574	0.027974958576755023	
283.8397	22.1	0.5780196736044393	-1.0856150977326346	
284.121	26.96	0.358711915635071	2.1521334936872245	
284.9101	21.31	0.5479036169370975	-1.168180915503434	
127.073	22.62	0.35061614451683826	-2.210045025437964	
285.1098	24.2	0.35061614451683826	-2.2133561384018083	
285.2787	200.98	0.4442550960131643	-1.646488820612069	C18H36O2
233.9129	21.84	0.7529052922450399	-0.642781397314137	
184.1697	176.22	0.3281308844315192	-2.7146545920405134	
184.1697	183.73	0.3316395659960803	-2.3486411448602684	
184.1697	228.11	0.47792969992230616	-1.4462474309596354	
184.8891	1.24	0.4695421485664664	1.5123411676486878	
184.99	68.2	0.8863789171723127	0.3135344749512472	
128.9537	1.24	0.8690456333989134	-0.3532024941352484	
234.2217	25.12	0.400248320630439	-1.9291170935558855	
286.2821	200.98	0.4699520097754769	-1.497085291214451	C18H36O2
286.2935	170.7	0.5973987160561692	-1.024401044205346	
235.0126	2.29	0.8245780308806389	-0.4763288421740584	
235.0143	199.12	0.9925850936525361	-0.03969935352163566	
185.1286	21.7	0.36658970751266384	-2.1054667434845995	
287.2217	183.86	0.3281308844315192	-2.6977531046941254	C17H26O3
130.0654	24.99	0.23539828504399168	3.612669246134119	
288.2896	34.2	0.24977142610675251	-3.5443910585786935	
288.2896	37.09	0.3281308844315192	-2.9237362918769105	C18H33NO
130.1309	21.7	0.7448885630938539	-0.6589930726340874	
289.0836	26.3	0.38760004346238597	-1.987715435003626	
289.2486	27.09	0.3281308844315192	-2.8293879878369426	
289.9342	21.31	0.9539968076814537	0.1378838717474103	
186.9956	1.24	0.8527220812126969	0.40629410810343924	
131.0857	39.19	0.6914241844636307	-0.7746250977435211	
131.0857	610.65	0.9976872954185946	0.008693601453894589	
291.0763	25.25	0.3281308844315192	2.929843627955302	
291.1941	32.63	0.5318876691840839	-1.222301760263306	
132.089	39.85	0.9880784033125674	-0.0703842706120198	
132.089	176.48	0.3281308844315192	-3.121495698224914	
292.2635	214.42	0.8690456333989134	0.3559965140447928	
292.2635	221.92	0.9933638088017797	-0.03075008182936902	
292.2635	229.43	0.9945129896514574	-0.02467899043935105	
188.0707	24.59	0.05604951837510582	5.694637306372299	
238.1651	24.72	0.4442550960131643	-1.650782715305908	
133.0762	24.86	0.0020620681229343947	-11.297562056140464	
294.1548	24.99	0.2813344862989974	3.384211235332178	
294.1548	27.74	0.9925850936525361	0.033446325362336285	
239.1066	1.9	0.5277828926219804	-1.2397039907204346	
189.0735	21.84	0.3281308844315192	2.844707209827015	
294.9389	21.05	0.6511360174754349	-0.8844500547238042	
295.1152	24.07	0.46898029494529736	1.5299567374808083	
134.0602	23.67	0.35061614451683826	-2.2155354369753004	
240.1498	22.23	0.5653522709727535	-1.1223965624313545	
240.2322	36.83	0.32311950541249607	-3.209041320399212	
135.0636	23.8	0.3281308844315192	-2.615827254181124	
190.0863	24.86	0.580703885756593	1.0684325053542587	
135.1169	38.93	0.6547919763085899	-0.8695858570211448	C10H14
241.2036	21.18	0.8250841212760874	-0.4733349797654268	
298.2741	159.61	0.7905463328248664	-0.5431850157785723	C16H32O2
298.2741	204.39	0.4141639039443872	-1.8503831396826438	C18H35NO2
298.2741	209.54	0.3281308844315192	-2.600307266460262	
298.3104	217.83	0.5430607608742816	-1.1833374964110521	
298.3469	147.24	0.8099943450219055	-0.5036963901335999	
299.0617	68.85	0.4365405459246645	-1.680023865288953	
299.0878	23.94	0.9847822030414385	-0.07806584134200037	
299.1487	37.22	0.5781212495758741	-1.0795327997182589	
137.0458	22.36	0.3281308844315192	-2.6819119353672254	
299.1852	26.43	0.43148808025750957	1.6921922836489112	
299.3138	217.3	0.9153047911767256	-0.24123377319609915	
242.2116	27.88	0.41838110410480744	-1.7873495502136005	C14H27NO2
242.2116	182.55	0.37902012957558545	-2.016065335963256	C14H27NO2
300.2017	22.62	0.34949607386289133	-2.2415579115238824	
242.9255	21.18	0.46664843622570984	-1.5374544142360669	
191.1432	176.22	0.3281308844315192	-2.4658297828635187	C13H18O
191.1432	183.99	0.3281308844315192	-2.7904931263315826	C13H18O
138.0492	22.36	0.3281308844315192	-2.8788589163921627	
300.2897	129.68	0.07071627055483275	-5.342481332418342	C18H37NO2
138.1278	176.35	0.3281308844315192	-2.4638891912130245	
192.122	29.71	0.465767587776295	-1.5400557061678906	
243.183	20.65	0.012873513527768355	-7.969360112249218	
302.1656	24.46	0.6511360174754349	-0.8774949503800105	
243.9418	21.44	0.8595397549363589	-0.3859560512004731	
193.0972	23.41	0.47628021011879496	-1.4546881973254973	
139.0503	22.49	0.4695421485664664	-1.5163183562326426	
244.0345	22.36	0.4695421485664664	-1.504003623306632	
304.1237	26.17	0.9901392754474102	0.06204949651404975	
304.1755	31.05	0.4695421485664664	-1.5082960290806304	
193.1588	176.35	0.3281308844315192	-2.477745610695064	C13H20O
193.1588	183.86	0.3281308844315192	-2.707749632185459	
244.1908	27.35	0.3281308844315192	-3.1025569010444958	
244.1908	183.86	0.3281308844315192	-2.6558057807079396	
305.0996	24.59	0.44384936534171354	1.6559459194493156	
140.0536	22.49	0.4711886111922801	-1.4656223275312712	
194.1627	176.35	0.3560043236060797	-2.1711880706188844	C13H20O
194.1627	183.86	0.37902012957558545	-2.025095710063807	
245.1942	27.35	0.3281308844315192	-2.891605932998991	
245.1942	176.35	0.32913913268825756	-2.361408958750568	
245.1942	183.86	0.3281308844315192	-2.664801698663938	
306.1394	26.56	0.6070305609839683	-0.9932380386749039	
246.1021	21.97	0.41838110410480744	1.7768739896291394	
246.2429	27.48	0.4996406633010308	-1.340976852127188	
246.9454	20.65	0.7665313197116954	-0.6154605943125061	
308.222	25.38	0.5529518341740485	1.147498096255272	
308.2584	205.73	0.6710325847262166	-0.8283980570342575	
308.2946	200.98	0.4534453814331946	-1.5891981608752566	C18H34O
308.8615	21.97	0.7665313197116954	-0.6146740933518894	
247.8847	0.98	0.883712076015679	0.3206985483973597	
309.1472	26.3	0.3281308844315192	2.477717043935905	
248.1857	26.3	0.3487906388281205	2.2485949773232634	
249.0456	20.78	0.2668663855652315	3.4589895242481377	
249.1122	30.92	0.4711886111922801	1.4707104172169472	
310.274	142.62	0.3540825102268082	-2.1804098005000148	
310.274	149.6	0.41955425464248214	-1.7378288489081062	C17H32O2
249.2576	200.98	0.5096886085327491	-1.3072191490861769	C18H32
250.0385	24.46	0.6070305609839683	0.9937610409456253	
311.1467	25.25	0.9964142230825875	0.012339806942807908	
250.1779	27.74	0.32913913268825756	-2.371111914138705	C14H24O2
250.1779	176.22	0.3281308844315192	-2.609863049148295	
250.1779	183.86	0.3281308844315192	-2.830864452509366	
198.0527	22.49	0.4861212097371818	-1.4010500556199177	
311.342	141.31	0.6144041793022027	-0.9668446731209883	
250.2609	200.98	0.5732748749941352	-1.101620272943158	C18H32
311.9294	21.31	0.732415246827179	-0.683181357424802	
250.9029	21.97	0.9234041602518681	-0.22227191134988758	
312.3624	141.57	0.17839956589521014	-4.038465552254206	
198.1675	21.84	0.32913913268825756	2.4140643824909733	C10H16O
198.1854	176.35	0.32913913268825756	-2.3821807560458597	
198.1854	183.86	0.3281308844315192	-2.575816615179367	
198.9515	0.98	0.8142124845044885	-0.49389386162395976	
198.9515	2.82	0.716620600308445	-0.7141822627356497	
143.118	22.89	0.40221649428600315	-1.9220203160821427	
313.1622	24.72	0.6353071239517217	0.9143987789489542	
313.2373	37.35	0.37902012957558545	-2.0173579022452968	C18H32O4
313.3212	208.22	0.5423849708960663	-1.1896058210214127	
251.9811	24.86	0.7015168168991953	-0.7469945108094557	
144.0557	11.94	0.9952472404579659	-0.01626181628070689	
144.0557	17.09	0.9291804164996295	0.18795625073281827	
314.3247	208.09	0.5479036169370975	-1.1626866946002654	
314.3415	133.75	0.29294477952653414	-3.3206561389376517	C20H43NO
314.9322	20.52	0.4802730042369942	-1.4245623033996198	
314.935	11.02	0.4141639039443872	1.842419720730675	
144.0808	24.59	0.1039536766524148	4.852304970143894	
253.1645	24.2	0.9370104586392131	-0.17350225913602924	
200.0408	1.24	0.4534453814331946	1.5825142054383006	
315.3281	208.35	0.4983500225722627	-1.3473946616500232	
200.1434	35.78	0.4954581899549029	-1.3624195752090422	
200.1453	23.41	0.7824844997891277	0.5750647078391203	
200.949	21.44	0.8142124845044885	-0.49413689562470464	
316.2118	21.57	0.714860074070531	-0.7187303554334403	
316.2847	75.7	0.5710293615967343	-1.1083143489953609	C18H37NO3
145.1008	35.65	0.6176607183353343	-0.9571940860733924	
316.9615	1.9	0.6986067555572626	-0.7546626265116486	
317.1359	23.94	0.32134822768482507	-3.2318865890083908	
317.2151	21.44	0.6914241844636307	-0.7739462864226293	
254.2116	174.77	0.37902012957558545	-2.0190239144192	
254.2116	181.63	0.32913913268825756	-2.361764782174226	
254.2116	204.26	0.36171536172749025	-2.1419687369344924	
254.2116	209.14	0.3408237825286936	-2.2861674887906407	
254.2479	228.51	0.4695421485664664	-1.5026821368808434	C16H31NO
145.1336	719.79	0.9871100533999934	-0.07262565520289366	
255.1208	24.86	0.41176395413044325	1.8784570233355529	
255.1208	28.14	0.46898029494529736	1.5250583694294155	
318.1911	29.85	0.4518903228036258	1.6081512803991398	
201.1235	23.41	0.24977142610675251	-3.5332602985719204	
146.0601	24.59	0.3281308844315192	2.5551119343843256	
319.0943	25.91	0.4442550960131643	-1.6397870778386368	
319.1153	25.25	0.867420355239785	0.3629439328739953	C16H16O5
319.1945	26.04	0.45482799334247515	1.5760871774412848	
319.1945	29.71	0.4217899951059385	1.718902530332302	
202.1803	21.44	0.3281308844315192	2.5233985191701205	C10H16O
256.2272	33.81	0.37208491135108085	-2.0670077927969794	
256.2272	174.91	0.3487906388281205	-2.2461413598486417	
256.2272	181.63	0.3333545459935088	-2.3318785736687246	
256.2272	204.26	0.3540825102268082	-2.1800962171425464	
256.2272	209.14	0.35061614451683826	-2.22051834622552	C17H24O
256.9706	20.92	0.5834791615667039	1.0615534694343578	
203.008	21.84	0.4695421485664664	-1.5188676073785021	
321.3152	228.51	0.4622263295355879	-1.5501835833400412	C22H40O
257.0805	23.8	0.32913913268825756	2.3842554731131327	
203.0527	21.97	0.32913913268825756	2.4007293494300868	
257.0994	2.29	0.6710325847262166	-0.8296817782952743	
203.1391	23.41	0.3281308844315192	-2.823070390638004	
323.1467	25.91	0.5503243254936574	1.1546643952654432	
148.9935	22.1	0.8264270225867799	-0.46428165501689733	
324.2017	24.99	0.6079106920915217	-0.9888355412838173	
324.2533	188.59	0.780717464929948	0.5827720620024016	
150.0551	23.94	0.009322448664719766	-8.505911863082002	
150.0584	24.07	0.5368489577504802	1.2055765690334697	
204.9982	21.44	0.7434881322125533	0.6627842295292188	
325.2007	27.22	0.5437249101787119	1.181008257842079	
325.2007	28.66	0.6188816841262569	0.9497367923237061	
205.0972	24.33	0.05102083413480312	5.836296628060347	
326.2172	24.72	0.4622263295355879	-1.5538844559413654	
326.3053	140.92	0.06570829700291884	-5.4524049887525	
326.3053	200.98	0.41425118949687567	-1.827221144802014	C18H36O2
326.3782	97.18	0.22874753046400895	-3.6668862772467175	
206.1389	0.98	0.21040479214962185	-3.806071187601045	
260.1726	206.52	0.4442550960131643	1.6402462381674658	C17H22O2
260.1726	217.04	0.41838110410480744	1.7651967808214266	C17H22O2
260.1726	260.94	0.8690456333989134	-0.35410808480573847	C17H22O2
260.1726	278.61	0.3281308844315192	2.8880196604632618	C17H22O2
327.0392	25.12	0.6144041793022027	-0.967411895238028	
327.2008	22.62	0.3681154719465194	-2.078104887109387	
206.894	21.7	0.5010032577446045	-1.337950700423256	
327.2894	185.3	0.37902012957558545	-2.0198212361256545	C20H38O3
327.3256	200.85	0.4518903228036258	-1.598524287677074	C21H42O2
261.0736	23.41	0.6986067555572626	0.7551451352827564	
261.0882	2.03	0.4365405459246645	-1.6777559296679807	
207.1171	46.05	0.5776929247267807	-1.0920910219237223	
328.321	186.35	0.4257171062691241	-1.7079681482105564	C22H36O
328.3289	200.85	0.5837838267261924	-1.0575286992343012	C21H42O2
152.0568	22.23	0.08311235913824629	-5.118790175068871	
329.157	24.86	0.9925850936525361	-0.04246389950609127	
329.1943	25.51	0.41838110410480744	1.7674751842521237	
329.1943	28.14	0.4630735530194294	1.5453901843040045	
329.3244	186.35	0.4442550960131643	-1.6450193139710503	C22H36O
208.1203	46.05	0.6142158056217076	-0.9715505835654645	
262.9155	21.18	0.6986067555572626	-0.7531323218344327	
262.9817	1.24	0.9374699907885	0.17130681120389157	
263.0132	1.64	0.7004051279409309	-0.7491527223835512	
208.1697	176.35	0.3281308844315192	-2.500277921227711	C11H18O
208.1697	183.73	0.3281308844315192	-2.632258126332691	C11H18O
263.0913	31.05	0.4141639039443872	1.866982570873492	
330.3366	80.43	0.07786048020490115	-5.214943849889632	C20H43NO2
330.9027	21.44	0.6255758356504175	-0.9333628392745199	
153.074	23.67	0.3281308844315192	-2.5709414176134566	
263.9261	158.43	0.5034074264115386	-1.3313089649096999	
263.9261	199.12	0.6895219641370317	0.780160732000037	
263.9261	202.03	0.8269171807823945	-0.45877478283105844	
209.1385	24.59	0.43879958071462427	1.6700795526492644	
264.9127	21.05	0.580703885756593	-1.0709238228396847	
209.1537	176.35	0.3281308844315192	-2.4952966894972373	
332.2068	30.24	0.8621328967239338	-0.38114469072885915	
209.1776	176.35	0.32913913268825756	-2.3626283386331077	
209.1776	183.86	0.3281308844315192	-2.608594904693921	
332.3312	78.46	0.4983500225722627	-1.3471027726097804	
265.107	27.48	0.4468950686979658	1.6286782143203438	
265.107	30.92	0.4700839196966078	1.4868019037686997	
265.1117	22.89	0.009322448664719766	8.606674598762071	
265.1223	42.22	0.732415246827179	-0.6833973024500152	
265.1294	22.75	0.03867919498468326	6.289626385672529	
210.0502	23.54	0.32913913268825756	2.364532820711314	
210.0502	25.51	0.41442069252535557	1.8220612480273035	
333.3346	78.33	0.5011280796529447	-1.335639814830016	
334.186	26.82	0.4443099974915223	1.6381953578009867	
334.8772	1.37	0.6568396986901452	-0.8594678376097865	
334.8772	2.82	0.6113764225838129	-0.9791374438928482	
210.1571	176.22	0.358711915635071	-2.149946634981102	
210.1571	183.86	0.32913913268825756	-2.3600376452594656	
335.177	206.78	0.9234041602518681	0.21795691945978313	
335.1898	26.82	0.4534453814331946	1.5901934446711563	
335.3035	208.62	0.5479036169370975	-1.1665812692988355	
266.1727	27.22	0.3281308844315192	-2.72652149528337	
266.1727	176.35	0.3281308844315192	-2.4598049026278184	
266.1727	183.86	0.3281308844315192	-2.846327733436549	
210.1855	176.48	0.3333545459935088	-2.3197622720618956	
210.1855	183.86	0.3281308844315192	-2.4838050939513527	C14H22O
210.9778	21.05	0.9945129896514574	0.0268594701143333	
267.145	22.49	0.32913913268825756	-2.3940397984847994	
267.2682	200.98	0.4518903228036258	-1.6028227562215296	C18H34O
336.2017	27.88	0.4695421485664664	1.5141655538945613	
336.326	115.9	0.5780196736044393	-1.0888134761920902	C22H41NO
336.326	116.43	0.6825283339984	-0.7987767681083435	
336.326	204.53	0.45280332082032304	-1.593769647722146	C22H41NO
211.1694	176.22	0.32913913268825756	-2.415945101575728	C13H22O2
211.1694	183.86	0.3281308844315192	-2.7423297785162823	
363.9549	1.37	0.9917938604078528	-0.05742446939288041	
363.9549	2.82	0.5348237428889067	1.2136512305153955	
337.1047	24.33	0.489243539836819	-1.3920222736484469	
337.1623	25.12	0.9559475895125985	0.130225774055388	
337.205	27.74	0.36658970751266384	2.104705520146982	
212.0921	24.72	0.22011669601455444	-3.7304778062086514	
212.1282	23.54	0.4141639039443872	-1.863392844860147	
364.1966	25.91	0.8711918522913815	-0.3423288711960945	
364.1966	28.27	0.9925800146399137	-0.055154987018932275	
364.1966	28.93	0.8947810951512241	-0.2979707673846286	
364.233	22.49	0.9288801894854616	0.18994717368391426	
364.233	33.81	0.41838110410480744	1.7841566081280302	
212.201	156.59	0.5281186845713152	-1.237779762921018	
212.201	228.11	0.49453263523012037	-1.368886946747983	C14H24O
157.0803	2.03	0.4441963747701723	1.6539810896816052	
365.016	21.57	0.8004722601743213	0.5243944488249757	
338.8698	1.37	0.4442550960131643	-1.6422112740121635	
365.1055	21.97	0.9291804164996295	-0.18844131452851143	
365.1885	134.67	0.630110835020363	-0.9242055368802506	
365.2363	27.48	0.3281308844315192	2.8403164007082338	
339.1415	26.82	0.4802730042369942	1.4209192077101658	
339.1796	29.32	0.9925850936525361	0.04133499224244332	
339.3451	228.51	0.4534453814331946	-1.5880800283089047	C22H43NO
366.2216	230.35	0.6884443612636082	-0.7863745886896057	
367.173	27.35	0.8264270225867799	0.4619606820075381	
340.3481	228.11	0.4442550960131643	-1.6404975371776953	C22H43NO
340.3576	261.73	0.41442069252535557	-1.8171385471367445	C22H45NO
340.3938	190.7	0.39931553955703664	-1.9344862342077	
368.0658	24.99	0.5479036169370975	-1.1617223520996725	
368.3159	176.35	0.3522935712552326	-2.1928311189741803	
368.3159	183.86	0.3281308844315192	-2.5035715153861684	C20H38O3
368.3523	201.24	0.32913913268825756	-2.4107017389170795	C21H42O2
368.3523	213.76	0.7845587292626074	-0.5597877786236634	
368.3523	216.38	0.4468950686979658	-1.629193907555586	
368.3523	225.34	0.8693670628951813	-0.35043026688437107	
368.3523	259.73	0.4622263295355879	1.553121779885559	
340.9311	20.92	0.6402420150499796	-0.9055059752900088	
368.425	220.06	0.3281308844315192	-2.592362402362759	
214.1414	21.44	0.47799458100474024	1.44263715714972	
341.1571	24.86	0.5318876691840839	1.2218994276388713	
341.1571	27.74	0.5780196736044393	1.0834746797738677	
369.1694	55.54	0.1641234945170962	4.184541750997312	
369.1694	74.63	0.42539140116653734	-1.7113108757938982	
369.1886	25.91	0.5227003756772519	1.258400102608442	
369.1886	28.93	0.6201999232606652	0.9440790376003139	
214.1803	26.3	0.3281308844315192	-2.81510073822851	
369.2625	37.49	0.37902012957558545	2.0395142509858277	
369.2999	161.97	0.5079822328202568	-1.31210923691916	C20H34O3
214.253	37.09	0.3281308844315192	-2.983663703006334	
369.3365	230.87	0.9239656500178424	-0.21296965496222914	
369.3365	513.22	0.9909590889338403	-0.05945746830471144	C23H44O3
369.4285	219.8	0.3487906388281205	-2.2587640614114526	
158.9641	21.05	0.5780196736044393	-1.0820230894718708	
158.9926	21.44	0.716620600308445	0.7141822365559105	
159.0278	21.84	0.41838110410480744	-1.7559158249444982	
369.9568	20.65	0.3281308844315192	2.505199497555988	
370.1728	30.92	0.7996430001686263	0.5261617510041354	C22H24O5
370.3	200.31	0.9981571646548093	-0.004103565813520127	
370.368	198.73	0.41838110410480744	-1.784299553534864	C23H47NO2
370.8017	200.72	0.8183047395625516	-0.4852205161376215	
159.0918	24.59	0.05014147455811625	5.9068569096330545	
343.1728	24.99	0.4861212097371818	1.4017528757257134	
343.2956	37.09	0.3281308844315192	-2.9851624054381336	
343.2956	39.98	0.32913913268825756	-2.441820664319309	
371.2045	27.48	0.5989223482633342	1.0138627066516186	
371.2794	37.22	0.4700839196966078	-1.4885341605556899	
371.3022	200.72	0.8416230919975859	-0.43050844997555154	
371.327	58.03	0.3333545459935088	-2.3218547900234525	
371.335	225.2	0.5096886085327491	-1.2999466725650652	C22H43NO3
215.1433	62.52	0.5990226278146858	-1.0108592001801169	
215.1433	207.04	0.9255943673503051	-0.20513527036204543	C15H18O
344.0658	25.12	0.6511360174754349	-0.8843693992201057	
344.2068	29.32	0.5096886085327491	1.2999757271136223	
344.2278	22.49	0.3281308844315192	-2.7338018984241956	
160.0758	24.59	0.7843148819796767	-0.5690250739496873	
372.978	3.74	0.7333855384883546	-0.6812190528927166	
345.1309	24.2	0.9016185689385509	0.27941366528353734	
345.1888	25.64	0.4443099974915223	1.6369131253519957	
345.2999	185.04	0.5054142324563304	-1.32737968183626	
345.336	201.11	0.4294194201231976	-1.6982062772380824	C21H44O3
346.3395	200.98	0.8669865898961083	-0.36442367400643766	C21H44O3
161.079	24.86	0.7310875530129063	-0.6888211508355266	
375.9611	2.29	0.988492533025518	-0.06665771351206178	
347.1771	305.21	0.3333545459935088	2.3323897037982473	
376.2331	27.88	0.4141639039443872	1.838058770483186	
376.3186	115.9	0.4700839196966078	-1.4885537689039954	
376.3421	201.11	0.4622263295355879	-1.55410488311991	
216.0346	25.25	0.2593597053048622	3.492555387400686	
377.2009	193.72	0.6353071239517217	0.9142474012187953	
377.3454	200.98	0.47792969992230616	-1.448332629789621	
349.02	24.86	0.6895219641370317	-0.7805754166533589	
162.1125	23.28	0.6784502757214584	-0.8120467740649557	
378.2088	193.98	0.7120036475565531	0.7262258392800293	
378.2124	27.35	0.40319145812801294	1.911052166374986	
378.2124	33.68	0.40719256465628045	1.8914896009673874	
378.2124	37.09	0.4294194201231976	1.7002525382932638	
378.2887	201.64	0.4141639039443872	-1.833586651450836	
378.3482	201.11	0.4365405459246645	-1.67879641370074	
349.9375	3.48	0.7739216660712552	-0.5974605008957509	
216.196	183.6	0.3281308844315192	-2.6266921258911404	C11H18O
350.2576	158.95	0.4802730042369942	-1.4281196829254803	C20H34O3
216.9228	21.44	0.5725178056656779	-1.1044823364597274	
350.7594	158.82	0.5780196736044393	-1.0823695405267677	
163.1481	176.35	0.3281308844315192	-2.4710401110736844	
163.1481	183.86	0.3281308844315192	-2.638626317741878	
380.1646	28.01	0.10999897237406105	4.771729700513625	
380.2087	194.11	0.5180843516952685	1.2709592853740885	
380.228	28.27	0.4802730042369942	1.421033954409742	
380.3887	174.12	0.7987843118233698	-0.528763709435941	
352.8976	21.44	0.5076758152142327	-1.3178051220284883	
353.1571	24.72	0.5418565351405694	1.19134541615382	
164.1282	21.44	0.3281308844315192	2.4785251654781435	
164.1515	176.09	0.37902012957558545	-2.038663864180885	
164.1515	184.12	0.3281308844315192	-2.671630416064668	
381.2312	28.53	0.3522935712552326	2.1940876425201616	
218.2116	24.86	0.5479036169370975	1.1671698343137307	
218.9199	21.44	0.5674652537200553	-1.1179551188518422	
218.9366	1.37	0.867420355239785	-0.3623135622272684	
219.0052	2.43	0.36768059288939453	-2.084520928807249	
354.3367	156.33	0.5079822328202568	-1.3125067076204577	C22H43NO2
354.348	207.96	0.6187063767752822	-0.9536116163403435	
354.356	218.75	0.49489972741004307	-1.3650798914183737	
219.1231	24.99	0.5055897685022355	-1.3250063628538624	
382.9195	20.78	0.6710325847262166	-0.8309580153456757	
383.1487	27.35	0.37902012957558545	2.0124101729482406	
355.1154	26.69	0.9016185689385509	-0.2824252046573942	
165.1638	176.35	0.3487906388281205	-2.2472568513237507	C12H20
165.1638	183.86	0.3281308844315192	-2.521583125671838	C12H20
355.173	25.12	0.4802730042369942	1.4297424373577439	
383.2043	26.3	0.5368489577504802	1.2096220182517563	
355.3401	156.46	0.4983500225722627	-1.3479864757122582	C22H43NO2
165.9247	22.1	0.5780196736044393	-1.0815020262478494	
355.3682	228.38	0.479081545315755	-1.4346963144159781	
355.3767	243.79	0.8142124845044885	-0.4955326366414828	
384.3837	168.97	0.8053569991426487	-0.5128083777205213	C24H49NO2
166.0534	24.2	0.9925850936525361	0.05228120624664473	
385.1647	30.11	0.4518903228036258	1.612670868628862	C22H24O6
385.1834	25.77	0.4141639039443872	1.836167348757546	
385.1834	28.27	0.5079822328202568	1.3123142362464228	
385.201	38.01	0.4468950686979658	1.62735221300172	
385.2204	26.96	0.37902012957558545	2.0238041568618743	
385.2948	196.63	0.7843148819796767	0.565258021610808	
385.2948	199.12	0.6126699075927425	0.9748617634236281	
385.2948	202.82	0.8685612408901642	-0.3593732082386184	
385.2948	233.5	0.8848192362407474	0.3161809178704404	
385.2948	244.45	0.9429824131667689	-0.15882443912455382	
385.3313	105.88	0.4835729808512536	-1.409936059866987	
385.3313	459.79	0.3487906388281205	-2.2455396647431547	
385.3423	204.0	0.5608690540897071	-1.1321766137240363	
356.3522	160.4	0.31833750467311706	-3.249397098200761	C23H44O2
356.8805	1.37	0.6635393667034813	-0.8470093967365642	
386.1867	25.77	0.606158206036864	0.9972498614030574	
386.1867	28.27	0.6107719315398761	0.9825388893199336	
386.3263	176.74	0.3281308844315192	-2.520956143838499	
386.3263	183.73	0.3281308844315192	-2.525068804385937	C23H42O4
386.3903	168.97	0.7391353870244005	-0.6703557678845588	C24H49NO2
386.3992	216.52	0.6023583524351108	-1.0039012743798685	
386.777	200.59	0.7579978874415292	-0.6295151393859649	
357.1309	23.94	0.9559475895125985	-0.12969322590252458	
357.1309	27.74	0.9234041602518681	-0.21705482026047582	
357.1889	24.99	0.4468950686979658	1.6277586341981451	
387.199	24.86	0.47118857417555565	1.4834872867679587	
387.2752	200.72	0.5503243254936574	-1.1538912165855475	
387.3469	230.74	0.7540211536579887	-0.6398499380357907	
357.2831	65.83	0.3281308844315192	2.8644764211026117	C21H36O4
387.3817	200.72	0.9069325644692056	0.2633728536827177	
387.7764	200.18	0.777266169242796	-0.5916272628552764	
167.0896	24.86	0.1641234945170962	4.259635221729091	
357.3363	194.11	0.4294194201231976	-1.6974907646054067	C22H44O3
357.3557	160.92	0.3281308844315192	-2.675093719127022	C23H44O2
411.3352	230.48	0.5096855044553285	-1.3086414042015078	
412.2542	80.04	0.4518903228036258	-1.6005088875415923	
167.093	22.62	0.37708850796177107	-2.051557453723033	
412.3213	52.23	0.6086052779187711	-0.9861893260968823	
412.4149	203.48	0.6241452601057234	0.9360333579493102	C26H53NO2,C27H41D7O2
412.4149	263.96	0.5096886085327491	-1.2985311487211835	
413.1782	26.56	0.479081545315755	1.4355688180747521	
413.1782	30.92	0.816458791343655	0.4881693488270224	
413.2758	184.65	0.6568396986901452	-0.8605764596850972	
414.2698	24.72	0.36768059288939453	-2.0875455316415543	
414.3298	202.56	0.938771333714872	0.16562814347255075	
414.3298	221.4	0.7861445700538771	0.5554975711454678	
414.3298	224.81	0.8711918522913815	0.3454550426201509	
414.3298	230.22	0.8711918522913815	0.34531856076829476	
414.3298	261.86	0.9925850936525361	0.036135737575464066	
414.3298	274.52	0.9245049526806566	0.2078215425068789	
414.4308	251.2	0.6187063767752822	-0.9532689091741543	
388.2539	22.36	0.3281308844315192	-2.98756140612936	
388.2732	200.85	0.9497457107829987	0.1455876402586468	
358.2435	158.56	0.4695421485664664	-1.5068424153542477	
358.2483	32.36	0.8503775696676571	-0.41347326534486367	
358.368	127.06	0.1641234945170962	-4.261039535154014	
415.175	24.33	0.9925850936525361	0.047855214736518464	
415.175	134.41	0.37902012957558545	-2.0286506425274626	
415.1939	25.12	0.4544618432378119	1.577961604172716	
415.1939	26.96	0.6188816841262569	0.9517168848292512	
415.2797	233.24	0.4106406126026106	1.8821238092682433	
388.7749	200.04	0.8264270225867799	0.46137292190902834	
415.3418	192.54	0.9255943673503051	-0.20322117356024377	
359.1467	23.94	0.8978220485117268	-0.2911217564425388	
359.1678	24.86	0.8581941872874117	0.3939408923633544	
415.9398	3.21	0.6278634170012611	-0.9287550818231967	
359.3155	200.98	0.46305323081360034	-1.5467054589610532	
359.3713	127.06	0.10085638737332392	-4.911790882809507	
416.2462	168.05	0.5055897685022355	-1.3251244092577825	
416.2851	233.1	0.41955425464248214	1.739477603722858	
416.3452	192.54	0.9263883581155193	-0.197043011469243	
416.938	3.21	0.9893090907799266	0.06478776452450323	
168.0657	23.67	0.03108705046050463	-6.662895526420403	
417.1589	283.86	0.5452245756832428	1.177038641207447	
417.2096	25.38	0.41442069252535557	1.8246988423217678	
417.348	192.54	0.9456796633609861	-0.1546941077040428	
417.3686	176.35	0.35061614451683826	-2.2330399066076105	
417.3686	183.86	0.3487906388281205	-2.252108991659036	
417.9357	3.21	0.46898029494529736	1.5322579752156171	
389.8717	20.52	0.5517494758400362	-1.150878617479889	
418.2436	28.27	0.4022195237575875	1.9145472415739118	
168.0963	22.62	0.3560043236060797	-2.168416152468911	
419.1701	27.35	0.43987870589308675	1.6664385119696956	
419.2254	30.92	0.7587910278049379	0.6269670013552319	
419.2557	220.87	0.49251378512336486	1.3806100067904692	C21H39O6P
420.173	27.22	0.41838110410480744	1.7691677599187186	
420.1799	189.51	0.5832697185646518	-1.0627361617520739	
390.0479	24.86	0.6504923534639553	-0.888498994457885	
390.1886	30.79	0.8690456333989134	-0.3541150871236106	C22H26O6
360.3213	228.11	0.4144658068635665	-1.8151440379738193	
360.3623	119.71	0.49453263523012037	-1.3703625380235318	
360.3745	127.45	0.6077241431016843	-0.9908333650573835	
391.2244	190.03	0.6629623356763199	0.8500690602799934	
361.2353	66.23	0.7996300390228503	0.526977061982368	C20H34O4
361.3215	200.85	0.479081545315755	-1.4378994946664685	
422.3243	226.93	0.5780196736044393	-1.0854522986853186	C23H45NO4
423.1415	26.82	0.5079822328202568	1.3154678046752728	C22H24O7
423.1415	33.42	0.4835729808512536	1.4130249512604152	C22H24O7
391.9842	4.0	0.9234041602518681	0.22020179682138838	
392.2278	30.11	0.46898029494529736	-1.5258976750284012	
392.2541	37.75	0.9925850936525361	-0.04093890271688817	
424.2825	176.35	0.35061614451683826	-2.2248779294571377	
424.2825	183.73	0.3281308844315192	-2.6557921325503164	C23H42O4
425.1355	31.05	0.9945129896514574	-0.022020958438786552	C22H26O6
362.2173	31.84	0.5176382756559166	1.2743616059195835	
362.3029	176.35	0.32913913268825756	-2.4298424782832493	
362.3029	183.86	0.3281308844315192	-2.738057873956604	
362.3253	185.3	0.8505625206981279	-0.4123545603052019	
362.3253	200.85	0.9925850936525361	-0.050896343023328704	
169.1011	39.06	0.6631974504807988	-0.848269676923774	
362.9263	21.05	0.5966371995963329	-1.0308939368051995	
426.1394	30.92	0.9016185689385509	0.2825740227045406	C22H26O6
426.3271	105.49	0.8280260485909328	0.4531275621251718	
426.4307	264.61	0.4695421485664664	-1.5081930458314785	
362.9561	1.24	0.912322316921806	-0.25142392067137287	
393.2313	26.43	0.20575028616118163	3.873075484600602	
393.2313	29.85	0.43879958071462427	-1.6711711639481173	
464.2853	31.71	0.5653522709727535	1.1241890201709115	
464.2853	33.42	0.4695421485664664	1.5005393248408836	
428.2547	146.32	0.6155652736428134	0.964199394434458	
464.3946	192.54	0.5780196736044393	-1.088568840559233	
464.3946	196.1	0.7843148819796767	0.5678045577296621	C27H48O5
429.2269	37.35	0.7336702191476269	0.6792580944890638	
465.3919	303.77	0.4711886111922801	-1.4760946970079454	
465.3981	192.41	0.5382330104863121	-1.201007530996745	
465.3981	196.1	0.4942785436892576	1.376724172937111	C27H48O5
395.0266	21.57	0.9383508554613037	-0.16935420211012256	
170.154	176.35	0.3281308844315192	-2.4986096438568746	C11H18O
395.2732	32.76	0.9069325644692056	-0.2635302495441552	
395.3134	215.08	0.32913913268825756	-2.399633472681283	
466.2353	221.0	0.4775861598263559	1.4514028385615174	
466.2651	26.96	0.5096886085327491	1.3038903420102508	
467.2053	71.22	0.36460547747222893	-2.122271824313747	C25H32O7
467.2693	215.08	0.6827791202765965	-0.7968152089867042	
430.2225	30.92	0.5382330104863121	1.1988628177408047	
430.2225	105.75	0.2138376069196409	3.777852337213232	
430.2511	284.65	0.777266169242796	0.5908299177362747	
467.3731	328.77	0.975800040788162	0.0926045885374607	C28H50O5
430.364	176.35	0.32913913268825756	-2.3915105275482973	
430.364	183.73	0.3281308844315192	-2.719446580208414	
430.3805	296.12	0.028153756213261244	6.852591097672032	
396.2231	190.03	0.9016185689385509	0.27834658801678897	C18H35O7P,C25H30O4
396.2319	193.98	0.6884443612636082	0.7849765489602988	
468.273	215.08	0.3281308844315192	-2.4827419605499124	
171.0783	23.94	0.3281308844315192	-2.7019353900060086	
171.0844	23.67	0.32913913268825756	-2.3742112926622463	C10H6O2
430.9142	20.92	0.47628021011879496	-1.4545100769965777	
431.095	28.53	0.0005522501798941163	18.27074066318204	
431.1786	200.59	0.9960497729915825	-0.01366374535104853	
431.2176	30.92	0.5674652537200553	1.1177128846311526	
469.269	205.05	0.4036197565214726	-1.9066358162179566	
431.3368	221.26	0.7788637467600368	0.5857368090075072	C24H46O6
397.1834	26.17	0.37902012957558545	2.0109510681026124	
397.1834	28.53	0.8555119352288828	0.398688344607826	
431.3685	175.96	0.3581868724688112	-2.1603449220633664	
431.3685	183.86	0.3281308844315192	-3.1514233898142687	
469.3889	220.06	0.9239656500178424	0.21327509967201486	
397.3678	265.14	0.4217264141166399	-1.7268788368968635	
397.3678	544.31	0.3281308844315192	-2.4585487853134658	
432.0983	28.53	0.0006443855615570919	14.114613012793495	
432.1818	200.72	0.9547518122991976	-0.13612814481606997	
432.2802	22.36	0.3281308844315192	-2.925825103785123	
432.3405	221.4	0.912322316921806	0.24914987835445399	C24H46O6
432.3405	230.22	0.6176607183353343	-0.9593614785379192	C24H46O6
432.3877	176.22	0.4141639039443872	-1.835794157846897	
432.3877	183.86	0.37902012957558545	-2.0402490554883443	
470.3327	244.45	0.4711886111922801	-1.4805369959102597	C28H46O4
433.1021	28.4	0.3281308844315192	3.1497335883594473	
433.168	103.75	0.7663897830213138	-0.6164766874824771	
398.2891	89.92	0.21040479214962185	3.8099411686198366	
433.3524	192.41	0.9976872954185946	0.00873717914208805	
398.3994	229.3	0.4168322059488823	-1.7997213939752095	
433.3907	176.22	0.4141639039443872	-1.8438373423460106	
433.3907	183.86	0.36703606104552416	-2.0980416402510396	
434.2387	27.74	0.3281308844315192	3.118331679716575	
434.275	28.01	0.49453263523012037	1.3691622174543796	
471.368	193.85	0.5277828926219804	1.242422060572707	
172.085	23.67	0.3281308844315192	-2.5945084445769093	
172.0877	23.67	0.8593578524419404	0.39093179930255456	
399.1439	28.93	0.41764527655891265	1.7931760884986179	C22H22O7
399.1569	43.27	0.6142158056217076	-0.9705231350464314	
399.1991	24.99	0.46976639054696406	1.4989776760011082	
434.3556	192.54	0.9485386355179919	-0.14954056248846168	
399.2508	62.13	0.6176607183353343	0.9575783108581031	
435.2496	188.85	0.8027563322011674	0.518531087262498	
435.2797	264.61	0.6201999232606652	-0.9442705047027699	
473.3989	317.6	0.0005584532114248724	16.48757113184298	C31H52O3
436.1968	29.19	0.4141639039443872	1.8593920418064833	
436.2541	29.85	0.9945129896514574	-0.02373961303379138	
400.2542	62.0	0.9925850936525361	0.0398169868717982	
400.3504	203.21	0.6004157924171677	-1.0079804470844644	C24H46O4
400.3504	210.19	0.496772958358897	-1.3560892305996781	C24H46O4
437.2001	27.22	0.3681154719465194	2.076419774990827	
474.3128	188.72	0.4711886111922801	1.47629019617444	
474.4025	317.86	0.0007568714569399316	13.417681622639575	C31H52O3
475.194	24.59	0.7674312340583437	0.6111939383709324	
475.2146	184.78	0.400248320630439	-1.9296393084898367	
475.2807	35.12	0.3281308844315192	-2.9126643869242823	
437.2428	185.04	0.5096886085327491	-1.2997639487987467	
437.2585	193.85	0.6986067555572626	0.753020139593265	
437.2856	177.27	0.49733839845594746	-1.3519807980558574	
437.3604	264.88	0.5176382756559166	-1.273905180878377	C27H48O4
173.0784	22.62	0.5970418272642243	-1.0286258509309971	
475.3783	278.35	0.5479036169370975	-1.1650216065400842	C30H50O4
401.1596	27.22	0.4168322059488823	1.803460676671187	C22H24O7
401.2149	25.38	0.36703606104552416	2.098102730048961	
401.2149	28.4	0.5973987160561692	1.0204936315834456	
401.264	224.55	0.39931553955703664	1.9347535765385802	
476.2445	230.35	0.3281308844315192	-2.6157318674717525	
401.3418	201.37	0.3281308844315192	2.56925915951456	
438.2618	193.98	0.5281186845713152	1.2336865598722853	
438.3637	264.75	0.5780196736044393	-1.084206827857381	C27H48O4
476.3817	278.08	0.5602540173915699	-1.1348451727592264	C30H50O4
476.3946	185.83	0.4802730042369942	-1.4263047127382367	
476.3946	192.54	0.8265220291593947	-0.4604640948125444	
439.1365	28.93	0.5517494758400362	1.1500691536832133	C24H22O8
477.2113	184.91	0.7824844997891277	0.5758967753709908	
477.2165	283.47	0.4217899951059385	1.724341313428546	
439.2743	220.61	0.32913913268825756	2.389920110079375	
402.1629	27.22	0.41838110410480744	1.777824482587011	C22H24O7
477.3172	230.22	0.9952472404579659	0.017260734592775936	
477.3535	105.32	0.4257171062691241	-1.7078408643495813	
478.3059	220.87	0.3281308844315192	2.4726262653120754	
440.2017	37.22	0.5382330104863121	-1.2000749286403127	C24H30O6
478.3741	162.1	0.8667844042583105	-0.3686671871745388	
173.1325	176.35	0.32913913268825756	-2.409858999664487	
173.1325	183.86	0.3281308844315192	-2.6851190314303883	
403.3056	196.37	0.8666432098168507	0.37043668476623376	
440.2809	221.13	0.5653522709727535	1.1232577926435556	
403.3415	105.32	0.6986067555572626	-0.7541093652170018	
403.3415	195.3	0.9163086154323548	-0.23597863178234008	
403.3532	127.84	0.4711886111922801	-1.4692239204628297	
403.3532	183.73	0.36768059288939453	-2.083224624695395	
441.1315	24.86	0.7836667114257103	-0.5728821839378515	
441.1315	29.58	0.8754544524837783	0.334457280115794	C23H22O6
441.1521	27.22	0.4622263295355879	1.5492398274837533	
403.92	3.48	0.6568396986901452	-0.8611457324919616	
441.319	172.15	0.8621328967239338	0.3802646402360424	
404.2644	28.01	0.3281308844315192	2.4609694534181688	
480.2863	192.01	0.7690992325623457	0.6084377651374151	
442.1552	27.22	0.4695421485664664	1.5092140549480497	
404.3734	201.51	0.580703885756593	1.0679187680856943	
404.3734	230.87	0.6901199804035898	-0.7779957497353353	C25H44O3
480.4025	196.76	0.5771945782787351	1.0946036250400524	
520.3636	305.63	0.37902012957558545	2.007460359970711	
443.1576	27.22	0.489243539836819	1.3922970848946883	
443.2061	38.27	0.5321700213564865	-1.2202672845495903	C19H34O9
443.2252	26.04	0.4442550960131643	1.6436996267191835	
443.2252	28.53	0.479081545315755	1.4330414658304156	
521.3831	220.87	0.41838110410480744	-1.7678479227298982	
521.3831	263.3	0.4141639039443872	-1.8609018381159506	
406.0427	21.7	0.8264270225867799	0.46201088502959436	
406.2125	30.92	0.5608690540897071	1.1321376708744009	
522.2402	186.49	0.4802730042369942	-1.4215204844221292	
522.2621	247.23	0.4711886111922801	-1.4666301586629684	
481.2853	230.35	0.6789175212107762	-0.8060025174923929	
443.2683	134.93	0.8552647598414074	-0.4005636263475539	
443.3731	221.13	0.8142124845044885	0.49318449239572004	C27H46O4
481.3308	190.83	0.1868457688802042	3.9835687357262914	
481.3308	193.33	0.4141639039443872	1.8371577322762331	
444.2299	151.84	0.9925850936525361	0.04438542001927918	
407.2149	31.05	0.6884443612636082	-0.7856371785355861	
407.2355	184.65	0.7524324156030352	-0.6448231603119878	
407.2355	305.08	0.35061614451683826	2.2088127125256807	
407.2482	230.35	0.41910393073291774	-1.7510757081483874	
407.3245	203.74	0.4217899951059385	-1.719069227974757	
407.7887	200.72	0.9651189145509386	-0.11004470424806422	
444.3767	221.13	0.7731670445751052	0.6020780348181598	C27H46O4
482.2885	230.87	0.3281308844315192	-2.630416627960505	
523.3829	158.82	0.39851437220539393	-1.9570396418316556	
408.2899	200.59	0.8711918522913815	-0.341796389783941	
408.3085	176.35	0.3281308844315192	-2.581710471599526	
408.3085	183.86	0.3281308844315192	-2.809037162332238	C23H42O4
523.8845	158.82	0.4022195237575875	-1.918006092779648	
524.1942	221.0	0.38318725548916754	1.9974722692842446	
483.3533	264.88	0.7911715767465883	-0.5408560141944826	
524.8832	158.82	0.8404398969607215	-0.4330529036823062	
484.1803	199.26	0.6070305609839683	0.9926029217978534	
484.1803	202.16	0.79448925500877	-0.5345789165500334	
408.9188	20.92	0.6866062242041503	-0.7905130226053412	
409.1619	31.05	0.6568396986901452	0.8598175961764333	C22H26O6
409.2562	33.81	0.41838110410480744	-1.7784246129795	
409.2882	200.85	0.9985037208884671	0.0027986672654558807	
484.3689	221.26	0.7811864281508247	0.5814184691644175	C24H52NO6P
446.2958	22.49	0.6110177605186287	0.9804715011933968	
446.2958	24.59	0.7861445700538771	0.5547256349470402	
526.0823	38.54	0.9383508554613037	-0.1685945233832544	
526.0823	42.09	0.32913913268825756	-2.417931465311294	
409.329	230.35	0.5281186845713152	-1.2359709289587792	
409.9012	3.21	0.9925850936525361	-0.03592237610133462	
526.4105	217.04	0.7739216660712552	0.5971508816172124	
485.3362	218.22	0.41838110410480744	-1.7739854361614398	
526.4472	264.61	0.3281308844315192	2.530227993133058	
485.3442	190.7	0.8505625206981279	-0.4108522008295388	
410.1652	31.05	0.5479036169370975	1.1692856642352292	C22H26O6
486.2652	230.35	0.3916900722459632	-1.970720008362281	
486.3005	214.95	0.3333545459935088	-2.320448822174731	
486.3274	24.99	0.496772958358897	1.3558585827692446	
410.3323	230.22	0.6039302374590612	-1.000994554782855	
487.2351	198.99	0.5989223482633342	1.013004880528342	
487.2351	202.16	0.9925850936525361	-0.04982406317514601	
527.2901	230.35	0.37902012957558545	-2.0237794629416817	
527.3636	231.0	0.1641234945170962	4.21813380902376	C24H52NO7P
488.2646	35.25	0.6295818166763393	0.9257287411152798	C27H37NO7
489.3128	194.38	0.4217899951059385	1.7186289406368453	
528.2941	210.61	0.5176382756559166	-1.2769552323829323	
528.2941	230.74	0.5096886085327491	-1.301391641617136	
528.3475	264.88	0.3784458989348707	-2.0470024101006534	
448.4151	197.16	0.46185573535323104	-1.5637015142050814	
569.3067	230.87	0.32913913268825756	-2.4000753340270427	
449.2456	210.61	0.7579978874415292	-0.6295612374528677	
569.5149	403.16	0.7299662238310715	-0.691778930894115	C35H68O5
490.3817	203.48	0.8527220812126969	-0.4051300790682216	C31H48O4
490.4257	317.6	0.0005729740715573088	15.479512319979348	
569.928	199.91	0.9559475895125985	-0.131429439166778	
529.307	218.62	0.35061614451683826	2.21728278470242	
529.3509	264.48	0.5340164504324831	-1.216732641895219	
530.1276	199.12	0.9489971752304787	-0.14733113988615767	
530.1276	201.51	0.7858219072989313	-0.5575097219637742	
530.299	230.74	0.4622263295355879	-1.5499567499855689	
450.2699	26.43	0.4200333039251829	1.732830721407454	
450.2699	27.88	0.5096886085327491	1.2982235610593889	
532.1517	215.73	0.7674312340583437	0.611221158886607	
532.1517	221.66	0.8116122874835703	0.5010124004320372	
532.1517	227.33	0.4835729808512536	-1.4073931933898947	
532.2077	193.72	0.9656326878766333	0.1085745466607661	
532.2277	220.74	0.014906654694740479	7.681903313204986	
532.2662	81.35	0.6511360174754349	-0.8796359884927074	
532.2662	83.06	0.6711265732397099	-0.8236634261626183	
450.3791	192.54	0.912322316921806	-0.24804242549351393	
492.176	220.74	0.3281308844315192	2.6723512855016587	
533.3875	63.58	0.47408270055696056	1.4601251430880111	
533.8636	158.69	0.49251378512336486	-1.3830841419528317	
533.8855	165.95	0.3333545459935088	2.3198988567156498	
571.3976	249.2	0.9933337916676878	0.031639863363950554	C33H56O6
492.405	278.08	0.5989223482633342	-1.0162558932482786	C28H50O4
571.4108	188.59	0.5989223482633342	1.011874258819868	
492.4256	221.66	0.6789175212107762	0.8060321300440253	
534.2229	220.74	0.3281308844315192	3.119764397353995	
571.4422	308.78	0.5710293615967343	-1.1103684461168133	C40H56O2
534.2829	168.05	0.046901143739426485	-6.030703475636087	C26H43O9P
534.2829	264.75	0.5973987160561692	-1.0216017976158094	
451.3761	223.5	0.9016185689385509	0.27521128429043995	
451.3761	283.86	0.6986067555572626	-0.7526651540552372	
451.3825	192.54	0.9255990583831574	-0.19960757593687384	
534.3919	195.3	0.5302771253515788	1.2282021737544278	
535.1899	184.78	0.8978220485117268	0.2916760997293609	
535.2259	220.87	0.23539828504399168	3.625821251160642	
572.2542	264.09	0.4695421485664664	-1.5129346441976506	
572.2542	265.14	0.39931553955703664	-1.93732104478671	
535.3341	300.19	0.8871726848401298	0.31179306620978336	
452.249	32.5	0.5281186845713152	1.2328077007482892	
493.1427	104.14	0.8669865898961083	-0.3648624985620724	
493.1427	189.77	0.8505625206981279	0.4114462072277799	
452.3852	192.41	0.9651189145509386	0.11050306268965852	
493.3273	2.43	0.912322316921806	-0.2520754906203737	
493.3273	243.27	0.41955425464248214	-1.739909918562294	
536.2774	264.75	0.4695421485664664	-1.5060503995325965	
536.293	230.35	0.5973987160561692	-1.021887363326537	
493.3891	294.55	0.5725178056656779	1.1048111819298176	C30H52O5
453.3186	190.83	0.7843148819796767	0.5707679447799427	C27H42O3F2,C27H42F2O3
537.2957	231.0	0.4802730042369942	-1.4252822263746965	
453.3881	192.67	0.5124325868547893	-1.2932976568894263	
538.2902	231.13	0.7843148819796767	-0.561675194485437	
454.2648	27.22	0.5277828926219804	1.2413720093797602	
454.3222	190.96	0.8274195186711679	0.4562264776759473	C27H42O3F2,C27H42F2O3
495.2333	214.82	0.7080583233017018	-0.7356061562718558	
495.238	196.24	0.8261581117877507	-0.47048433892224895	
495.3005	28.14	0.358711915635071	2.1522553726355573	
495.3005	246.97	0.4217899951059385	-1.7193179770913993	
495.4046	365.79	0.3281308844315192	-2.9332659967221018	
575.9103	201.9	0.7080583233017018	-0.735038781999238	
539.2871	264.48	0.9952472404579659	0.015551984479864426	
455.2254	26.3	0.5973987160561692	1.0200382744212508	
576.1773	154.59	0.7579978874415292	0.6312519891677977	
576.1773	223.1	0.8250841212760874	-0.4741262280241137	
576.1773	235.63	0.9909590889338403	0.05932190720303477	
539.3913	196.37	0.008635708731167138	8.908961070261457	
576.2336	229.82	0.37902012957558545	-2.0103808856987078	
455.3223	230.61	0.9489971752304787	-0.14744094580526962	
576.4115	63.05	0.496772958358897	1.3585813412420737	
576.4115	201.64	0.39931553955703664	-1.9508240447399234	
540.0692	27.09	0.36460547747222893	2.1187395108725458	
496.163	190.03	0.7442701088059209	0.6610507185911052	
456.17	184.91	0.4711886111922801	-1.472228747884947	
576.9116	1.77	0.5832697185646518	1.0629273003921924	
576.9116	199.39	0.41838110410480744	1.7556324618846002	
576.9116	201.9	0.9925850936525361	-0.04413319020449648	
540.4265	258.16	0.4711886111922801	1.4683471354441844	
540.4475	151.97	0.4700839196966078	-1.4898170341111212	
496.304	210.19	0.6567308647234607	0.8646567076893932	
496.304	247.1	0.9880784033125674	0.06968536094740133	
577.2368	229.95	0.3281308844315192	-2.5926899991154113	
456.2896	193.98	0.7084968950757523	0.7336957227229555	
456.301	220.74	0.5063185178290387	1.3229082032700474	
577.4132	62.66	0.5944430462209416	1.0392112082668066	
577.4132	163.15	0.4835729808512536	1.4106398963010456	
577.4132	202.16	0.9016185689385509	-0.27877422658040313	
456.3374	192.93	0.6741171851270744	0.8189962435318773	
496.4211	154.2	0.4835729808512536	-1.4070312540662877	
542.2073	53.15	0.3886172323478781	1.9803999220173407	
457.1262	27.09	0.9952472404579659	-0.01757373153167787	
457.2409	25.64	0.3281308844315192	2.8135911917314966	
457.2409	26.69	0.5187069207880816	1.268050036426363	
457.2861	166.35	0.28745993698838973	3.356908818386234	
457.2861	215.21	0.912322316921806	-0.24955511316389142	
457.2923	193.98	0.6986067555572626	0.7546149499898958	
497.3165	228.11	0.4141639039443872	-1.8309908105318387	
457.3522	202.29	0.3281308844315192	-2.862325809508735	C26H48O6
497.3604	277.43	0.4141639039443872	-1.8290556549688182	C30H50O4
544.223	231.13	0.41910393073291774	-1.7476008630170758	
544.2377	199.39	0.904603078831337	-0.2693782980029269	
544.2377	202.16	0.5479036169370975	-1.1658017846990856	
544.3695	25.91	0.5973987160561692	1.0229583017278605	
578.9062	1.77	0.5246535403398406	1.253130603757188	
579.1675	79.51	0.5265820456538802	-1.2476141645409482	
545.2933	264.48	0.7475081090739502	-0.6531798405316106	
498.4157	264.48	0.44717059453846586	1.6255450065122354	
546.1675	215.6	0.6651420246486784	0.8437441180664986	
546.1675	220.06	0.8595202929883611	0.38677998544562403	
546.1675	224.94	0.6986067555572626	-0.7521418125838762	
458.3051	220.19	0.4711886111922801	1.4676025030005189	
458.3051	221.13	0.28788257791063293	3.344505978316201	
546.3213	230.48	0.39931553955703664	-1.9399224798341261	
580.1711	79.64	0.47792969992230616	-1.44389395115752	
580.2429	230.74	0.5479036169370975	-1.1600212590026016	
499.296	184.78	0.596198713097937	-1.0341623000505749	
499.3241	195.58	0.3886172323478781	-1.9802447929272007	
459.2654	65.02	0.9559475895125985	0.13100317352023927	
459.2654	177.53	0.4700839196966078	1.4872670230202694	
459.2654	198.34	0.37902012957558545	2.0204082131432965	
459.2722	184.78	0.5133069582388629	-1.288329745308076	
459.4154	204.26	0.4141639039443872	-1.8551386972893953	
459.4154	209.14	0.4168322059488823	-1.801162289429771	
500.316	230.74	0.36460547747222893	-2.130767766691562	
501.3193	230.48	0.41910393073291774	-1.7455155570967493	
501.35	230.74	0.4695421485664664	1.5159059778387975	
502.1758	185.04	0.4022195237575875	-1.9179776359384288	
502.3219	24.59	0.32913913268825756	-2.4024798196590633	
502.3219	230.74	0.5442480791861398	-1.179331595259561	
547.3245	230.35	0.5379384545712276	-1.2025078238604308	
502.3626	217.96	0.4518903228036258	-1.6083091706297858	
502.3626	233.5	0.8422536881370304	0.42707307960398094	
582.2411	218.88	0.8621328967239338	0.38169149238307787	
582.2411	230.74	0.7107091112427053	-0.7294091884061598	
582.2831	265.14	0.6143684928229011	-0.9692047365093468	
460.2536	33.81	0.6709455745511	-0.8345785470428261	
503.1227	27.22	0.5382330104863121	1.1982050402331297	
547.4722	323.38	0.4954581899549029	1.3620953116621293	C35H62O4
582.4368	221.53	0.7843148819796767	0.5683292924340183	
503.371	264.09	0.5176382756559166	1.279666933761631	
548.4758	323.38	0.4141639039443872	1.8343137565989327	C35H62O4
504.2755	264.75	0.4622263295355879	-1.556029588099092	
549.3131	222.58	0.9282006335281956	-0.19158815096095316	
583.6358	452.17	0.7843148819796767	-0.5652661981461707	
583.6358	453.35	0.5879042920650348	1.0503368786847345	
549.3458	210.19	0.7824844997891277	-0.5767686349344804	
549.4153	207.3	0.9880784033125674	-0.06887265623615772	C33H56O6
549.4535	200.85	0.6187063767752822	-0.9533019706615883	C34H60O5
584.1693	183.99	0.4711886111922801	-1.4731551503367621	
584.2065	222.58	0.6895219641370317	-0.7799854141502552	
549.956	200.72	0.8078766635854951	-0.5069636608273372	
550.2929	284.39	0.41838110410480744	-1.7566666126509516	
550.3405	159.21	0.3281308844315192	-3.0163458872572373	
584.4737	150.26	0.49453263523012037	-1.3710930956344374	
550.3664	210.32	0.912322316921806	-0.24841797908156066	
550.4188	248.81	0.627512288683629	-0.9300554093215428	C33H56O6
550.4563	200.85	0.7448885630938539	-0.6586982648091821	C34H60O5
505.3084	210.61	0.5459905772718657	-1.175034492273162	
505.3491	264.88	0.6651420246486784	-0.8433619521911027	
585.4493	306.55	0.4942785436892576	1.3737526183489224	C35H62O5
550.8393	158.69	0.5281186845713152	-1.2346917802241955	
550.957	200.59	0.8711918522913815	0.34029746916914616	
551.3404	158.43	0.46898029494529736	-1.526752576933355	
551.369	210.32	0.8844950843862264	-0.31795711212349764	
551.392	218.75	0.6710325847262166	-0.8297409177204162	C32H54O7
551.4582	200.72	0.9554082429925539	0.13449300223242097	C34H60O5
551.8389	158.69	0.5186442226484826	-1.2691548257661531	
586.4627	257.5	0.8274195186711679	-0.4564106313138176	
464.1443	189.77	0.9925850936525361	0.03558412259896219	
464.2048	184.91	0.6126699075927425	0.9755882097550537	
587.3921	221.26	0.5302771253515788	1.2278295636910272	
506.2655	199.12	0.7579978874415292	0.6318646615854836	
506.3116	210.74	0.6176607183353343	-0.9577266728834238	
506.4419	254.22	0.5265820456538802	-1.2488590042949113	
588.3955	221.26	0.5973987160561692	1.0221893445236752	
588.4456	291.53	0.7843148819796767	0.5625890874589822	
507.262	220.87	0.8952357986051372	0.2966269825344862	
507.2832	200.59	0.6004157924171677	-1.0072903320751283	
507.3182	264.48	0.7040028179179844	-0.7415486859171132	
625.3032	207.04	0.9255990583831574	0.19881496315081737	
507.4084	158.95	0.7691613107814181	-0.6075558386554829	
553.4596	377.1	0.9508117069871973	-0.1434528610675673	C35H62O3
625.4235	28.14	0.8693670628951813	-0.3509935819237701	C28H58NO9P
553.5103	402.89	0.6201999232606652	-0.9436208372112176	C35H66O4
507.9091	158.95	0.6144041793022027	-0.9665496171255857	
626.309	206.78	0.9394863157671166	0.16393362070576645	
508.2067	184.78	0.8280260485909328	0.453326196567847	
589.4004	221.26	0.8332185593779025	-0.445467349383193	
589.4004	230.48	0.7311695902411476	-0.6870964990640844	
508.2461	230.74	0.3281308844315192	-2.5701903921454874	
589.4814	254.87	0.49489972741004307	1.3650875106619986	
508.2834	200.98	0.5710293615967343	-1.109605199998672	
508.3484	205.05	0.4942785436892576	-1.373905656464972	C31H48O4
590.1934	221.92	0.7822868346277422	-0.5793309532354093	
590.1934	233.63	0.806501758914271	-0.5101437582482642	
508.4111	158.82	0.43879958071462427	-1.6695680565244875	
508.4111	203.21	0.36460547747222893	-2.118213293040147	
591.1968	188.59	0.7587910278049379	0.6272331238075602	
554.2513	230.48	0.36768059288939453	-2.081534607975441	
554.2887	214.68	0.1641234945170962	-4.206357568321427	
509.1858	206.78	0.9245049526806566	0.20744549278025345	
509.2493	231.0	0.3281308844315192	-2.9724766006854737	
509.3166	264.48	0.4622263295355879	-1.5576922616463817	
628.4999	147.9	0.9016185689385509	-0.28019917037231207	
509.3469	204.0	0.36768059288939453	-2.083898190223318	
593.4243	187.54	0.6511360174754349	0.880412986934246	C28H58NO9P
555.2549	230.74	0.40719256465628045	-1.896462043958088	
594.0693	39.59	0.9255943673503051	-0.2021667937919446	
510.1887	114.01	0.7579978874415292	-0.630731385337165	
510.1887	206.78	0.7579978874415292	0.6295420593420505	
630.2249	230.87	0.4534453814331946	-1.5836793586954823	
594.2361	264.75	0.479081545315755	-1.4329501691397641	
630.2613	203.61	0.8595202929883611	-0.38718208140887517	
510.3199	264.48	0.4502712890305049	-1.6166313517312656	
594.4735	289.79	0.6943662576247479	0.769564685369862	C35H60O5
595.1625	73.32	0.7142750569173614	-0.7207341438541011	C27H30O15
511.1449	153.94	0.7776638375206233	-0.5889120708947548	
511.1449	163.28	0.9016185689385509	0.2745439643231261	
556.3791	303.77	0.3522935712552326	-2.190797759320485	
556.4424	99.28	0.4121973327997814	-1.8759379788052677	
511.2558	230.22	0.4534453814331946	-1.5823196369174164	
511.2622	199.39	0.9566737400971346	0.1271418621703261	
511.2622	202.42	0.5772748246419575	-1.0935685066337717	
632.2407	194.9	0.9484371642614642	-0.15048816417363914	
632.2407	231.27	0.7843148819796767	-0.5641651463000016	
632.268	203.48	0.7890679323669564	0.5460178700946742	
632.277	289.01	0.9090622570153449	-0.26002695731032777	
632.297	304.03	0.3333545459935088	-2.337542298925699	
596.1672	73.58	0.5837861612178823	-1.0566212637124517	C27H30O15
596.1942	79.38	0.5176382756559166	-1.2727515951771866	
511.3685	227.98	0.41838110410480744	-1.7707169328428962	
632.4355	413.99	0.8264270225867799	0.4660835039535436	
596.3351	264.35	0.724486228721491	-0.6999160145636315	
511.3987	373.27	0.3281308844315192	-2.897339616383315	
597.1975	79.64	0.49733839845594746	-1.3518039270119577	
633.244	189.51	0.7843148819796767	0.56243280187396	
633.244	192.54	0.7733468355368395	0.6005292633339904	
633.244	194.77	0.9945129896514574	0.02634155626151475	
633.2803	289.14	0.9055920436100512	-0.2673935013975015	
597.3382	264.61	0.8581941872874117	-0.39449166540444414	
633.4281	26.04	0.5343284588447166	-1.2153176003401485	
558.3422	108.51	0.7120036475565531	-0.7262345643205055	
635.4561	80.83	0.4141639039443872	-1.855857164753112	
512.416	100.07	0.41442069252535557	-1.8168813305447995	
599.4286	289.79	0.8527220812126969	0.40584438892551283	C35H60O6
600.2708	264.61	0.4442550960131643	-1.6459958321301646	
513.3495	223.63	0.3281308844315192	2.63399886549403	
600.4686	98.23	0.36460547747222893	-2.129571119532098	C34H65NO5S
601.1495	79.25	0.5430607608742816	-1.1828787267658183	
637.5387	285.04	0.5079822328202568	-1.31211876274174	
638.3371	206.91	0.928117232498597	0.19331427470388632	
638.3449	183.86	0.41764527655891265	1.7920530176896632	
602.2305	189.37	0.7511637864024511	0.6472602413475659	
602.2305	221.13	0.8269171807823945	0.4584075919047776	
560.3643	196.1	0.17424813615090326	4.095747007394855	
639.2251	79.38	0.6557497066082129	-0.867557432497772	
639.3404	206.91	0.9384911973957815	0.16678865530796438	
639.4256	218.35	0.5989223482633342	1.0134274383260817	
561.2379	156.59	0.638914776113813	-0.9080189297625534	
561.4367	201.64	0.5428801737583516	-1.1879599306248647	
604.2093	232.97	0.9255990583831574	-0.19995442188378434	
640.221	73.19	0.8690456333989134	-0.35652538301274395	
640.3432	206.91	0.9330450492659655	0.18161013312208638	
515.3286	198.47	0.4518903228036258	1.6031840013906322	
515.3964	158.82	0.580703885756593	-1.0689798954887841	
605.2682	264.48	0.580703885756593	-1.0736889549029855	
605.3156	283.47	0.49733839845594746	1.3521822109807498	
605.4759	291.0	0.6827791202765965	-0.7972754226599315	
562.2182	215.08	0.3487906388281205	-2.255674659751946	
641.3435	207.04	0.9612090975301956	0.12052857711810187	
562.3167	116.56	0.5223257753144158	-1.2609503863883076	
606.3191	283.47	0.5227003756772519	1.2588662252475427	
516.3679	221.26	0.32913913268825756	2.3579787203530205	
606.4791	195.71	0.8052582834112221	0.5148146034854509	
606.4791	290.61	0.7845587292626074	-0.5603441196067849	
642.3178	287.56	0.5430607608742816	-1.1856813272121622	
516.901	159.08	0.44731815195329094	-1.6239385780748767	
563.2219	214.82	0.8669865898961083	-0.3657643723638858	
517.2616	230.61	0.5551734684305287	-1.1426122924747846	
563.4659	364.45	0.8250841212760874	-0.4749124317016582	C33H64O5
607.322	283.86	0.5726982200958826	1.1033121766345158	
642.63	295.33	0.9925850936525361	-0.052157493323453256	
564.3088	303.9	0.3281308844315192	-2.7324286456337648	
607.557	333.67	0.35061614451683826	-2.220378465321434	
643.2922	207.04	0.9925850936525361	-0.04786591111079499	
564.3246	264.75	0.3281308844315192	-2.5693361418296115	
643.4937	323.12	0.5502929155820941	1.155827967493217	
564.4693	364.19	0.8053569991426487	-0.5122998664262919	C33H64O5
564.4989	323.64	0.41764527655891265	1.794392208817387	
565.2478	206.78	0.9016185689385509	0.2791904723256938	
644.2958	206.91	0.9976872954185946	0.007171313250503564	
565.4102	221.26	0.9016185689385509	0.2757261019354668	
644.4952	96.39	0.3487906388281205	-2.2573255947422513	
565.483	290.74	0.6985419433057548	0.7620587576818237	
518.3397	82.14	0.4983500225722627	-1.346045971035983	C23H44N6O7,C27H48O9
518.363	220.87	0.4534453814331946	1.5862447902207502	
518.4572	317.6	0.0006443855615570919	14.385522505580369	
645.2439	195.03	0.8356811589732961	0.43940040855585405	
645.2989	206.91	0.9374699907885	-0.1716103372186201	
645.4992	96.39	0.3281308844315192	-2.4542459481989907	
566.2516	207.17	0.8711918522913815	0.3411194153463818	
646.3026	206.78	0.8666432098168507	0.3714755023957432	
566.4298	200.85	0.47792969992230616	-1.4442120632920625	
566.4421	248.68	0.5479036169370975	-1.1601369321110757	
647.423	242.48	0.39931553955703664	1.94975496033526	
647.423	261.2	0.375535284622257	2.0564808792395746	
566.9308	200.59	0.8666432098168507	-0.3721187879524211	
567.2083	229.43	0.6825283339984	-0.7994465311842314	
567.2083	230.61	0.3281308844315192	-2.6817204668337324	
680.5352	158.82	0.7913885894481729	-0.5398037144364355	
647.5236	314.56	0.7890679323669564	-0.5457142647306048	
647.5236	316.42	0.32311950541249607	-3.207014923435569	
567.2545	207.17	0.904603078831337	0.26996618514117654	
611.1851	321.28	0.49251378512336486	-1.3837970221521614	
567.4228	219.67	0.36460547747222893	-2.121553831672154	
567.4294	200.72	0.7142750569173614	-0.7212399167402153	
648.4389	189.24	0.41838110410480744	1.764241421697976	
648.4389	190.16	0.580703885756593	1.0691862197705762	
649.3037	289.01	0.8967518775534825	-0.2940278263310731	
611.6087	353.89	0.6560015586460906	0.8664015041850825	
650.278	196.24	0.5266694129056234	1.2458100193195716	
650.3071	289.01	0.7861445700538771	-0.5562889590860868	
681.3679	206.78	0.9198726735793563	0.23007971744410835	
567.9297	200.85	0.6511360174754349	-0.8820756535956318	
568.3036	230.87	0.35061614451683826	-2.2344514017864223	
612.1892	73.32	0.7368662959043353	-0.6738500167472536	
568.4294	200.85	0.8669865898961083	-0.36708125004509734	
681.5387	158.82	0.8593578524419404	-0.390221754887766	
652.3524	206.78	0.8711918522913815	0.34274234690031663	
568.9296	200.85	0.9234041602518681	-0.21710311923539338	
652.4999	179.63	0.8555119352288828	-0.39867158747005776	
682.3712	206.78	0.9234041602518681	0.22026643957467756	
653.3372	195.03	0.4700839196966078	-1.492122470255974	
653.3554	206.78	0.8427157994954977	-0.42480145049931556	
614.5988	295.2	0.9239656500178424	-0.21308487294444478	
683.3138	217.44	0.7674312340583437	-0.6119603379893599	
683.3739	206.91	0.9355681359840304	0.17608185674809854	
737.4204	403.55	0.4122574613091288	-1.8740402402860334	
655.3167	124.28	0.7733468355368395	-0.6002483431671095	C32H50O11
684.2334	219.4	0.8528861059288481	-0.40413750764207657	
684.3189	206.91	0.9925850936525361	0.034430655002847116	
616.3183	218.09	0.8339806112468028	-0.44331207947206425	
617.3217	218.22	0.9521020183150317	-0.14104098118979155	
656.3194	88.61	0.9981571646548093	-0.00455216336056579	
656.3194	124.14	0.8711620885734501	0.34751512650892447	C32H50O11
656.4525	173.85	0.4695421485664664	-1.5078868078142165	
656.4525	244.32	0.8978220485117268	0.29034121493615095	
618.2827	284.13	0.414570254947108	-1.8133129083217603	
685.3226	207.04	0.9562982150721481	0.12843312397678183	
620.2307	188.72	0.7843148819796767	0.566881947144271	
620.2936	218.62	0.8503775696676571	-0.4139955118162214	C29H47O12P
620.2936	281.76	0.4622263295355879	1.557197200563094	C29H47O12P
620.4214	24.72	0.9196673025091142	-0.23113824508041775	
621.3106	206.91	0.9245049526806566	0.20814634992869485	
622.3138	206.91	0.9255943673503051	0.20359169566221688	
740.9302	158.69	0.4518903228036258	-1.5982774851157608	
741.4324	159.21	0.4534453814331946	-1.5821538216800042	
623.3166	206.78	0.9234041602518681	0.21689681267088196	
623.3263	283.86	0.5318876691840839	1.2216442334280069	
659.2666	206.78	0.928117232498597	0.19250185658236185	
659.3448	287.3	0.6110177605186287	-0.9807589899042303	
624.3203	206.91	0.7025982805278553	-0.7440574372421439	
624.3296	283.86	0.5203040233030761	1.2647937766665245	
741.9345	158.95	0.3281308844315192	-2.639342946900465	
624.4182	287.69	0.6973494113021107	0.7643921850352908	
742.4343	158.69	0.4217264141166399	-1.7261567441487966	
742.5045	184.65	0.3281308844315192	-2.562901037077821	
686.325	207.04	0.9925850936525361	-0.035549856793567036	
742.9353	158.95	0.39931553955703664	-1.9467284124510214	
743.4354	159.08	0.5928358617378559	-1.043026865253437	
743.5078	184.91	0.3408237825286936	-2.2851918646367433	
743.9359	159.08	0.720341928049755	-0.7064825427842063	
661.3022	220.19	0.5281186845713152	1.2341112475613913	
744.2335	233.24	0.4711886111922801	-1.4784494213323771	
661.4897	403.42	0.709985835233777	-0.7310927306018626	
687.2538	189.9	0.9016185689385509	-0.2826700120977695	
662.2239	265.14	0.4695421485664664	-1.5016126012385713	
662.251	219.54	0.8422536881370304	0.4272826321378934	
662.3378	206.91	0.9234041602518681	0.2177018186889784	
745.4735	436.76	0.47792969992230616	-1.4481216073427268	
746.0853	200.85	0.37902012957558545	-2.026306428991629	
663.3415	207.04	0.9144497578748483	0.24387794609479727	
663.4918	319.44	0.5479036169370975	1.1617173670016065	
688.3025	224.81	0.580703885756593	1.0699279274554663	
746.5849	200.59	0.5430607608742816	-1.1829921798585492	
747.0849	200.85	0.8261581117877507	-0.4706325155692536	
688.5001	210.06	0.4168322059488823	-1.8066477002987338	
664.3531	206.78	0.9153047911767256	0.24142299697494865	
688.636	349.96	0.7824844997891277	0.5777826223051461	
664.4305	162.23	0.17476268486474597	4.073812094236474	
664.557	350.09	0.41838110410480744	-1.7804056108797697	
665.2982	203.74	0.9614700626802822	-0.1162321687251188	
665.3486	206.78	0.8264270225867799	0.4616161641409316	
748.325	235.21	0.671073903100418	0.8267751196426566	
665.5074	319.31	0.41955425464248214	1.737201000033433	
665.5603	350.22	0.43148808025750957	-1.691267179110791	
666.0093	319.31	0.33822236287258345	2.2958399424060594	
666.3687	206.78	0.6511360174754349	0.8838138433807007	
810.5213	199.78	0.41910393073291774	1.746064307187567	
690.449	221.4	0.37902012957558545	2.006883350081811	
749.4662	472.75	0.47792969992230616	-1.4459136624709492	
749.4662	483.01	0.7452622869919278	-0.6573902467758282	
667.3719	206.78	0.6622312984804914	0.8519804452614503	
667.4499	27.09	0.6438153184119415	0.9001974178072126	
667.4499	287.95	0.6070305609839683	0.9943713189549893	
750.507	28.01	0.8690456333989134	-0.35378416294698145	
750.507	220.32	0.9925850936525361	0.03870561911164677	C40H74NO8P
668.3747	206.78	0.6789175212107762	0.8078127962801706	
751.511	32.5	0.9355657648040603	0.17690059975007247	
751.511	220.61	0.4442550960131643	1.6517312499932058	C40H74NO8P
751.5449	304.42	0.3281308844315192	2.952008163907944	C40H79O10P
752.4689	472.75	0.6369531576436424	0.911328759965389	
752.4689	483.01	0.5765587899025004	-1.0963686678538467	
669.332	148.16	0.20661339434718085	3.8528481374189094	
669.332	177.4	0.14949724006785392	4.453708444919982	
669.3771	206.91	0.5700219064819685	1.1133889851992518	
692.3368	289.01	0.8493843501506237	0.4162332284953224	
670.2959	160.53	0.46898029494529736	-1.5257916514923258	
670.2959	192.93	0.4141639039443872	-1.831839829628398	
670.2959	199.12	0.40719256465628045	-1.8930469291011074	
754.3102	196.63	0.4487528964812724	1.6203450583400965	
754.3102	307.34	0.5277828926219804	1.2392514712658962	
693.364	218.62	0.6511360174754349	0.883343726508005	
755.0646	199.65	0.8839964366478729	0.31956026620233463	
755.0646	201.77	0.9976872954185946	0.0064224331833196285	
671.311	103.75	0.41910393073291774	1.7475668128493147	
671.3312	74.5	0.39119257282420206	-1.9735461205484413	
816.247	264.48	0.6188816841262569	0.9495966610217526	
816.247	275.17	0.49251378512336486	1.3808838019088383	
694.3659	206.91	0.8027563322011674	0.5196507088898825	
694.3659	218.75	0.4880676464328936	1.3959679803250349	
694.4446	189.64	0.8339806112468028	0.4429816832562236	
694.4831	195.03	0.496772958358897	1.3568351645689065	
672.249	265.01	0.9245049526806566	-0.20805702942182472	
756.2442	215.86	0.8909257171952383	-0.30520451324047165	
756.2442	223.1	0.6914053050861659	-0.7756154712333388	
756.2442	237.33	0.9746627869645802	-0.09569601637493826	
695.2578	205.86	0.9748325329257673	-0.09464592944861824	
695.2578	210.74	0.671073903100418	-0.8253796890822999	
695.3648	263.17	0.5133069582388629	-1.287933198173072	
695.3648	270.97	0.5624849549843951	-1.1290371637347896	
695.4866	195.03	0.45280332082032304	1.5943995073218673	
758.08	350.87	0.46898029494529736	-1.5292528787555846	
696.4756	256.84	0.39931553955703664	1.9392189144306373	
696.4756	286.9	0.4835729808512536	-1.4121541121016843	
696.5262	177.79	0.9614311045483932	0.1179406958708799	
758.4371	220.87	0.188828041847208	3.957309610989129	
673.3038	288.74	0.9255990583831574	-0.2006499259698605	
673.3455	123.75	0.7489154429523285	-0.6507132288182632	
674.5142	312.06	0.928117232498597	0.19319563805715168	C37H72NO7P
675.1424	281.89	0.9115175763794159	-0.2554822871501444	
759.4402	220.87	0.3281308844315192	2.653137129510774	
675.3531	218.62	0.4711886111922801	1.4811632815843843	
822.4089	446.24	0.920546221300091	-0.22845916042558137	
676.2646	184.25	0.7880671653111001	0.5484834917832782	
676.2646	211.01	0.671073903100418	0.8252178335369995	
676.296	234.02	0.8139353353956846	0.49750925258063344	
676.296	241.43	0.7915555042712149	0.5388103046890521	
676.3562	218.35	0.5479036169370975	1.1685270900266231	
676.4332	186.35	0.5781212495758741	1.0796780345081571	
699.3454	264.88	0.4168322059488823	-1.800687596978225	
699.3454	271.36	0.6789175212107762	-0.8064376766880091	
824.6056	229.82	0.22011669601455444	-3.725231053446286	C52H76O7
677.512	347.72	0.6568396986901452	-0.8621521361129696	
700.2907	230.87	0.8824593705454482	0.32378201861731887	
700.2907	264.61	0.9234041602518681	-0.21782786916224595	
678.2788	267.27	0.6711265732397099	-0.8234876466203214	
826.5984	230.48	0.3281308844315192	-2.5613244663882213	C45H76NO7P
701.2507	207.3	0.9976872954185946	-0.008076418238184271	
678.4639	25.38	0.3886172323478781	-1.979996348320333	
701.4734	27.74	0.8416230919975859	-0.43007424069764977	C38H66NO8P
678.515	347.72	0.8027563322011674	-0.5185755447066899	
678.5366	284.13	0.3281308844315192	2.545017530581274	
827.6018	230.35	0.4409936994050854	-1.6632591351599473	C45H76NO7P
762.4693	195.03	0.8593578524419404	0.3901769527129291	
678.6876	611.3	0.7579978874415292	-0.6310172282447377	
679.5278	350.48	0.7025233876542568	-0.7449640966664115	
702.3534	82.27	0.6710325847262166	-0.8305723627672645	
702.3739	189.64	0.3281308844315192	3.123518252461762	
763.5073	158.69	0.4695421485664664	-1.521692235811123	C43H72NO8P
830.2837	288.74	0.9614311045483932	-0.11813510035479277	
680.3843	207.04	0.8148722378588653	0.491616410031196	
830.2987	250.54	0.6679292942078235	-0.8391056708126459	
830.2987	264.61	0.6895219641370317	-0.7795443469510154	
830.2987	275.04	0.5176382756559166	-1.2770082299035799	
830.2987	292.84	0.4711886111922801	-1.4709991498008679	
680.4206	133.62	0.9845027847903914	0.07925983210558667	
680.4521	256.58	0.4141639039443872	1.855829129969403	
680.4521	286.64	0.6511360174754349	-0.8831242651823691	
764.2573	214.29	0.5780196736044393	1.0864306161188715	
764.2573	249.2	0.8053569991426487	-0.5130548751495676	
703.3226	189.11	0.9925850936525361	0.03371244860468821	
764.4861	184.78	0.3281308844315192	-2.4881742035209062	
703.3772	189.51	0.36658970751266384	2.1033066776619322	
765.3518	187.8	0.9945129896514574	-0.02161175413777927	
765.3518	235.07	0.5430607608742816	1.1833861981613072	
765.4867	184.52	0.33336046755745236	-2.313927104018317	
766.5338	200.85	0.4996406633010308	1.3420011633604358	
898.4052	198.6	0.8422536881370304	-0.42693940536469255	
898.4052	202.42	0.6986067555572626	-0.7573233507342051	
833.2619	214.16	0.5246535403398406	1.2526434546282603	
834.4696	473.27	0.8142124845044885	-0.49494997336613517	
706.603	200.72	0.9945129896514574	0.02349106987740648	
706.603	484.2	0.7864654810864192	-0.5511582227643109	
706.603	485.8	0.4518903228036258	-1.598463040299703	C44H80O6
904.6432	264.88	0.7864654810864192	-0.5515118531228971	
835.2778	250.94	0.9925850936525361	-0.04045621088309295	
835.2778	264.22	0.9069325644692056	0.2638130126888944	
835.2778	275.17	0.8669865898961083	-0.3646290254594797	
835.2778	292.45	0.8690456333989134	0.3524063329645536	
707.5989	201.64	0.4141639039443872	-1.839624571113519	
772.489	220.32	0.28023644269296527	3.39882186549944	C38H74NO10P
708.3127	196.37	0.5973987160561692	-1.0258053282748838	
906.6143	138.87	0.9612090975301956	-0.11987588602161342	
773.0403	199.52	0.9559475895125985	-0.13092750483638696	
773.0403	201.51	0.596561365920105	-1.0327927128127796	
773.4924	221.0	0.06570829700291884	5.476924915755318	C38H74NO10P
773.5868	329.82	0.9840594473234181	-0.08150333894268744	
907.6177	139.01	0.8264270225867799	-0.4627494730426903	
908.1797	288.22	0.8280260485909328	-0.45402190586674374	
709.6342	480.65	0.9925800146399137	-0.05473502896501346	
775.5387	200.85	0.6884443612636082	0.7870816336238038	
711.2522	216.78	0.6079106920915217	-0.9893218500565302	
711.2809	207.3	0.8264270225867799	0.4669947486076861	
711.3453	240.09	0.5792795039090748	-1.0770941607632178	
712.2421	287.43	0.41838110410480744	-1.7845712049736955	
840.3425	207.04	0.9016185689385509	-0.2817663909587941	
842.3194	279.53	0.5176382756559166	-1.2726053522610796	
842.3194	286.51	0.4036197565214726	-1.907344425600807	
842.3194	293.5	0.41838110410480744	-1.7560913134214928	
842.4629	474.06	0.5780196736044393	-1.0853528484809265	
842.4629	482.49	0.9239656500178424	-0.21303958547592647	
713.2455	241.3	0.9157615995083067	-0.2398761871699039	
843.2087	275.17	0.6188816841262569	-0.9501237657797451	
843.2087	292.45	0.724486228721491	-0.7004205773776915	
714.9776	158.56	0.5133069582388629	-1.2895278331641438	
715.3145	221.66	0.9163010915125922	-0.23679800691537134	
845.5049	473.66	0.3281308844315192	-2.9503958879481713	
845.5049	482.75	0.816458791343655	-0.48888472285759627	
715.9775	158.43	0.6176607183353343	-0.9599894745890745	
846.5979	314.3	0.8423113425177663	-0.42607262252166617	C49H84NO8P
716.3739	264.88	0.7788637467600368	-0.5864889619717831	
716.3739	272.15	0.912322316921806	-0.2535416222043073	
716.3739	279.27	0.9987612456867874	-0.0016088083530737362	
716.4262	189.24	0.3281308844315192	2.7276336884788805	
716.4648	195.03	0.9845027847903914	-0.07970836873038248	
847.3342	288.35	0.6986067555572626	-0.7608904399399342	
782.4544	473.8	0.4700839196966078	-1.4863440308223181	
848.5805	230.35	0.03867919498468326	-6.326857944373537	
717.4292	189.64	0.5265820456538802	1.2469371667025342	
717.4679	194.9	0.8348409472698979	0.4411793267888064	
782.6773	472.22	0.5970418272642243	-1.0285739274695311	
783.0197	132.83	0.3281308844315192	-2.768746654658136	
849.5838	230.35	0.3522935712552326	-2.198858830892544	
928.4558	473.4	0.40719256465628045	-1.8972702605960563	
928.4558	482.88	0.7536671437227659	0.6410762736617722	
850.4407	473.27	0.6710325847262166	-0.8310772994810184	
850.4407	483.41	0.580703885756593	-1.0725030240243472	
718.3148	243.53	0.9952472404579659	0.016803908476543408	
850.6086	314.03	0.32913913268825756	-2.3566947300068035	C49H84NO8P
783.6802	471.83	0.8027563322011674	0.5199789078158381	
784.4527	194.77	0.9016185689385509	-0.2749684645046795	
851.3978	37.35	0.6629623356763199	-0.8493992205376534	
933.6285	207.43	0.818832140591164	-0.483806602951601	
785.4559	194.77	0.8947810951512241	0.298083540178092	
852.4012	37.22	0.5989223482633342	-1.0124592634905243	
853.4042	37.22	0.5944430462209416	-1.0391387050254488	
939.3502	198.86	0.5837838267261924	1.0582737134915032	
939.3502	202.16	0.7861445700538771	0.5532602317182024	
941.3481	199.39	0.6195478960619868	-0.9470274534477925	
941.3481	201.9	0.5973987160561692	-1.0212536339128646	
854.4075	37.35	0.732415246827179	-0.6839153792600824	
721.4356	436.89	0.32913913268825756	-2.4365239446536715	
721.4356	445.58	0.7393689323255487	-0.6692679374705088	
855.4085	37.35	0.6492055914082442	0.8926557085796593	
722.4407	186.49	0.4802730042369942	1.4218171601224965	
946.4582	346.8	0.6973494113021107	0.7643186589008721	
946.4582	348.25	0.4022195237575875	-1.914787450462442	
856.3713	286.64	0.36658970751266384	-2.105259733217703	
856.3713	293.36	0.4200333039251829	-1.7329164437461577	
856.4745	474.06	0.8844950843862264	-0.3173663697734026	
948.6196	222.31	0.40899248232064206	-1.8866724168199198	
948.6561	218.35	0.6504923534639553	0.8885106787376179	
949.6228	203.08	0.5368489577504802	-1.2050141710976445	
857.477	473.53	0.4835729808512536	-1.41261909190466	
949.6601	218.62	0.7361723282303461	0.6754829133751562	
949.6601	236.28	0.8711918522913815	0.3409982780567686	
792.5491	199.39	0.3281308844315192	2.463281827180156	
726.6136	199.65	0.33313576254969185	2.3426853464765744	
726.6136	201.77	0.6789175212107762	-0.8070302614211488	
726.6136	438.6	0.41955425464248214	-1.741651582446369	
861.3501	286.25	0.4518903228036258	-1.60347811828186	
861.3501	293.63	0.41764527655891265	-1.7918807034327127	
861.472	473.4	0.6839927285721014	-0.7945123656571006	
861.472	482.75	0.717140533563288	-0.7127470596799642	
961.5489	189.64	0.5418565351405694	-1.1912984016907142	
961.652	218.62	0.358711915635071	2.155568131976053	
728.6086	200.59	0.7311695902411476	-0.6873438824469106	
729.1102	200.85	0.3751629386146538	-2.0592866341739895	
795.6691	230.35	0.5368489577504802	-1.2078853566515162	
864.4917	483.28	0.5957003995833311	1.0357078422020456	
966.6304	192.93	0.4518903228036258	1.5978524270453254	
966.6304	196.37	0.3281308844315192	2.9259848446890344	
796.9919	199.78	0.9925850936525361	0.04366520629746294	
967.6339	192.67	0.6789175212107762	0.8056592938586978	
866.3657	288.48	0.9163010915125922	-0.23686466261167058	
797.9953	199.52	0.6541730677321668	-0.8728897224956176	
797.9953	201.51	0.3522935712552326	-2.20146948599851	
968.6375	196.24	0.3281308844315192	3.054763734901997	
798.9974	199.12	0.9614592833328502	-0.11707562146267929	
798.9974	202.16	0.4695421485664664	-1.5027851548644195	
799.4972	202.42	0.5966371995963329	-1.0312794265257792	
799.9984	202.56	0.4996406633010308	1.3412661646487436	
800.4629	185.04	0.3522935712552326	-2.1950578724573706	
870.5624	230.08	0.9330450492659655	0.18212535216163414	
978.6513	199.26	0.9162224078346383	0.23851350119753473	
978.6513	202.03	0.7193827608562121	0.7084408621003732	
733.4465	158.56	0.39931553955703664	-1.9401157073560784	
873.6193	314.16	0.6325178550574911	-0.9194623677436248	
875.5461	314.3	0.7142750569173614	-0.7202450522646586	
735.2675	196.89	0.913209738635812	0.24617140828234885	
879.5817	195.16	0.6710325847262166	-0.827771346791193	C45H84NO13P
990.187	279.4	0.41838110410480744	-1.7698216422879658	
990.187	280.58	0.8666432098168507	-0.37111655642453933	
990.6672	233.76	0.36768059288939453	-2.092159606363654	
880.5816	195.84	0.8685612408901642	0.35962191326511117	C45H84NO13P
882.3277	37.22	0.8264270225867799	0.46239585952468615	
997.2404	223.63	0.8621328967239338	0.37971994012704224	
882.6615	264.48	0.6325178550574911	-0.9201541366215882	
998.6202	194.38	0.3281308844315192	-2.4812518847563196	
999.6234	194.77	0.39931553955703664	-1.9396094613406083	
999.6234	203.21	0.3333545459935088	-2.316715752356205	
1003.195	281.89	0.6568396986901452	-0.8610433721488222	
884.5573	230.35	0.22874753046400895	-3.6670246616529503	
885.5602	230.22	0.36460547747222893	-2.1228832404961544	
1006.6254	197.42	0.3281308844315192	-3.1702964524007413	
1008.6692	213.63	0.8595202929883611	0.38717065551759056	
1143.7113	245.79	0.7524324156030352	0.6441477438122715	
887.6797	192.41	0.8666432098168507	0.37163363919998793	
1144.7148	245.92	0.6986067555572626	0.7527087314712356	
888.6832	192.28	0.9234041602518681	0.21738098552553134	
1012.6207	213.37	0.9016185689385509	-0.27715595276256255	
1152.7357	245.79	0.3281308844315192	3.098001648752812	
1153.7391	245.53	0.23539828504399168	3.60381966204306	
1154.7509	243.53	0.8686197538747311	0.358504067497232	
1155.7545	243.53	0.912322316921806	0.2506131255511798	
1156.7579	243.53	0.8667844042583105	0.36886270715664404	
1159.7052	230.61	0.11926783947572611	4.672232988515267	
1160.709	230.74	0.8595202929883611	0.38799352974643686	
1160.709	243.93	0.8518934169620151	0.40850052501390594	
1160.7249	222.58	0.1641234945170962	-4.293553156747949	
1161.729	222.71	0.17136020724781517	-4.129211287920642	
894.5726	194.38	0.6770332583513158	0.8146054590008708	C47H79O13P
1170.7452	229.43	0.5318876691840839	1.22444925715229	
1171.749	229.17	0.7452622869919278	0.6566353918673803	
896.4048	198.86	0.806501758914271	0.5093661789767764	
896.4048	202.16	0.9352825430570199	-0.1780624455819881	
897.3992	196.5	0.9869621888661867	0.07365799368257449	
897.3992	202.16	0.8909257171952383	0.30494450636521747	
897.5412	197.29	0.6547919763085899	-0.8699351451678211	
1038.6514	195.3	0.32913913268825756	-2.385369220767071	
1039.6545	195.58	0.4942785436892576	-1.373642837039109	
1180.7635	202.03	0.8832454520697312	0.3220518926627653	
1184.7635	199.12	0.4141639039443872	1.8482092960159315	
1184.7635	201.9	0.6211272939150444	0.9415825460590833	C59H108N2O21
1186.74	220.74	0.5837838267261924	-1.0587771931222687	
1048.8235	348.51	0.5710293615967343	-1.1090020758076642	
1051.2971	267.53	0.7776638375206233	-0.5887498282223854	
1197.8015	292.31	0.5133069582388629	1.2902976190445732	
1203.7845	281.63	0.8711918522913815	0.343197767958353	
1206.8187	289.27	0.4622263295355879	1.5498024706417095	
1207.8219	288.87	0.41442069252535557	1.8193178922033515	
1209.8359	281.37	0.890248610754465	0.30735397285015587	
1214.7547	251.07	0.7769551729777044	0.5928103336742091	C60H111NO23
1214.7547	259.47	0.7161861652823959	0.716329465830011	
1218.735	202.03	0.4695421485664664	-1.5150262992070807	C59H108N2O21
1218.778	260.81	0.6710325847262166	0.8288976729848742	
1219.7332	199.52	0.6895219641370317	-0.7802289145215938	C59H108N2O21
1219.7332	202.03	0.4700839196966078	-1.4900188220322745	C59H108N2O21
1219.7809	261.33	0.7911715767465883	0.5412588711326844	
1087.2943	270.16	0.9925850936525361	-0.04420783928342285	C48H56O27
1092.8503	343.24	0.49251378512336486	-1.3806724699199324	
1273.6029	136.77	0.6542964470993843	-0.8718903435301613	
1274.6067	136.9	0.6511360174754349	-0.8795829319677049	
1286.6715	206.78	0.7333901538460432	0.6804016276826118	
1292.1347	137.04	0.5368489577504802	-1.2049815422583683	
1293.1074	137.04	0.6789175212107762	-0.8084779974170793	
1294.1112	136.51	0.5176382756559166	-1.2746374682857884	
1337.3423	609.84	0.9245049526806566	0.2109812827473555	
1422.1253	348.25	0.7142750569173614	-0.7218269780784243	
1422.5223	288.35	0.5096886085327491	-1.3000125152826192	
1423.1289	348.51	0.6511360174754349	0.8790224022571805	
1444.1073	348.25	0.6195430505455152	-0.9478936261658244	
1454.7734	325.09	0.49489972741004307	-1.3653335616376157	
1484.1143	325.22	0.4835729808512536	-1.408669016166175	
1485.1181	325.22	0.45364257043530526	-1.580533009304608	
1486.1208	325.49	0.46185573535323104	-1.5627866846328757	
1501.141	324.96	0.4880676464328936	-1.3967817700515952	
1502.1448	324.96	0.49251378512336486	-1.3832805890831716	
1503.1479	324.96	0.41838110410480744	-1.760909740603742	
