m/z	rtime	p-value	t-score	custom_id
132.0446	28.24	0.8449664166457658	-1.4823429568311401	C8H5NO
132.0527	159.14	0.9249995304402893	-0.442414192958865	
132.0769	252.96	0.8449664166457658	-2.2568984596224184	C4H9N3O2
175.2036	358.7	0.9928736009824313	0.09475221625136383	
218.0653	269.18	0.9971522501539579	0.02401983410685848	
132.1152	265.76	0.9334744266193441	-0.4155408553044298	
218.1249	295.96	0.8449664166457658	1.021658911550231	
73.0848	209.69	0.8692466783384425	0.6488525148855336	
176.0295	216.13	0.9634225753030647	-0.28750426878613855	
132.9874	108.14	0.8692466783384425	-0.6488987171112877	
132.9874	110.9	0.9634225753030647	-0.28153386789007373	
132.9874	112.74	0.9971522501539579	-0.025526382248349945	
132.9874	213.89	0.9928736009824313	-0.08617634556809778	
133.0279	362.77	0.8449664166457658	-1.4254679652016125	
218.9434	200.73	0.9925848074218412	-0.11104370271988823	
133.0801	252.83	0.8449664166457658	-2.314524193219801	C4H9N3O2
133.0861	26.79	0.8449664166457658	1.531147213966965	
219.0267	204.67	0.10103377717163858	8.152410456175183	
133.1014	25.2	0.9617319025400208	0.2951738024705196	
133.1014	27.84	0.9921948441536589	0.14569527387818088	
219.0476	192.56	0.6728232656790943	3.5165961313049583	
219.0576	269.31	0.9642570588605872	0.2671131373742181	C13H11ClO,C11H10N2OS
133.1222	266.16	0.8994803427409858	-0.5196588771746032	
133.1247	265.76	0.9971522501539579	0.03247295756663232	
176.8754	200.73	0.8865604453477944	-0.5802922827566269	CK2O3
219.9076	198.21	0.8449664166457658	1.743322871542228	
219.9076	205.06	0.8780163335595712	0.605475585815685	
134.0353	190.85	0.8449664166457658	1.369672656914972	C5H8O2S
219.9468	200.73	0.8681169038133302	0.686673128409384	
134.0813	41.57	0.84173457208113	-2.9895477050463537	C5H11NO3
134.0813	48.95	0.7484548273265511	-3.212331355513547	C5H11NO3
220.03	198.21	0.8449664166457658	1.6299114378021724	
220.03	204.67	0.03332954174402013	11.99223876037969	
220.03	210.74	0.8664695049535187	-0.732612291947593	
220.0371	198.07	0.8449664166457658	1.295888018770007	
220.0371	204.54	0.8449664166457658	1.5051396576198497	C9H11NO3
220.1181	179.0	0.8539261886916645	0.8111555766010646	C9H17NO5
177.8883	200.73	0.8449664166457658	1.0805350806840042	
135.0277	190.72	0.8449664166457658	1.785895935410885	
177.9668	200.99	0.9718918594018028	-0.23982280544620882	H2KO4P
178.0242	202.96	0.9971522501539579	-0.018998919992233635	
178.0711	191.12	0.8449664166457658	1.8920028374264863	
220.9016	200.73	0.8449664166457658	-1.2783652614489223	
220.9415	200.6	0.9921948441536589	0.14529959681752957	
220.9475	200.6	0.8449664166457658	-1.1251953647625719	
135.0635	50.0	0.8449664166457658	1.3945612030841068	C8H7NO
221.0248	198.21	0.8449664166457658	1.8327008790911903	
221.0248	204.67	0.19840346372276763	6.420768824526898	
221.0248	211.14	0.9097751107221974	-0.4804824474460337	
221.0344	204.14	0.8449664166457658	1.4573324431822388	
135.068	203.36	0.8495690276035087	0.8696736223676877	
221.8998	135.41	0.9937466909844621	0.06639636976025488	
221.8998	150.28	0.9921948441536589	-0.12228756627335677	
221.9049	200.86	0.8449664166457658	-2.0950975031020214	
77.0391	159.01	0.9921948441536589	-0.11936747274457206	
178.8736	200.73	0.8666201113483418	-0.7177913951231019	
178.8811	198.21	0.8449664166457658	1.087883648796537	
178.8811	205.06	0.952151218239418	0.31672590350988333	
77.9274	200.73	0.9921948441536589	0.1403456092834317	
222.0956	174.67	0.8681169038133302	-0.6966519785363068	C11H12N2O3
222.0956	191.25	0.8449664166457658	1.1661684266201955	C11H12N2O3
80.0032	200.73	0.8539261886916645	0.8155523281263587	
80.9873	200.6	0.8449664166457658	1.4134846233120568	
80.9937	200.73	0.8449664166457658	1.4580340317037082	
136.9098	200.73	0.9971522501539579	-0.029137381768081127	
136.9109	201.12	0.8449664166457658	-1.4996031388634516	
136.9402	200.73	0.9902072257344702	0.18047216347364217	H2KO4P
81.0453	197.02	0.8449664166457658	1.7481413966846833	
136.9695	200.99	0.8859180656546647	0.5873249496086714	
136.9707	200.47	0.9928736009824313	-0.08604211909121184	
222.8997	200.73	0.8449664166457658	-1.715854787105491	
179.0901	357.78	0.8681169038133302	0.6862169564186003	
81.9884	200.73	0.8449664166457658	1.5017905564883558	
137.0598	204.41	0.8570456238401766	0.797635921195905	C8H8O2
137.071	194.27	0.8449664166457658	-2.3816012989562556	C5H8FNO2
223.0637	136.19	0.9868288672130159	0.18740312837378198	
137.0792	204.14	0.8449664166457658	0.9141224767317115	C6H6O
223.1078	204.14	0.8495714923160619	0.8624292152848831	C9H11NO3
223.1116	302.03	0.8664695049535187	0.7239131071896642	
179.8812	198.21	0.8692466783384425	0.6479547825171631	
179.8812	205.06	0.9971522501539579	0.030124778133252317	
137.9435	200.73	0.9928736009824313	0.07986027785032797	H2KO4P
138.0526	222.17	0.8683296534868443	0.6725732440535724	
138.9383	200.73	0.9902072257344702	0.17928204666832256	
138.9443	200.73	0.9921948441536589	-0.15147362165491338	
223.1918	192.03	0.9937466909844621	0.06923937012472407	
139.0503	182.68	0.9921948441536589	-0.13687739435894264	C6H6N2O2
84.9118	202.96	0.8449664166457658	1.5493174821732465	
139.0979	198.73	0.8692466783384425	0.6475692093207431	C6H10N4
224.1496	25.87	0.8449664166457658	2.0260199223107866	
224.1496	27.71	0.8449664166457658	1.8446581623339562	C11H16N4O
139.9148	198.73	0.8449664166457658	0.9147386338392524	
139.9148	203.62	0.9216408355361724	-0.4612401894512093	
139.9417	200.73	0.8449664166457658	1.9253131535626882	
181.0948	213.76	0.9813300915913993	0.20964621595237962	
225.0347	215.73	0.8449664166457658	2.3992645889009836	
225.0468	198.21	0.8457568577572275	0.8797380047525858	
225.0468	204.93	0.43628550697418395	4.456823253235766	
225.0468	210.74	0.8449664166457658	-1.3541633146052856	
225.1486	28.1	0.8449664166457658	-1.5074361713468327	
140.9364	200.73	0.9928736009824313	0.10476643114973254	
140.9426	200.6	0.9413128755975491	0.3923536887206544	
225.1592	26.53	0.8449664166457658	1.0553098828517877	C12H20N2O2
86.9092	203.09	0.8449664166457658	1.400630744789287	
87.0269	190.85	0.8449664166457658	1.3610670316782647	
141.0716	213.63	0.9439436336283582	0.37818736249582174	
182.0926	268.78	0.8859180656546647	0.5896983102713101	C9H10N2O2,C7H15O3P
141.1136	31.03	0.9921948441536589	0.1188310006786019	
88.0221	190.16	0.8449664166457658	1.0763503351799706	
183.0226	35.89	0.8449664166457658	1.23443753110521	
142.0613	28.24	0.8539261886916645	0.8170237342574442	
226.1803	34.44	0.9937466909844621	-0.06891658897517326	
226.9879	212.71	0.9937466909844621	0.063436121427945	
89.0603	26.79	0.43628550697418395	4.369661389971037	
143.019	388.93	0.9482302337859041	-0.33207501476964335	
143.073	155.99	0.8449664166457658	1.2352988404600094	
144.0479	197.16	0.8449664166457658	0.9106530389905758	
184.0857	204.14	0.8449664166457658	1.0625371308002687	
184.097	30.07	0.8449664166457658	-1.0153399454639533	
184.097	161.51	0.8692466783384425	0.6479241201097509	
144.9276	198.47	0.9617319025400208	-0.2935293654917167	
144.9276	205.06	0.8449664166457658	-1.0214215525765742	
145.0474	197.29	0.9439436336283582	0.38156911659483783	
145.0496	191.51	0.8449664166457658	1.1931745915458924	
145.0511	197.16	0.8570456238401766	0.7972765635267537	
145.0841	159.01	0.8449664166457658	0.9308071954230387	
95.0497	204.41	0.8449664166457658	1.0659784376144468	C6H6O
229.1437	28.1	0.8449664166457658	-0.9054219799123912	C12H20O4
229.1548	192.56	0.8449664166457658	-1.8210150551429276	
229.1548	205.06	0.8449664166457658	-2.802066918313631	C11H20N2O3
146.0436	197.16	0.8664695049535187	0.7363671148646769	
96.0813	209.43	0.8449664166457658	0.9365238349478452	C6H9N
146.0925	254.67	0.8449664166457658	-2.255590319027524	C7H6N2O
96.9223	198.07	0.8449664166457658	1.76693348587915	
96.9223	204.93	0.8449664166457658	1.0063670116696117	
96.9223	210.74	0.8539261886916645	-0.824021822761316	
97.0289	191.51	0.8449664166457658	1.6816217628362295	
230.9952	363.16	0.8449664166457658	-2.1650930331984637	
147.0634	155.99	0.8838416406939841	0.5980152084504323	C9H7NO
98.9193	198.21	0.8645225096711968	0.7620796263092069	
98.9193	204.93	0.9485489242770119	0.32730339709727	
187.0578	191.12	0.9830631730099793	0.2062159419033245	
147.1164	26.4	0.8449664166457658	1.460838548286688	
148.0393	27.97	0.8449664166457658	-1.4707757324684045	
148.0393	204.41	0.8681169038133302	0.6930850098501787	
187.1442	190.85	0.8449664166457658	1.1108478488637001	C10H17NO2
148.0475	204.27	0.8539261886916645	0.8197664442685612	C9H6O2,C2H6N6S
148.1333	191.9	0.8449664166457658	1.1275388998757436	
148.9403	200.6	0.8449664166457658	1.7229421363743849	
233.0352	269.31	0.8666201113483418	0.7205451675457214	C14H10O
233.2013	28.63	0.9315038388634388	0.42062441746299173	
150.0245	190.85	0.8780163335595712	0.6070357343538576	
234.1966	194.53	0.8449664166457658	1.0366796310138697	C12H20N2
234.8091	198.99	0.8449664166457658	-1.6491690094476799	
234.8091	203.09	0.9718918594018028	0.24006885634749545	
234.9173	200.73	0.8449664166457658	-1.0640230031733222	
150.0775	198.21	0.0029979982787198775	-29.536429309365538	C6H7N5
235.0748	191.12	0.8449664166457658	-1.1503821126485503	C8H14N2O4S
235.0748	209.69	0.8449664166457658	-1.18348101181569	C8H7N3O5
235.9206	200.73	0.8449664166457658	-1.3857261865258992	
150.9768	199.52	0.9452567606833857	-0.3623028390632501	
150.9768	202.3	0.8449664166457658	-1.2592883171580675	
236.0225	209.3	0.8449664166457658	1.6943028809740481	
151.0581	190.72	0.8449664166457658	1.545737167788966	
190.9876	18.86	0.977159128102488	-0.22359481207723356	
190.9876	22.97	0.8449664166457658	-1.0224547585094863	
190.9927	267.86	0.8681169038133302	-0.6793262544829649	
236.9153	200.86	0.8449664166457658	-1.1184698669631108	
104.0534	190.85	0.8449664166457658	1.340208152312341	C4H9NS
104.058	159.4	0.9276592293982634	0.4331205550455224	
191.0816	27.97	0.9971522501539579	-0.029782821819185283	C10H10N2O2
191.085	190.72	0.8449664166457658	1.5547163490723288	
152.0568	135.54	0.8449664166457658	-1.0414268336450316	
152.0623	190.98	0.8449664166457658	0.9556427823718997	
191.9987	191.77	0.8449664166457658	1.465602401797158	
192.0302	191.25	0.8449664166457658	1.0293322370844102	
192.0302	210.09	0.9480373311559512	0.3493309467312589	
105.0227	213.89	0.8449664166457658	1.474195271936348	
192.0627	50.0	0.9413128755975491	-0.39261920764976177	
105.0565	190.72	0.8449664166457658	1.1715298878382343	C4H9NS
237.8917	202.3	0.9009631552972607	0.5072922541224296	
237.9187	200.86	0.8449664166457658	-1.134203049678295	
153.0575	190.85	0.8539261886916645	0.8116089578148126	
153.0601	135.54	0.8449664166457658	-1.0439098804177678	
106.0491	190.85	0.8645225096711968	-0.7600438230585067	
238.0452	294.25	0.0029979982787198775	-26.85778166005483	
107.0658	190.59	0.8449664166457658	1.4627314447132496	
238.1652	27.05	0.8449664166457658	1.0663069755389285	
238.1652	34.84	0.8449664166457658	2.411394792946726	
238.1915	192.3	0.9921948441536589	-0.1261618446559249	
154.0566	189.9	0.8449664166457658	1.192895680930785	
238.9136	200.73	0.8664695049535187	-0.737312216834336	
238.9197	200.99	0.8449664166457658	-1.1838477938133778	
193.1437	34.58	0.8658115402715961	-0.7561683674474219	
193.1628	37.6	0.9925848074218412	0.11422081157054619	
239.0438	269.18	0.8495690276035087	0.8690638528075064	
193.9982	201.52	0.8449664166457658	1.1294549937416725	C3H10NO4P,C7H7O4
155.0689	191.12	0.8449664166457658	1.3675937109160945	
109.0637	190.85	0.8449664166457658	1.3962059870395962	
155.0751	191.12	0.8449664166457658	1.7480231813887572	C6H6N4O
109.0652	27.19	0.8449664166457658	2.1232270214425064	
109.0652	204.27	0.8449664166457658	1.2114944625125823	
194.1005	49.87	0.952151218239418	-0.3167776013604416	C8H9NO2
194.855	198.6	0.89293965529647	0.5381321013797543	
194.855	203.88	0.9383127141000643	-0.40864031089141967	
240.1376	269.18	0.9617319025400208	-0.29566531976499955	C16H17NO
195.08	269.18	0.8580599555666811	0.7916793188949088	C14H10O
156.0422	200.18	0.9837984939208101	0.1975604621171421	C3H10NO4P,C7H7O4
241.0086	198.86	0.8449664166457658	1.3680759879098685	
241.0086	202.57	0.35661515667391586	5.096784155225608	
241.0859	228.9	0.8449664166457658	-1.447131138102454	C15H12O3
195.8552	198.6	0.8449664166457658	-0.9740860901306461	
195.8552	204.01	0.8683296534868443	-0.676015340375936	
157.0761	155.86	0.8449664166457658	1.15601477709796	
195.996	201.52	0.8449664166457658	1.021008075978285	
195.996	214.55	0.9761334944280623	0.22973876027640822	
195.996	219.54	0.9842771621589556	0.1945307905294075	
196.0175	188.72	0.9921948441536589	0.14071311877404577	
242.0189	198.6	0.929083150681467	0.4291438701971903	
242.0189	203.88	0.8931271851399144	0.5320429704236134	
196.0638	209.17	0.8689458621418288	0.664155025430083	
196.0833	269.18	0.8772276537558911	0.6138058394425271	C14H10O
112.0216	197.16	0.8449664166457658	1.052752928669401	
242.0376	220.72	0.8449664166457658	-1.2770436004895045	
242.0998	179.27	0.9985045056787719	-0.014196637688858676	C9H17NO5
158.0403	200.18	0.9925848074218412	0.1121961895452267	
158.0602	28.24	0.8449664166457658	-1.5850299984524263	C10H7NO
158.068	190.85	0.8449664166457658	1.1515361055871076	
242.9385	232.18	0.8449664166457658	-1.0273780636141612	
242.9385	233.23	0.8449664166457658	-0.9593668484728312	
243.0161	198.47	0.9921948441536589	0.12839942064813947	
243.0161	203.88	0.8449664166457658	1.4292884685704814	
243.0226	198.47	0.8865604453477944	-0.573656982482367	
243.0226	203.88	0.8449664166457658	0.9847929872727765	
196.8532	198.6	0.8910812698185442	-0.5483501130085583	
196.8532	203.88	0.9413128755975491	-0.40130629225886333	
196.9615	200.73	0.890647864537251	0.5520855984555646	
243.0409	220.72	0.8664695049535187	-0.7234314943364831	
158.1005	222.56	0.9928736009824313	-0.07757494836690546	C7H12N2O2
243.1033	179.27	0.9985045056787719	0.008082544536848335	C9H17NO5
112.8961	200.86	0.8449664166457658	1.0253431671060786	
113.0297	197.16	0.8449664166457658	1.0429969173449027	
197.0757	269.18	0.8664695049535187	0.7458653067419525	
197.1147	135.41	0.8449664166457658	-1.0262629577012283	
244.0175	203.88	0.8772276537558911	0.6131574350493636	
159.0474	136.06	0.9937466909844621	0.06867408139778357	
159.0474	149.1	0.9928736009824313	0.1037655810335975	
159.0805	25.07	0.8449664166457658	-2.0625971084197476	C11H10O
244.0532	214.42	0.8645225096711968	-0.7602948042834763	
244.1294	310.3	0.8449664166457658	-1.915025705718522	
244.1908	34.58	0.9971522501539579	-0.04019417751238616	C14H21NO2
198.0876	251.39	0.024527395988077596	-14.518808292450414	
198.0975	191.51	0.8449664166457658	1.7448130024515203	
198.1045	357.51	0.8449664166457658	1.970641953886211	
160.0758	27.84	0.8689458621418288	0.6696704014948279	C8H6O
160.0758	156.25	0.7319828043964047	3.3152497241831025	
245.0011	233.36	0.8449664166457658	-0.9942798914835228	
114.8932	200.73	0.8449664166457658	1.666091602956539	
115.0545	155.99	0.8558812202169668	0.8040610914463812	
245.9478	225.19	0.9452567606833857	0.3628397160590152	
160.1162	209.69	0.8539261886916645	0.8169377863040143	C5H11NO2
198.5455	314.11	0.8449664166457658	-1.7789459638750051	
198.9596	200.73	0.9921948441536589	0.1166104974235877	
246.0973	191.25	0.8449664166457658	2.208479506879366	
246.1238	155.99	0.8449664166457658	1.7660219692764405	C11H12N2O2
160.9015	198.73	0.8625905817689866	-0.7782076677176919	CK2O3
160.9015	203.49	0.8712190447558366	-0.6319312531115686	CK2O3
116.0471	221.51	0.9914046899898704	0.1715924783278233	
161.0317	220.85	0.9791102136522707	-0.21599785307944339	
161.0378	220.85	0.8681169038133302	-0.6785827001456944	
161.071	27.97	0.8689458621418288	-0.6597712256603587	C10H7NO
161.079	27.84	0.9971522501539579	-0.033990856839726295	C8H6O
116.0936	222.3	0.9971522501539579	0.040642316870469514	
199.1007	191.64	0.8449664166457658	1.3046802613798156	
117.055	25.87	0.9971522501539579	-0.04062286946288093	
117.068	222.17	0.9928736009824313	0.10758628530211967	
248.0218	362.64	0.8449664166457658	-1.4685491327226818	
248.1283	35.36	0.9452567606833857	-0.3584711315698534	C14H14N2O2
161.9929	199.65	0.8699883777154622	-0.644497305940873	H2NaO4P
161.9929	201.52	0.8539261886916645	-0.8420862782349429	
117.0913	28.1	0.8449664166457658	-1.4184887834909667	
162.0386	221.12	0.999031484257838	0.005352489863909933	
162.0551	35.89	0.8449664166457658	-2.1013012861464824	
162.0551	37.46	0.8449664166457658	-1.801989894864478	
199.5428	313.98	0.84173457208113	-2.886719575102621	
249.1195	299.77	0.8712190447558366	0.6341707879292203	
118.0615	253.1	0.5582402159863922	-3.9660053177368693	C3H7N3O2
250.0176	363.29	0.8449664166457658	-1.1224570339206508	
118.0751	222.17	0.9971522501539579	0.04962082255389336	
118.0775	222.17	0.9928736009824313	-0.08588536405853217	
250.0935	34.97	0.952151218239418	-0.31598221088949474	
162.1127	288.18	0.9971522501539579	0.037062069675003896	C7H15NO3
118.1099	209.03	0.9921948441536589	0.16045191503522085	
119.0494	204.27	0.8449664166457658	0.9487575782918525	C8H6O
119.0688	158.49	0.9452567606833857	-0.3627770357864605	
163.0536	214.16	0.8449664166457658	-1.6258294543602778	
119.0836	209.69	0.9634225753030647	0.27733722513788683	
200.8631	198.21	0.8664695049535187	-0.7327591702818069	
200.8631	205.62	0.8629340799167597	-0.770316511347379	
251.0962	34.97	0.8449664166457658	1.9086346059096797	
251.0962	198.6	0.8449664166457658	1.1245340630752014	C11H14N4OS
120.0449	257.72	0.9910936674608479	0.17617290305688585	C7H5NO
120.0528	204.27	0.8449664166457658	0.8892652723286085	C8H6O
163.0979	197.16	0.8449664166457658	1.449998261711279	C6H7N3
120.0907	209.69	0.9216408355361724	0.46169335917947546	
120.0932	209.43	0.9921948441536589	0.13899227551543097	C5H11NO2
120.1022	192.3	0.8449664166457658	2.071582034173269	C5H13NO2
201.9839	225.05	0.9298948948712208	0.4253608460979499	C3H7NO5S2,C3H7NO5S2
121.0165	200.73	0.8449664166457658	1.8669533950210095	
202.0645	221.12	0.9007130808434269	-0.5086797030527069	C6H8N4O4
202.0686	192.95	0.8449664166457658	1.6760440412997213	C6H13NO5
164.0707	204.14	0.8449664166457658	0.9885675940121469	C7H6O2
164.082	33.39	0.9788061225855919	0.21942926782207736	C6H6N2O
121.0651	159.27	0.9642570588605872	0.26850178656072343	C8H8O
121.0781	158.75	0.9971522501539579	-0.03855381003248846	
164.1282	190.85	0.8449664166457658	2.077216393554982	
202.9695	199.65	0.8925707657455482	-0.5445435499109019	
202.9695	202.3	0.8449664166457658	-0.9897889941602537	
202.9695	214.16	0.9482302337859041	0.33091917566387546	
253.0854	187.8	0.8664695049535187	0.7314930629325309	
253.0854	190.85	0.9971522501539579	-0.0227625884616739	C16H12O3
121.9698	199.78	0.8449664166457658	0.9720897790425248	H2NaO4P
121.9698	202.17	0.9241112650038401	-0.4463470460311225	
253.1646	31.16	0.8449664166457658	1.2279823881481913	
164.9352	200.6	0.9971522501539579	0.04607157387125423	
122.0469	197.29	0.8449664166457658	2.231058701581736	
253.2387	194.79	0.9928736009824313	0.09100187435239575	
122.9248	200.6	0.8449664166457658	-0.9855316062154378	
122.9646	199.78	0.8449664166457658	1.1828483469870934	
122.9646	201.12	0.8681169038133302	-0.708908696373164	
203.0767	209.17	0.9921948441536589	-0.11868528904964754	
203.0767	214.29	0.8449664166457658	-1.295636055000717	
203.0814	27.71	0.8449664166457658	-1.1720104439475112	C11H10N2O2
203.0814	187.54	0.8449664166457658	-1.043779838100126	
203.0814	191.12	0.9902072257344702	0.18020577108217609	
203.1028	302.82	0.9971522501539579	0.02295062778079775	
203.114	268.39	0.8449664166457658	1.3375009029117908	
203.1391	192.03	0.84173457208113	2.8824450366363616	
254.1963	28.24	0.8449664166457658	1.2826362591415197	C13H22O4
123.0684	197.16	0.8449664166457658	1.0947325644515942	
165.924	1.95	0.9937466909844621	-0.07045990530082623	
123.0749	197.16	0.8449664166457658	0.9261802761339816	C6H7N3
165.9304	200.04	0.8539261886916645	-0.8163817558775822	
204.0245	232.31	0.8449664166457658	-1.054346241264137	
204.0631	197.42	0.8449664166457658	1.1318624824000176	
204.0631	204.93	0.8449664166457658	1.285498462431088	C9H11NO3
255.101	301.24	0.9082784419992581	0.4874621452685207	C16H14O3
204.1174	191.51	0.8449664166457658	1.1833086096612773	
255.1591	31.56	0.9241112650038401	-0.44872741116741294	
166.0581	204.41	0.8449664166457658	1.1148039684236595	C9H8O3
123.941	198.34	0.8449664166457658	1.1419025953792652	KO3S
123.941	204.67	0.8449664166457658	1.0823978806293766	KO3S
204.9278	200.6	0.8449664166457658	-1.1745260115008829	
124.0477	204.14	0.8625905817689866	0.7806030387267294	C7H6O2
256.0169	214.55	0.8449664166457658	1.4954718170337902	
256.0169	219.67	0.8666201113483418	0.7196067509109327	
124.0527	33.26	0.8457568577572275	0.8810044472950938	
256.1045	301.24	0.8449664166457658	2.4252315366650445	C16H14O3
124.0589	33.26	0.9921948441536589	0.14849167897218724	C6H6N2O
124.0782	197.29	0.977159128102488	0.22698713541843193	C6H7N3
205.0683	191.12	0.17117430134262715	-6.7736251937833245	
124.9229	200.73	0.8449664166457658	-0.9446757884005771	
256.9825	200.6	0.8449664166457658	1.9769788245315656	
125.0599	33.52	0.9241112650038401	0.45067729718251176	C7H8O2,C7H8O2
257.0567	190.98	0.8449664166457658	-1.287701082382639	
257.0567	209.69	0.8449664166457658	-0.9625591124454913	C8H7N3O5
125.0793	50.13	0.8449664166457658	2.236153560254916	C7H9NO
166.9508	200.6	0.94214113313674	-0.3886143878723864	
126.0374	197.02	0.8449664166457658	1.2515033356304337	
126.0664	34.97	0.8449664166457658	1.267822007637134	C5H7N3O
167.9542	200.99	0.8449664166457658	-0.88853753012732	
206.0814	204.27	0.8449664166457658	1.2746622974807542	C9H8O3
257.9328	371.2	0.8449664166457658	-1.002567586602016	
257.9933	202.96	0.8449664166457658	-1.5690330259005725	
258.0884	269.18	0.43628550697418395	4.459751913118662	
127.0392	191.51	0.8449664166457658	1.2450059054830616	
258.1103	314.37	0.024527395988077596	-14.59300938746236	C8H20NO6P
168.0902	159.01	0.9734123644839624	0.2359970618326429	
168.1496	191.9	0.8910812698185442	-0.5504737092901201	
258.9809	200.31	0.9241112650038401	0.4446506867064008	
168.9489	200.6	0.9471830225512491	-0.3516053209668268	
258.99	202.96	0.8664695049535187	-0.7409598940841622	
258.9966	202.96	0.8865604453477944	-0.5717141482560738	
207.104	156.12	0.8449664166457658	1.0602010576729435	C11H12N2O2
207.1857	34.84	0.8449664166457658	-1.1335962933533366	
169.0691	47.77	0.35661515667391586	-4.928286379661071	C8H9NO3
128.9328	1.17	0.9921948441536589	-0.1452167620178993	
169.0761	27.45	0.8449664166457658	-1.9411643613681917	
259.0922	269.31	0.7319828043964047	-3.2544812076571774	
259.1135	314.37	0.03332954174402013	-12.74793408778265	C8H20NO6P
169.086	27.05	0.8449664166457658	1.2429144945015582	C9H12O3
259.9912	202.83	0.8449664166457658	-1.5652242259153712	
169.1265	36.68	0.9452567606833857	0.3607439056291502	
260.0272	294.38	5.423102396996049e-06	-164.1250805409051	
170.0425	320.19	0.8449664166457658	-1.1459349370856893	C5H8NNaO4
170.0482	191.25	0.8449664166457658	1.0980857311001442	
170.0482	210.22	0.9921948441536589	0.14979742725544629	
260.1138	314.37	5.423102396996049e-06	-172.8173408670406	
260.1494	26.0	0.707308957712298	3.3913992238495183	
260.988	202.96	0.8449664166457658	-1.4972098167506933	
260.9949	202.7	0.8666201113483418	-0.7182310742816873	
130.0695	266.16	0.8449664166457658	1.0323401187968675	C5H8N2O2
261.0307	203.49	0.9274621717826123	-0.43573643955404334	
171.0785	50.43	0.8449664166457658	1.6749276181314654	
209.0957	274.72	0.8449664166457658	1.2908698299681896	C15H12O
209.1174	26.4	0.5728313120249595	3.9052096179511584	C12H13NO2
130.9298	1.17	0.8995296864029432	0.518052537439372	
262.1438	34.71	0.8681169038133302	0.6872381576250901	
131.0705	27.05	0.8449664166457658	0.964601982738519	
131.0705	266.29	0.9937466909844621	0.059529620227444104	
263.0026	200.47	0.8449664166457658	-1.2373671708832474	
209.9963	198.6	0.8449664166457658	-0.9895346211659802	
209.9963	203.62	0.9685700610893478	0.2600896912166738	
131.0928	192.56	0.8449664166457658	1.414954388017832	
172.0718	300.72	0.8683296534868443	0.6740841421226932	C6H9N3O3
172.0718	308.99	0.9813300915913993	0.21037022086785231	C6H9N3O3
263.8587	198.21	0.9093212030149591	0.4852440846663227	
263.8587	205.49	0.8449664166457658	1.3092431785377932	
264.0819	179.27	0.8449664166457658	1.8067156104354931	
264.9278	200.86	0.8449664166457658	-1.3896361898288205	
173.0711	26.79	0.8449664166457658	-0.9768527075913519	C8H5NO
301.0296	199.12	0.8449664166457658	2.332386749153984	
301.0296	202.7	0.8681169038133302	0.7068139753512828	
173.0887	50.13	0.8664695049535187	0.732042125054651	
301.1116	213.24	0.9921948441536589	-0.15850659265627307	
301.2051	34.84	0.8449664166457658	-1.1347394988740807	
302.0587	220.72	0.8449664166457658	-1.8275256755023928	C16H12ClNO3,C14H11N3O3S
266.0748	157.57	0.2829794737760868	-5.558913402630821	C9H13N3O5
266.1144	197.16	0.8449664166457658	0.9274246739493089	C14H17ClN2O
173.9832	216.65	0.84173457208113	-2.985632006291732	
174.0139	214.55	0.8449664166457658	1.757690804230209	
174.0139	219.8	0.8683296534868443	0.6748578029449189	
174.0388	134.32	0.8580599555666811	-0.7918661270893345	
302.9046	200.6	0.8449664166457658	-1.3510393445857944	
174.0551	28.5	0.8449664166457658	-1.1991398911335536	C10H7NO2,C5H8ClN5
267.059	159.93	0.7319828043964047	-3.258609768059454	
267.0646	190.98	0.8449664166457658	1.409635958501649	
267.0646	208.9	0.9007130808434269	0.5086763165497469	C11H11ClN4O2
267.0975	257.72	0.957813252130137	0.30745070912328554	
267.1074	197.16	0.8689458621418288	-0.6659193131492622	C11H14N4O4,C10H18O8
211.9969	34.05	0.9439436336283582	0.3819911567487491	
267.1175	197.29	0.8539261886916645	-0.8321850618307944	C14H17ClN2O
267.1226	25.87	0.9837984939208101	0.2041302900751994	C13H11N3O
267.1452	34.97	0.8449664166457658	1.0370964440977888	C12H13NO3
304.1194	239.31	0.8449664166457658	-1.0008217030134927	C14H14O5
174.149	37.6	0.9993161824208426	-0.003547322035832121	C9H19NO2
212.1065	269.18	0.8449664166457658	1.1653435702825754	
268.0792	191.12	0.8449664166457658	1.2156908472020262	
175.0173	214.16	0.9921948441536589	0.1271157116803527	
175.0173	219.8	0.9928736009824313	0.08327449023336793	
268.1012	257.72	0.9921948441536589	0.1490256061003898	
268.1108	197.02	0.8449664166457658	1.226423525746573	C12H14N4OS,C11H18O5S,C16H10FN3
175.0591	320.48	0.8449664166457658	-0.8976175669295008	C5H8NNaO4
175.0591	321.27	0.8712190447558366	-0.6341107021675908	
268.1486	34.97	0.8449664166457658	0.9745408079269369	C12H13NO3
306.0809	167.71	0.03332954174402013	-11.562491141979223	C10H13N5O5
306.1912	26.92	0.84173457208113	2.8679249429262694	C12H24O6
269.043	35.89	0.8539261886916645	0.8148996956234331	C15H8O5,C7H12N2O7S
269.0882	134.97	0.8449664166457658	-2.2913273815527386	C9H16O9,C10H12N4O5
213.0905	252.31	0.9921948441536589	0.12600316212935253	C14H12O2
269.2155	26.66	0.8449664166457658	1.757806934538111	C13H25NO4
308.0482	205.19	0.9971522501539579	0.026001864109126246	
308.0482	208.9	0.8539261886916645	-0.8255248576683968	
308.0482	212.32	0.8449664166457658	-0.9937206378814625	
349.2305	357.51	0.8449664166457658	2.4425191446279224	
270.1911	28.37	0.9446525274636686	0.3763479265157096	C15H20N2O2
308.8497	200.6	0.8449664166457658	1.4284862110998982	
350.0175	212.71	0.8449664166457658	-1.0570980171170612	
350.0303	190.98	0.8449664166457658	1.1174079585045367	
350.2174	27.45	0.8449664166457658	2.2209566707905646	
270.3156	28.24	0.8449664166457658	1.4602328727222242	
309.036	223.22	0.9634225753030647	0.2857806482640711	C15H10O6
271.0386	36.02	0.8449664166457658	0.9058873119574771	
309.9688	297.4	0.8664695049535187	0.7267404979022597	
310.025	220.46	0.8449664166457658	-2.0974595472764266	C8H12N3O6PS
310.0698	36.02	0.9928736009824313	-0.07618904321198615	C15H8O5,C7H12N2O7S
271.9731	212.71	0.8449664166457658	1.507719855516766	
214.1416	35.1	0.8780163335595712	-0.6062598390248428	
272.1856	32.08	0.9729914708737648	0.2375133634426275	C15H24O4
311.0227	205.62	0.8681169038133302	0.7126762919562787	
311.0284	190.98	0.8692466783384425	0.650762882824896	
311.0284	220.59	0.9971522501539579	0.046845404190843175	C8H12N3O6PS
352.2329	26.79	0.8449664166457658	1.007859995632717	
311.059	220.72	0.8865604453477944	0.5652617963284381	
311.0614	257.46	0.9837984939208101	0.19828813359198816	
311.2065	31.69	0.8449664166457658	1.9941975925074054	C16H30MgO4
353.0478	34.44	0.8449664166457658	1.1802682472484973	
312.0405	214.29	0.8449664166457658	-1.7792881518374455	
215.0405	214.42	0.8449664166457658	1.4634463297360076	
215.0405	219.93	0.8865604453477944	0.5787670661299453	
312.238	27.19	0.8449664166457658	1.719856951963185	C15H29NO5
273.03	205.62	0.8449664166457658	-0.9304827657785489	
273.03	209.56	0.8449664166457658	-1.165808922413807	C8H7N3O5
273.0857	2.61	0.8407752949712143	3.0578735442443112	
273.0857	362.64	0.8449664166457658	-1.0925702295299207	C9H13ClN6O2
313.0668	209.3	0.8865604453477944	0.5675761457312994	C15H14O6
273.091	28.37	0.8664695049535187	0.7287552110466925	C19H12O2,C11H16N2O4S
313.0747	213.5	0.9452567606833857	-0.3600333303709226	C12H20NO4S
313.1043	310.83	0.89293965529647	0.5345039210361194	C14H12N6O3
354.0512	34.44	0.8449664166457658	1.2492327092253	
354.0512	220.59	0.8539261886916645	-0.8286487561881896	
313.8998	201.12	0.8500538678395007	-0.8579619721137387	
354.0787	25.2	0.8737883548307445	0.6212776858692631	
354.0787	228.63	0.9642570588605872	0.26681898258828174	
354.0787	265.24	0.9921948441536589	-0.1592266378234745	
274.0837	211.0	0.8449664166457658	-1.3591613463387342	C11H14ClN5
314.138	269.04	0.8772276537558911	0.6119011988689996	C18H19NO4
314.146	134.97	0.0835229629639589	-8.714622992727326	
274.0922	338.24	0.8449664166457658	-1.5553236450565278	
314.8979	201.25	0.8880591596690113	-0.559508453935335	
274.0942	28.37	0.97098234284431	0.250105516904527	C19H12O2,C11H16N2O4S
315.0623	209.17	0.8539261886916645	0.824195785264421	C18H12O4
315.1415	269.04	0.8865604453477944	0.5693569885370142	C18H19NO4
355.0634	35.23	0.8449664166457658	1.346248438966902	
355.0804	228.5	0.9634225753030647	0.283590749094916	
355.2833	25.74	0.89293965529647	-0.5333269962388754	C21H38O4
216.0633	294.12	0.0029979982787198775	-27.7490932431702	C7H12N2O3
355.9699	202.44	0.8449664166457658	-1.0848441452284856	
356.0666	35.23	0.8449664166457658	1.4074386873340752	
356.0666	52.66	0.8500538678395007	-0.8590373411237155	
356.0666	213.5	0.8691245452515663	-0.6545193380980758	
316.0935	187.67	0.9985045056787719	-0.009097535788758201	C13H10N2O5
316.0935	191.25	0.9928736009824313	0.09563156785081407	
216.8369	198.6	0.9910936674608479	-0.17696371840485217	
216.8369	204.27	0.8689458621418288	-0.6619816627526005	
316.9203	200.73	0.8449664166457658	-1.483952584638924	
275.0537	209.3	0.8449664166457658	1.1193670115179275	
275.0673	187.8	0.8449664166457658	2.1897431530657627	C13H10N2O5
275.0673	191.12	0.9642570588605872	-0.2697792714893888	C16H12O3
356.9666	202.04	0.970395342633032	-0.2529147058346841	
317.0035	200.6	0.8449664166457658	1.8816255623451947	
357.059	35.23	0.8449664166457658	1.9480691275465996	
217.0618	269.18	0.9921948441536589	0.12299412501841615	
357.0694	35.23	0.8449664166457658	1.2822299361670242	
275.135	324.55	0.9439436336283582	-0.3782075869583423	C9H11N3O4
217.1048	35.76	0.8570456238401766	0.7979843210250525	
217.1048	213.24	0.8546204636348798	0.8079261303355197	
357.9684	199.65	0.8449664166457658	-1.0453093783794134	
357.9684	202.3	0.866040771139945	-0.7542035375569064	
317.9237	200.73	0.8449664166457658	-1.4749089291061184	
217.1185	284.47	0.8449664166457658	-2.1926973977080446	
217.1297	266.81	0.6728232656790943	-3.556578563891115	C7H9N3O2
358.2435	31.82	0.9921948441536589	0.12230590409518056	
318.0061	199.78	0.8449664166457658	2.6400636860885616	
358.9446	203.49	0.8449664166457658	1.0576067906617874	
318.1912	26.92	0.8449664166457658	1.5677683035955046	C15H27NO6
318.8785	200.73	0.8449664166457658	-1.5807777734766828	C8H4Cl6
276.0256	188.06	0.9921948441536589	-0.15449235072478934	
318.9182	200.6	0.9413128755975491	-0.39415486164627617	
276.0574	209.03	0.9837984939208101	0.2001636100427879	
400.1215	35.23	0.8501334424044082	0.8565612865982517	
400.8817	200.6	0.8449664166457658	-1.315511627477062	
319.882	200.73	0.8449664166457658	-1.1569102602060781	C8H4Cl6
401.1595	28.1	0.8449664166457658	1.3507937491337634	C22H24O7
401.1701	283.55	0.8449664166457658	-0.8933150031785958	
401.262	36.02	0.9928736009824313	-0.07838800605885125	
401.7636	36.02	0.9452567606833857	0.37401652642110145	
402.2648	36.02	0.899918896093402	0.512729805014674	
402.2698	31.56	0.8449664166457658	-2.0179425030720575	
277.0491	209.3	0.8625905817689866	0.7802296786846717	
320.2068	26.53	0.8449664166457658	1.8144863288219704	
320.2068	34.71	0.8449664166457658	-2.152854196708041	
320.8764	200.99	0.8449664166457658	-1.4229890763100286	
277.083	301.24	0.9150292009220751	-0.47361398178735487	C16H14O3
403.1374	36.02	0.8449664166457658	1.424065524527468	
277.9986	214.81	0.8995296864029432	-0.5165786789109135	
277.9986	219.67	0.8712190447558366	0.6366707241698004	
322.0544	270.23	0.8664695049535187	0.7431456726644087	C14H9ClF3NO2
278.0865	300.98	0.8449664166457658	-1.3469142930883875	C16H14O3
404.2066	25.87	0.8449664166457658	1.8800158831003497	C23H25N5O2
405.1504	357.51	0.8449664166457658	2.2012682696884247	
362.9048	200.73	0.8449664166457658	-1.8785395692747147	
405.2099	25.87	0.8859180656546647	-0.5903407617419243	C23H25N5O2
406.0437	220.2	0.8449664166457658	-2.198952329646921	
362.9564	214.16	0.8689458621418288	0.6616287148404019	
406.148	357.65	0.8449664166457658	1.9016665991508765	C20H23NO8
407.047	220.33	0.8449664166457658	-2.0255234348801285	
363.0155	363.16	0.35661515667391586	-5.014022070799992	
408.0478	388.8	0.9439436336283582	0.38122550218799517	
408.0593	214.68	0.8664695049535187	-0.7395290729270034	C16H14F3N3O3S
363.1307	270.78	0.9634225753030647	0.27736461795752787	
279.0923	34.18	0.9480373311559512	-0.3460035994924668	C12H14N4O2S,C12H14N4O2S
279.0985	239.7	0.8449664166457658	1.5668694074910647	
279.0985	253.1	0.8681169038133302	-0.6828410105002849	
324.0223	198.47	0.8449664166457658	1.7148056970888859	
324.0223	204.01	0.8449664166457658	1.9323338683862221	
324.0413	220.46	0.8449664166457658	-2.205865794227804	C16H12ClNO3,C14H11N3O3S
363.955	214.16	0.8681169038133302	-0.6840330720071699	
324.2016	26.92	0.8664695049535187	0.7317776136685608	
324.8975	233.49	0.8449664166457658	-0.9326686502760584	
364.007	179.27	0.8449664166457658	1.549398368561206	
409.0475	388.93	0.8539261886916645	-0.8099282941155981	
324.9598	191.25	0.8449664166457658	2.6234556991335154	
409.062	214.55	0.8449664166457658	-1.301502782921087	C16H14F3N3O3S
409.0669	159.54	0.8539261886916645	0.8311611620975243	
324.9883	233.23	0.8449664166457658	-1.0370849120234464	
364.2329	27.19	0.8449664166457658	1.5871725847643128	
364.9526	214.02	0.8712190447558366	0.6332973058036391	
279.9749	198.86	0.8664695049535187	-0.7235232984664359	
279.9749	203.49	0.8449664166457658	-0.9106990179946536	
325.0377	213.24	0.9862083847840062	0.18992621337946455	
325.044	220.46	0.8449664166457658	-2.334416762898228	C16H12ClNO3,C14H11N3O3S
410.0455	388.8	0.9603806729411712	0.30245398833928655	C10H14N5Na2O8P
280.0703	269.44	0.8449664166457658	-0.9284078443750263	
280.092	313.98	0.2829794737760868	-5.553894727707808	C8H20NO6P
410.8791	200.73	0.8449664166457658	-1.0036867871026742	
325.9609	191.51	0.8449664166457658	2.6594889508862356	
325.9706	205.88	0.8859180656546647	0.5870823536913929	
365.9864	191.64	0.8449664166457658	2.706343436672596	
366.0372	389.06	0.8949437766477508	-0.5289627631286776	
326.0455	220.33	0.8449664166457658	-1.166266422245136	
326.0565	214.55	0.9077082421229321	-0.489739174396897	
366.1089	263.79	0.9634225753030647	0.2791614490241514	C10H24N2O8S2
366.1089	295.56	0.8449664166457658	-1.8924695595635688	C10H24N2O8S2
326.2172	27.84	0.8449664166457658	1.2304228595620212	C15H27NO6
411.0623	159.54	0.8449664166457658	1.0826680678039298	
411.1343	269.31	0.9452567606833857	-0.36581139283553094	
411.2224	34.71	0.8449664166457658	1.0284848912129356	
326.9966	204.41	0.8449664166457658	1.2359913773855318	
367.056	308.86	0.9617319025400208	0.2941484217886542	
327.0596	214.55	0.89293965529647	-0.5374925053808691	
367.1646	266.16	0.8449664166457658	2.5168419173148786	C19H19NO4
327.2013	34.84	0.8865604453477944	-0.5646164937543525	C14H30O8
327.2013	45.67	0.8449664166457658	0.9271518164380628	
412.7461	35.76	0.9274621717826123	0.43459474761714423	
328.2329	27.71	0.8449664166457658	1.1856083823319687	
414.2699	28.24	0.8449664166457658	1.8207432350103	
414.7618	36.28	0.8661247738484471	-0.751667739540831	
282.1195	198.07	0.03332954174402013	-11.465707845434915	C11H15N5O4,C10H19NO8
414.8972	200.99	0.8449664166457658	-1.3874807818601345	
282.1911	26.0	0.8625905817689866	0.7740506013316997	
282.1911	27.45	0.8449664166457658	2.0636490409459194	
282.1911	35.1	0.8449664166457658	1.0089068462365178	
329.0497	240.1	0.8449664166457658	1.107317428985237	
282.9499	214.16	0.8950119808719561	0.5256597450720887	
369.0761	266.81	0.9921948441536589	0.1291346042722717	
369.1823	24.81	0.8865604453477944	-0.5781060336504038	C20H29ClO4,C21H24N2O4,C18H28N2O4S
369.2165	249.42	0.84173457208113	2.9440874260514915	
329.157	250.73	0.8449664166457658	-1.0306214323768466	C19H21NO4
329.2364	27.71	0.8449664166457658	-1.0527859513804503	
283.0632	388.93	0.9097177708373355	0.4816099723521292	
415.2536	34.97	0.8737883548307445	-0.6212355148536196	
330.0134	357.51	0.9077082421229321	0.49215730966454624	
283.1177	28.1	0.8449664166457658	1.4871731664750616	C14H18O6
415.9019	200.86	0.9921948441536589	-0.12646433389262782	
283.123	198.07	0.17117430134262715	-6.778925526341768	C11H15N5O4,C10H19NO8
283.1433	241.54	0.9928736009824313	0.08234089411871386	
283.1433	250.47	0.9404070145881741	0.4052647459876147	
283.1543	27.32	0.9710731792400296	0.24687691305312418	C15H22O5
283.1751	34.84	0.9022336552105278	-0.5037495150998883	C12H26O7
283.1751	44.06	0.8645225096711968	-0.7599914087016373	
370.2436	28.1	0.8449664166457658	2.307918810380118	C17H31NO7
370.7355	35.89	0.8449664166457658	0.9910715812551407	
370.7355	65.17	0.9985045056787719	0.011443486658130076	
330.7878	199.65	0.8625905817689866	-0.7741424692948262	
330.7878	201.12	0.9097177708373355	0.4820845203763795	
330.9799	191.77	0.9971522501539579	-0.023115921396604792	
416.8556	200.73	0.8449664166457658	-1.8681605716816327	
416.8952	200.86	0.8689458621418288	-0.6611563216654678	
331.1304	35.49	0.8616791454560252	-0.7840972684075326	C19H17NO2S
417.0049	35.36	0.9512474156255031	0.3231948992316287	
371.2125	357.51	0.84173457208113	2.8272800227857324	
371.2275	34.97	0.8449664166457658	1.405935003380385	C16H34O9
371.2275	46.85	0.9921948441536589	-0.11734406336192474	
371.2559	200.31	0.9635359646974981	0.27310155131821207	
371.2559	202.04	0.9315038388634388	0.42194387894637714	
284.099	167.71	0.03332954174402013	-11.887152659428272	C10H13N5O5
418.0719	35.36	0.8449664166457658	-1.5739047261407664	C18H16ClN5O3S
332.0562	198.86	0.9408252904184002	0.4037449824416572	
332.0562	202.83	0.9298948948712208	-0.42620332114654247	
332.2067	27.32	0.8449664166457658	1.9054914531980907	C16H29NO6
418.8537	200.6	0.8449664166457658	-1.382756641716271	
418.9888	217.44	0.9928736009824313	0.0905570063244953	
419.0749	35.36	0.9761334944280623	-0.23038064631834024	C18H16ClN5O3S
419.0749	204.67	0.8449664166457658	1.5895135062780736	C19H18N2O5S2
419.1701	28.1	0.6562071162189965	3.6773275263384217	C22H26O8
332.8941	200.73	0.8449664166457658	-1.822943275248025	
284.9722	198.6	0.8712190447558366	-0.6318822550816503	
284.9722	214.29	0.8780163335595712	-0.6078418948803725	
372.1903	300.16	0.8449664166457658	1.3835368221845645	
285.0556	215.6	0.8449664166457658	2.161946919006707	
420.0231	214.81	0.8449664166457658	1.4938557570809234	
420.0231	219.54	0.89293965529647	0.5395520632690572	
285.0982	34.84	0.9921948441536589	0.152979161214338	C14H12O6
333.0411	33.52	0.8449664166457658	0.9003464109688942	
421.0262	214.55	0.8449664166457658	1.160307767263347	
421.0262	219.8	0.9482302337859041	0.33535897802023007	
421.2594	35.76	0.8681169038133302	0.6918705458025963	C24H36O6
421.7611	35.76	0.9452567606833857	0.3596584614795275	
333.8975	200.99	0.8449664166457658	-1.3902370294135444	
421.9993	203.49	0.8449664166457658	-1.0538356279855507	
286.2117	27.19	0.8449664166457658	1.7093562735471344	
422.9878	238.13	0.8449664166457658	-1.0445968017093044	C19H12Cl2O5S
423.275	36.28	0.9921948441536589	0.12712870680392596	C24H38O6,C25H34N4O2
423.7767	36.28	0.977159128102488	-0.22582350351214203	
287.0448	209.17	0.8865604453477944	0.5787544557853798	
374.051	313.72	0.43628550697418395	-4.4399333793259315	
424.278	36.28	0.8689458621418288	-0.6569931884210903	C24H38O6,C25H34N4O2
424.8851	190.98	0.8449664166457658	1.1965538376819005	
424.9578	362.64	0.8449664166457658	-1.4161540397751575	
288.0231	240.88	0.9616561966410108	0.2999643055340944	
288.1232	131.43	0.9274621717826123	0.4343962313806105	
425.0917	240.88	0.8449664166457658	1.758483564247581	
425.0917	250.86	0.9260166762319791	0.4402297819114202	
425.0917	251.39	0.8449664166457658	1.1168887072570501	
288.2897	28.24	0.8449664166457658	-1.2737110086955536	
426.0584	389.06	0.96305176743538	0.2890798287535548	
426.0958	158.22	0.8449664166457658	1.2271586136974906	
376.0608	228.5	0.952151218239418	0.31673474581733185	
334.8921	200.73	0.8449664166457658	-1.7315807459682888	
289.0465	191.12	0.8449664166457658	2.7134896287465833	
289.0465	208.64	0.8449664166457658	1.0359942954253518	C11H11ClN4O2
426.9731	363.29	0.9077082421229321	-0.4891585095987183	
377.011	188.85	0.8449664166457658	2.0557922517348692	
289.0795	257.72	0.9635359646974981	0.2759784117305138	
377.0453	30.21	0.8865604453477944	0.5822248135303791	
377.0453	35.23	0.8950119808719561	-0.5261780308020692	
377.233	35.36	0.8449664166457658	1.9382789406555252	
377.233	59.79	0.8449664166457658	1.2644220160698536	
290.0821	257.59	0.9921948441536589	-0.12501043921915247	
290.1597	27.05	0.8449664166457658	1.6444544959881646	C15H18O5,C16H14N4O
428.1301	357.51	0.8449664166457658	2.646121272270204	C20H23NO8
335.8954	200.73	0.84173457208113	-2.9748453013468907	
428.2491	34.71	0.8449664166457658	1.4574243415676538	
290.8837	200.47	0.9462959587544069	-0.35544604488720766	
290.8837	201.25	0.8449664166457658	1.1506890961067855	
291.0404	205.19	0.8449664166457658	-0.9681299252506812	C15H11ClO4
379.0828	221.12	0.890647864537251	-0.5532630187561449	C19H17ClN2O3
291.0849	209.3	0.8713963079304121	0.6283233562178235	C15H14O6
291.1935	24.81	0.8449664166457658	-1.9347164452507362	
379.2488	35.89	0.8449664166457658	1.7704362307240011	C22H34O5
379.2682	24.68	0.8449664166457658	-2.247973792966717	
379.7505	35.76	0.8449664166457658	0.8974033901654866	
336.2017	26.92	0.8738735175252941	0.6200250490272481	
291.963	201.12	0.8449664166457658	-1.4414202603556847	
336.8899	200.86	0.8449664166457658	-1.7762038946886838	
430.8712	200.86	0.8449664166457658	-1.9512255005620116	
336.9857	217.44	0.9971522501539579	0.03458166109363138	
292.0161	269.57	0.8449664166457658	-1.0562921158965661	
337.0356	33.26	0.8449664166457658	-0.9246626683514778	
380.0615	36.02	0.8449664166457658	2.027633320696925	
380.0852	221.12	0.9462959587544069	-0.35364490440711666	C19H17ClN2O3
380.2518	35.89	0.9914046899898704	-0.17237649720762008	C22H34O5
431.8745	200.86	0.8449664166457658	-1.2301322608318743	
292.1756	27.19	0.8449664166457658	1.2086638449980929	C15H20O5,C16H16N4O
292.2017	24.68	0.8449664166457658	-1.6725656980823278	
292.9597	214.42	0.8558812202169668	-0.8045234307514314	
432.0844	240.75	0.8495714923160619	-0.8677030439928555	C18H23FINO2
432.2803	34.97	0.8865604453477944	0.5666441616806742	
432.2803	48.17	0.8539261886916645	0.8151340743147244	
381.9368	204.67	0.8449664166457658	0.8996906699155615	
293.0803	209.43	0.9334744266193441	0.41506039986185245	C18H12O4
432.8691	200.73	0.9971522501539579	-0.05244896319582052	
338.0196	214.55	0.8449664166457658	1.8019167768522912	C6H8N3O7P2
338.0196	219.54	0.8681169038133302	0.7087291499635247	
433.2838	34.97	0.906073414337204	0.4984425763921266	
433.2838	48.3	0.9921948441536589	0.15305443841244074	
293.9475	188.85	0.9813300915913993	0.2092846974178546	
433.8729	200.86	0.8625905817689866	-0.7774239193135037	
294.0483	388.93	0.9480373311559512	-0.3454511951672581	
434.125	221.64	0.9928736009824313	0.09791369096641601	C20H21N5O3S
434.3125	24.81	0.8449664166457658	-0.9583155375874002	
434.7593	35.89	0.9171396409663445	-0.4691550923657752	
434.8675	200.73	0.8449664166457658	-1.063942743865475	
339.0232	214.55	0.9635359646974981	0.2741051121741246	C6H8N3O7P2
339.0232	219.67	0.9921948441536589	0.1567040161015161	
339.0486	197.16	0.9076393664854644	0.49457602585461224	C14H13Cl2NS
339.0486	205.19	0.8449664166457658	1.2919238474756158	C14H13Cl2NS
436.2831	28.37	0.8616791454560252	0.7861393773368018	
436.775	36.54	0.8925707657455482	-0.5455132414145857	
339.996	198.86	0.9588753628107763	-0.3052056510448348	
339.996	203.22	0.8449664166457658	-1.2891174338984557	
385.1128	270.39	0.8449664166457658	-1.5025438031132372	C17H20O10
295.0339	162.16	0.9413128755975491	-0.39563610759898055	
437.9732	198.99	0.9925848074218412	-0.11276619305908911	
437.9732	202.83	0.8449664166457658	-1.687665695729457	
295.0777	357.51	0.8495714923160619	0.8635345794791551	
386.8172	199.52	0.8664695049535187	0.7391784721156285	
386.8172	201.91	0.8449664166457658	0.9529399464286853	
340.9929	203.49	0.8449664166457658	-0.9982266787391575	
295.9488	202.44	0.8449664166457658	-0.9523279606949487	
341.0285	238.0	0.8449664166457658	-1.845310652377889	
341.0445	205.19	0.8449664166457658	1.4875441214217788	
296.0089	33.26	0.9921948441536589	-0.16705150705544497	
341.1489	270.52	0.9971522501539579	0.036470685334942	
387.0447	388.93	0.8664695049535187	0.7454924372923268	
387.0849	159.54	0.8689458621418288	0.6589867395555985	
387.18	25.87	0.8574301283322582	0.7948572326886743	C22H26O6
441.0568	204.93	0.8449664166457658	1.2816455953866284	C19H18N2O5S2
441.1521	28.1	0.8645225096711968	0.7644413109468318	C22H26O8
296.9261	29.15	0.9452567606833857	0.3621360704533419	
296.9281	199.52	0.8737883548307445	-0.6234421013956892	
296.9281	202.44	0.9480373311559512	0.3463554124232144	
296.9456	199.26	0.9971522501539579	-0.025219160266214034	
296.9456	202.57	0.9413128755975491	-0.3933811550952969	
388.0804	363.03	0.8449664166457658	-2.413719407834416	
388.1834	25.87	0.8865604453477944	0.563693668544707	C22H26O6
388.2541	34.97	0.94214113313674	0.3875645801869722	
388.2541	46.72	0.8449664166457658	0.9930319470687478	
297.0492	187.41	0.89293965529647	0.5414997016884485	C13H10N2O5
297.0798	221.51	0.9921948441536589	0.11661424181240607	C9H14N4O6
297.1016	30.21	0.8449664166457658	0.8874343752504422	
342.1526	270.78	0.97905468154651	-0.21754520328117552	
342.1693	240.1	0.9482302337859041	0.3336911069821236	
443.2726	35.89	0.8950119808719561	-0.525888350642135	
297.1908	31.16	0.929083150681467	0.4283726043226905	
443.7742	35.89	0.9937466909844621	-0.06680717098524794	
444.1527	310.83	0.8664695049535187	0.7227302162392713	C19H19N7O6,C19H27N3O5S2,C19H19N7O6
342.9704	192.69	0.9718918594018028	0.2398511350486455	
342.9704	203.88	0.9921948441536589	0.1400177336534316	
444.2756	35.89	0.9482302337859041	-0.33648707502205727	
444.9602	214.16	0.9621855076890489	0.29110405642068776	
298.0221	205.32	0.8449664166457658	1.1943630115388955	C14H13Cl2NS
298.0333	209.3	0.8449664166457658	1.8992739105585466	
389.0803	159.4	0.8661247738484471	0.7503130965386473	
445.0748	204.01	0.8449664166457658	1.1984127703567937	
389.2576	34.97	0.8449664166457658	0.8872766708014799	
389.2576	46.72	0.8449664166457658	-1.292359272339074	
445.2882	36.41	0.8737883548307445	-0.6218723999683792	
445.7899	36.41	0.8681169038133302	-0.6891535489512715	
343.2955	37.99	0.9925848074218412	-0.11161136006676416	
298.0833	221.51	0.9928736009824313	0.10888248099810488	C9H14N4O6
298.0968	34.58	0.04434557068055667	-10.45361438798127	C11H15N5O3S
298.2224	30.77	0.8449664166457658	1.9159334171642286	
446.2911	36.54	0.9928736009824313	-0.08343660610278437	
446.296	31.95	0.9937466909844621	0.0723141659772244	
344.0364	270.1	0.8449664166457658	1.8731421019856138	C14H9ClF3NO2
390.7329	35.49	0.9634225753030647	0.2806850198011936	
344.2279	34.84	0.9937466909844621	-0.061132203687920175	
344.2279	45.24	0.8661247738484471	0.7497080095566119	
448.0779	158.49	0.8449664166457658	1.154849810721187	
299.0439	238.39	0.8449664166457658	-1.0289574891061954	C12H10N2O5,C9H11FN2O6
299.0649	301.11	0.8539261886916645	-0.8178677035388582	
448.9552	362.5	0.8449664166457658	-1.2419940432931718	
391.058	266.81	0.9971522501539579	0.019165721200328386	
299.2581	32.34	0.8449664166457658	-2.0158674283755986	
345.2314	34.84	0.9928736009824313	0.08902831951757532	
300.0431	232.05	0.8449664166457658	-1.0961351169124722	
450.0747	388.8	0.9452567606833857	0.3651456785183142	
392.7486	36.02	0.8865604453477944	-0.5728762492354111	
300.2017	34.84	0.8681169038133302	-0.6862213168814147	
451.1891	251.52	0.8449664166457658	-0.9475289511316677	C24H31ClO6
347.0941	267.07	0.8625905817689866	0.7755301356775678	
393.0193	35.36	0.9064142127001662	-0.4969965980802955	
452.1278	209.3	0.8449664166457658	1.0000000000000009	
393.0621	220.46	0.970395342633032	0.25362694640570393	
393.2504	36.02	0.9452567606833857	0.35929171799948323	
348.0976	267.07	0.8449664166457658	0.956328691894741	
467.3014	36.68	0.9993161824208426	0.002151626581831173	
452.9848	209.3	0.8449664166457658	0.9114614349841701	
452.9948	35.23	0.9928736009824313	0.08747800866180377	
467.803	36.68	0.8449664166457658	-0.959218922243606	
467.9999	362.64	0.866040771139945	-0.7534706706003187	
467.9999	363.69	0.9921948441536589	0.15422757561692982	
453.947	202.04	0.8449664166457658	-1.0260232909657336	
469.0179	389.06	0.9921948441536589	0.12876397150855556	
560.3278	34.97	0.8865604453477944	0.5840620350847664	
469.1801	360.14	0.8865604453477944	0.5759964500792049	
469.1801	365.82	0.9485489242770119	-0.32818298124864276	
454.9447	202.04	0.9921948441536589	-0.12226438166644142	
454.9887	35.23	0.8570456238401766	-0.7965216296809469	
454.9887	52.66	0.8449664166457658	-1.18869064266721	
395.2922	24.81	0.89293965529647	-0.5350479403221406	
455.1606	268.91	0.8449664166457658	1.0727355145522057	C24H29ClO5,C22H28N2O5S
455.2487	34.84	0.9928736009824313	-0.10167304121995008	C20H38O11,C24H38O6S
455.9454	202.04	0.8449664166457658	-1.6420297739296938	
470.0188	388.8	0.8449664166457658	1.2661500607334435	
455.9804	425.87	0.8449664166457658	-2.1608644690938044	
561.024	35.76	0.8449664166457658	2.057273413980944	
561.024	202.96	0.970395342633032	-0.25252827994890753	
561.3313	31.42	0.8449664166457658	-0.980955772495221	
561.3313	34.97	0.8865604453477944	0.5631068282425956	
561.3582	35.89	0.8449664166457658	1.6659511408697878	
471.0158	388.93	0.8449664166457658	1.5125527146710405	
396.2941	24.81	0.8449664166457658	-1.6724988239482381	
458.2961	28.24	0.8449664166457658	0.9751197130988358	
458.3325	28.1	0.8449664166457658	-1.212842025449103	
472.2753	34.84	0.9452567606833857	0.36306250865122186	
473.1712	252.31	0.9413128755975491	-0.3916126527618742	C24H31ClO6
474.0314	220.2	0.8449664166457658	-1.4415086084976176	
564.359	35.23	0.8449664166457658	1.1657615905755778	
564.359	54.5	0.8449664166457658	1.0971871427794408	
460.3117	28.76	0.8449664166457658	-1.1431972501540617	
397.9108	203.88	0.9760173282434087	0.23192532016741055	
475.0647	35.63	0.5401768012916626	4.036796851218545	C20H20O10S
475.0647	220.33	0.9914046899898704	0.1725197560980797	
461.0489	203.49	0.9921948441536589	0.1358160319060218	
461.0858	220.72	0.8495714923160619	-0.8632074928290345	C25H16O9
565.3625	35.23	0.8457568577572275	0.8810695851364878	
565.3625	53.97	0.999031484257838	-0.0061379288012595	
462.0455	203.49	0.9413128755975491	0.3979446970145201	C19H18N2O5S2
398.0428	228.37	0.9241112650038401	0.4457982699463962	
476.3037	35.1	0.8681169038133302	0.6818199571088323	
476.3037	49.61	0.8780163335595712	0.6064980878848083	
566.3647	35.23	0.8449664166457658	1.485694603379757	
398.2406	24.81	0.8407752949712143	-3.055908702591882	
476.9708	35.36	0.952151218239418	0.318560351960665	
476.9708	52.66	0.8449664166457658	-2.4245295766663295	
477.0228	202.96	0.8539261886916645	-0.8255092160550237	
477.1425	269.18	0.9462959587544069	-0.3544683658830577	
566.9654	362.64	0.8449664166457658	-1.1508205345101945	
399.0275	36.02	0.8449664166457658	1.332253379455199	
399.0275	52.92	0.8681169038133302	-0.6797958301068032	
477.3098	35.1	0.8449664166457658	1.02785115033373	
477.3098	49.61	0.9642570588605872	0.27036844355387707	
477.973	35.36	0.6562071162189965	3.6396479815247007	
478.0201	203.09	0.8449664166457658	-1.4613156364341178	
464.8776	190.72	0.9928736009824313	0.09388125667972637	
464.8776	193.22	0.8449664166457658	1.36971443370388	
464.8776	195.97	0.8449664166457658	2.6260926068072656	
399.2463	35.49	0.8449664166457658	0.8995363910891409	
399.748	35.63	0.8449664166457658	1.0887235071756047	
399.748	63.46	0.8683296534868443	0.673678066171478	
568.3614	29.15	0.9077082421229321	-0.4928682070470895	
568.3614	34.84	0.8449664166457658	1.7112582169944897	
465.2857	36.15	0.8527221766933809	-0.8513103041478485	
465.7874	36.15	0.8449664166457658	-1.5612337127728346	
568.863	29.29	0.9452567606833857	-0.35818162043983137	
568.863	34.84	0.8449664166457658	2.006688517457693	
480.3092	28.5	0.9617319025400208	-0.2926547216494719	C23H46NO7P
480.3092	34.58	0.8449664166457658	2.1701704488313607	
466.2888	36.28	0.8449664166457658	-2.279803176319301	
480.8109	28.63	0.9413128755975491	-0.40086779549965745	
570.0499	220.06	0.8449664166457658	-1.8815302780050052	
571.0532	220.2	0.8449664166457658	-2.0353929270807307	
482.3245	127.58	0.9928736009824313	0.0803221278677978	C23H48NO7P,C25H43N3O6
572.0656	214.94	0.9921948441536589	-0.1561304389249232	
485.2894	24.81	0.8449664166457658	-2.0162417411803952	
486.9762	217.44	0.8539261886916645	-0.8160180904446784	
575.3513	35.36	0.8449664166457658	-1.3810488051464067	
575.6993	35.89	0.8449664166457658	1.1710595281196043	
487.2988	36.41	0.8449664166457658	-1.7822683145639915	
487.3526	122.19	0.9634225753030647	-0.2774725712810798	
487.8004	36.41	0.8449664166457658	-1.6800995550368827	
488.0468	220.2	0.8449664166457658	-2.1553091417003665	
576.0337	36.15	0.8449664166457658	-1.225640562094826	
488.3008	36.54	0.8449664166457658	-1.9506486000284267	
488.356	122.33	0.94214113313674	0.38753892202301815	
577.3668	38.51	0.8449664166457658	2.486437543923002	
577.8696	38.51	0.6258019246196861	3.7728447853425586	
489.0502	220.2	0.8449664166457658	-1.470630697624165	
489.3144	37.07	0.9710731792400296	0.2474522629153439	
489.8161	37.07	0.9928736009824313	0.09691349707053894	
672.006	217.44	0.8681169038133302	-0.6912797772109649	
490.0624	214.81	0.9482302337859041	-0.3320902255287902	
582.0727	35.63	0.1081606479627048	7.881032204994781	
582.0727	52.92	0.9985045056787719	-0.009336304474748383	
582.9951	217.18	0.9937466909844621	0.05828788353301599	
494.3245	126.79	0.987947597865453	-0.18504819930520816	C24H48NO7P,C24H48NO7P
584.0292	214.94	0.9837984939208101	0.201764651346362	
584.0292	219.54	0.8658115402715961	0.7571926603143938	
674.4437	35.49	0.8689458621418288	-0.6629115371771106	
674.7784	35.36	0.8449664166457658	1.093567079218603	
704.1289	35.76	0.977159128102488	-0.2234128357267374	
704.2127	24.02	0.9921948441536589	-0.13110906432533884	
704.5399	150.58	0.9710731792400296	0.2463381300780466	
500.874	363.16	0.8449664166457658	-1.9896939922017598	
500.9919	217.83	0.8480859419903259	-0.8759540554921498	
501.9952	217.44	0.9424688980134367	-0.38612389646798395	
502.0261	214.94	0.8449664166457658	1.0580698412503122	
502.0261	219.41	0.929083150681467	0.4299819313252147	
502.1852	240.62	0.8449664166457658	1.7309947687053464	
502.3161	24.94	0.8449664166457658	-1.4479170551033762	
502.3222	28.24	0.8449664166457658	0.9998266785080847	
502.3222	35.1	0.84173457208113	2.859480250137661	
502.8239	28.63	0.8925744591777564	-0.5434552082182543	
502.8239	34.71	0.9482302337859041	0.34175970948932133	
590.3749	36.28	0.8681169038133302	0.6941152779762415	
503.1176	360.4	0.8539261886916645	-0.8191272536669972	
503.1176	361.19	0.8449664166457658	1.7871607968631953	
503.1176	365.13	0.9274621717826123	-0.4346671772407702	
590.709	36.28	0.9617319025400208	0.2984949626414188	
590.876	29.42	0.9634225753030647	-0.2796703421841161	
590.876	34.84	0.43628550697418395	4.392024395904249	
504.1155	360.4	0.9928736009824313	-0.08645292892573139	
504.1155	365.26	0.9452567606833857	-0.3598770589886509	
591.3783	36.28	0.8449664166457658	1.8444659757264603	
504.338	29.02	0.8449664166457658	-1.7199798245743503	
678.291	269.04	0.8449664166457658	-2.0665228219201643	
678.4269	28.24	0.9837984939208101	0.19943665373917324	
678.4269	30.34	0.9482302337859041	-0.3392815300095877	
678.4269	35.1	0.8449664166457658	2.43175629962483	
678.4269	38.12	0.6562071162189965	3.612472635969965	
678.7924	268.65	0.8449664166457658	-1.3138307175726949	
509.3119	36.54	0.84173457208113	-2.907341514534203	
509.8137	36.68	0.8539261886916645	-0.8195662923852054	
597.0107	217.83	0.8539261886916645	0.8138679605160702	
598.0141	217.83	0.8995296864029432	0.5163787911822845	
678.9286	30.34	0.8539261886916645	-0.8440103474357512	
678.9286	31.42	0.9928736009824313	0.07621697759534983	
678.9286	35.1	0.8449664166457658	2.489744857405112	
511.3276	37.2	0.9315038388634388	0.4204106644077049	
599.0157	217.83	0.9007130808434269	0.5086387796426388	
511.8293	37.2	0.8880591596690113	0.5592814369156036	
679.0137	217.83	0.8495714923160619	0.8663756642420345	
512.8745	200.73	0.8449664166457658	-1.6812709530731276	
513.1062	228.11	0.8449664166457658	-1.1915653710842196	
514.8327	200.73	0.8449664166457658	-1.252345672501973	
514.8724	200.73	0.84173457208113	-2.8742153547426246	
679.5154	217.31	0.8859180656546647	0.5881301134905424	C40H70O8
603.5226	200.18	0.899918896093402	0.5133856052713478	
603.5226	202.17	0.9837984939208101	-0.20019593492818163	
515.1609	240.88	0.8539261886916645	0.8123586646493821	
515.1609	250.86	0.8449664166457658	1.4592154690622692	
604.3539	35.1	0.8449664166457658	1.0468807565719205	
604.3539	50.95	0.9634225753030647	-0.2811452677167802	
605.0504	36.54	0.8449664166457658	1.7887930672142494	
516.1282	221.12	0.9985045056787719	0.008549440180103913	
516.3016	34.84	0.9334744266193441	0.41715471417216254	C26H45NO7S,C26H45NO7S
605.3573	35.1	0.9482302337859041	0.3307578353255462	
605.3573	50.82	0.9921948441536589	0.12236153342087705	
605.3845	36.41	0.8449664166457658	0.9974188826869027	
516.8308	200.86	0.24794764882643383	-5.964167964982279	
680.0171	217.83	0.8539261886916645	0.8133459438584147	
516.9976	35.36	0.6937712746904755	3.4339632897539962	
517.0123	217.83	0.9921948441536589	0.13010050659318848	
517.305	34.84	0.9413128755975491	-0.40002776866471496	C26H45NO7S,C26H45NO7S
517.3309	35.36	0.8449664166457658	1.26462286253102	
518.0157	217.7	0.9482302337859041	0.338191025510742	
518.3536	28.37	0.8681169038133302	-0.6989942463183832	
608.3853	35.36	0.8449664166457658	0.9982805134255364	
608.3853	57.16	0.9971522501539579	0.0390578916841781	
609.3887	35.36	0.9985045056787719	0.01202142897469346	
521.3363	35.1	0.899918896093402	0.5146407606677421	
521.3363	51.87	0.8570456238401766	0.79969654314681	
610.3911	35.36	0.8449664166457658	0.9762008722484682	
523.0984	240.1	0.9971522501539579	-0.021061450023444065	
523.0984	251.91	0.8449664166457658	-1.0652766241425595	
610.8514	200.86	0.9241112650038401	-0.4444562056344351	
611.3142	124.3	0.9937466909844621	-0.05866809713686956	C37H42N2O6
524.0228	35.23	0.8449664166457658	1.2569817675499297	
524.0228	52.66	0.89293965529647	0.5375667396074807	
681.0189	217.7	0.9482302337859041	0.34315088778575825	
524.3352	28.89	0.9837984939208101	-0.19612247012005363	
524.3352	34.71	0.9710731792400296	0.24589897510017283	C28H41N7O3
524.8369	28.89	0.9238926531460783	-0.4542560917500563	
524.8369	34.71	0.8449664166457658	1.1826447578750305	
525.0252	35.23	0.8449664166457658	1.1643578541087478	
525.0252	52.66	0.9238926531460783	0.4559690865151695	
526.024	35.1	0.8449664166457658	-1.047615657581451	
526.024	52.66	0.9788061225855919	-0.21973080695684072	
526.0979	360.27	0.9928736009824313	0.088866955102328	
526.0979	365.95	0.8681169038133302	-0.6839008054801919	
526.1223	241.28	0.9921948441536589	0.12262360654968067	
526.1223	250.47	0.8449664166457658	-1.2394435289237762	
612.3877	29.68	0.8449664166457658	-1.051859245723522	
612.3877	34.97	0.4851456090959698	4.201281756492118	
527.1425	278.14	0.8449664166457658	-1.3668906996301446	
527.1782	257.59	0.9642570588605872	0.2661178937946973	
612.8094	200.73	0.8449664166457658	-1.0317880336747212	
612.8498	200.73	0.9241112650038401	-0.45123452409519843	
612.8894	29.81	0.8689458621418288	-0.6598865501423833	
612.8894	34.97	0.2829794737760868	5.544158458471714	
528.0172	34.84	0.9482302337859041	-0.3376871856151271	
528.0172	52.66	0.8493267842061526	-0.8733164331511025	
528.3933	124.43	0.9985045056787719	-0.013153256891990489	
528.8483	200.86	0.8449664166457658	-1.7573953213918798	
529.8517	200.73	0.8457568577572275	0.8836711804480233	
530.3475	24.81	0.9928736009824313	0.07722149826693689	
708.0989	220.46	0.8681169038133302	-0.7035413943506323	
530.403	124.43	0.9971522501539579	-0.026471098720823646	
530.8465	200.86	0.8449664166457658	-2.414857525070143	
531.1241	240.1	0.9238926531460783	0.4551942354521283	
531.1241	251.39	0.9439436336283582	-0.3799672742955494	
531.325	36.81	0.8449664166457658	-2.7421111971616714	
531.4057	124.43	0.9971522501539579	-0.051121681258747005	
531.6729	35.49	0.8449664166457658	1.0359724442054319	
531.8267	36.68	0.6741326572204172	-3.487617719008899	
708.2139	221.51	0.9482302337859041	0.3398062429089561	
618.2358	240.1	0.8449664166457658	1.57449992863919	
618.2358	251.52	0.8449664166457658	1.3304663827356453	C33H36N3O7P
618.7376	240.23	0.8449664166457658	1.9707095186474215	
618.7376	251.78	0.8681169038133302	-0.683778129180047	
532.8449	200.73	0.9921948441536589	0.13618060646600197	
619.2361	240.49	0.9862083847840062	-0.18916519094936465	
619.2361	251.91	0.8449664166457658	2.5419290999041326	C33H36N3O7P
619.7256	36.81	0.8449664166457658	1.1458608925064584	
533.3407	37.73	0.8449664166457658	1.1323856826564318	
533.8424	37.86	0.8449664166457658	1.9925575603960475	
620.06	36.68	0.8449664166457658	1.257147254093773	
620.394	36.94	0.9937466909844621	-0.06862216303626069	
536.1216	241.02	0.8449664166457658	0.9116884650527028	C20H22N8O6S2
536.1216	251.52	0.8449664166457658	1.1144598480759411	C20H22N8O6S2
537.117	240.62	0.8449664166457658	1.4075734321211306	
537.117	251.13	0.8449664166457658	2.7573775940637635	
625.0922	220.46	0.8449664166457658	-1.1842005462743797	
538.1192	251.65	0.8449664166457658	1.3248191580207667	
625.9852	216.52	0.8449664166457658	1.3794665674848208	
625.9852	219.01	0.8865604453477944	0.582764804285756	
626.8253	200.73	0.8449664166457658	-1.7540816285362868	
627.8286	201.12	0.8625905817689866	0.7731605219416448	
628.824	200.73	0.9485489242770119	-0.3283772451861923	
629.2268	239.31	0.9985045056787719	0.009685848810158213	
629.2268	253.23	0.8910812698185442	-0.5493301635791649	
541.049	34.97	0.9020930676926062	0.5049744046377265	
541.049	52.79	0.8681169038133302	-0.6950102798551492	
630.4176	30.07	0.8713963079304121	-0.6294423038377734	
630.4176	35.23	0.8664695049535187	0.734470636082489	
542.9657	363.16	0.8449664166457658	-0.9085130782990255	
543.089	220.59	0.8449664166457658	-1.0058379628014773	
545.0182	216.91	0.9928736009824313	-0.08644450244395697	
545.1654	362.24	0.8449664166457658	1.072121944873601	C27H28O12
546.3485	35.49	0.8449664166457658	0.9875088559218982	
546.6831	35.76	0.3678129703572465	4.838314704480381	
546.8501	29.02	0.9928736009824313	-0.07948965587771172	
546.8501	34.71	0.8449664166457658	1.1129457365896025	
634.9023	30.07	0.8449664166457658	-1.0360823535612054	
634.9023	34.97	0.7319828043964047	3.256940929398282	
635.4042	28.24	0.8449664166457658	1.0399644407776534	
635.4042	29.81	0.8449664166457658	1.0956782763238384	
635.4042	34.97	0.84173457208113	2.9308266837773993	
635.4042	36.81	0.8449664166457658	1.1216198192348452	
547.3523	28.24	0.9971522501539579	0.04388820093312707	
547.3523	34.97	0.8449664166457658	2.4145521375995345	
548.3642	29.15	0.9996615251010899	0.0004512998843628778	
638.0122	217.83	0.9452567606833857	0.36646190471081014	
638.5139	217.44	0.8449664166457658	0.895186791841427	
551.3816	124.43	0.9921948441536589	-0.15752660208164684	
551.9241	202.04	0.8449664166457658	-1.0528249032552957	
640.9325	363.16	0.8449664166457658	-1.4479964642727852	
552.3849	124.3	0.9937466909844621	-0.05786342528704785	
553.338	35.36	0.8449664166457658	-1.5340302367838696	C30H48O9
553.338	37.2	0.35661515667391586	-4.995938745068108	C30H48O9
643.1328	362.5	0.9971522501539579	0.03078562263719271	
644.135	362.64	0.9914046899898704	-0.17066968050360515	
555.3538	37.86	0.8449664166457658	1.8514255655871064	C30H50O9
555.8554	37.99	0.8449664166457658	1.0576678009931777	
645.0931	35.36	0.35661515667391586	4.960592307813963	
645.1293	362.11	0.952151218239418	0.3190590401648796	
645.4277	35.23	0.8449664166457658	1.0629889592014634	
556.0343	220.2	0.8449664166457658	-1.422693244960562	
711.2691	252.18	0.8449664166457658	-0.9337752828294916	C44H34N4O4
648.3802	35.1	0.8449664166457658	1.261697860925825	
648.3802	52.79	0.9921948441536589	0.1181655961278162	
649.0762	37.2	0.8449664166457658	1.5051254570906973	
649.3834	35.1	0.8689458621418288	0.6580422502379739	
649.3834	53.32	0.9851524677245483	0.19246805450672255	
649.4109	37.33	0.8527221766933809	0.8512121555891267	
650.9826	216.91	0.8772276537558911	-0.6128528576710348	
651.3068	124.16	0.9921948441536589	-0.11730439175915983	
652.0529	220.06	0.8449664166457658	-1.579146395110879	
652.3091	124.16	0.9937466909844621	0.06341083658273959	
653.0563	219.93	0.8449664166457658	-0.9782729438050671	
654.0685	214.81	0.970395342633032	0.25181392514992956	
656.414	30.21	0.8449664166457658	-1.1869885843626569	
656.414	34.97	0.8449664166457658	1.2070159275720316	
656.9154	30.21	0.8449664166457658	-1.3992929908010323	
656.9154	34.97	0.8539261886916645	-0.8414380378333949	
659.7685	35.49	0.8449664166457658	0.8920130506193283	
660.103	35.36	0.8681169038133302	-0.7110172485581798	
713.0073	217.44	0.9971522501539579	0.020442659856238974	
689.4537	35.63	0.9686146946355616	0.25901161701658787	
663.7517	37.73	0.8449664166457658	2.252644602801279	
664.9981	217.18	0.9216408355361724	-0.46099784263530696	
666.0321	215.21	0.890647864537251	0.5523254399898968	
666.0321	219.41	0.977159128102488	0.2248697279741511	
760.361	242.72	0.9921948441536589	-0.11861014240097478	
760.5049	28.5	0.8449664166457658	-1.001880424807894	
760.5049	34.84	0.9241112650038401	0.44867039746846415	
760.9987	28.5	0.8449664166457658	-1.059041054161188	
760.9987	34.84	0.8669346532985315	0.7162637892832017	
761.0168	217.44	0.8449664166457658	1.3493673908966004	
761.4989	28.5	0.8449664166457658	-1.3553015053594797	
761.4989	34.71	0.8449664166457658	-2.206927148330065	
761.5185	217.83	0.8859180656546647	0.5909951418553359	
692.4063	35.23	0.8449664166457658	1.100991869052803	
692.4063	55.98	0.8449664166457658	2.606965812590655	
762.0202	217.44	0.8449664166457658	1.364849714537539	
735.0602	220.06	0.84173457208113	-2.976175303385789	
735.1747	221.12	0.8449664166457658	0.9983488505952001	
693.4095	35.23	0.8449664166457658	1.3592395557043222	
693.4095	55.58	0.8681169038133302	0.7038030837381501	
716.4767	28.37	0.8449664166457658	-0.9335248572621413	
716.4767	34.71	0.8449664166457658	1.0251705802453996	
763.022	217.18	0.9971522501539579	-0.04706897029498641	
763.022	217.96	0.9914046899898704	-0.17333247990242945	
716.9804	28.5	0.8681169038133302	-0.7116416978097846	
716.9804	34.71	0.9928736009824313	-0.10162024846871567	
736.0634	220.2	0.8449664166457658	-2.372478030902965	
736.0714	215.08	0.8449664166457658	-1.2875634071249595	
694.4636	28.5	0.8449664166457658	0.9437201075728893	C35H68NO10P
694.4636	34.71	0.8712190447558366	0.6339327896263575	
736.4325	35.36	0.8449664166457658	1.0456033494913397	
736.4325	58.87	0.8449664166457658	-1.3136065656664773	
718.0233	135.24	0.8449664166457658	-0.9221590462575378	
737.4359	35.36	0.8859180656546647	0.5868772106629511	
718.8036	35.89	0.8664695049535187	0.730086356860027	
737.7863	240.62	0.8449664166457658	1.1115196744350657	
737.7863	250.99	0.9480373311559512	0.34608277655580955	
766.4798	28.37	0.8449664166457658	0.9340175838094776	
766.4798	35.36	0.8449664166457658	-1.6687844744350038	
738.4912	28.5	0.8713963079304121	-0.6297644473013894	C41H68O11
738.4912	34.71	0.8449664166457658	2.300829299373319	
738.7857	240.62	0.8449664166457658	-0.891023383430848	
738.7857	251.26	0.8449664166457658	-0.9002322867925925	
697.4411	35.63	0.8664695049535187	0.7249620576109577	
697.4411	63.59	0.8449664166457658	0.9700551553682116	C38H65O9P
738.9936	28.5	0.8449664166457658	-0.9450379923319246	
738.9936	34.71	0.9928736009824313	-0.09987571041978639	
739.1012	135.54	0.9573436101159476	0.30901891842710366	
720.0152	217.83	0.8689458621418288	0.6659447512916928	C15H25N5O20P4
739.4835	28.63	0.8712190447558366	-0.6378936129997499	C38H65NO8S
739.4835	34.71	0.84173457208113	-2.834367296230014	
720.5168	217.44	0.9937466909844621	0.057885262855346134	
768.226	251.13	0.43628550697418395	4.457931549942246	
768.538	24.81	0.8449664166457658	-0.8949278273250794	
740.2853	241.15	0.8449664166457658	1.2719267647449177	
721.018	217.18	0.8865604453477944	0.5672902718509576	C15H25N5O20P4
769.5003	28.63	0.8449664166457658	-0.9063646365583383	
769.5003	34.84	0.03332954174402013	12.154270345912463	C38H72NO12P
769.5412	24.81	0.8449664166457658	-1.258427636009995	
721.6364	220.85	0.9921948441536589	0.14382059681427667	
741.2834	240.49	0.8449664166457658	1.3197697760805656	
741.2834	250.99	0.8449664166457658	1.192792821140185	
741.4674	35.89	0.8712190447558366	0.6367819504244381	
741.4674	67.7	0.8449664166457658	1.8366427495783226	C40H69O10P
700.4403	35.1	0.8449664166457658	2.0349408090311565	
700.9415	35.23	0.8449664166457658	-0.8989238903106911	
771.2233	241.28	0.8449664166457658	1.184902609773947	
773.2201	241.54	0.8449664166457658	0.9484877547072977	
789.9911	216.13	0.8449664166457658	2.1496527980506595	
789.9911	218.75	0.8449664166457658	0.9376269206692658	
774.2208	241.02	0.8449664166457658	0.8998421810980631	
774.2208	243.77	0.8449664166457658	1.316688524774161	C33H41O21
774.2208	250.86	0.8449664166457658	1.0974170887992172	
744.968	35.23	0.8691245452515663	0.6552133669951498	
726.8025	200.73	0.8865604453477944	0.5734679418812386	
747.0012	217.44	0.8449664166457658	-0.9835871067132671	
776.5065	219.8	0.8449664166457658	2.102925213311932	
747.0703	35.23	0.8449664166457658	1.0792874137819606	
795.0107	217.83	0.8449664166457658	-1.29079856126797	
748.0035	217.96	0.9482302337859041	-0.3340180855920552	
748.0356	215.08	0.97905468154651	-0.21708761022364545	
748.0356	219.8	0.9928736009824313	0.0784426424217647	
748.5709	35.36	0.9993161824208426	-0.0019273234897434735	
749.2758	239.18	0.9718918594018028	-0.23997792798379264	
749.2758	253.23	0.8449664166457658	-1.8414235672685724	
780.4588	35.49	0.8902998666315244	0.5557332064130348	
780.4588	62.28	0.9232024730211666	0.45821252401461154	
802.0185	217.83	0.8449664166457658	1.1763032005083143	
803.0209	217.57	0.9937466909844621	-0.06410761066561045	
751.5113	24.81	0.8449664166457658	-0.8999302055410179	C46H70O8
804.531	28.76	0.8449664166457658	-0.9926350259422474	
804.531	34.97	0.89293965529647	0.5342254244429562	
782.5179	28.63	0.8681169038133302	-0.6889535295596537	
782.5179	34.84	0.8449664166457658	1.0549017691974891	
805.0325	28.76	0.8495690276035087	-0.8704216480648596	
805.0325	34.97	0.8645225096711968	0.7639650457417457	
805.5295	28.63	0.8539261886916645	-0.8353731345825165	
805.5295	34.97	0.9635359646974981	-0.27365911835587586	
783.0198	28.63	0.8539261886916645	-0.820077584900835	
783.0198	34.84	0.8699883777154622	0.6446983844652383	
783.5211	28.63	0.8539261886916645	-0.8383080342515092	
783.5211	34.97	0.8628999339096043	0.7715925045667033	
753.2576	241.02	0.9813300915913993	0.21208081740040452	
753.2576	250.73	0.9095900436490215	0.48388120773616644	
843.0199	217.83	0.8712190447558366	0.6349175441861201	
843.5215	217.44	0.8449664166457658	-1.0847907068629152	
754.009	217.83	0.8449664166457658	-1.0600681771108216	
844.0233	217.44	0.8449664166457658	1.1839411147444452	
754.5106	217.57	0.8645225096711968	-0.7638954341897355	
848.5571	29.02	0.8500538678395007	-0.8582100763685513	C48H79O10P
848.5571	35.1	0.8449664166457658	1.031194659112069	C48H79O10P
849.0589	29.02	0.8449664166457658	-1.014820345760812	
849.0589	34.97	0.7319828043964047	3.269141481355072	
849.5574	29.02	0.8539261886916645	-0.8245572510277218	C48H79O10P
849.5574	34.97	0.9617319025400208	-0.29551979778814425	C48H79O10P
816.0594	219.93	0.8449664166457658	-1.4207211543224314	
856.3345	240.62	0.8457568577572275	0.8839040955604353	
856.3345	250.99	0.8449664166457658	-1.805266228442272	
856.8357	240.62	0.9241112650038401	0.4529436623347805	
817.2444	361.72	0.6562071162189965	3.6154730339628705	
759.2675	252.83	0.9077082421229321	-0.4895122046108475	
870.5699	29.42	0.8449664166457658	-0.8922100697170374	
870.5699	35.1	0.6728232656790943	3.5125330433947997	
871.5715	29.29	0.8449664166457658	-1.0926792538496053	
871.5715	35.1	0.8449664166457658	1.0272649166292342	
824.485	35.76	0.9413128755975491	0.3963983558035932	
826.5438	28.89	0.8449664166457658	-1.0397316523021116	
826.5438	34.97	0.8449664166457658	0.9323721176086834	
877.0134	217.04	0.8449664166457658	-2.1310235202520955	
827.046	28.89	0.8449664166457658	-1.173485513698406	
827.046	34.97	0.8449664166457658	1.7835556317028944	
827.5419	28.76	0.8449664166457658	-1.223924754950644	
827.5419	34.97	0.8449664166457658	1.164705172863745	
828.5164	36.15	0.8616791454560252	-0.7843088147564483	C45H71O9P
829.0044	217.31	0.8449664166457658	-1.0224224044364538	
829.5398	219.41	0.9837984939208101	0.1965573525087412	
884.0211	217.83	0.9452567606833857	0.35793384125268285	
830.0406	219.67	0.9711231119161661	-0.24481630186717282	
884.5231	217.44	0.8449664166457658	1.9056404337905193	
892.5828	29.81	0.8449664166457658	-1.0668482586180312	
892.5828	35.23	0.8449664166457658	1.4554337065348586	
893.0849	29.81	0.8681169038133302	-0.6835650349322057	
893.0849	35.1	0.8449664166457658	2.0892714732087505	
893.5857	29.68	0.8681169038133302	-0.6884295284648139	
893.5857	35.1	0.8449664166457658	1.4584645902978786	
914.596	30.07	0.8449664166457658	-1.1607115986247583	
914.596	35.23	0.8449664166457658	1.7583458143584367	
915.098	29.81	0.8449664166457658	-1.0087005702056804	
915.098	31.42	0.9971522501539579	-0.03830626560541904	
915.098	35.23	0.8859180656546647	0.5938060278743574	
925.023	217.44	0.8449664166457658	1.1932450170510307	
925.5244	217.83	0.8449664166457658	0.9857878884735618	
926.0261	217.44	0.8865604453477944	0.5675923442999077	
959.0162	216.91	0.8449664166457658	-1.1663990497154286	
966.0243	217.31	0.9171396409663445	-0.4699216000222165	
966.5255	217.57	0.8449664166457658	0.9145377489296131	
976.3867	241.54	0.8449664166457658	0.9685279363185969	
977.3833	241.54	0.8449664166457658	1.0466381632100674	C44H64O24
978.384	241.41	0.970395342633032	0.2518614534010591	C44H64O24
978.384	250.47	0.84173457208113	2.8438504122483876	C44H64O24
