m/z	rtime	p-value	t-score	custom_id
132.0446	28.24	0.9890719170568427	-0.15941247409867776	C8H5NO
132.0527	159.14	0.9600387310058314	0.9778354924549719	
132.0769	252.96	0.9600387310058314	0.9167633629926548	C4H9N3O2
175.2036	358.7	0.9600387310058314	1.2520208831751647	
218.0653	269.18	0.9600387310058314	1.8143302182736065	
132.1152	265.76	0.9600387310058314	-0.5635862723652342	
218.1249	295.96	0.9600387310058314	1.192086848604939	
73.0848	209.69	0.9600387310058314	-0.5419716542986674	
176.0295	216.13	0.9623233774158989	0.34442193401822674	
132.9874	108.14	0.9600387310058314	-0.44833957386836976	
132.9874	110.9	0.9600387310058314	-0.3600167307393788	
132.9874	112.74	0.9600387310058314	-0.4868717924640208	
132.9874	213.89	0.9941118802538721	-0.09173913549976612	
133.0279	362.77	0.9600387310058314	1.0031943085283495	
218.9434	200.73	0.9600387310058314	-0.3818204113914104	
133.0801	252.83	0.9600387310058314	0.5937956309198643	C4H9N3O2
133.0861	26.79	0.9822278258841507	-0.2559148832098886	
219.0267	204.67	0.953239391832576	3.82412556951651	
133.1014	25.2	0.9600387310058314	-0.5821923093436004	
133.1014	27.84	0.9600387310058314	-0.388092938687483	
219.0476	192.56	0.9600387310058314	0.8089158506195046	
219.0576	269.31	0.9600387310058314	1.7445508921249777	C13H11ClO,C11H10N2OS
133.1222	266.16	0.9600387310058314	-1.5297746358458562	
133.1247	265.76	1.0	0.0	
176.8754	200.73	0.9600387310058314	-0.9908606483138607	CK2O3
219.9076	198.21	0.9822278258841507	-0.24865292554013838	
219.9076	205.06	0.9600387310058314	0.5957262336871273	
134.0353	190.85	0.9600387310058314	0.926320154200066	C5H8O2S
219.9468	200.73	0.9855810864149573	-0.2059994667058551	
134.0813	41.57	0.9941118802538721	-0.08236439137302816	C5H11NO3
134.0813	48.95	0.9767329745728434	0.2970574841353903	C5H11NO3
220.03	198.21	0.9600387310058314	1.6507007987153106	
220.03	204.67	0.953239391832576	3.9680055643692653	
220.03	210.74	0.9600387310058314	-0.6571408767504714	
220.0371	198.07	0.9600387310058314	0.9253807690817833	
220.0371	204.54	0.9600387310058314	1.3466003072386996	C9H11NO3
220.1181	179.0	0.9600387310058314	-1.4346794579516222	C9H17NO5
177.8883	200.73	0.9600387310058314	0.6422624953973366	
135.0277	190.72	0.9600387310058314	1.169607988390521	
177.9668	200.99	0.9600387310058314	-0.38784116205849	H2KO4P
178.0242	202.96	0.9941118802538721	-0.12044128724601562	
178.0711	191.12	0.9605859448801168	0.35451166597376715	
220.9016	200.73	0.9817443087154	0.2745603204177841	
220.9415	200.6	0.9941118802538721	0.056252997234512596	
220.9475	200.6	0.9600387310058314	-0.9093158836488436	
135.0635	50.0	0.9600387310058314	0.5225218730355147	C8H7NO
221.0248	198.21	0.9600387310058314	1.1024371962234978	
221.0248	204.67	0.953239391832576	4.0561611496956615	
221.0248	211.14	0.9941118802538721	0.07966451270799074	
221.0344	204.14	0.9600387310058314	0.8239543341649159	
135.068	203.36	0.9822278258841507	-0.23404096990394	
221.8998	135.41	0.9600387310058314	0.6481838857819817	
221.8998	150.28	0.9600387310058314	0.7005084246372605	
221.9049	200.86	0.9600387310058314	-1.898194455029353	
77.0391	159.01	0.9600387310058314	0.9146599388486584	
178.8736	200.73	0.9600387310058314	-1.15681097076062	
178.8811	198.21	0.9600387310058314	1.7363282040013042	
178.8811	205.06	0.9600387310058314	1.364838227202482	
77.9274	200.73	0.9767329745728434	0.30183961550938665	
222.0956	174.67	0.9600387310058314	0.35612829187426853	C11H12N2O3
222.0956	191.25	0.9600387310058314	1.5654374455140236	C11H12N2O3
80.0032	200.73	0.9600387310058314	3.411280917580588	
80.9873	200.6	0.9600387310058314	0.8886282986256524	
80.9937	200.73	0.9600387310058314	1.69458406118327	
136.9098	200.73	0.9600387310058314	-1.6113267023128124	
136.9109	201.12	0.9600387310058314	1.0469436641716698	
136.9402	200.73	0.9600387310058314	1.434318894292236	H2KO4P
81.0453	197.02	0.9600387310058314	-0.977206461554944	
136.9695	200.99	0.9847403615754785	-0.2082395000726802	
136.9707	200.47	0.9600387310058314	0.4162492990319193	
222.8997	200.73	0.9822278258841507	0.22759072923953994	
179.0901	357.78	0.9600387310058314	1.6549701936604904	
81.9884	200.73	0.9600387310058314	2.482279770002573	
137.0598	204.41	0.9600387310058314	0.8491982359708399	C8H8O2
137.071	194.27	0.9600387310058314	0.5703283498825523	C5H8FNO2
223.0637	136.19	0.9600387310058314	0.7034954816956108	
137.0792	204.14	0.9600387310058314	0.7494702638983146	C6H6O
223.1078	204.14	0.9600387310058314	0.7532512303408437	C9H11NO3
223.1116	302.03	0.9600387310058314	2.121320343559643	
179.8812	198.21	0.9600387310058314	1.6643407118699116	
179.8812	205.06	0.9600387310058314	0.5837213654303395	
137.9435	200.73	0.9600387310058314	1.511910786335059	H2KO4P
138.0526	222.17	0.9600387310058314	0.5643195796016339	
138.9383	200.73	0.9600387310058314	1.3918815646712661	
138.9443	200.73	0.9600387310058314	2.5661593269776732	
223.1918	192.03	0.9600387310058314	-0.39464952897371763	
139.0503	182.68	0.9600387310058314	-0.40295096829139765	C6H6N2O2
84.9118	202.96	0.9600387310058314	2.5261385430772774	
139.0979	198.73	0.9600387310058314	1.2724437837804918	C6H10N4
224.1496	25.87	0.9600387310058314	-0.7213696928807556	
224.1496	27.71	0.9600387310058314	-1.817908291402383	C11H16N4O
139.9148	198.73	0.9600387310058314	2.228275425926407	
139.9148	203.62	0.9600387310058314	-0.6660075338387891	
139.9417	200.73	0.9600387310058314	1.7448809666378242	
181.0948	213.76	0.9600387310058314	-1.2891251253574503	
225.0347	215.73	0.9600387310058314	1.2454508809666442	
225.0468	198.21	0.9600387310058314	0.9538912911621522	
225.0468	204.93	0.9600387310058314	2.5082373769523434	
225.0468	210.74	0.9890719170568427	-0.15925640038845149	
225.1486	28.1	0.9600387310058314	0.43577205652835116	
140.9364	200.73	0.9600387310058314	1.951526774542072	
140.9426	200.6	0.9600387310058314	1.9967721543441375	
225.1592	26.53	0.9941118802538721	-0.13211865157600616	C12H20N2O2
86.9092	203.09	0.9600387310058314	1.7791297209666157	
87.0269	190.85	0.9600387310058314	0.8884879464207448	
141.0716	213.63	0.9890719170568427	-0.16177336356185126	
182.0926	268.78	0.9600387310058314	2.1650929876123843	C9H10N2O2,C7H15O3P
141.1136	31.03	0.9941118802538721	-0.0692974016906506	
88.0221	190.16	0.9600387310058314	1.0474699913151766	
183.0226	35.89	0.9600387310058314	-0.8834742644172784	
142.0613	28.24	0.9600387310058314	0.6762413420905461	
226.1803	34.44	0.9827098131140797	-0.2217874521641778	
226.9879	212.71	0.9600387310058314	0.37346392754170094	
89.0603	26.79	0.9941118802538721	-0.0604289557069195	
143.019	388.93	0.9883571424342104	-0.18619444324636822	
143.073	155.99	0.9600387310058314	0.6674005137041212	
144.0479	197.16	0.9600387310058314	-1.0572947235672572	
184.0857	204.14	0.9600387310058314	0.5809823775069115	
184.097	30.07	0.9858388504276978	0.20345034045561516	
184.097	161.51	0.9600387310058314	0.3949644994201779	
144.9276	198.47	0.9600387310058314	-1.0511398651110835	
144.9276	205.06	0.9600387310058314	-1.1418022762106028	
145.0474	197.29	0.9600387310058314	-1.2852535832606875	
145.0496	191.51	0.9600387310058314	1.093275917991615	
145.0511	197.16	0.9600387310058314	-1.1896243760178948	
145.0841	159.01	0.9600387310058314	0.912781603670454	
95.0497	204.41	0.9600387310058314	0.40224897719269254	C6H6O
229.1437	28.1	0.9941118802538721	0.12105542133435852	C12H20O4
229.1548	192.56	0.9600387310058314	1.281250449798129	
229.1548	205.06	0.9742680206461036	0.32264700803525465	C11H20N2O3
146.0436	197.16	0.9600387310058314	-1.0962115738924798	
96.0813	209.43	0.9600387310058314	-0.6249137263696806	C6H9N
146.0925	254.67	0.9827098131140797	-0.21895402373338926	C7H6N2O
96.9223	198.07	0.9600387310058314	0.9060620563068031	
96.9223	204.93	0.9600387310058314	1.4451578531860072	
96.9223	210.74	0.9600387310058314	0.588351553088803	
97.0289	191.51	0.9600387310058314	0.9819632015989521	
230.9952	363.16	0.9600387310058314	1.281726420519318	
147.0634	155.99	0.9600387310058314	0.7534173565692525	C9H7NO
98.9193	198.21	0.9600387310058314	-0.921082186539413	
98.9193	204.93	0.9600387310058314	1.2817902700568287	
187.0578	191.12	0.9600387310058314	0.38801744022706974	
147.1164	26.4	0.9600387310058314	-1.7939974319960876	
148.0393	27.97	0.9600387310058314	-1.1851447176009682	
148.0393	204.41	0.9600387310058314	0.7338231259616496	
187.1442	190.85	0.9600387310058314	1.0982939456199599	C10H17NO2
148.0475	204.27	0.9600387310058314	0.9026894205824063	C9H6O2,C2H6N6S
148.1333	191.9	0.9973211563775819	0.015321946581485257	
148.9403	200.6	0.9600387310058314	0.8633433719644042	
233.0352	269.31	0.9600387310058314	2.1254846627560533	C14H10O
233.2013	28.63	0.9600387310058314	-1.7496396155343696	
150.0245	190.85	0.9600387310058314	-1.0108133950610343	
234.1966	194.53	0.9600387310058314	-1.2262265477486816	C12H20N2
234.8091	198.99	0.9827098131140797	0.2193424939777582	
234.8091	203.09	0.9600387310058314	0.7846381406787052	
234.9173	200.73	0.9600387310058314	1.0831858339696057	
150.0775	198.21	0.9600387310058314	-1.6891737511956477	C6H7N5
235.0748	191.12	0.9600387310058314	0.6213889239362871	C8H14N2O4S
235.0748	209.69	0.9600387310058314	-1.1676135223192674	C8H7N3O5
235.9206	200.73	0.9600387310058314	1.0503435000100838	
150.9768	199.52	0.9600387310058314	-0.5535423494644002	
150.9768	202.3	0.9600387310058314	-2.14266759382364	
236.0225	209.3	0.9600387310058314	-0.6937201169407712	
151.0581	190.72	0.9600387310058314	1.1639431524433734	
190.9876	18.86	0.9600387310058314	0.46172551343484586	
190.9876	22.97	0.9822278258841507	-0.23241582671875768	
190.9927	267.86	0.9600387310058314	-2.0796104742407615	
236.9153	200.86	0.9600387310058314	0.8868180037026747	
104.0534	190.85	0.9600387310058314	1.0911601470260859	C4H9NS
104.058	159.4	0.9600387310058314	0.8451697955091119	
191.0816	27.97	0.9600387310058314	-0.5309338074435904	C10H10N2O2
191.085	190.72	0.9600387310058314	0.6893854869730649	
152.0568	135.54	0.9600387310058314	0.8152161019814341	
152.0623	190.98	0.9600387310058314	1.212314290269407	
191.9987	191.77	0.9600387310058314	1.5413431402458753	
192.0302	191.25	0.9600387310058314	1.7495338409622927	
192.0302	210.09	0.9600387310058314	-0.7345634988108363	
105.0227	213.89	0.9600387310058314	0.9558724228369676	
192.0627	50.0	0.9600387310058314	0.6265486371790283	
105.0565	190.72	0.9600387310058314	0.6011988511180161	C4H9NS
237.8917	202.3	0.9600387310058314	-1.3026832378830027	
237.9187	200.86	0.9600387310058314	0.6899703212523621	
153.0575	190.85	0.9600387310058314	1.1261141137733537	
153.0601	135.54	0.9600387310058314	0.798129458875915	
106.0491	190.85	0.9600387310058314	0.4102040039090167	
238.0452	294.25	0.9600387310058314	1.7891528407755461	
107.0658	190.59	0.9600387310058314	1.0413808434961058	
238.1652	27.05	0.9600387310058314	0.9204364242804276	
238.1652	34.84	0.9941118802538721	-0.09657116850986965	
238.1915	192.3	0.9600387310058314	-0.7949526173491561	
154.0566	189.9	0.9817443087154	-0.2753100116107635	
238.9136	200.73	0.9600387310058314	-1.9728138764864356	
238.9197	200.99	0.9822278258841507	0.2459895580043057	
193.1437	34.58	0.9600387310058314	-0.4505419399128466	
193.1628	37.6	0.9600387310058314	-0.512265693316002	
239.0438	269.18	0.9600387310058314	1.8324303512923752	
193.9982	201.52	0.9600387310058314	0.5315142792305959	C3H10NO4P,C7H7O4
155.0689	191.12	0.9600387310058314	0.7044025295626035	
109.0637	190.85	0.9600387310058314	1.0028853013049281	
155.0751	191.12	0.9600387310058314	0.578817583565497	C6H6N4O
109.0652	27.19	0.9600387310058314	-0.54034122546205	
109.0652	204.27	0.9822278258841507	0.22991886106471926	
194.1005	49.87	0.9600387310058314	1.0993527398458918	C8H9NO2
194.855	198.6	0.9600387310058314	1.8836665479760708	
194.855	203.88	0.9890719170568427	-0.17672379784745387	
240.1376	269.18	0.9600387310058314	0.4225231028519412	C16H17NO
195.08	269.18	0.9600387310058314	1.9037368932183565	C14H10O
156.0422	200.18	0.9600387310058314	1.718434805628666	C3H10NO4P,C7H7O4
241.0086	198.86	0.9600387310058314	1.8079409388896075	
241.0086	202.57	0.9600387310058314	-0.7521237402521221	
241.0859	228.9	0.9600387310058314	0.35904796294909824	C15H12O3
195.8552	198.6	0.9890719170568427	0.17124040112566458	
195.8552	204.01	0.9600387310058314	0.7854381927249826	
157.0761	155.86	0.9600387310058314	0.6832552728336471	
195.996	201.52	0.9600387310058314	0.5103159558975606	
195.996	214.55	0.9600387310058314	0.8560222264335848	
195.996	219.54	0.9941118802538721	0.08348039861939185	
196.0175	188.72	0.9600387310058314	0.49402120166681707	
242.0189	198.6	0.9941118802538721	-0.13338396280905662	
242.0189	203.88	0.997271732193718	-0.025459546059319903	
196.0638	209.17	0.9600387310058314	-1.1369804651588133	
196.0833	269.18	0.9600387310058314	0.36130905402684244	C14H10O
112.0216	197.16	0.9600387310058314	-2.6440451084118277	
242.0376	220.72	0.9600387310058314	-0.6407451124287369	
242.0998	179.27	0.9600387310058314	2.147253320908453	C9H17NO5
158.0403	200.18	0.9600387310058314	0.9008596316548355	
158.0602	28.24	0.9941118802538721	-0.13907266403264032	C10H7NO
158.068	190.85	0.9600387310058314	1.002256674706484	
242.9385	232.18	0.9956215132692869	0.03965731138021884	
242.9385	233.23	0.9600387310058314	-3.514427928744167	
243.0161	198.47	0.9600387310058314	1.0645814538364684	
243.0161	203.88	0.9600387310058314	-0.5385521479007499	
243.0226	198.47	0.9600387310058314	-1.2030961869507406	
243.0226	203.88	0.9600387310058314	-0.4831021177218207	
196.8532	198.6	0.9600387310058314	0.5122751177615146	
196.8532	203.88	0.9600387310058314	-0.629099793961369	
196.9615	200.73	0.9600387310058314	2.2656679423215396	
243.0409	220.72	0.9600387310058314	-0.6634620403399011	
158.1005	222.56	0.9800830987882373	0.28600367703526036	C7H12N2O2
243.1033	179.27	0.9600387310058314	1.8461060025879128	C9H17NO5
112.8961	200.86	0.9883571424342104	0.18471324736452494	
113.0297	197.16	0.9600387310058314	-1.0165281086864937	
197.0757	269.18	0.9600387310058314	1.6094263609933839	
197.1147	135.41	0.9600387310058314	0.6737273861446208	
244.0175	203.88	0.9600387310058314	-1.383292834154133	
159.0474	136.06	0.9600387310058314	0.47385116989841153	
159.0474	149.1	0.9600387310058314	0.6828746615133098	
159.0805	25.07	0.9956215132692869	-0.03611906015167886	C11H10O
244.0532	214.42	0.9600387310058314	-0.3953660456082999	
244.1294	310.3	0.9600387310058314	1.1919721324085741	
244.1908	34.58	0.9941118802538721	-0.1325348336889606	C14H21NO2
198.0876	251.39	0.9600387310058314	0.5739970227239116	
198.0975	191.51	0.9600387310058314	1.299101008135712	
198.1045	357.51	0.9600387310058314	-0.3825075096032882	
160.0758	27.84	0.9600387310058314	1.9448487666837337	C8H6O
160.0758	156.25	0.9600387310058314	0.6466610226342925	
245.0011	233.36	0.7937101161520401	-4.569971499810637	
114.8932	200.73	0.9600387310058314	1.7492311871748423	
115.0545	155.99	0.9600387310058314	0.7433057119459944	
245.9478	225.19	0.9600387310058314	1.6389581301648342	
160.1162	209.69	0.9600387310058314	-0.8199944406118912	C5H11NO2
198.5455	314.11	0.9600387310058314	0.71550764655094	
198.9596	200.73	0.9767329745728434	0.29837631408049825	
246.0973	191.25	0.9600387310058314	0.7825857770998864	
246.1238	155.99	0.9600387310058314	0.7229336215071424	C11H12N2O2
160.9015	198.73	0.9600387310058314	-0.6694212531691713	CK2O3
160.9015	203.49	0.9600387310058314	-0.7697031334471394	CK2O3
116.0471	221.51	0.9822278258841507	0.24416536046087542	
161.0317	220.85	0.9822278258841507	-0.23432299658430158	
161.0378	220.85	0.9600387310058314	0.795688604520782	
161.071	27.97	0.9936721514204632	-0.14440086405045005	C10H7NO
161.079	27.84	0.9600387310058314	1.9885199305252352	C8H6O
116.0936	222.3	0.9600387310058314	0.9593874307225161	
199.1007	191.64	0.9600387310058314	1.178212206050278	
117.055	25.87	0.9890719170568427	-0.1639199144091129	
117.068	222.17	0.9600387310058314	0.490076005007236	
248.0218	362.64	0.9600387310058314	1.0398116469546084	
248.1283	35.36	0.9600387310058314	3.00408150106696	C14H14N2O2
161.9929	199.65	0.9600387310058314	0.728562573087708	H2NaO4P
161.9929	201.52	0.9600387310058314	-3.1895765358244175	
117.0913	28.1	0.9931091014266566	-0.14882867157708596	
162.0386	221.12	0.9600387310058314	0.6096792624241456	
162.0551	35.89	0.9742680206461036	-0.32366887815918377	
162.0551	37.46	0.9600387310058314	0.43580383042809706	
199.5428	313.98	0.9600387310058314	0.6539304024534492	
249.1195	299.77	0.9600387310058314	-0.5270586820587876	
118.0615	253.1	0.9600387310058314	1.5779762633187813	C3H7N3O2
250.0176	363.29	0.9600387310058314	1.2028616233286513	
118.0751	222.17	0.9600387310058314	0.5673091137442869	
118.0775	222.17	0.9600387310058314	0.5842650585585316	
250.0935	34.97	0.9941118802538721	-0.06948049870087955	
162.1127	288.18	0.9600387310058314	1.556578355423177	C7H15NO3
118.1099	209.03	0.9600387310058314	-0.9665920229526014	
119.0494	204.27	0.9600387310058314	0.5040427437505611	C8H6O
119.0688	158.49	0.9600387310058314	0.8138614215082294	
163.0536	214.16	0.9600387310058314	-1.4851989340082707	
119.0836	209.69	0.9600387310058314	-0.5363762252236681	
200.8631	198.21	0.9600387310058314	-0.6464604644008569	
200.8631	205.62	0.9890719170568427	-0.16183883306031388	
251.0962	34.97	0.9600387310058314	-0.569971140545974	
251.0962	198.6	0.9941118802538721	-0.11521040658240068	C11H14N4OS
120.0449	257.72	0.9600387310058314	0.5904689265667153	C7H5NO
120.0528	204.27	0.9822278258841507	-0.2425490207557806	C8H6O
163.0979	197.16	0.9600387310058314	-1.1196387466781421	C6H7N3
120.0907	209.69	0.9600387310058314	-0.6107466024764446	
120.0932	209.43	0.9600387310058314	-0.35791090689130367	C5H11NO2
120.1022	192.3	0.9600387310058314	-0.724840356671879	C5H13NO2
201.9839	225.05	0.9600387310058314	0.9206258017627419	C3H7NO5S2,C3H7NO5S2
121.0165	200.73	0.9600387310058314	1.0517048712535242	
202.0645	221.12	0.9600387310058314	-0.631665091968916	C6H8N4O4
202.0686	192.95	0.9600387310058314	1.49634223821696	C6H13NO5
164.0707	204.14	0.9600387310058314	0.4779524835014405	C7H6O2
164.082	33.39	0.9600387310058314	-1.6345085098531134	C6H6N2O
121.0651	159.27	0.9600387310058314	0.8064600855028439	C8H8O
121.0781	158.75	0.9600387310058314	1.0383534394703304	
164.1282	190.85	0.9600387310058314	-0.8984675943795722	
202.9695	199.65	0.9941118802538721	0.1234191327754839	
202.9695	202.3	0.9600387310058314	-3.218687661670043	
202.9695	214.16	0.9600387310058314	1.3499727883401802	
253.0854	187.8	0.9822278258841507	0.24412432673841053	
253.0854	190.85	0.9600387310058314	0.6856130813837356	C16H12O3
121.9698	199.78	0.9973211563775819	0.009458152004849304	H2NaO4P
121.9698	202.17	0.9941118802538721	-0.07212523998537748	
253.1646	31.16	0.9822278258841507	-0.24524951693471864	
164.9352	200.6	0.9973211563775819	0.01746932927704023	
122.0469	197.29	0.9600387310058314	-0.7201761983924511	
253.2387	194.79	0.9600387310058314	-2.0417484509652395	
122.9248	200.6	0.9600387310058314	0.6945740135696103	
122.9646	199.78	0.9600387310058314	1.2530132152028444	
122.9646	201.12	0.9600387310058314	-2.3050024552529154	
203.0767	209.17	0.9600387310058314	-0.5520427569842817	
203.0767	214.29	0.9600387310058314	-1.079523831746044	
203.0814	27.71	0.9600387310058314	-0.5933556842214044	C11H10N2O2
203.0814	187.54	0.9600387310058314	0.5344870904070799	
203.0814	191.12	0.9600387310058314	3.5845392095605817	
203.1028	302.82	0.9600387310058314	1.4648810621744552	
203.114	268.39	0.7937101161520401	4.4705956240889995	
203.1391	192.03	0.9600387310058314	0.47460853481094356	
254.1963	28.24	0.9941118802538721	-0.06950228434934208	C13H22O4
123.0684	197.16	0.9600387310058314	-0.825312939872883	
165.924	1.95	0.9600387310058314	-0.8827396059665672	
123.0749	197.16	0.9600387310058314	-1.1545211173401628	C6H7N3
165.9304	200.04	0.9600387310058314	-0.5685242407720056	
204.0245	232.31	0.9600387310058314	-2.275359578630604	
204.0631	197.42	0.9613465272436204	0.350472144650616	
204.0631	204.93	0.9600387310058314	1.616874087034691	C9H11NO3
255.101	301.24	0.9600387310058314	1.6313618936425487	C16H14O3
204.1174	191.51	0.9600387310058314	0.9344725468844834	
255.1591	31.56	0.9956215132692869	-0.03249362998055739	
166.0581	204.41	0.9600387310058314	0.6060600666106775	C9H8O3
123.941	198.34	0.9600387310058314	1.0761355998044264	KO3S
123.941	204.67	0.9600387310058314	2.5195403118957045	KO3S
204.9278	200.6	0.9890719170568427	0.1782917286279835	
124.0477	204.14	0.9600387310058314	0.44716952170724694	C7H6O2
256.0169	214.55	0.9600387310058314	0.39344710333590743	
256.0169	219.67	0.9600387310058314	0.48490767677280355	
124.0527	33.26	0.9600387310058314	-0.9431004383556807	
256.1045	301.24	0.9600387310058314	1.796943437290289	C16H14O3
124.0589	33.26	0.9600387310058314	-1.1280046566864053	C6H6N2O
124.0782	197.29	0.9600387310058314	-1.1375973495549454	C6H7N3
205.0683	191.12	0.9600387310058314	-0.8200502547959956	
124.9229	200.73	0.9800830987882373	0.28858897461993216	
256.9825	200.6	0.9600387310058314	2.001596533500867	
125.0599	33.52	0.9600387310058314	-0.7737711679124014	C7H8O2,C7H8O2
257.0567	190.98	0.9600387310058314	0.41178328704449335	
257.0567	209.69	0.9600387310058314	-0.42491804891107027	C8H7N3O5
125.0793	50.13	0.9600387310058314	0.56211043737984	C7H9NO
166.9508	200.6	0.9941118802538721	-0.12710656782531912	
126.0374	197.02	0.9600387310058314	-1.554717279638987	
126.0664	34.97	0.9600387310058314	2.78067285743201	C5H7N3O
167.9542	200.99	0.9600387310058314	-1.2756079994704752	
206.0814	204.27	0.9600387310058314	-0.38231762655734597	C9H8O3
257.9328	371.2	0.9600387310058314	-0.7920620342283504	
257.9933	202.96	0.9600387310058314	-0.7322155322578949	
258.0884	269.18	0.9941118802538721	0.08470310645911927	
127.0392	191.51	0.9600387310058314	1.1684182256356523	
258.1103	314.37	0.9600387310058314	1.2366027569317586	C8H20NO6P
168.0902	159.01	0.9600387310058314	0.8540855487312841	
168.1496	191.9	0.9941118802538721	-0.09237140809700924	
258.9809	200.31	0.9600387310058314	3.5889097072225935	
168.9489	200.6	0.9956215132692869	-0.03280710532469385	
258.99	202.96	0.9600387310058314	0.6215102113102137	
258.9966	202.96	0.9600387310058314	-1.6172482731842293	
207.104	156.12	0.9600387310058314	0.5540197786462646	C11H12N2O2
207.1857	34.84	0.9600387310058314	0.7404030597548803	
169.0691	47.77	0.9600387310058314	0.37907418874172305	C8H9NO3
128.9328	1.17	0.9600387310058314	2.0706818859310476	
169.0761	27.45	0.9600387310058314	-0.582956901341602	
259.0922	269.31	0.9600387310058314	-0.5477225575051661	
259.1135	314.37	0.9600387310058314	1.376298096346651	C8H20NO6P
169.086	27.05	0.9890719170568427	-0.1601223331627982	C9H12O3
259.9912	202.83	0.9600387310058314	-0.8212874256042836	
169.1265	36.68	0.9600387310058314	1.1967103323548973	
260.0272	294.38	0.9600387310058314	1.599422467132814	
170.0425	320.19	0.9956215132692869	0.03647572697690645	C5H8NNaO4
170.0482	191.25	0.9600387310058314	1.6012504918491421	
170.0482	210.22	0.9830255078535333	-0.21395247730274009	
260.1138	314.37	0.9600387310058314	1.305472977412069	
260.1494	26.0	0.9600387310058314	-0.46503885471190165	
260.988	202.96	0.9600387310058314	-1.2394883394901863	
260.9949	202.7	0.9600387310058314	-2.013945110326418	
130.0695	266.16	0.9600387310058314	1.457806460783744	C5H8N2O2
261.0307	203.49	0.9767329745728434	0.30715697108208934	
171.0785	50.43	0.9600387310058314	0.471078445690702	
209.0957	274.72	0.9600387310058314	1.1619234235239215	C15H12O
209.1174	26.4	0.9613465272436204	-0.34958189478081797	C12H13NO2
130.9298	1.17	0.9600387310058314	0.4936749075752033	
262.1438	34.71	0.9600387310058314	-0.7203694402310902	
131.0705	27.05	0.9600387310058314	-0.5347940648360311	
131.0705	266.29	0.9600387310058314	1.4351316629314699	
263.0026	200.47	0.9600387310058314	-0.9151813110869936	
209.9963	198.6	0.9600387310058314	-0.6533798720155161	
209.9963	203.62	0.9600387310058314	-0.37920203386242946	
131.0928	192.56	0.9600387310058314	-0.8739356165522286	
172.0718	300.72	0.9600387310058314	1.1599362164444043	C6H9N3O3
172.0718	308.99	0.9600387310058314	0.5369454261243571	C6H9N3O3
263.8587	198.21	0.9600387310058314	1.654345187949879	
263.8587	205.49	0.9600387310058314	-0.5461191690967475	
264.0819	179.27	0.9827098131140797	0.22222941654477393	
264.9278	200.86	0.9613465272436204	-0.352261238547198	
173.0711	26.79	0.9600387310058314	-0.5471796161590888	C8H5NO
301.0296	199.12	0.9822278258841507	0.23500417991414127	
301.0296	202.7	0.9600387310058314	-0.4000350934818108	
173.0887	50.13	0.9600387310058314	0.560541853339757	
301.1116	213.24	0.9883571424342104	-0.18671366142153464	
301.2051	34.84	0.9862845799915317	0.1953028131906773	
302.0587	220.72	0.9600387310058314	-1.0207924452996278	C16H12ClNO3,C14H11N3O3S
266.0748	157.57	0.9600387310058314	0.5140265268900863	C9H13N3O5
266.1144	197.16	0.9600387310058314	-0.8929338609907254	C14H17ClN2O
173.9832	216.65	0.9822278258841507	-0.26324906828397143	
174.0139	214.55	0.9816324892956876	0.28140910308469474	
174.0139	219.8	0.9600387310058314	0.9652788724632289	
174.0388	134.32	0.9600387310058314	0.6455382861442667	
302.9046	200.6	0.9941118802538721	0.1405864663009346	
174.0551	28.5	0.9941118802538721	-0.06291368252234147	C10H7NO2,C5H8ClN5
267.059	159.93	0.9600387310058314	0.6479756502149446	
267.0646	190.98	0.9600387310058314	1.454002779750578	
267.0646	208.9	0.9941118802538721	0.11044116258130558	C11H11ClN4O2
267.0975	257.72	0.9600387310058314	0.7544657592320752	
267.1074	197.16	0.9600387310058314	0.37453945129563565	C11H14N4O4,C10H18O8
211.9969	34.05	0.9941118802538721	0.08291148238257251	
267.1175	197.29	0.9600387310058314	-0.4967698478688066	C14H17ClN2O
267.1226	25.87	0.9600387310058314	-0.7246948230356892	C13H11N3O
267.1452	34.97	0.9600387310058314	1.3143591481092505	C12H13NO3
304.1194	239.31	0.9822278258841507	-0.26652236731944484	C14H14O5
174.149	37.6	0.9600387310058314	-0.48538473595408305	C9H19NO2
212.1065	269.18	0.9600387310058314	-0.7244243875702635	
268.0792	191.12	0.9600387310058314	0.9261398408702585	
175.0173	214.16	0.9600387310058314	0.5996545782264037	
175.0173	219.8	0.9600387310058314	1.199473420253822	
268.1012	257.72	0.9600387310058314	1.4439269446898915	
268.1108	197.02	0.9600387310058314	-1.2627551672133455	C12H14N4OS,C11H18O5S,C16H10FN3
175.0591	320.48	0.9600387310058314	-1.2232949811145786	C5H8NNaO4
175.0591	321.27	0.9600387310058314	0.7433354704800316	
268.1486	34.97	0.9600387310058314	1.5426244798456523	C12H13NO3
306.0809	167.71	0.9600387310058314	0.9660029295283081	C10H13N5O5
306.1912	26.92	0.9817443087154	-0.2789726346115778	C12H24O6
269.043	35.89	0.9600387310058314	-1.5282667387031004	C15H8O5,C7H12N2O7S
269.0882	134.97	0.9600387310058314	0.9527440237737927	C9H16O9,C10H12N4O5
213.0905	252.31	0.9800830987882373	-0.28430786549289233	C14H12O2
269.2155	26.66	0.9600387310058314	-0.37763401855123785	C13H25NO4
308.0482	205.19	0.9600387310058314	0.5462913673202161	
308.0482	208.9	0.9600387310058314	-0.5770930770783167	
308.0482	212.32	0.9600387310058314	-0.9526273588263944	
349.2305	357.51	0.9600387310058314	-0.3752052011219254	
270.1911	28.37	0.9817443087154	0.276729234902144	C15H20N2O2
308.8497	200.6	0.9600387310058314	-0.9810814525831654	
350.0175	212.71	0.9623233774158989	0.34507011086256884	
350.0303	190.98	0.9600387310058314	0.7747459283443929	
350.2174	27.45	0.9847403615754785	0.20901650206076797	
270.3156	28.24	0.9600387310058314	0.6049296318439747	
309.036	223.22	0.9600387310058314	0.5326075250948661	C15H10O6
271.0386	36.02	0.9941118802538721	-0.06403589822577468	
309.9688	297.4	0.9600387310058314	1.0924611928630397	
310.025	220.46	0.9600387310058314	-0.5555459653198489	C8H12N3O6PS
310.0698	36.02	0.9600387310058314	-1.954692527649029	C15H8O5,C7H12N2O7S
271.9731	212.71	0.9941118802538721	-0.13182118977510682	
214.1416	35.1	0.9600387310058314	-1.5020346113236602	
272.1856	32.08	0.9600387310058314	1.000844532956199	C15H24O4
311.0227	205.62	0.9600387310058314	-0.3804277250887386	
311.0284	190.98	0.9600387310058314	-0.4115568348759285	
311.0284	220.59	0.9931091014266566	0.1480716484957047	C8H12N3O6PS
352.2329	26.79	0.9600387310058314	-0.6065545069494218	
311.059	220.72	0.9600387310058314	0.8091632927165828	
311.0614	257.46	0.9890719170568427	0.1706395152355938	
311.2065	31.69	0.9600387310058314	-0.40102917181181913	C16H30MgO4
353.0478	34.44	0.9600387310058314	0.9544856901867605	
312.0405	214.29	0.9600387310058314	0.4796230427570865	
215.0405	214.42	0.9600387310058314	0.46841877692502054	
215.0405	219.93	0.9600387310058314	0.8894748220648243	
312.238	27.19	0.9822278258841507	-0.25175598396013055	C15H29NO5
273.03	205.62	0.9600387310058314	-0.8339918945247853	
273.03	209.56	0.9600387310058314	-1.2585771066901617	C8H7N3O5
273.0857	2.61	0.9600387310058314	1.7458115038279973	
273.0857	362.64	0.9600387310058314	0.7518302627859849	C9H13ClN6O2
313.0668	209.3	0.9600387310058314	-0.44553389082278827	C15H14O6
273.091	28.37	0.9600387310058314	1.4078243395668282	C19H12O2,C11H16N2O4S
313.0747	213.5	0.9941118802538721	-0.11203423451554284	C12H20NO4S
313.1043	310.83	0.9600387310058314	0.7583204721752574	C14H12N6O3
354.0512	34.44	0.9600387310058314	1.3167631154178443	
354.0512	220.59	0.9600387310058314	-0.6218086273346964	
313.8998	201.12	0.9600387310058314	-2.90561000115478	
354.0787	25.2	0.9600387310058314	1.3368004221656862	
354.0787	228.63	0.9800830987882373	0.28526166160489136	
354.0787	265.24	0.9600387310058314	0.6547261459569818	
274.0837	211.0	0.9973211563775819	0.020526875093013715	C11H14ClN5
314.138	269.04	0.9600387310058314	1.3046263991648361	C18H19NO4
314.146	134.97	0.9600387310058314	0.7605795370888695	
274.0922	338.24	0.9600387310058314	0.7388520630755206	
314.8979	201.25	0.9600387310058314	-0.4634058737969584	
274.0942	28.37	0.9600387310058314	1.5424701526574114	C19H12O2,C11H16N2O4S
315.0623	209.17	0.9600387310058314	-0.49645732500014356	C18H12O4
315.1415	269.04	0.9890719170568427	-0.15856877969207459	C18H19NO4
355.0634	35.23	0.9600387310058314	-1.8228565922131916	
355.0804	228.5	0.9941118802538721	-0.08776297661407086	
355.2833	25.74	0.9600387310058314	-1.3611554613657555	C21H38O4
216.0633	294.12	0.9600387310058314	1.6473110689452337	C7H12N2O3
355.9699	202.44	0.9600387310058314	-0.9136811445928945	
356.0666	35.23	0.9600387310058314	1.6747820084055574	
356.0666	52.66	0.9600387310058314	-0.37680408168096474	
356.0666	213.5	0.970830096360001	0.3311353657224121	
316.0935	187.67	0.9600387310058314	-0.3809062344347221	C13H10N2O5
316.0935	191.25	0.9883571424342104	0.18791645546676553	
216.8369	198.6	0.9600387310058314	-0.3581679056581836	
216.8369	204.27	0.9973211563775819	0.01020734956113049	
316.9203	200.73	0.9600387310058314	-0.7457777606280518	
275.0537	209.3	0.9600387310058314	-0.505509705072829	
275.0673	187.8	0.9742680206461036	0.32411560657676936	C13H10N2O5
275.0673	191.12	0.9600387310058314	0.4145840038476565	C16H12O3
356.9666	202.04	0.9600387310058314	-0.7584969204426076	
317.0035	200.6	0.953239391832576	3.825928123157868	
357.059	35.23	0.9600387310058314	-0.7384621500183012	
217.0618	269.18	0.9600387310058314	0.9672133179391531	
357.0694	35.23	0.9600387310058314	1.0059259643477652	
275.135	324.55	0.9600387310058314	1.608863124567135	C9H11N3O4
217.1048	35.76	0.658779917931173	-5.203261616973771	
217.1048	213.24	0.9600387310058314	-2.4340974548886085	
357.9684	199.65	0.9600387310058314	-0.7160685943738624	
357.9684	202.3	0.9941118802538721	0.11475755136683544	
317.9237	200.73	0.9742680206461036	0.3174229526369294	
217.1185	284.47	0.9600387310058314	2.3671053258081036	
217.1297	266.81	0.9600387310058314	1.6729100890585302	C7H9N3O2
358.2435	31.82	0.9941118802538721	0.05733873899861145	
318.0061	199.78	0.9600387310058314	1.2005172762644218	
358.9446	203.49	0.9600387310058314	0.4038391867743673	
318.1912	26.92	0.9941118802538721	-0.12973646296559332	C15H27NO6
318.8785	200.73	0.9903188730563519	0.15536934573406197	C8H4Cl6
276.0256	188.06	0.9600387310058314	-0.730030517842619	
318.9182	200.6	0.9862845799915317	-0.1941370963614581	
276.0574	209.03	0.9600387310058314	-0.368638932231962	
400.1215	35.23	0.9822278258841507	0.23347369389495617	
400.8817	200.6	0.9872542856968355	0.19201357263678293	
319.882	200.73	0.9600387310058314	-1.3510624220017085	C8H4Cl6
401.1595	28.1	0.9600387310058314	0.50126937213662	C22H24O7
401.1701	283.55	0.9600387310058314	1.7487835170281738	
401.262	36.02	0.9941118802538721	-0.07922666525805262	
401.7636	36.02	0.9600387310058314	0.5962586756186863	
402.2648	36.02	0.9600387310058314	-0.6236413369738584	
402.2698	31.56	0.9600387310058314	-2.6780621027042195	
277.0491	209.3	0.9600387310058314	-0.8718705622771832	
320.2068	26.53	0.9941118802538721	-0.07562295168133826	
320.2068	34.71	0.9858388504276978	-0.2044545834207408	
320.8764	200.99	0.9941118802538721	-0.10588487823912027	
277.083	301.24	0.9600387310058314	1.3992607592097617	C16H14O3
403.1374	36.02	0.9600387310058314	-0.6996188558494951	
277.9986	214.81	0.9767329745728434	0.29710897224620714	
277.9986	219.67	0.9827098131140797	-0.21833534469176208	
322.0544	270.23	0.9600387310058314	0.7262436526564167	C14H9ClF3NO2
278.0865	300.98	0.9600387310058314	1.109186532891667	C16H14O3
404.2066	25.87	0.9973211563775819	0.022402884661965602	C23H25N5O2
405.1504	357.51	0.17300851703694473	-7.08832797360799	
362.9048	200.73	0.9600387310058314	-0.3925306066533455	
405.2099	25.87	0.9941118802538721	0.04877869393199262	C23H25N5O2
406.0437	220.2	0.9600387310058314	-0.47674396633682964	
362.9564	214.16	0.9600387310058314	0.4203556875586825	
406.148	357.65	0.9600387310058314	-0.5670739136352021	C20H23NO8
407.047	220.33	0.9600387310058314	-0.4677606797131432	
363.0155	363.16	0.9600387310058314	1.1928004613458936	
408.0478	388.8	0.9941118802538721	0.04596192790116654	
408.0593	214.68	0.9600387310058314	-0.8323954550305578	C16H14F3N3O3S
363.1307	270.78	0.9600387310058314	1.3517497682898274	
279.0923	34.18	0.9958611884990988	0.030202436830489135	C12H14N4O2S,C12H14N4O2S
279.0985	239.7	0.9941118802538721	0.09162500044875917	
279.0985	253.1	0.9600387310058314	0.5011125736978763	
324.0223	198.47	0.9600387310058314	-1.5445302570901163	
324.0223	204.01	0.9742680206461036	0.316771979028727	
324.0413	220.46	0.9600387310058314	-0.8377784392939227	C16H12ClNO3,C14H11N3O3S
363.955	214.16	0.9600387310058314	-0.6248038847817596	
324.2016	26.92	0.9822278258841507	-0.24792457500413795	
324.8975	233.49	0.9600387310058314	-2.258031674737146	
364.007	179.27	0.9941118802538721	0.06897067271780831	
409.0475	388.93	0.9600387310058314	0.41090066956085014	
324.9598	191.25	0.9600387310058314	2.7368169435755054	
409.062	214.55	0.9600387310058314	-0.3568860297670224	C16H14F3N3O3S
409.0669	159.54	0.9600387310058314	1.471183117267641	
324.9883	233.23	0.9600387310058314	-2.698836762622091	
364.2329	27.19	0.9600387310058314	-0.3613543026922012	
364.9526	214.02	0.9600387310058314	0.3796098613490764	
279.9749	198.86	0.9933179357116616	0.14582167897656434	
279.9749	203.49	0.9600387310058314	-0.4151932813155795	
325.0377	213.24	0.9822278258841507	0.23152832884845934	
325.044	220.46	0.9600387310058314	-0.7341409398091647	C16H12ClNO3,C14H11N3O3S
410.0455	388.8	0.9600387310058314	-1.038416462321441	C10H14N5Na2O8P
280.0703	269.44	0.9600387310058314	1.5428429633114065	
280.092	313.98	0.9600387310058314	1.0404129387026497	C8H20NO6P
410.8791	200.73	0.9600387310058314	1.096680354048654	
325.9609	191.51	0.9600387310058314	1.328586632338709	
325.9706	205.88	0.9600387310058314	1.2823261805199557	
365.9864	191.64	0.9600387310058314	2.168877138766731	
366.0372	389.06	0.9600387310058314	1.7228897479132037	
326.0455	220.33	0.9600387310058314	-1.2942232747206766	
326.0565	214.55	0.9600387310058314	-0.7170406743920834	
366.1089	263.79	0.9941118802538721	-0.05863006998034936	C10H24N2O8S2
366.1089	295.56	0.9600387310058314	1.34519218789148	C10H24N2O8S2
326.2172	27.84	0.9600387310058314	1.414221814274255	C15H27NO6
411.0623	159.54	0.9600387310058314	1.2724443328299244	
411.1343	269.31	0.9600387310058314	-1.0370552702645752	
411.2224	34.71	0.9600387310058314	-0.9350002878101141	
326.9966	204.41	0.9600387310058314	0.421693075345701	
367.056	308.86	0.9600387310058314	1.0331125567757995	
327.0596	214.55	0.9623233774158989	-0.3473078885921136	
367.1646	266.16	0.9600387310058314	2.6286628751667123	C19H19NO4
327.2013	34.84	0.9941118802538721	0.07372367694165906	C14H30O8
327.2013	45.67	0.9600387310058314	0.5378744066030521	
412.7461	35.76	0.9600387310058314	0.9219117476882742	
328.2329	27.71	0.9600387310058314	-1.0987160110583616	
414.2699	28.24	0.9600387310058314	1.7878090193848055	
414.7618	36.28	0.9600387310058314	-0.62461539254837	
282.1195	198.07	0.9600387310058314	-0.7078119324333081	C11H15N5O4,C10H19NO8
414.8972	200.99	0.9600387310058314	-1.3089140162620971	
282.1911	26.0	0.9941118802538721	0.11220022861074216	
282.1911	27.45	0.9600387310058314	1.3503759142307739	
282.1911	35.1	0.9600387310058314	1.3817949701763772	
329.0497	240.1	0.9600387310058314	-1.2432480530633967	
282.9499	214.16	0.9973211563775819	-0.012882480670950706	
369.0761	266.81	0.9600387310058314	1.801230752082313	
369.1823	24.81	0.9941118802538721	-0.12477723242855301	C20H29ClO4,C21H24N2O4,C18H28N2O4S
369.2165	249.42	0.9973211563775819	0.01758741251363864	
329.157	250.73	1.0	-0.0006232847142458504	C19H21NO4
329.2364	27.71	0.9600387310058314	-1.0429278709679823	
283.0632	388.93	0.9941118802538721	-0.08507481570928208	
415.2536	34.97	0.9600387310058314	0.7185279833063657	
330.0134	357.51	0.9600387310058314	0.4941393665907589	
283.1177	28.1	0.9941118802538721	-0.11863969339429155	C14H18O6
415.9019	200.86	0.9600387310058314	-2.4367886131123373	
283.123	198.07	0.9600387310058314	-0.4429823438507166	C11H15N5O4,C10H19NO8
283.1433	241.54	0.9600387310058314	-0.5231155247553647	
283.1433	250.47	0.9600387310058314	0.6745117652610954	
283.1543	27.32	0.9600387310058314	-0.8004592391784696	C15H22O5
283.1751	34.84	0.9600387310058314	0.6726093864422578	C12H26O7
283.1751	44.06	0.9600387310058314	1.9319091938470945	
370.2436	28.1	0.9600387310058314	1.5101080212648592	C17H31NO7
370.7355	35.89	0.9600387310058314	-1.4297278211046234	
370.7355	65.17	0.9941118802538721	-0.05792409104509753	
330.7878	199.65	0.9600387310058314	1.2506877488922301	
330.7878	201.12	0.9600387310058314	-0.7843570333201831	
330.9799	191.77	0.9600387310058314	-0.70573631351735	
416.8556	200.73	0.9600387310058314	0.35807907308026754	
416.8952	200.86	0.9600387310058314	-0.6075073401992203	
331.1304	35.49	0.9600387310058314	0.5219087407168943	C19H17NO2S
417.0049	35.36	0.9600387310058314	-0.41011075958444587	
371.2125	357.51	0.9600387310058314	-0.4633929157004847	
371.2275	34.97	0.9600387310058314	0.8947851289281569	C16H34O9
371.2275	46.85	0.9941118802538721	0.056190821839012674	
371.2559	200.31	0.9600387310058314	0.9815168891520256	
371.2559	202.04	0.9600387310058314	0.9892407512395178	
284.099	167.71	0.9600387310058314	1.094128844103405	C10H13N5O5
418.0719	35.36	0.9944714616293956	0.04288579709667697	C18H16ClN5O3S
332.0562	198.86	0.9600387310058314	0.4177189056741919	
332.0562	202.83	0.9941118802538721	0.07990460338037562	
332.2067	27.32	0.9956215132692869	-0.03419279706415286	C16H29NO6
418.8537	200.6	0.9600387310058314	0.7537652033260976	
418.9888	217.44	0.9600387310058314	0.5741799975692133	
419.0749	35.36	0.9600387310058314	0.6113683955045851	C18H16ClN5O3S
419.0749	204.67	0.9600387310058314	0.4818579593483864	C19H18N2O5S2
419.1701	28.1	0.9637324233482023	0.3408485225560943	C22H26O8
332.8941	200.73	0.9600387310058314	-0.46788970713917033	
284.9722	198.6	0.9600387310058314	-0.8215658449137104	
284.9722	214.29	0.9600387310058314	2.9095038651558713	
372.1903	300.16	0.9600387310058314	1.3344599322779884	
285.0556	215.6	0.9600387310058314	0.7777359052823175	
420.0231	214.81	0.9890719170568427	0.17383880473023755	
420.0231	219.54	0.9600387310058314	1.339348456183004	
285.0982	34.84	0.9800830987882373	0.2865936617956947	C14H12O6
333.0411	33.52	0.9822278258841507	-0.2269384599382213	
421.0262	214.55	0.9600387310058314	0.6500761752452701	
421.0262	219.8	0.9600387310058314	1.0078782934547492	
421.2594	35.76	0.9600387310058314	0.6386638971827355	C24H36O6
421.7611	35.76	0.9600387310058314	1.2135690560957166	
333.8975	200.99	0.9941118802538721	-0.0859189474766559	
421.9993	203.49	0.9941118802538721	0.059542055539072054	
286.2117	27.19	0.9890719170568427	-0.16202201731923582	
422.9878	238.13	0.9742680206461036	0.3150749876851482	C19H12Cl2O5S
423.275	36.28	0.9862845799915317	-0.19451589375710798	C24H38O6,C25H34N4O2
423.7767	36.28	0.9600387310058314	0.5801595664327963	
287.0448	209.17	0.9600387310058314	-0.8832763900299258	
374.051	313.72	0.9600387310058314	0.6404612206544888	
424.278	36.28	0.9600387310058314	0.6903652252255069	C24H38O6,C25H34N4O2
424.8851	190.98	0.9600387310058314	0.7030801323969189	
424.9578	362.64	0.9941118802538721	-0.07233338117660143	
288.0231	240.88	0.9767329745728434	-0.30800122153419845	
288.1232	131.43	0.9600387310058314	0.9776457189199144	
425.0917	240.88	0.9862845799915317	0.19696680094917177	
425.0917	250.86	0.7841328579901302	-4.804061514265814	
425.0917	251.39	0.9600387310058314	0.7859916460940848	
288.2897	28.24	0.9941118802538721	0.0759173981054727	
426.0584	389.06	0.9794933368920459	0.2909199147332727	
426.0958	158.22	0.9600387310058314	1.4976140160703746	
376.0608	228.5	1.0	3.828204692291979e-05	
334.8921	200.73	0.9600387310058314	0.862086614689028	
289.0465	191.12	0.9600387310058314	0.6500040469096137	
289.0465	208.64	0.9941118802538721	-0.05779713650767166	C11H11ClN4O2
426.9731	363.29	0.9600387310058314	-1.3402383492928391	
377.011	188.85	0.9600387310058314	0.8255299968061646	
289.0795	257.72	0.9600387310058314	0.8156798939525601	
377.0453	30.21	0.9973211563775819	0.014976469793450038	
377.0453	35.23	0.9600387310058314	0.8110999783346413	
377.233	35.36	0.9600387310058314	2.7789871366759313	
377.233	59.79	0.9941118802538721	0.05135675087066956	
290.0821	257.59	0.9600387310058314	0.9846509448607847	
290.1597	27.05	1.0	0.00393382684439354	C15H18O5,C16H14N4O
428.1301	357.51	0.9600387310058314	-0.4443188575357683	C20H23NO8
335.8954	200.73	0.9600387310058314	1.0502561787894074	
428.2491	34.71	0.9600387310058314	0.9482071790820722	
290.8837	200.47	0.9600387310058314	0.584726807695232	
290.8837	201.25	0.9600387310058314	-0.8496465502086962	
291.0404	205.19	0.9600387310058314	0.6234266822111004	C15H11ClO4
379.0828	221.12	0.9822278258841507	0.24094285485239103	C19H17ClN2O3
291.0849	209.3	0.9600387310058314	-0.3652480160062896	C15H14O6
291.1935	24.81	0.9600387310058314	0.443997224695455	
379.2488	35.89	0.9600387310058314	-0.44505813514884845	C22H34O5
379.2682	24.68	0.9600387310058314	1.3529483304493894	
379.7505	35.76	0.9600387310058314	1.2761963855283704	
336.2017	26.92	0.9941118802538721	-0.05036090685715407	
291.963	201.12	0.9600387310058314	-1.047022514972049	
336.8899	200.86	0.9600387310058314	0.9139716058209708	
430.8712	200.86	0.9600387310058314	-0.36157598576316824	
336.9857	217.44	0.9600387310058314	0.4329562301110851	
292.0161	269.57	0.9600387310058314	-0.7839580996222468	
337.0356	33.26	0.9600387310058314	1.134844701587099	
380.0615	36.02	0.9600387310058314	-0.39876553141169463	
380.0852	221.12	0.9600387310058314	0.3777366326369702	C19H17ClN2O3
380.2518	35.89	0.9600387310058314	-1.6792199615003367	C22H34O5
431.8745	200.86	0.9600387310058314	-0.47449956271352456	
292.1756	27.19	0.9941118802538721	-0.10592126110079741	C15H20O5,C16H16N4O
292.2017	24.68	0.9600387310058314	0.6604623933066397	
292.9597	214.42	0.9973211563775819	-0.015716305008241928	
432.0844	240.75	0.9600387310058314	-0.6513196434045327	C18H23FINO2
432.2803	34.97	0.9600387310058314	0.4259821277899392	
432.2803	48.17	0.9600387310058314	0.7709353694303305	
381.9368	204.67	0.9600387310058314	1.3957087052237147	
293.0803	209.43	0.9600387310058314	-0.6682998765365914	C18H12O4
432.8691	200.73	0.9600387310058314	1.2269200652075707	
338.0196	214.55	0.9600387310058314	0.44734482023074496	C6H8N3O7P2
338.0196	219.54	0.9600387310058314	1.0830558604621325	
433.2838	34.97	0.9817443087154	-0.27433131404554806	
433.2838	48.3	0.9862845799915317	-0.20114626235111868	
293.9475	188.85	0.9941118802538721	0.05749683757400364	
433.8729	200.86	0.9600387310058314	0.3675879953193392	
294.0483	388.93	0.9941118802538721	-0.12169012117353048	
434.125	221.64	0.9600387310058314	0.5843436091784634	C20H21N5O3S
434.3125	24.81	0.9958611884990988	0.030530256686785474	
434.7593	35.89	0.9822278258841507	0.24125785455763124	
434.8675	200.73	0.9600387310058314	0.9266566445271532	
339.0232	214.55	0.9600387310058314	1.116607766531934	C6H8N3O7P2
339.0232	219.67	0.9600387310058314	-0.7598188207352774	
339.0486	197.16	0.9956215132692869	0.03356363912341909	C14H13Cl2NS
339.0486	205.19	0.9890719170568427	-0.15783942954131439	C14H13Cl2NS
436.2831	28.37	0.9767329745728434	-0.2972263197161332	
436.775	36.54	0.9600387310058314	0.9157996746122428	
339.996	198.86	0.9600387310058314	-0.5830873175273166	
339.996	203.22	0.9600387310058314	-0.6698797791365567	
385.1128	270.39	0.9600387310058314	1.1000496752858095	C17H20O10
295.0339	162.16	0.9600387310058314	0.549775098236767	
437.9732	198.99	0.9600387310058314	-0.43674244894701986	
437.9732	202.83	0.9600387310058314	-0.7360650416031445	
295.0777	357.51	0.9973211563775819	0.011714071504640261	
386.8172	199.52	0.9822278258841507	-0.2616161883849326	
386.8172	201.91	0.9858388504276978	-0.20268691333721545	
340.9929	203.49	0.9600387310058314	-2.413662412935137	
295.9488	202.44	0.9600387310058314	-1.2818854801024824	
341.0285	238.0	0.9930330439461953	-0.15016491534055848	
341.0445	205.19	0.9742680206461036	-0.31732016187765316	
296.0089	33.26	0.9600387310058314	0.7065516086710987	
341.1489	270.52	0.9600387310058314	1.9685814451076715	
387.0447	388.93	0.9600387310058314	1.0051691419583444	
387.0849	159.54	0.9600387310058314	1.067465652721071	
387.18	25.87	0.9600387310058314	-0.4152087817225814	C22H26O6
441.0568	204.93	0.9600387310058314	-0.4201754568673122	C19H18N2O5S2
441.1521	28.1	0.9600387310058314	0.678995953379004	C22H26O8
296.9261	29.15	0.9600387310058314	-0.8807686990764279	
296.9281	199.52	0.9600387310058314	-0.3649142095249434	
296.9281	202.44	0.9600387310058314	-1.0145902942459193	
296.9456	199.26	0.9600387310058314	0.589439441061732	
296.9456	202.57	0.9941118802538721	-0.04805911824209427	
388.0804	363.03	0.9600387310058314	0.8484989502836072	
388.1834	25.87	0.9973211563775819	0.01872331434852991	C22H26O6
388.2541	34.97	0.9600387310058314	0.4671549842604513	
388.2541	46.72	0.9600387310058314	0.7290437250833449	
297.0492	187.41	0.9613465272436204	-0.3511841106246254	C13H10N2O5
297.0798	221.51	0.9600387310058314	0.6313454463050953	C9H14N4O6
297.1016	30.21	0.9600387310058314	1.5436449248006472	
342.1526	270.78	0.9600387310058314	-0.5803100541330808	
342.1693	240.1	0.9817096562203791	0.280301171073321	
443.2726	35.89	0.9800830987882373	-0.28413286332573157	
297.1908	31.16	0.9822278258841507	-0.24891272831999106	
443.7742	35.89	0.9600387310058314	0.7878520959877177	
444.1527	310.83	0.9600387310058314	0.757882282600015	C19H19N7O6,C19H27N3O5S2,C19H19N7O6
342.9704	192.69	0.9600387310058314	1.0571011459017436	
342.9704	203.88	0.9821873699680559	-0.27262103010637684	
444.2756	35.89	0.9600387310058314	0.7117651702833254	
444.9602	214.16	0.9890719170568427	-0.17245740723280495	
298.0221	205.32	0.9600387310058314	0.41686209177057787	C14H13Cl2NS
298.0333	209.3	0.9600387310058314	-1.149768670530136	
389.0803	159.4	0.9600387310058314	1.5886417425142871	
445.0748	204.01	0.9941118802538721	-0.05310209848789564	
389.2576	34.97	0.9600387310058314	0.41039862043625774	
389.2576	46.72	0.9600387310058314	-0.5477225575051664	
445.2882	36.41	0.975565733261409	-0.3126403577347229	
445.7899	36.41	0.9600387310058314	-1.2281551254424035	
343.2955	37.99	0.9600387310058314	1.031358727062861	
298.0833	221.51	0.9600387310058314	0.6009236302832827	C9H14N4O6
298.0968	34.58	0.9941118802538721	0.058333407069391975	C11H15N5O3S
298.2224	30.77	0.9600387310058314	-0.5434508449057858	
446.2911	36.54	0.9600387310058314	-1.0102470370984822	
446.296	31.95	0.9600387310058314	0.527686062572109	
344.0364	270.1	0.9600387310058314	1.2046669812465352	C14H9ClF3NO2
390.7329	35.49	0.9600387310058314	-0.7607457639121984	
344.2279	34.84	0.9600387310058314	0.4700975000947551	
344.2279	45.24	0.9600387310058314	0.7159062830256473	
448.0779	158.49	0.9600387310058314	1.0393060075488574	
299.0439	238.39	0.9890719170568427	-0.18276558880685934	C12H10N2O5,C9H11FN2O6
299.0649	301.11	0.9600387310058314	1.0795868253939263	
448.9552	362.5	0.9600387310058314	-1.910588397867501	
391.058	266.81	0.9600387310058314	1.3017391039525215	
299.2581	32.34	0.9600387310058314	-0.6610917111659398	
345.2314	34.84	0.9600387310058314	0.9778610777686204	
300.0431	232.05	0.9600387310058314	-3.7208541934702883	
450.0747	388.8	0.9973211563775819	0.01315543681032	
392.7486	36.02	0.9822278258841507	-0.24704440577713654	
300.2017	34.84	0.9600387310058314	0.5269639419683688	
451.1891	251.52	0.9600387310058314	-1.7913325872480297	C24H31ClO6
347.0941	267.07	0.9600387310058314	1.86739241960709	
393.0193	35.36	1.0	-6.213343420900305e-05	
452.1278	209.3	0.9677683690429246	-0.335465739182012	
393.0621	220.46	0.9600387310058314	0.8477963006005566	
393.2504	36.02	0.9600387310058314	-2.457895372329227	
348.0976	267.07	0.9600387310058314	0.6792717613461774	
467.3014	36.68	0.9822278258841507	0.2531215665855669	
452.9848	209.3	0.9600387310058314	-1.5630297758078706	
452.9948	35.23	0.9600387310058314	-0.7936839343054681	
467.803	36.68	0.9600387310058314	0.6131783500089052	
467.9999	362.64	0.9600387310058314	-1.6557657697998813	
467.9999	363.69	0.9767329745728434	-0.29654568045961127	
453.947	202.04	0.9600387310058314	-1.437255873038617	
469.0179	389.06	0.9600387310058314	0.6298000407812351	
560.3278	34.97	0.9600387310058314	0.9511357409836937	
469.1801	360.14	0.9600387310058314	0.7313388498395124	
469.1801	365.82	0.9973211563775819	-0.014563546755945367	
454.9447	202.04	0.9600387310058314	-1.4905891191449228	
454.9887	35.23	0.9600387310058314	0.6169971452574902	
454.9887	52.66	0.9600387310058314	1.0424250784821203	
395.2922	24.81	0.9600387310058314	1.3918285442518772	
455.1606	268.91	0.9600387310058314	-0.9609826853613335	C24H29ClO5,C22H28N2O5S
455.2487	34.84	0.9600387310058314	1.6285638280962946	C20H38O11,C24H38O6S
455.9454	202.04	0.9600387310058314	-1.4546486022576859	
470.0188	388.8	0.9600387310058314	-0.7565502064827176	
455.9804	425.87	0.9600387310058314	-0.837696278118037	
561.024	35.76	0.9600387310058314	-0.41700522184881	
561.024	202.96	0.9890719170568427	0.16122341703474974	
561.3313	31.42	0.9600387310058314	0.504014863683267	
561.3313	34.97	0.9600387310058314	2.1903662460560365	
561.3582	35.89	0.9600387310058314	-1.3739006096263513	
471.0158	388.93	0.9941118802538721	0.0732293898139961	
396.2941	24.81	0.9600387310058314	-0.4989233009420463	
458.2961	28.24	0.9600387310058314	1.4152647043743067	
458.3325	28.1	0.9600387310058314	0.5601221323273411	
472.2753	34.84	0.9600387310058314	1.3365712199135917	
473.1712	252.31	0.9600387310058314	-3.244289218859609	C24H31ClO6
474.0314	220.2	0.9828038438114745	-0.21589267825254027	
564.359	35.23	0.9600387310058314	0.695464275989057	
564.359	54.5	0.9600387310058314	0.7283431428510835	
460.3117	28.76	0.9600387310058314	0.43083466356679706	
397.9108	203.88	0.9600387310058314	-1.4856116175303078	
475.0647	35.63	0.9767329745728434	0.3013936565361365	C20H20O10S
475.0647	220.33	0.9600387310058314	0.533901336915016	
461.0489	203.49	0.9890719170568427	0.15792030741996965	
461.0858	220.72	0.9600387310058314	-0.611482354035859	C25H16O9
565.3625	35.23	0.9600387310058314	0.8990488099579426	
565.3625	53.97	0.9600387310058314	0.5514712235158148	
462.0455	203.49	0.9600387310058314	-0.5106492236810551	C19H18N2O5S2
398.0428	228.37	0.9600387310058314	0.5443450814161712	
476.3037	35.1	0.9600387310058314	0.4319636393260149	
476.3037	49.61	0.9862845799915317	-0.1968185765845107	
566.3647	35.23	0.9767329745728434	0.3008239447040639	
398.2406	24.81	0.9941118802538721	0.04996711414746455	
476.9708	35.36	0.9941118802538721	0.07651037245183721	
476.9708	52.66	0.9941118802538721	0.0536710164902242	
477.0228	202.96	0.9890719170568427	0.18145568451293298	
477.1425	269.18	0.9735584660022479	-0.3271647132742935	
566.9654	362.64	0.9767329745728434	-0.29598655045433936	
399.0275	36.02	0.9862845799915317	0.19667217235052187	
399.0275	52.92	0.9827098131140797	0.2183636622994255	
477.3098	35.1	0.9600387310058314	0.8254408367117118	
477.3098	49.61	0.9941118802538721	0.07985998563159821	
477.973	35.36	0.9600387310058314	-1.6192212867234164	
478.0201	203.09	0.9600387310058314	1.1122891016314098	
464.8776	190.72	0.9600387310058314	-0.6450294488891672	
464.8776	193.22	0.9600387310058314	-0.4587751620542644	
464.8776	195.97	0.9600387310058314	0.7983804156433821	
399.2463	35.49	0.9600387310058314	0.9511594651294598	
399.748	35.63	0.9600387310058314	0.5479472948153455	
399.748	63.46	0.9600387310058314	1.421030488867897	
568.3614	29.15	0.9828008265939742	-0.21722562304461265	
568.3614	34.84	0.9600387310058314	1.0899404451704087	
465.2857	36.15	0.9600387310058314	1.0921138636557948	
465.7874	36.15	0.9600387310058314	0.8690680162572246	
568.863	29.29	0.9941118802538721	0.08653321505887575	
568.863	34.84	0.9600387310058314	2.1335275100888724	
480.3092	28.5	0.9600387310058314	1.4355158065516052	C23H46NO7P
480.3092	34.58	0.9600387310058314	1.3682533546077278	
466.2888	36.28	0.9600387310058314	0.7417076669416016	
480.8109	28.63	0.9941118802538721	-0.10726004228809449	
570.0499	220.06	0.9600387310058314	-0.39807577462848925	
571.0532	220.2	0.9883571424342104	0.18932884283120446	
482.3245	127.58	0.9600387310058314	0.6819271718598915	C23H48NO7P,C25H43N3O6
572.0656	214.94	0.9600387310058314	-0.7343088674447608	
485.2894	24.81	0.9637324233482023	0.3415326936229094	
486.9762	217.44	0.9600387310058314	0.7681807869659844	
575.3513	35.36	0.9600387310058314	1.3927460449657458	
575.6993	35.89	0.9600387310058314	-0.8015321107474886	
487.2988	36.41	0.9941118802538721	-0.0647058759758547	
487.3526	122.19	0.9600387310058314	0.9979254237302257	
487.8004	36.41	0.9600387310058314	0.9193728006873069	
488.0468	220.2	0.9600387310058314	-0.4479892913256388	
576.0337	36.15	0.9600387310058314	-2.332788338455627	
488.3008	36.54	0.9600387310058314	0.8855576295325557	
488.356	122.33	0.9600387310058314	0.997524129222653	
577.3668	38.51	0.9600387310058314	1.5758751482031825	
577.8696	38.51	0.9600387310058314	1.7850914603777173	
489.0502	220.2	0.9600387310058314	-0.45416474622538744	
489.3144	37.07	0.9600387310058314	0.7446715636210307	
489.8161	37.07	0.9600387310058314	0.469790516622105	
672.006	217.44	0.9600387310058314	0.707554293467782	
490.0624	214.81	0.9600387310058314	-0.5300169575551776	
582.0727	35.63	0.9883571424342104	0.1850268594783618	
582.0727	52.92	0.9822278258841507	-0.2520890955423224	
582.9951	217.18	0.9600387310058314	1.2380845490719772	
494.3245	126.79	0.9600387310058314	0.7828354426653591	C24H48NO7P,C24H48NO7P
584.0292	214.94	0.9941118802538721	0.10488999084170328	
584.0292	219.54	0.9600387310058314	-0.4520926802869038	
674.4437	35.49	0.9600387310058314	0.529310713896905	
674.7784	35.36	0.9600387310058314	-0.9560037610706656	
704.1289	35.76	0.9600387310058314	0.4010092776995538	
704.2127	24.02	0.9890719170568427	-0.17348998956345932	
704.5399	150.58	0.9600387310058314	1.5049760943571444	
500.874	363.16	0.9600387310058314	0.6820482967817598	
500.9919	217.83	0.9822278258841507	0.2623185078661492	
501.9952	217.44	0.9822278258841507	0.24144899911410622	
502.0261	214.94	0.9822278258841507	0.26741922090406045	
502.0261	219.41	0.9941118802538721	0.10681420222098215	
502.1852	240.62	0.9890719170568427	-0.1785407621508112	
502.3161	24.94	0.9822278258841507	0.26949962770342994	
502.3222	28.24	0.9600387310058314	1.4659724067128357	
502.3222	35.1	0.9600387310058314	1.5255017545386076	
502.8239	28.63	0.9600387310058314	0.8648835545570064	
502.8239	34.71	0.9822278258841507	0.22728405292777112	
590.3749	36.28	0.9600387310058314	0.9502186023705465	
503.1176	360.4	0.9600387310058314	-1.9454505404614881	
503.1176	361.19	0.9600387310058314	1.0527733120435572	
503.1176	365.13	0.9600387310058314	0.7891908545748179	
590.709	36.28	1.0	0.0020980989452389497	
590.876	29.42	0.9600387310058314	-2.0100654597578593	
590.876	34.84	0.9600387310058314	1.288336496196977	
504.1155	360.4	0.9600387310058314	-1.7039251117225678	
504.1155	365.26	0.9822278258841507	-0.22838787558556645	
591.3783	36.28	0.9600387310058314	-0.456211318220797	
504.338	29.02	0.9600387310058314	1.6862686544885828	
678.291	269.04	0.9600387310058314	1.9041844862327473	
678.4269	28.24	0.9600387310058314	1.206237307534318	
678.4269	30.34	0.9767329745728434	0.30452173978369296	
678.4269	35.1	0.9600387310058314	0.5832012235379546	
678.4269	38.12	0.9600387310058314	1.622363097415163	
678.7924	268.65	0.9600387310058314	1.039494511320304	
509.3119	36.54	0.9941118802538721	0.06985532662429614	
509.8137	36.68	0.9941118802538721	-0.09158981381359436	
597.0107	217.83	0.9600387310058314	0.8097608758186391	
598.0141	217.83	0.9600387310058314	0.6351110834894486	
678.9286	30.34	0.9828038438114745	0.21521107385407787	
678.9286	31.42	0.9600387310058314	0.5441257620261458	
678.9286	35.1	0.9600387310058314	1.1320236424478045	
511.3276	37.2	0.9600387310058314	0.761324361047247	
599.0157	217.83	0.9973211563775819	-0.013989854546721968	
511.8293	37.2	0.9600387310058314	1.2485122620104574	
679.0137	217.83	0.9600387310058314	0.8362272214605095	
512.8745	200.73	0.9600387310058314	-0.37907586887665506	
513.1062	228.11	0.9822278258841507	-0.24473573801260595	
514.8327	200.73	0.9600387310058314	-2.046905542374904	
514.8724	200.73	0.9941118802538721	0.13903895841861477	
679.5154	217.31	0.9600387310058314	1.0335873510741422	C40H70O8
603.5226	200.18	0.9600387310058314	-0.44076446714609824	
603.5226	202.17	0.9600387310058314	-1.571798543895216	
515.1609	240.88	0.9600387310058314	-1.7465840331816531	
515.1609	250.86	0.9941118802538721	-0.12717037334444314	
604.3539	35.1	0.9600387310058314	0.8062052534236148	
604.3539	50.95	0.9941118802538721	0.04433413297652562	
605.0504	36.54	0.9822278258841507	0.2574899188151195	
516.1282	221.12	0.9956215132692869	0.033254998668892824	
516.3016	34.84	0.9600387310058314	1.050990511590712	C26H45NO7S,C26H45NO7S
605.3573	35.1	0.9600387310058314	2.213408822224996	
605.3573	50.82	0.9600387310058314	0.45214695441675534	
605.3845	36.41	0.9600387310058314	2.508512510908474	
516.8308	200.86	0.9600387310058314	-1.167499816954973	
680.0171	217.83	0.9600387310058314	0.689210168765307	
516.9976	35.36	0.9890719170568427	0.1705084772971458	
517.0123	217.83	0.9600387310058314	1.1715106199012555	
517.305	34.84	0.9600387310058314	0.9516845030661757	C26H45NO7S,C26H45NO7S
517.3309	35.36	0.9600387310058314	0.4779695839527366	
518.0157	217.7	0.9600387310058314	1.2393772343063798	
518.3536	28.37	0.9600387310058314	0.7537948616019413	
608.3853	35.36	0.9600387310058314	0.6118092776651254	
608.3853	57.16	0.9600387310058314	0.7353617139684427	
609.3887	35.36	0.9600387310058314	0.6396440215191842	
521.3363	35.1	0.9600387310058314	0.5799913359721411	
521.3363	51.87	0.9742680206461036	0.31675335951669115	
610.3911	35.36	0.9941118802538721	0.09052852199206571	
523.0984	240.1	0.9600387310058314	-0.5798438080606538	
523.0984	251.91	0.9600387310058314	0.43598178206327	
610.8514	200.86	0.9600387310058314	1.1141659268837325	
611.3142	124.3	0.9600387310058314	0.9062057027575408	C37H42N2O6
524.0228	35.23	0.9822278258841507	0.2296224633788868	
524.0228	52.66	0.9600387310058314	0.5976709346352543	
681.0189	217.7	0.9600387310058314	0.7992169595281206	
524.3352	28.89	0.9600387310058314	-0.8807460404780136	
524.3352	34.71	0.9600387310058314	2.66634104485366	C28H41N7O3
524.8369	28.89	0.9600387310058314	-0.5066438845980235	
524.8369	34.71	0.9600387310058314	-0.4545048989673045	
525.0252	35.23	0.9600387310058314	0.54402045466428	
525.0252	52.66	0.9600387310058314	0.5280244962935877	
526.024	35.1	0.9862845799915317	-0.19893292914840607	
526.024	52.66	0.9941118802538721	0.12430675804915212	
526.0979	360.27	0.9600387310058314	0.7086167943300414	
526.0979	365.95	0.9600387310058314	-0.997198865463806	
526.1223	241.28	0.9600387310058314	0.7114106063392902	
526.1223	250.47	0.9822278258841507	-0.23440306040694808	
612.3877	29.68	0.9600387310058314	-0.6463068763625682	
612.3877	34.97	0.9600387310058314	1.4006762335544878	
527.1425	278.14	0.9600387310058314	-0.9366120118045916	
527.1782	257.59	0.9600387310058314	1.2444001525264903	
612.8094	200.73	0.9600387310058314	0.8559568124048085	
612.8498	200.73	0.9600387310058314	-1.4583061361261263	
612.8894	29.81	0.9600387310058314	-1.7274905254811097	
612.8894	34.97	0.9600387310058314	0.6818139583177771	
528.0172	34.84	0.9600387310058314	-0.36158507813450574	
528.0172	52.66	0.9600387310058314	0.6776427408082256	
528.3933	124.43	0.9600387310058314	0.92350507713651	
528.8483	200.86	0.9600387310058314	-0.6826892331338497	
529.8517	200.73	0.9600387310058314	-3.419750930560756	
530.3475	24.81	0.9600387310058314	-0.37827757203807855	
708.0989	220.46	0.9933179357116616	-0.14591145566842756	
530.403	124.43	0.9600387310058314	0.9273753623094515	
530.8465	200.86	0.9847403615754785	-0.2079685296004329	
531.1241	240.1	0.9600387310058314	-0.6422523553570534	
531.1241	251.39	0.9600387310058314	0.48510312545786216	
531.325	36.81	0.9600387310058314	0.6560748465833796	
531.4057	124.43	0.9600387310058314	0.8945385558035263	
531.6729	35.49	0.9600387310058314	0.9761373601680573	
531.8267	36.68	0.9600387310058314	1.3157139252201604	
708.2139	221.51	0.9600387310058314	0.43928191625034957	
618.2358	240.1	0.9600387310058314	-1.2386064597108781	
618.2358	251.52	0.9600387310058314	0.7047921792197264	C33H36N3O7P
618.7376	240.23	0.9600387310058314	-1.4635246140100395	
618.7376	251.78	0.9941118802538721	-0.13074362139499185	
532.8449	200.73	0.9600387310058314	0.900565180332679	
619.2361	240.49	0.9600387310058314	-0.40709041621147096	
619.2361	251.91	0.9600387310058314	-0.3800037523274706	C33H36N3O7P
619.7256	36.81	0.9600387310058314	1.6100830976127372	
533.3407	37.73	0.9600387310058314	1.8287686298083115	
533.8424	37.86	0.9600387310058314	1.871728667649689	
620.06	36.68	0.9600387310058314	2.3863949441795067	
620.394	36.94	0.9822278258841507	-0.22721270707759592	
536.1216	241.02	0.9600387310058314	-1.0803159946495127	C20H22N8O6S2
536.1216	251.52	0.9600387310058314	0.5242525394049046	C20H22N8O6S2
537.117	240.62	0.9742680206461036	-0.3161221385161103	
537.117	251.13	0.9742680206461036	0.31644691558582505	
625.0922	220.46	0.9600387310058314	-0.5577516164145653	
538.1192	251.65	0.9600387310058314	0.9605864074845645	
625.9852	216.52	0.9600387310058314	1.0542520323319928	
625.9852	219.01	0.9600387310058314	1.924317551991879	
626.8253	200.73	0.9600387310058314	1.9641945602205906	
627.8286	201.12	0.9600387310058314	-2.414991098547756	
628.824	200.73	0.9600387310058314	0.9852399925073712	
629.2268	239.31	0.9941118802538721	-0.10813340916445757	
629.2268	253.23	0.9600387310058314	1.3520309377801063	
541.049	34.97	0.9600387310058314	0.3753142309962346	
541.049	52.79	0.9941118802538721	0.10676685187705927	
630.4176	30.07	0.9600387310058314	-0.77498494618575	
630.4176	35.23	0.9600387310058314	-1.1831428949125593	
542.9657	363.16	0.9600387310058314	-1.1457138774973088	
543.089	220.59	0.9600387310058314	-0.501020063607067	
545.0182	216.91	0.9941118802538721	-0.04763922093983004	
545.1654	362.24	0.9600387310058314	-0.5430167607922222	C27H28O12
546.3485	35.49	0.9600387310058314	0.6769697758102027	
546.6831	35.76	0.9973211563775819	-0.010059205815191078	
546.8501	29.02	0.9600387310058314	0.37226904420292656	
546.8501	34.71	0.9600387310058314	1.0715202788257494	
634.9023	30.07	0.9600387310058314	-0.46183111150887823	
634.9023	34.97	0.9941118802538721	0.07696965640697588	
635.4042	28.24	0.9941118802538721	-0.10347635260862124	
635.4042	29.81	0.9600387310058314	-1.0696338171964357	
635.4042	34.97	0.9956215132692869	-0.03349227808229922	
635.4042	36.81	0.9600387310058314	0.37424907388668016	
547.3523	28.24	0.9600387310058314	1.0894279069110953	
547.3523	34.97	0.9600387310058314	-0.42479461908707294	
548.3642	29.15	0.9600387310058314	0.8699059748741572	
638.0122	217.83	0.9600387310058314	1.2774806221522117	
638.5139	217.44	0.9600387310058314	1.2107720390069678	
551.3816	124.43	0.9600387310058314	0.8790595773426714	
551.9241	202.04	0.9600387310058314	-1.324897974841572	
640.9325	363.16	0.9600387310058314	0.38482225593479386	
552.3849	124.3	0.9600387310058314	0.8888038009331618	
553.338	35.36	0.9600387310058314	0.7184129190872797	C30H48O9
553.338	37.2	0.9600387310058314	1.353370161486991	C30H48O9
643.1328	362.5	0.9600387310058314	-0.5529907541300079	
644.135	362.64	0.9822278258841507	-0.23952047741898752	
555.3538	37.86	0.9600387310058314	1.7964003096395058	C30H50O9
555.8554	37.99	0.9600387310058314	1.7639585964935895	
645.0931	35.36	0.9600387310058314	-1.2284394346073328	
645.1293	362.11	0.9600387310058314	-0.9250134274118431	
645.4277	35.23	0.9600387310058314	-0.5144438358712966	
556.0343	220.2	0.9600387310058314	-0.5121967496123	
711.2691	252.18	0.9600387310058314	-0.3576329263218005	C44H34N4O4
648.3802	35.1	0.9600387310058314	0.768631515182595	
648.3802	52.79	0.9600387310058314	0.5016336998109164	
649.0762	37.2	0.9600387310058314	1.020814063872631	
649.3834	35.1	0.9600387310058314	1.1037168744034496	
649.3834	53.32	0.9600387310058314	0.600117557859816	
649.4109	37.33	0.9600387310058314	1.5390655963051618	
650.9826	216.91	0.9767329745728434	-0.30782607923208544	
651.3068	124.16	0.9600387310058314	0.8686820608079358	
652.0529	220.06	0.9600387310058314	-0.4388142820391166	
652.3091	124.16	0.9600387310058314	0.8504267403906492	
653.0563	219.93	0.9847403615754785	-0.21022322689441816	
654.0685	214.81	0.9600387310058314	-1.3029439734565431	
656.414	30.21	0.9941118802538721	-0.0802078423234934	
656.414	34.97	0.9600387310058314	1.5021648805994066	
656.9154	30.21	0.9600387310058314	-0.8422776707074693	
656.9154	34.97	0.9600387310058314	0.4964795526337001	
659.7685	35.49	0.9941118802538721	0.045119464950332665	
660.103	35.36	0.9822278258841507	-0.2334369638002571	
713.0073	217.44	0.9600387310058314	0.6788994275234458	
689.4537	35.63	0.9600387310058314	-1.3540400520208955	
663.7517	37.73	0.9600387310058314	2.282287332782014	
664.9981	217.18	0.9600387310058314	0.7566187265780039	
666.0321	215.21	0.9822278258841507	0.26560822178769744	
666.0321	219.41	0.9600387310058314	1.211566444460639	
760.361	242.72	0.9822278258841507	0.2343444902791512	
760.5049	28.5	0.9600387310058314	0.7526833599832671	
760.5049	34.84	0.9600387310058314	0.9923143697597293	
760.9987	28.5	0.9600387310058314	0.35737737455143864	
760.9987	34.84	0.9600387310058314	1.8373850655339916	
761.0168	217.44	0.9600387310058314	1.0070180252578302	
761.4989	28.5	0.9600387310058314	-1.325664901250544	
761.4989	34.71	0.9600387310058314	-1.1355388482723463	
761.5185	217.83	0.9600387310058314	1.079244428360491	
692.4063	35.23	0.9600387310058314	0.4169437511834676	
692.4063	55.98	0.9600387310058314	0.676143697481333	
762.0202	217.44	0.9600387310058314	1.0359029483598188	
735.0602	220.06	0.9600387310058314	-2.2843834883715903	
735.1747	221.12	0.9941118802538721	-0.06191525670314272	
693.4095	35.23	0.9600387310058314	1.0976268543666494	
693.4095	55.58	0.9941118802538721	-0.07745711200396713	
716.4767	28.37	0.9600387310058314	-0.373350586699584	
716.4767	34.71	0.9941118802538721	-0.08343281342952569	
763.022	217.18	0.9600387310058314	1.0669488484701497	
763.022	217.96	0.9600387310058314	0.8011950584966574	
716.9804	28.5	0.9941118802538721	0.134931945475891	
716.9804	34.71	0.9600387310058314	1.3882923105430982	
736.0634	220.2	0.9600387310058314	0.8375714911763871	
736.0714	215.08	0.9600387310058314	-0.5101690302085466	
694.4636	28.5	0.9767329745728434	0.2999752757541156	C35H68NO10P
694.4636	34.71	0.9600387310058314	0.3567057234040805	
736.4325	35.36	0.9890719170568427	0.1731422342654735	
736.4325	58.87	0.9600387310058314	0.6043610872425434	
718.0233	135.24	0.9600387310058314	0.7183659688843834	
737.4359	35.36	0.9600387310058314	1.1944938565092826	
718.8036	35.89	0.9600387310058314	0.7004265953506017	
737.7863	240.62	0.9600387310058314	-1.1008990524514148	
737.7863	250.99	0.9600387310058314	-0.3841832829630138	
766.4798	28.37	0.9941118802538721	0.10481562315892931	
766.4798	35.36	0.9600387310058314	-1.0626516836147417	
738.4912	28.5	0.9600387310058314	-1.6810200687942203	C41H68O11
738.4912	34.71	0.9600387310058314	-0.6596178015896577	
738.7857	240.62	0.9600387310058314	-1.2038489917360964	
738.7857	251.26	0.9600387310058314	-0.48421876033180616	
697.4411	35.63	0.9600387310058314	0.42473405968605554	
697.4411	63.59	0.9600387310058314	1.137880785637252	C38H65O9P
738.9936	28.5	0.9600387310058314	1.5398689716851226	
738.9936	34.71	0.9600387310058314	2.4713364890500906	
739.1012	135.54	0.9600387310058314	0.7852917637382214	
720.0152	217.83	0.9600387310058314	0.8094938612766192	C15H25N5O20P4
739.4835	28.63	0.9600387310058314	1.3339630954331045	C38H65NO8S
739.4835	34.71	0.9600387310058314	-0.37900931210975797	
720.5168	217.44	0.9600387310058314	0.3696867163136779	
768.226	251.13	0.9600387310058314	1.4639354646937628	
768.538	24.81	0.9794933368920459	0.29175399467079294	
740.2853	241.15	0.9600387310058314	-1.2640656773909467	
721.018	217.18	0.9600387310058314	-2.622462773818476	C15H25N5O20P4
769.5003	28.63	0.9600387310058314	1.2863239244231712	
769.5003	34.84	0.9600387310058314	0.5108040153205861	C38H72NO12P
769.5412	24.81	0.9600387310058314	0.66316913266128	
721.6364	220.85	0.9600387310058314	-0.6611843544505034	
741.2834	240.49	0.9600387310058314	-0.5376718985730057	
741.2834	250.99	0.9600387310058314	1.0558526693303896	
741.4674	35.89	0.9600387310058314	1.9837387155950978	
741.4674	67.7	0.953239391832576	4.130070328521881	C40H69O10P
700.4403	35.1	0.9600387310058314	1.0591767792755673	
700.9415	35.23	0.9600387310058314	-0.9207832642482765	
771.2233	241.28	0.9600387310058314	-1.180817324477952	
773.2201	241.54	0.9600387310058314	-2.1411213720273516	
789.9911	216.13	0.9941118802538721	0.08943312101423297	
789.9911	218.75	0.9827098131140797	0.22095723428884195	
774.2208	241.02	0.9600387310058314	-1.8691114836424674	
774.2208	243.77	0.9767329745728434	0.29877159171042683	C33H41O21
774.2208	250.86	0.9890719170568427	-0.16438513191333207	
744.968	35.23	0.9600387310058314	1.0801341039057917	
726.8025	200.73	0.9600387310058314	-2.056549819742474	
747.0012	217.44	0.9600387310058314	0.47784929544644206	
776.5065	219.8	0.997271732193718	-0.026841421735427758	
747.0703	35.23	0.9600387310058314	2.629364377746487	
795.0107	217.83	0.9941118802538721	-0.13654047129540503	
748.0035	217.96	0.9827098131140797	-0.22023642416688943	
748.0356	215.08	0.9600387310058314	0.8297981293628532	
748.0356	219.8	0.9600387310058314	-0.3949348012374166	
748.5709	35.36	0.9600387310058314	-0.5049131899449346	
749.2758	239.18	0.9600387310058314	-0.8572224196048125	
749.2758	253.23	0.9941118802538721	-0.06839312227730966	
780.4588	35.49	0.9600387310058314	0.7528046848518752	
780.4588	62.28	0.9600387310058314	0.8559453472427625	
802.0185	217.83	0.9623233774158989	0.34591379328421223	
803.0209	217.57	0.9600387310058314	-1.2113870945622185	
751.5113	24.81	0.9600387310058314	0.9473981788642271	C46H70O8
804.531	28.76	0.9600387310058314	1.041512645884271	
804.531	34.97	0.9600387310058314	1.1924781061137975	
782.5179	28.63	0.9600387310058314	-0.38431735207789575	
782.5179	34.84	0.9600387310058314	2.570702933097385	
805.0325	28.76	0.9600387310058314	-0.511125893706907	
805.0325	34.97	0.9600387310058314	1.421099034900372	
805.5295	28.63	0.9600387310058314	1.4367211258292694	
805.5295	34.97	0.9600387310058314	3.095081121128048	
783.0198	28.63	0.9600387310058314	0.4905002875330883	
783.0198	34.84	0.9600387310058314	2.048454157046368	
783.5211	28.63	0.9600387310058314	-0.7224607665444951	
783.5211	34.97	0.9600387310058314	-0.66760557038645	
753.2576	241.02	0.9600387310058314	0.37900999116629336	
753.2576	250.73	0.9817443087154	0.2741306692802526	
843.0199	217.83	0.9600387310058314	0.7014331079853862	
843.5215	217.44	0.9600387310058314	0.41936620210181974	
754.009	217.83	0.9941118802538721	-0.06609727811282269	
844.0233	217.44	0.9822278258841507	0.2667906648022444	
754.5106	217.57	0.9600387310058314	0.959019975709205	
848.5571	29.02	0.9941118802538721	0.057271224915608585	C48H79O10P
848.5571	35.1	0.9600387310058314	-0.8927493945778981	C48H79O10P
849.0589	29.02	0.9600387310058314	0.9604853366523648	
849.0589	34.97	0.9600387310058314	2.625133471522862	
849.5574	29.02	0.9600387310058314	0.729709603118208	C48H79O10P
849.5574	34.97	0.9600387310058314	0.9441043208843262	C48H79O10P
816.0594	219.93	0.9600387310058314	-0.7508079435537839	
856.3345	240.62	0.9600387310058314	-0.5121688260496339	
856.3345	250.99	0.9926362416903276	-0.15163494662352522	
856.8357	240.62	0.9822278258841507	-0.2711703270773489	
817.2444	361.72	0.9600387310058314	-1.871987354035398	
759.2675	252.83	0.9600387310058314	1.070239424709095	
870.5699	29.42	0.9600387310058314	-0.44806254161321885	
870.5699	35.1	0.9600387310058314	0.5139648665623292	
871.5715	29.29	0.9600387310058314	-0.7854170314984207	
871.5715	35.1	0.9600387310058314	1.0377279049846018	
824.485	35.76	0.9600387310058314	0.48536732239671027	
826.5438	28.89	0.9822278258841507	0.24470746808320468	
826.5438	34.97	0.9600387310058314	2.3130024398531646	
877.0134	217.04	0.9600387310058314	1.8692871780211011	
827.046	28.89	0.9600387310058314	-0.48775331750885315	
827.046	34.97	0.9941118802538721	-0.06283834261169187	
827.5419	28.76	0.9600387310058314	-0.38032589974749004	
827.5419	34.97	0.9600387310058314	0.5446059911243127	
828.5164	36.15	0.9600387310058314	0.47110387902136147	C45H71O9P
829.0044	217.31	0.9600387310058314	0.6288513560476315	
829.5398	219.41	0.9600387310058314	0.444557552060444	
884.0211	217.83	0.9890719170568427	0.17050410838089575	
830.0406	219.67	0.9941118802538721	0.08279625579298182	
884.5231	217.44	0.9941118802538721	-0.04530519936028473	
892.5828	29.81	0.9890719170568427	-0.16840480021323787	
892.5828	35.23	0.9742680206461036	0.3152376387575639	
893.0849	29.81	0.9600387310058314	-0.8548165207923043	
893.0849	35.1	0.997271732193718	0.02541362555687429	
893.5857	29.68	0.06381783040295484	-9.126769068423862	
893.5857	35.1	0.01724403112606376	-12.934060372715626	
914.596	30.07	0.9600387310058314	-1.1190045503055903	
914.596	35.23	0.9600387310058314	1.3357762296106526	
915.098	29.81	0.9600387310058314	-0.9449597407155762	
915.098	31.42	0.9600387310058314	-1.828358864336272	
915.098	35.23	0.9600387310058314	-1.7320416359586213	
925.023	217.44	0.9600387310058314	0.832161647618976	
925.5244	217.83	0.9600387310058314	1.0044976934635879	
926.0261	217.44	0.9600387310058314	-0.6331420547942769	
959.0162	216.91	0.9600387310058314	0.9674916360565132	
966.0243	217.31	0.9600387310058314	-1.4692928050548704	
966.5255	217.57	0.9600387310058314	1.2761378947201578	
976.3867	241.54	0.9600387310058314	-1.1542597553481277	
977.3833	241.54	0.9600387310058314	-1.1749241782674347	C44H64O24
978.384	241.41	0.9600387310058314	-1.3272120496607904	C44H64O24
978.384	250.47	0.9600387310058314	0.5918409657092999	C44H64O24
