m/z	rtime	p-value	t-score	custom_id
114.0666	22.62	0.9086980189285759	-0.27378212048657374	
174.0914	24.33	0.08011528767927868	8.601142284151772	
116.0623	38.8	0.7355864373590594	-0.7833168567378351	
268.1908	21.44	0.9461454698678132	0.15624089655216736	
268.1908	24.33	0.9181689851957701	-0.25135309339778833	
268.2637	58.16	0.3515436010566021	3.4534902653867263	
268.2637	228.51	0.5281798191728783	-1.7964040531418406	C18H32O
268.2716	200.85	0.46758361967598655	-2.7465690497791004	C18H34O
174.1315	40.65	0.5471170918784266	1.4738524923369556	
221.1758	176.09	0.5281798191728783	-1.9636554954836487	
221.1758	183.86	0.5281798191728783	-1.7648450969999698	
174.1359	176.35	0.5281798191728783	-1.6354997602182955	
174.1359	183.73	0.5281798191728783	-1.7833469063506535	
268.9976	1.24	0.8284508009617929	-0.5206820160103056	
270.2429	176.35	0.5281798191728783	-1.7027886188051957	
270.2429	183.86	0.5281798191728783	-1.771705572187797	
223.1541	24.72	0.6666377147031757	-1.0072552677307185	
223.8841	21.97	0.8126656554677145	0.5671562697095012	
271.2056	206.78	0.5281798191728783	1.7706159759671478	
271.2056	283.86	0.5471170918784266	1.4248140600927721	
271.2269	176.35	0.5281798191728783	-1.743719194628266	
271.2269	183.86	0.5281798191728783	-1.7412056972568783	C16H30O3
271.3189	141.57	0.8433005195899139	-0.47577066075661595	
176.066	23.28	0.5471170918784266	1.4514440865178009	
272.2221	181.76	0.5281798191728783	-1.8297676331199373	C16H28O3
272.2221	209.27	0.5281798191728783	-1.792875315204783	
224.1282	27.35	0.7684400559826473	-0.685468728932621	
272.3221	141.7	0.7470950344821942	-0.7530790836648575	
272.9442	20.78	0.8759540529351789	0.3680249661644824	
273.0911	29.71	0.5281798191728783	-2.188990754265689	
273.0911	46.84	0.6072281291501578	-1.1929636059003015	
273.0911	221.4	0.6996572835659406	-0.886320527430169	
273.0911	247.89	0.5281798191728783	-1.6159257507559446	
273.1697	25.91	0.8222174614542826	0.5357832417302526	
273.2537	27.88	0.5281798191728783	-1.8941803642834256	
273.9455	20.78	0.9604088118748193	0.1164677239557783	
119.0494	27.48	0.8573451261001231	-0.4315867277517892	C8H6O
119.0688	39.06	0.5876548760767067	-1.261281051141867	
274.2741	34.6	0.38682138301327795	-3.081383770218076	C16H35NO2
274.9418	20.92	0.9321676402298212	0.1974636337481239	
177.1275	37.09	0.38682138301327795	-3.05635846088153	
120.0528	27.35	0.9939742967755633	0.021149358941793057	C8H6O
120.0528	30.53	0.9936627661086679	-0.024292470065333503	C8H6O
177.1638	39.32	0.6362392843966568	-1.0845844199912307	
225.8811	22.23	0.8036701277132051	0.5935852016601044	
276.1442	24.99	0.23210998013848008	4.372753721358968	
226.1803	176.35	0.5281798191728783	-1.6965138141179248	
277.1283	27.61	0.373310614931865	-3.204937774515565	
178.1227	32.63	0.20935682658325105	4.631747742539091	
226.2167	174.77	0.5281798191728783	-2.064696108682645	
226.2167	181.36	0.5281798191728783	-2.052295403929991	C14H27NO
226.2167	204.39	0.5281798191728783	-1.6817946837076458	C14H27NO
226.2167	209.27	0.5281798191728783	-2.2309428046635205	C14H27NO
226.2167	228.51	0.5281798191728783	-1.7610553664226105	C15H26O
121.0399	22.75	0.8120776617109527	0.5703765383998566	
226.9516	21.05	0.5281798191728783	2.3210151359838145	C6H4Cl2O5
121.0844	24.59	0.11383661234493954	6.717413475645363	
179.0638	31.05	0.6142439919233383	1.1712875381800558	
277.9571	0.98	0.6286468122378067	-1.1373876720625262	
122.0687	65.15	0.8838766546226038	0.34085661333326805	
179.1625	26.96	0.6012626111423643	1.2181348712666453	C10H16
278.9033	1.37	0.5159735621289	-2.4190821494401193	
227.1835	176.35	0.5281798191728783	-1.7240632145870882	
227.1835	183.73	0.5281798191728783	-1.7670092358535188	
278.9539	0.98	0.5471170918784266	-1.4266804148959848	
278.9539	2.95	0.5438941116824695	-1.5201966223500594	
278.9652	21.18	0.5322843280063144	1.5938983179667843	
227.2119	176.35	0.5281798191728783	-1.8105003251001752	C12H22O
227.2119	183.86	0.5281798191728783	-1.746905455862821	
279.0934	30.24	0.8464376433615409	-0.4616401511401289	
227.9549	21.05	0.5454072535194348	1.5038346656881585	C6H4Cl2O5
279.1137	206.78	0.564439548634057	1.338695334975748	
180.1384	21.7	0.5471170918784266	-1.466643691207518	
123.0682	23.67	0.1296184798315429	-6.098921525316592	
180.1748	27.35	0.5281798191728783	-2.1685085627709824	
180.1748	175.96	0.5281798191728783	-1.71473128365002	
180.1748	184.12	0.5281798191728783	-1.732939655409434	
123.941	22.75	0.6999873521984414	-0.8833095051657021	
181.1086	22.49	0.04747188461386399	11.6230523187216	
229.1185	22.75	0.49907298053754373	2.5511577503151357	
280.1756	24.86	0.6725848385878552	0.9649472381550838	
124.0589	23.28	0.6347202159528718	-1.1004807636479874	
124.0759	23.67	0.7029813491747909	-0.8696866394600515	
229.18	27.88	0.5281798191728783	-1.6923656902784576	C13H24O3
229.18	176.35	0.5281798191728783	-1.7448896996236776	C13H24O3
229.18	183.86	0.5281798191728783	-1.7125713305999344	C13H24O3
181.1588	176.35	0.5281798191728783	-1.663973825367959	C12H20O
181.1588	183.99	0.5281798191728783	-1.6960127080781862	C12H20O
229.1992	176.35	0.5281798191728783	-1.7838325524688048	
229.1992	183.86	0.5281798191728783	-1.740595369623674	
280.9543	0.98	0.5826876622694883	-1.27612532952584	
182.0294	22.49	0.5471170918784266	1.4289605692884764	
182.0814	23.28	0.8571293907601073	-0.43331701332937334	C7H8O3
281.101	31.05	0.9678535996666487	-0.08890896040497101	
182.1037	22.23	0.09476396310169082	-7.991956444335038	
230.248	51.31	0.5281798191728783	1.701482176648189	C14H31NO
125.0793	23.8	0.5471170918784266	-1.4820049412935887	
281.8426	22.1	0.5876548760767067	1.257923337628825	
281.9521	1.24	0.6895650459001267	-0.9164869169038714	
281.9521	3.08	0.896874756399357	-0.2974659400191912	
282.1053	31.05	0.9929487094190529	-0.02873100585954899	
282.1911	24.59	0.5281798191728783	-2.3085372471946672	
282.2042	27.61	0.8925990044934701	-0.3148943272417071	C17H26O3
282.9497	0.98	0.7056727140501147	-0.8650986654139433	
283.1176	27.09	0.8339081414615018	-0.4945162876873115	
283.144	35.38	0.6712041545418658	-0.9782435563216555	C15H20O5
283.175	22.75	0.5281798191728783	1.9926484651013445	
283.2461	196.1	0.5281798191728783	-2.330980776230464	
283.8397	22.1	0.6666377147031757	1.0087800767783874	
284.121	26.96	0.7056727140501147	-0.8643324078071427	
284.9101	21.31	0.5425055101318826	1.5307698600043653	
127.073	22.62	0.6327862093206622	1.120362513138167	
285.1098	24.2	0.6712041545418658	0.9769727479093442	
285.2787	200.98	0.32613174145821	-3.6682906115745872	C18H36O2
233.9129	21.84	0.702507048198535	0.8771326213397393	
184.1697	176.22	0.5281798191728783	-1.6237129604536218	C12H20O
184.1697	183.73	0.5281798191728783	-1.8700825709835964	C12H20O
184.1697	228.11	0.5471170918784266	-1.4756300805030431	
184.8891	1.24	0.7316850322717624	-0.7941905791593049	
184.99	68.2	0.9929487094190529	-0.02777571199117885	
128.9537	1.24	0.7700434328607879	-0.679065411033155	
234.2217	25.12	0.961801752276266	0.10531197585122777	
286.2821	200.98	0.3727934430335642	-3.2302560865426138	C18H36O2
286.2935	170.7	0.5098727732682022	-2.4791333906434585	
235.0126	2.29	0.7065917603217231	0.8612676109161546	
235.0143	199.12	0.48284578152267804	2.636871621860318	
185.1286	21.7	0.37824519901308495	3.1600691409749904	
287.2217	183.86	0.5281798191728783	-1.7327793751037175	C16H30O4
130.0654	24.99	0.31761826775918467	3.7404597463641243	
288.2896	34.2	0.8556699203561807	-0.4395669737270532	
288.2896	37.09	0.7627703073557044	-0.7022094624167329	C17H37NO2
130.1309	21.7	0.9461454698678132	-0.15846402094415726	
289.0836	26.3	0.702507048198535	-0.8733049666359656	
289.2486	27.09	0.5230739578858563	-2.393972420317541	
289.9342	21.31	0.5281798191728783	-2.0005770494987054	
186.9956	1.24	0.7517377702589152	-0.7428235238209306	
131.0857	39.19	0.6006330422201996	-1.2257080546768258	
131.0857	610.65	0.5281798191728783	-1.8261433178821553	
291.0763	25.25	0.8925990044934701	-0.3135649129756992	
291.1941	32.63	0.9592484695486712	-0.12476260944176587	
132.089	39.85	0.5725133898648614	-1.3068474287653407	
132.089	176.48	0.5281798191728783	-2.1469099387117287	
292.2635	214.42	0.5281798191728783	-2.196647296596316	
292.2635	221.92	0.8953078192414053	0.3030358764225909	
292.2635	229.43	0.6985079560511378	0.8910761092142659	
188.0707	24.59	0.1882771661752744	5.044407054584784	
238.1651	24.72	0.29006470911264376	-3.9087955339065426	
133.0762	24.86	0.7387922791746437	0.7697117541103785	
294.1548	24.99	0.5281798191728783	1.7859117091750099	
294.1548	27.74	0.6712041545418658	0.9830735629449546	
239.1066	1.9	0.5281798191728783	-1.9375942587795574	
189.0735	21.84	0.5471170918784266	1.431358143670123	
294.9389	21.05	0.5266447882893626	2.372989723418181	
295.1152	24.07	0.6247915386965002	-1.1437703195014195	
134.0602	23.67	0.6327862093206622	-1.1173652849519955	
240.1498	22.23	0.5471170918784266	1.4368643186655126	
240.2322	36.83	0.38682138301327795	3.0596476812627644	
135.0636	23.8	0.5341617695425136	-1.5681156726597196	
190.0863	24.86	0.051751504858235126	11.081544378505765	
135.1169	38.93	0.6028206890445525	-1.2097058340757114	C10H14
241.2036	21.18	0.7596167400896614	0.7087489211853748	C31H54O2
298.2741	159.61	0.7251399174766869	-0.8176596754842149	C16H32O2
298.2741	204.39	0.5281798191728783	-2.0660929548944797	C18H35NO2
298.2741	209.54	0.5281798191728783	-2.1393770357944666	
298.3104	217.83	0.5699913983878502	-1.317967814693619	
298.3469	147.24	0.5438941116824695	-1.51734702716727	
299.0617	68.85	0.6623799582248521	-1.0213479805313275	
299.0878	23.94	0.2513703216287585	4.2243451845037905	
299.1487	37.22	0.8643139226544864	-0.40567422205042103	
137.0458	22.36	0.08984708053771423	-8.23564746092364	
299.1852	26.43	0.9403389523677674	0.17830952406708306	
299.3138	217.3	0.5471170918784266	1.4610362062785243	
242.2116	27.88	0.5281798191728783	-1.6492087372585826	C14H27NO2
242.2116	182.55	0.5281798191728783	-1.8038838612335037	C14H27NO2
300.2017	22.62	0.5281798191728783	2.091164355582631	
242.9255	21.18	0.7531362852426227	0.7374659916321421	
191.1432	176.22	0.5281798191728783	-1.6936793858397645	C13H18O
191.1432	183.99	0.5281798191728783	-1.728317409612897	C13H18O
138.0492	22.36	0.09727827002755551	-7.123082361795062	
300.2897	129.68	0.5281798191728783	2.2227328230287657	C18H37NO2
138.1278	176.35	0.4131102077351176	-2.9728140706081514	
192.122	29.71	0.8643955427559558	0.40294756976711243	
243.183	20.65	0.051751504858235126	-10.377615092806327	
302.1656	24.46	0.5281798191728783	1.984322434472973	
243.9418	21.44	0.8335287441128929	-0.49716687779441715	
193.0972	23.41	0.6712041545418658	-0.9752187726484115	
139.0503	22.49	0.6550058462517562	1.037585044996663	
244.0345	22.36	0.48284578152267804	2.6674396212220013	C20H18O12
304.1237	26.17	0.5281798191728783	1.9110202044089202	C17H17O5
304.1755	31.05	0.7251399174766869	0.8145928106118271	
193.1588	176.35	0.5281798191728783	-1.7307964233098851	C13H20O
193.1588	183.86	0.5281798191728783	-1.6708409912446684	C13H20O
244.1908	27.35	0.5266447882893626	-2.362704292626022	
244.1908	183.86	0.5281798191728783	-1.7302655135016602	
305.0996	24.59	0.7708823458817584	0.672717434080369	
140.0536	22.49	0.6601374705288512	1.0253317123530632	
194.1627	176.35	0.8885087081724888	0.3285400141207951	C13H20O
194.1627	183.86	0.8571293907601073	0.4327422718089984	C13H20O
245.1942	27.35	0.5146506876126564	-2.4257894400572924	
245.1942	176.35	0.5281798191728783	-1.7265549356454521	
245.1942	183.86	0.5281798191728783	-1.74098693090537	
306.1394	26.56	0.9299452600292197	-0.21472763202604347	
246.1021	21.97	0.5281798191728783	1.7252222351033095	
246.2429	27.48	0.3450234277201154	-3.528441515401497	
246.9454	20.65	0.6712041545418658	-0.976010046964763	
308.222	25.38	0.6666377147031757	-1.0096010625763976	
308.2584	205.73	0.8200330424841045	-0.5476337515303188	
308.2946	200.98	0.1882771661752744	-4.9849968014783546	C18H34O
308.8615	21.97	0.5527796380863298	-1.3886935034752024	
247.8847	0.98	0.6497239890927692	-1.048508577317119	
309.1472	26.3	0.7787612671401605	0.6455037079379943	
248.1857	26.3	0.6804159362907057	-0.9506408095984005	
249.0456	20.78	0.6550058462517562	-1.036259317795179	
249.1122	30.92	0.8936064106303414	-0.3094569661886271	
310.274	142.62	0.5281798191728783	-1.657027586505854	
310.274	149.6	0.5403417959442877	-1.5481258686155717	C17H32O2
249.2576	200.98	0.3543385680723338	-3.3844886609141587	C18H32
250.0385	24.46	0.09476396310169082	7.5036705260322485	
311.1467	25.25	0.8146380898421273	-0.5595994816019555	
250.1779	27.74	0.5281798191728783	-1.634763890983765	
250.1779	176.22	0.5281798191728783	-1.652700559118927	
250.1779	183.86	0.5281798191728783	-1.6474209705384606	
198.0527	22.49	0.5471170918784266	1.4835374948694642	
311.342	141.31	0.8878872128037114	-0.33242829722635137	
250.2609	200.98	0.383314781701823	-3.138659188539931	C18H32
311.9294	21.31	0.7359958151531661	0.7804736144687505	
250.9029	21.97	0.45324589865481646	-2.7894920258650022	
312.3624	141.57	0.8763714418505796	0.36300502498759596	
198.1675	21.84	0.38673722848421244	3.099897042660372	
198.1854	176.35	0.5281798191728783	-1.6629076238270593	
198.1854	183.86	0.5281798191728783	-1.669666426528695	
198.9515	0.98	0.5622423437777695	-1.3491231239315933	
198.9515	2.82	0.5883479209258743	-1.2516647329704746	
143.118	22.89	0.7982137892344835	-0.6048922281342026	
313.1622	24.72	0.8051501970676592	-0.5900671704307692	
313.2373	37.35	0.9604088118748193	-0.11785707082908192	
313.3212	208.22	0.5281798191728783	-1.820764396348954	
251.9811	24.86	0.6327862093206622	1.1108226680135118	
144.0557	11.94	0.5281798191728783	-1.858336708038033	
144.0557	17.09	0.8433005195899139	-0.4747928412477696	
314.3247	208.09	0.5580733580925215	-1.3724265899451378	
314.3415	133.75	0.38682138301327795	-3.0763938206212504	C20H43NO
314.9322	20.52	0.790350873702161	-0.6230128805202743	
314.935	11.02	0.5281798191728783	-2.1579541367342148	C29H57O12P
144.0808	24.59	0.17579117546173645	5.285849453311484	
253.1645	24.2	0.6349565545365855	1.0935789217020953	
200.0408	1.24	0.8335287441128929	-0.5000506470977173	
315.3281	208.35	0.5454072535194348	-1.504504407211589	
200.1434	35.78	0.5281798191728783	2.2398474020982837	
200.1453	23.41	0.607099557515987	1.1942879514734361	
200.949	21.44	0.5982631013575036	1.2311230303729472	
316.2118	21.57	0.46758361967598655	-2.7344453423095616	
316.2847	75.7	0.9408796375255492	-0.1764628267898659	C18H37NO3
145.1008	35.65	0.7543057164318093	0.7311506518529448	
316.9615	1.9	0.6712041545418658	-0.9724037347340411	
317.1359	23.94	0.5734641229303267	1.303570280698941	
317.2151	21.44	0.5098727732682022	-2.4852221538040364	
254.2116	174.77	0.5281798191728783	-1.720923880154139	
254.2116	181.63	0.5281798191728783	-1.888711687148482	
254.2116	204.26	0.5281798191728783	-1.8332476082359674	
254.2116	209.14	0.5281798191728783	-1.9948711319792491	
254.2479	228.51	0.5281798191728783	-1.6802862389627466	C16H31NO
145.1336	719.79	0.5281798191728783	1.8651835946737374	
255.1208	24.86	0.873021722328767	-0.38751433188263107	
255.1208	28.14	0.5471170918784266	-1.4263869909178104	
318.1911	29.85	0.9459384722087767	-0.16615442178623796	
201.1235	23.41	0.9321676402298212	-0.19769312296564986	
146.0601	24.59	0.15715412447498112	5.6050556755762395	
319.0943	25.91	0.7543057164318093	0.7322980665383413	
319.1153	25.25	0.48284578152267804	2.6465145193201547	
319.1945	26.04	0.8643139226544864	-0.4055599468023802	
319.1945	29.71	0.7270817855817622	-0.8077671394426147	
202.1803	21.44	0.3444683931957354	3.5472096945280684	C11H23NO2
256.2272	33.81	0.5281798191728783	-1.7062325970609	
256.2272	174.91	0.5281798191728783	-1.8814814425835276	
256.2272	181.63	0.5281798191728783	-1.9360677466066363	
256.2272	204.26	0.5281798191728783	-1.767484347097858	
256.2272	209.14	0.5281798191728783	-1.940063727831921	
256.9706	20.92	0.8124819977223621	-0.5682433832753777	
203.008	21.84	0.3859576731988961	3.109273833942748	
321.3152	228.51	0.5281798191728783	-1.6352320905553304	C22H40O
257.0805	23.8	0.5281798191728783	1.7864340537516616	
203.0527	21.97	0.5060251742084936	2.5238546156330375	
257.0994	2.29	0.7251399174766869	-0.8143335253665768	
203.1391	23.41	0.7684400559826473	-0.6872869753430288	
323.1467	25.91	0.9321676402298212	0.2002840216173025	
148.9935	22.1	0.5281798191728783	-1.7898123787510034	
324.2017	24.99	0.9950693253379937	0.017536056316980998	C16H30O4
324.2533	188.59	0.8556699203561807	0.43961179528859196	
150.0551	23.94	0.1296184798315429	-6.0290255699750475	
150.0584	24.07	0.9837254524534498	-0.050277254811783016	
204.9982	21.44	0.5622423437777695	-1.3499993346931003	
325.2007	27.22	0.8433005195899139	0.4744906636282619	
325.2007	28.66	0.7545027692537619	0.7186000792640254	
205.0972	24.33	0.1882771661752744	4.961116055883944	
326.2172	24.72	0.5101990639157455	-2.450643429535402	
326.3053	140.92	0.8335287441128929	0.4969837033472159	
326.3053	200.98	0.1882771661752744	-5.139620177983415	C18H36O2
326.3782	97.18	0.614273871428395	1.1679373869593754	
206.1389	0.98	0.7930765154177548	0.6162330053305252	
260.1726	206.52	0.7076045480664339	0.8577266514940287	C17H22O2
260.1726	217.04	0.7531362852426227	0.7376522047226832	C17H22O2
260.1726	260.94	0.9461454698678132	-0.15297076253435676	C17H22O2
260.1726	278.61	0.5322843280063144	-1.5915381187211861	C17H22O2
327.0392	25.12	0.8830563187231565	0.34352412302719865	
327.2008	22.62	0.9257431677317507	0.22204304161188354	
206.894	21.7	0.54406110624945	1.513643316574762	
327.2894	185.3	0.3727934430335642	-3.261090855240222	C20H38O3
327.3256	200.85	0.2865937321583249	-3.96060248486484	C21H42O2
261.0736	23.41	0.5281798191728783	2.1298749688227225	
261.0882	2.03	0.5801381840029515	-1.281050339697133	
207.1171	46.05	0.6712041545418658	0.9790627831013144	
328.321	186.35	0.6109765620111028	-1.1842907519647918	C20H41NO2
328.3289	200.85	0.11910383950496616	-6.398267986895206	C21H42O2
152.0568	22.23	0.09476396310169082	-7.531357661698381	
329.157	24.86	0.9461454698678132	0.15164856017418799	
329.1943	25.51	0.44261066247245845	2.8432532297978286	
329.1943	28.14	0.6327862093206622	1.117969515930773	
329.3244	186.35	0.5471170918784266	-1.457345239746493	C20H41NO2
208.1203	46.05	0.6804147199251509	0.9520943408498321	
262.9155	21.18	0.892623727208599	0.31183803951784533	
262.9817	1.24	0.6928361441931611	-0.9085653240127842	
263.0132	1.64	0.749620017035158	0.7474136492748188	
208.1697	176.35	0.5281798191728783	-1.6556450867253198	C11H18O
208.1697	183.73	0.5281798191728783	-1.7087288643404808	C11H18O
263.0913	31.05	0.9583767787254912	0.13012983768077563	
330.3366	80.43	0.5324699382239809	-1.579743372226528	C20H43NO2
330.9027	21.44	0.6947325111020358	0.9025826902558218	
153.074	23.67	0.6112179610409366	-1.1828151350532359	
263.9261	158.43	0.9461454698678132	-0.15476684267675658	
263.9261	199.12	0.9013866851928436	0.2869291967192779	
263.9261	202.03	0.7545027692537619	-0.7222188720014333	
209.1385	24.59	0.7695804269170742	-0.6831910689405724	
264.9127	21.05	0.9950693253379937	-0.01718021653502985	C5H7IO2
209.1537	176.35	0.5281798191728783	-1.671082605167911	
332.2068	30.24	0.8643955427559558	0.4004282458707496	
209.1776	176.35	0.5281798191728783	-1.6513115541800292	
209.1776	183.86	0.5281798191728783	-1.7238022256053258	
332.3312	78.46	0.7545027692537619	0.7218822746237472	
265.107	27.48	0.7405259277529118	-0.7648300859977502	
265.107	30.92	0.961801752276266	-0.10613316800277961	
265.1117	22.89	0.11383661234493954	6.701290377461631	
265.1223	42.22	0.9641833029860889	0.09798346476012779	
265.1294	22.75	0.1296184798315429	6.093463155525419	
210.0502	23.54	0.19245899640337766	4.907990757773475	
210.0502	25.51	0.1882771661752744	5.030833665471778	
333.3346	78.33	0.7700434328607879	0.6807365665261176	
334.186	26.82	0.8580608445386873	-0.42066322339437184	
334.8772	1.37	0.5281798191728783	-2.1595639914168987	
334.8772	2.82	0.5403417959442877	-1.5512666247312044	
210.1571	176.22	0.5281798191728783	-1.6219551500468568	
210.1571	183.86	0.5281798191728783	-1.7158128756856006	
335.177	206.78	0.5454072535194348	1.501687326288695	
335.1898	26.82	0.8573451261001231	0.42836488932520334	
335.3035	208.62	0.5281798191728783	-1.9620149445679897	
266.1727	27.22	0.5281798191728783	-1.9965562223639888	
266.1727	176.35	0.5281798191728783	-1.6470523186679875	
266.1727	183.86	0.5313343454074956	-1.60566076246821	
210.1855	176.48	0.5281798191728783	-1.6894285366999766	
210.1855	183.86	0.5281798191728783	-1.7422972771625498	C14H22O
210.9778	21.05	0.5471170918784266	1.471425419353597	
267.145	22.49	0.09476396310169082	7.603451960694308	
267.2682	200.98	0.32311992118959343	-3.7088632587671886	C18H34O
336.2017	27.88	0.7845967437079524	-0.6322910308544016	
336.326	115.9	0.5700982383336574	-1.3163596400336781	C22H41NO
336.326	116.43	0.5471170918784266	-1.4196473893820198	
336.326	204.53	0.5281798191728783	-1.800970595659488	C22H41NO
211.1694	176.22	0.5281798191728783	-1.7018781006562487	C13H22O2
211.1694	183.86	0.5281798191728783	-1.7093154312816494	C13H22O2
363.9549	1.37	0.9868691556712342	-0.0453018325615386	
363.9549	2.82	0.8748076453545781	0.37863562328035455	
337.1047	24.33	0.5471170918784266	1.4388702725386164	
337.1623	25.12	0.9929487094190529	-0.028997741257127067	
337.205	27.74	0.5281798191728783	-1.651225398752529	
212.0921	24.72	0.852520649427971	0.4492683016691513	
212.1282	23.54	0.5324699382239809	-1.589011502860928	
364.1966	25.91	0.7982137892344835	-0.6036245661619166	
364.1966	28.27	0.7787612671401605	-0.6456892225073478	
364.1966	28.93	0.6429579481343766	-1.0638644171700065	
364.233	22.49	0.9321676402298212	-0.20355517106516932	
364.233	33.81	0.8878872128037114	-0.33125933062698126	
212.201	156.59	0.5700982383336574	-1.3153424478553188	
212.201	228.11	0.5281798191728783	-1.7525470349224956	C14H24O
157.0803	2.03	0.9936627661086679	-0.024183400228207867	
365.016	21.57	0.48284578152267804	2.6229746623988075	
338.8698	1.37	0.48284578152267804	-2.612872105378845	
365.1055	21.97	0.432098551063097	-2.8986223433206075	
365.1885	134.67	0.9461236374365003	-0.160902160333963	
365.2363	27.48	0.9223877381597405	-0.2326233324234719	
339.1415	26.82	0.8762876654695794	0.3666904002488026	
339.1796	29.32	0.8439881027049889	0.46868442310448594	
339.3451	228.51	0.5281798191728783	-1.6322502930089855	C22H43NO
366.2216	230.35	0.8335287441128929	-0.4966722483009007	
367.173	27.35	0.7684400559826473	0.6859583081624296	
340.3481	228.11	0.5281798191728783	-1.7982375896670628	C22H43NO
340.3576	261.73	0.5438941116824695	-1.5187380958913574	C22H45NO
340.3938	190.7	0.8539217217487055	0.4467440688916084	
368.0658	24.99	0.7909160348575534	0.621152931279358	
368.3159	176.35	0.5281798191728783	-1.6515035653250025	
368.3159	183.86	0.5281798191728783	-1.784183359184972	C20H38O3
368.3523	201.24	0.1296184798315429	-6.078691916163574	C21H42O2
368.3523	213.76	0.48284578152267804	-2.657396947062561	
368.3523	216.38	0.5281798191728783	-2.2846017543414656	
368.3523	225.34	0.5425055101318826	-1.527249392024731	
368.3523	259.73	0.5281798191728783	-2.1394564380684957	
340.9311	20.92	0.6347202159528718	1.1024617800757248	
368.425	220.06	0.8439881027049889	0.46711997823559287	
214.1414	21.44	0.5281798191728783	2.292746807392637	
341.1571	24.86	0.9660985648037012	-0.09209729402432273	
341.1571	27.74	0.9891989695794857	0.04138638012998645	
369.1694	55.54	0.051751504858235126	10.178454692524546	
369.1694	74.63	0.5281798191728783	1.932608867482055	
369.1886	25.91	0.6081683644082131	1.1905017284699038	
369.1886	28.93	0.644561601708254	1.057504269157668	
214.1803	26.3	0.5412428516283726	-1.5365273687898402	C13H22O2
369.2625	37.49	0.7289203119146106	-0.8002392306899508	
369.2999	161.97	0.7412915181434148	-0.7620460914162348	
214.253	37.09	0.8643955427559558	-0.4013003364032684	
369.3365	230.87	0.9001655721048856	0.2900956122536732	
369.3365	513.22	0.7120296000476842	0.8477719329193226	C23H44O3
369.4285	219.8	0.8116871272994088	0.5717986224613063	
158.9641	21.05	0.5281798191728783	1.7470301033769338	
158.9926	21.44	0.5281798191728783	-2.020865977343316	
159.0278	21.84	0.20935682658325105	-4.6116814942143485	
369.9568	20.65	0.6703757874311217	-0.9876776884439471	
370.1728	30.92	0.9787513943254242	-0.06109005359131728	C22H24O5
370.3	200.31	0.5883479209258743	-1.2512209894166568	
370.368	198.73	0.644561601708254	1.0582717054168118	C23H47NO2
370.8017	200.72	0.8200330424841045	-0.5410630509347087	
159.0918	24.59	0.1882771661752744	5.035055494842587	
343.1728	24.99	0.6327862093206622	1.11538669234089	
343.2956	37.09	0.4131102077351176	2.9699208679726263	
343.2956	39.98	0.25888676833750457	4.157497303309729	
371.2045	27.48	0.6666377147031757	1.0030068823671932	
371.2794	37.22	0.7700434328607879	-0.6814525202579886	
371.3022	200.72	0.9992216053522298	-0.0031316564922440194	
371.327	58.03	0.3543385680723338	3.369838957869444	
371.335	225.2	0.7571834302803871	0.7135196538766687	C22H43NO3
215.1433	62.52	0.8200330424841045	-0.542808490991562	C15H18O
215.1433	207.04	0.5471170918784266	1.4671357313530162	C15H18O
344.0658	25.12	0.7746209423788468	0.6613931714645569	
344.2068	29.32	0.8803162473987782	-0.35353636332671645	
344.2278	22.49	0.5471170918784266	1.4467886734104474	
160.0758	24.59	0.45324589865481646	2.7837116536342217	
372.978	3.74	0.5281798191728783	-1.7796589137660777	
345.1309	24.2	0.7762856830363353	0.6522749581706401	
345.1888	25.64	0.7289203119146106	-0.7994773066539824	
345.2999	185.04	0.359974958093245	-3.3438929611297397	
345.336	201.11	0.31395257372428365	-3.765918644614876	C21H44O3
346.3395	200.98	0.33464709021578853	-3.59021988992244	C21H44O3
161.079	24.86	0.48284578152267804	2.6255990435851126	
375.9611	2.29	0.5281798191728783	-1.6760261762822908	
347.1771	305.21	0.9374043682181852	-0.18391328272684196	
376.2331	27.88	0.5876548760767067	1.256961386949155	
376.3186	115.9	0.5471170918784266	-1.4265669982764602	
376.3421	201.11	0.22879798031873172	-4.454810623151254	
216.0346	25.25	0.5101990639157455	2.4465542550748927	
377.2009	193.72	0.3843863454942646	3.120851100432418	
377.3454	200.98	0.22304865985259892	-4.5099497288513355	
349.02	24.86	0.6028206890445525	1.2100307615892556	
162.1125	23.28	0.9641833029860889	-0.09882917836694156	
378.2088	193.98	0.3727934430335642	3.2694930711328283	
378.2124	27.35	0.5281798191728783	-1.9104122067222955	
378.2124	33.68	0.6703757874311217	-0.987254330251669	
378.2124	37.09	0.8573451261001231	-0.43063116076707214	
378.2887	201.64	0.7142824349755761	-0.8411602045794075	C40H76NO7P
378.3482	201.11	0.3491854268271184	-3.500894443459456	
349.9375	3.48	0.7746209423788468	0.6610954299297854	
216.196	183.6	0.5324699382239809	-1.5807805073992012	
350.2576	158.95	0.9992216053522298	-0.00381503554671461	
216.9228	21.44	0.5281798191728783	1.817953411107517	
350.7594	158.82	0.9604088118748193	-0.11786349958866765	
163.1481	176.35	0.5281798191728783	-1.648324642559762	
163.1481	183.86	0.5281798191728783	-1.675578466478014	
380.1646	28.01	0.8519300509524883	-0.45167138308175314	
380.2087	194.11	0.2913545076588561	3.8906317172171314	
380.228	28.27	0.7128910498924343	-0.8438523681840988	
380.3887	174.12	0.3543385680723338	-3.424298766085196	
352.8976	21.44	0.5281798191728783	1.6609333077048245	
353.1571	24.72	0.9321676402298212	-0.19602029507537863	
164.1282	21.44	0.6419088919465334	1.0673847130525573	
164.1515	176.09	0.5281798191728783	-1.6209225610330495	
164.1515	184.12	0.5322843280063144	-1.5911298550835706	
381.2312	28.53	0.5650695801398669	1.334001088594187	
218.2116	24.86	0.5281798191728783	-1.7534327739552136	
218.9199	21.44	0.5281798191728783	1.7583131723884915	
218.9366	1.37	0.5281798191728783	-1.9489740681475447	
219.0052	2.43	0.7251399174766869	-0.816426824519051	
354.3367	156.33	0.6349565545365855	-1.0907612251247913	C22H43NO2
354.348	207.96	0.5527796380863298	-1.3888262193018113	
354.356	218.75	0.9223877381597405	0.2331876115694956	
219.1231	24.99	0.5281798191728783	1.8363441634514235	
382.9195	20.78	0.5876548760767067	1.2638162796922832	
383.1487	27.35	0.7782102381513265	-0.6488075481675766	
355.1154	26.69	0.7762856830363353	0.6573020775980544	
165.1638	176.35	0.5281798191728783	-1.713864914189403	C12H20
165.1638	183.86	0.5281798191728783	-1.7524362054323686	C12H20
355.173	25.12	0.6124540193347261	1.1775470409149802	
383.2043	26.3	0.5281798191728783	1.9866725681836195	
355.3401	156.46	0.6298144297755187	-1.1283993593047474	C22H43NO2
165.9247	22.1	0.9181689851957701	-0.2504152539088038	
355.3682	228.38	0.5622423437777695	-1.3481695696194622	
355.3767	243.79	0.9194597893931824	-0.24492588877752045	
384.3837	168.97	0.507641642618465	-2.5081340133059755	C24H49NO2
166.0534	24.2	0.3543385680723338	-3.392279483970543	
385.1647	30.11	0.9298655225504714	0.21580116489609358	C22H24O6
385.1834	25.77	0.8573451261001231	0.4277990421644821	
385.1834	28.27	0.8878872128037114	-0.3309670889102092	
385.201	38.01	0.5471170918784266	1.4314385633450684	
385.2204	26.96	0.051751504858235126	10.313407217594222	
385.2948	196.63	0.3727934430335642	-3.2490695223387536	
385.2948	199.12	0.5281798191728783	-2.23596360482573	
385.2948	202.82	0.7762856830363353	-0.6540501113372086	
385.2948	233.5	0.8008110816194954	0.5987592376782059	
385.2948	244.45	0.7355864373590594	0.7839172771177768	
385.3313	105.88	0.2865937321583249	-3.9494977975353733	
385.3313	459.79	0.48284578152267804	-2.6443996183602554	
385.3423	204.0	0.9585784267324206	-0.1273211844618664	
356.3522	160.4	0.6712041545418658	-0.9705261365121232	C23H44O2
356.8805	1.37	0.49017999013831576	-2.58125130943869	
386.1867	25.77	0.5281798191728783	1.8682749247684551	
386.1867	28.27	0.5656363749427851	1.3319057762335063	
386.3263	176.74	0.5281798191728783	-1.701563113066595	
386.3263	183.73	0.5281798191728783	-1.719451839324289	
386.3903	168.97	0.5266447882893626	-2.3762669808176367	C24H49NO2
386.3992	216.52	0.8271199103901952	0.5261041452366517	
386.777	200.59	0.5281798191728783	-1.949296431329559	C42H78NO9P
357.1309	23.94	0.6893455403874288	0.9228078075389673	
357.1309	27.74	0.5643752811869827	1.3413004949220884	
357.1889	24.99	0.45324589865481646	2.794931258851899	
387.199	24.86	0.5454072535194348	1.503063864330291	
387.2752	200.72	0.5101990639157455	-2.44258103794189	
387.3469	230.74	0.507641642618465	-2.5065439865134933	C23H46O4
357.2831	65.83	0.9649472250068963	0.09614508338434893	C20H37NO4
387.3817	200.72	0.25888676833750457	-4.171248378794738	
387.7764	200.18	0.5471170918784266	-1.482694703482139	
167.0896	24.86	0.17241713496254846	5.401485127617166	
357.3363	194.11	0.7359958151531661	0.7769104674617356	C22H44O3
357.3557	160.92	0.6666377147031757	-1.0109908355567305	
411.3352	230.48	0.7708823458817584	0.676986208981877	C23H46O4
412.2542	80.04	0.7492425951861551	-0.7495325502139151	
167.093	22.62	0.0370626947268297	12.720273850898675	
412.3213	52.23	0.5281798191728783	1.6449310488837807	
412.4149	203.48	0.373310614931865	-3.21524358097191	C26H53NO2,C27H41D7O2
412.4149	263.96	0.5281798191728783	2.1358533790631036	
413.1782	26.56	0.7332724053170014	-0.7903699180594319	
413.1782	30.92	0.7570162863605598	-0.7146229236598551	
413.2758	184.65	0.9627044184956566	-0.10324333605824902	
414.2698	24.72	0.17579117546173645	-5.310190973739937	
414.3298	202.56	0.38682138301327795	-3.0692021193639776	
414.3298	221.4	0.3727934430335642	-3.246810536850003	
414.3298	224.81	0.5281798191728783	-1.6751128887318465	
414.3298	230.22	0.8749936388370616	-0.3727140558372718	
414.3298	261.86	0.8556699203561807	0.440816474473503	
414.3298	274.52	0.8889062143417095	0.32717162186930193	
414.4308	251.2	0.8146380898421273	0.5599903452654044	
388.2539	22.36	0.8290622948692983	0.519093143299029	
388.2732	200.85	0.5324699382239809	-1.5800637215585183	
358.2435	158.56	0.9986464431632459	0.00795306633477452	
358.2483	32.36	0.7373118182895193	0.773377245718006	
358.368	127.06	0.5281798191728783	-1.8087171344496014	
415.175	24.33	0.8556699203561807	0.4407448748638304	
415.175	134.41	0.7643234055145897	0.6959144363626185	
415.1939	25.12	0.7746209423788468	-0.6628062429330331	
415.1939	26.96	0.8200330424841045	-0.5466525435645981	
415.2797	233.24	0.9459384722087767	0.16203824584775225	
388.7749	200.04	0.6310274241098912	-1.1241736803767892	
415.3418	192.54	0.9722521003895348	-0.07372808747360161	
359.1467	23.94	0.6327862093206622	1.1117689271657547	
359.1678	24.86	0.3543385680723338	-3.375363424348257	
415.9398	3.21	0.9321676402298212	0.19686029366671876	
359.3155	200.98	0.2786756982667629	-4.052713513820781	C21H42O4
359.3713	127.06	0.5281798191728783	-1.8354248028946045	
416.2462	168.05	0.49017999013831576	-2.5737808149326575	
416.2851	233.1	0.9466428125099043	0.1501058552588622	
416.3452	192.54	0.9976157253706048	0.010513070856247995	
416.938	3.21	0.7913401685218281	0.6197660667133064	
168.0657	23.67	0.09564807006481602	-7.317698872925506	
417.1589	283.86	0.5714340367835761	1.309672326595911	
417.2096	25.38	0.8643139226544864	-0.4062851448908702	
417.348	192.54	0.9127744279701971	0.26738494574143046	
417.3686	176.35	0.5281798191728783	-1.83004220320398	
417.3686	183.86	0.5281798191728783	-1.690111858924562	
417.9357	3.21	0.8917266964498124	-0.31746153673977534	
389.8717	20.52	0.6124540193347261	-1.176002485024094	
418.2436	28.27	0.8953078192414053	-0.30177296719846486	
168.0963	22.62	0.051751504858235126	10.073975067412942	
419.1701	27.35	0.7837704770130494	-0.6350436596607493	
419.2254	30.92	0.5507396325612565	1.4066578741014857	
419.2557	220.87	0.8557105112432974	0.4378255462938226	C21H39O6P
420.173	27.22	0.7264099150846849	-0.8109821579186623	
420.1799	189.51	0.9165906457442282	0.25558157526908204	
390.0479	24.86	0.6344857531792166	1.105253601462262	
390.1886	30.79	0.6895650459001267	-0.9150316092177024	C22H26O6
360.3213	228.11	0.5281798191728783	-1.9804491930946686	
360.3623	119.71	0.9142142888436892	0.26442542462637536	
360.3745	127.45	0.5281798191728783	-1.9912673095688127	
391.2244	190.03	0.9299452600292197	0.21065717625221078	
361.2353	66.23	0.6344857531792166	-1.106166759750918	C20H34O4
361.3215	200.85	0.2865937321583249	-3.9902524701800406	C21H42O4
422.3243	226.93	0.7762856830363353	0.65325881265588	C23H45NO4
423.1415	26.82	0.6666661871362586	0.9959378868444975	C22H24O7
423.1415	33.42	0.6948678493324864	0.9011135062184644	C22H24O7
391.9842	4.0	0.714904393282314	-0.839301190555252	
392.2278	30.11	0.8335287441128929	-0.5064285743133604	
392.2541	37.75	0.603416086742633	-1.206342541115457	
424.2825	176.35	0.5382594807615366	-1.5580812043864178	
424.2825	183.73	0.5281798191728783	-1.6154416354877734	
425.1355	31.05	0.716724525847663	0.8316955468516247	C22H26O6
362.2173	31.84	0.749620017035158	0.7467288415590937	
362.3029	176.35	0.5281798191728783	-1.6487022976015935	
362.3029	183.86	0.5281798191728783	-1.6288408077344834	
362.3253	185.3	0.914332455466746	-0.2626815742051429	
362.3253	200.85	0.7468807973303264	0.7542574546799932	C21H42O4
169.1011	39.06	0.5281798191728783	-1.6737574141989102	
362.9263	21.05	0.5281798191728783	2.1901735390882555	
426.1394	30.92	0.5281798191728783	1.9178478743931504	C22H26O6
426.3271	105.49	0.6666661871362586	0.9951478442439761	
426.4307	264.61	0.5281798191728783	1.6688884374467698	
362.9561	1.24	0.8439881027049889	-0.469628250254867	
393.2313	26.43	0.9992216053522298	-0.0010378597632629803	
393.2313	29.85	0.83809962562117	-0.4852164324592629	
464.2853	31.71	0.6347202159528718	1.0995190941282347	
464.2853	33.42	0.844721823650738	-0.4653924435480172	
428.2547	146.32	0.09476396310169082	7.805299487435269	
464.3946	192.54	0.6298144297755187	-1.1280311898458553	
464.3946	196.1	0.9350145884341436	0.18873927136060525	
429.2269	37.35	0.7545027692537619	-0.7235364267276458	
465.3919	303.77	0.30375680193028276	-3.816513999133619	
465.3981	192.41	0.5270172414941906	-2.345389120362059	
465.3981	196.1	0.5387347290779467	1.555785101007214	
395.0266	21.57	0.2865937321583249	3.9708056706085895	
170.154	176.35	0.5281798191728783	-1.6334062273919974	C11H18O
395.2732	32.76	0.5471170918784266	-1.4376715789136592	
395.3134	215.08	0.961801752276266	0.1056705121601455	
466.2353	221.0	0.8643139226544864	0.4054892877766603	
466.2651	26.96	0.5403417959442877	-1.549584586667736	
467.2053	71.22	0.8071340947107558	0.585076427889995	C25H32O7
467.2693	215.08	0.5281798191728783	-2.1575357139512334	
430.2225	30.92	0.9929487094190529	0.03010664738382342	
430.2225	105.75	0.46758361967598655	2.740389463973197	
430.2511	284.65	0.5281798191728783	2.174894266350672	
467.3731	328.77	0.8120776617109527	-0.5695947976050153	C28H50O5
430.364	176.35	0.5281798191728783	-1.6738127120142818	
430.364	183.73	0.5281798191728783	-1.7103470274787618	
430.3805	296.12	0.19451023917435734	4.850662447830176	
396.2231	190.03	0.5281798191728783	-2.1718288621191593	C18H35O7P,C25H30O4
396.2319	193.98	0.3843863454942646	3.1245245302117044	
468.273	215.08	0.5281798191728783	-1.7955990746215367	
171.0783	23.94	0.7713102679289945	-0.670581757138646	
171.0844	23.67	0.6550058462517562	-1.0341817680180723	
430.9142	20.92	0.5281798191728783	2.16729488972495	
431.095	28.53	0.009698943690776009	-20.730616156949797	
431.1786	200.59	0.9165906457442282	-0.25487379500962093	
431.2176	30.92	0.9461454698678132	-0.1591695192994054	
469.269	205.05	0.45230590804769116	-2.8066807896165025	
431.3368	221.26	0.5281798191728783	-1.7980115854942216	C24H46O6
397.1834	26.17	0.3727934430335642	3.2368857330089797	
397.1834	28.53	0.7543057164318093	-0.7275685426538738	
431.3685	175.96	0.5322843280063144	-1.5939176227355063	
431.3685	183.86	0.5281798191728783	-1.738654310432225	
469.3889	220.06	0.9657724255063572	-0.09337260318442717	
397.3678	265.14	0.4813782125661415	-2.6907513174842332	
397.3678	544.31	0.8060287114343481	-0.5875935008412521	
432.0983	28.53	0.006643768658273027	-24.118693023828694	
432.1818	200.72	0.9013866851928436	0.2876322754343813	
432.2802	22.36	0.686459717357554	0.9304408331155403	
432.3405	221.4	0.5471170918784266	-1.4325925341286503	C24H46O6
432.3405	230.22	0.6895650459001267	-0.9171709018112111	C24H46O6
432.3877	176.22	0.5471170918784266	-1.4951585593393852	
432.3877	183.86	0.5403417959442877	-1.544033504495531	
470.3327	244.45	0.846587464649377	0.4591340072750154	C28H46O4
433.1021	28.4	0.017365198341529067	-16.438354084114643	
433.168	103.75	0.9712151350503786	-0.07777044398897728	
398.2891	89.92	0.6028206890445525	1.2102164647159706	
433.3524	192.41	0.8905596327039885	-0.32186631758190054	
398.3994	229.3	0.9929487094190529	0.031216712816116064	
433.3907	176.22	0.5471170918784266	-1.484152825291243	
433.3907	183.86	0.5482274487182117	-1.4136363780585026	
434.2387	27.74	0.8673412800644072	-0.396035569590448	
434.275	28.01	0.6804159362907057	0.9478106052548004	
471.368	193.85	0.8439881027049889	-0.46934611270428284	
172.085	23.67	0.6012626111423643	-1.219163107564257	
172.0877	23.67	0.5281798191728783	-1.61624268045676	
399.1439	28.93	0.9299452600292197	-0.21170559992432167	C22H22O7
399.1569	43.27	0.6985079560511378	0.8905212008973171	
399.1991	24.99	0.5281798191728783	1.959087395550376	
434.3556	192.54	0.8643139226544864	-0.40472449997225074	
399.2508	62.13	0.7289203119146106	-0.799512227484307	
435.2496	188.85	0.6876817394384122	-0.9269045864557784	
435.2797	264.61	0.5589777099109798	-1.3697695568846204	
473.3989	317.6	0.0004327555591339123	-56.90770550896439	C31H52O3
436.1968	29.19	0.9257431677317507	0.2217532688659714	
436.2541	29.85	0.8241363353289763	-0.5318525879667908	
400.2542	62.0	0.873495540580407	-0.3861025923123817	
400.3504	203.21	0.5875249265570693	-1.2655038304731816	C24H46O4
400.3504	210.19	0.5507396325612565	-1.4044746158020716	C24H46O4
437.2001	27.22	0.5281798191728783	-1.8542153078257186	
474.3128	188.72	0.9604088118748193	0.11699784569232796	
474.4025	317.86	4.274384041831935e-05	-120.76597849662764	C31H52O3
475.194	24.59	0.7982137892344835	0.6036340437599954	
475.2146	184.78	0.48284578152267804	-2.665715453107823	
475.2807	35.12	0.7708823458817584	-0.6745382084947306	
437.2428	185.04	0.5482274487182117	-1.4147811764939355	
437.2585	193.85	0.373310614931865	3.1908660263114537	
437.2856	177.27	0.5281798191728783	-1.7509519642770528	
437.3604	264.88	0.1296184798315429	-6.014849238002851	C27H48O4
173.0784	22.62	0.20419007033796358	4.721869220307475	
475.3783	278.35	0.9459384722087767	-0.163318680283625	C30H50O4
401.1596	27.22	0.8211282155110778	-0.5388915850254137	C22H24O7
401.2149	25.38	0.5268215915202175	2.353811288653242	
401.2149	28.4	0.5281798191728783	-1.6456570617993203	
401.264	224.55	0.9903849186481348	0.03896395564828983	
476.2445	230.35	0.9321676402298212	-0.20464634448353405	
401.3418	201.37	0.6383182276243291	1.0764571041028528	
438.2618	193.98	0.4695923746741659	2.720335099623132	
438.3637	264.75	0.20419007033796358	-4.753898323803878	C27H48O4
476.3817	278.08	0.9611337630907698	-0.10957694709166606	C30H50O4
476.3946	185.83	0.7787612671401605	-0.6467938378068316	
476.3946	192.54	0.9992216053522298	-0.0016302055815854536	
439.1365	28.93	0.9604088118748193	-0.11841635219530278	C24H22O8
477.2113	184.91	0.7708823458817584	-0.673416035767931	
477.2165	283.47	0.5357636868256475	1.5635719700229194	
439.2743	220.61	0.8889062143417095	0.32626911264358904	
402.1629	27.22	0.6985079560511378	-0.8903618671103704	C22H24O7
477.3172	230.22	0.9807737943628431	-0.05759082204209845	
477.3535	105.32	0.5281798191728783	-1.6304012443094533	
478.3059	220.87	0.9408796375255492	0.17487957347621175	
440.2017	37.22	0.5281798191728783	-2.1365218265323724	C24H30O6
478.3741	162.1	0.5746672650452794	-1.2999976036696927	
173.1325	176.35	0.5281798191728783	-1.7178792135532066	
173.1325	183.86	0.5281798191728783	-1.7196909812592334	
403.3056	196.37	0.54406110624945	-1.5120411658878055	
440.2809	221.13	0.6171442787841988	-1.159607437927852	
403.3415	105.32	0.9408796375255492	-0.17496277286320494	
403.3415	195.3	0.5787425531168017	-1.284623150157873	
403.3532	127.84	0.83809962562117	-0.486771071077595	
403.3532	183.73	0.5281798191728783	-1.720303143138257	
441.1315	24.86	0.9321676402298212	0.20060000118095114	
441.1315	29.58	0.8263707660632036	0.5283226278565049	C22H26O7
441.1521	27.22	0.8749936388370616	0.371048170205878	
403.92	3.48	0.7545027692537619	0.7203143211891782	
441.319	172.15	0.6666377147031757	1.0078903616100465	
404.2644	28.01	0.7762856830363353	0.6520249272020222	
480.2863	192.01	0.874911583156502	0.3751518891784345	
442.1552	27.22	0.8896382020094041	0.323824236476365	
404.3734	201.51	0.9608904238102318	0.1148569203310662	
404.3734	230.87	0.5471170918784266	-1.4310805140319014	
480.4025	196.76	0.9144798959613972	0.259983647686234	
520.3636	305.63	0.9075976007491448	0.2776424951542594	
443.1576	27.22	0.9408796375255492	-0.173413798279236	
443.2061	38.27	0.559352958707097	-1.3663533899391151	C18H35O10P,C25H30O7
443.2252	26.04	0.5281798191728783	1.8155384462839785	
443.2252	28.53	0.7270817855817622	0.8073458735580985	
521.3831	220.87	0.603416086742633	-1.2073197098324622	
521.3831	263.3	0.5098727732682022	-2.48201904720593	
406.0427	21.7	0.5281798191728783	2.2466380008750937	
406.2125	30.92	0.9142142888436892	0.26366582881719525	
522.2402	186.49	0.1882771661752744	-4.973462155410757	
522.2621	247.23	0.5281798191728783	-1.782157986013855	
481.2853	230.35	0.5281798191728783	1.8003265186108572	
443.2683	134.93	0.9939742967755633	-0.021313616813383764	
443.3731	221.13	0.8850181745283459	-0.33704787682879805	
481.3308	190.83	0.48284578152267804	2.6241690665825956	
481.3308	193.33	0.09476396310169082	7.7616425743565785	
444.2299	151.84	0.714904393282314	-0.8369764315042951	
407.2149	31.05	0.8439881027049889	-0.4677854577167532	
407.2355	184.65	0.8271199103901952	0.5257080159209186	
407.2355	305.08	0.5281798191728783	1.8545179251713584	
407.2482	230.35	0.8295165835747607	-0.5176641940932194	
407.3245	203.74	0.7405259277529118	0.7639055918474038	
407.7887	200.72	0.5281798191728783	-2.1982206302730547	
444.3767	221.13	0.8335287441128929	0.5074489111428098	
482.2885	230.87	0.5486593737082598	-1.411643495060247	
523.3829	158.82	0.8573451261001231	-0.4274183804259912	
408.2899	200.59	0.5281798191728783	-1.7199746177813646	
408.3085	176.35	0.5281798191728783	-1.6456400714090798	
408.3085	183.86	0.5281798191728783	-1.64907093216355	
523.8845	158.82	0.9459384722087767	-0.16338048851436385	
524.1942	221.0	0.8322097399066265	0.5101882045182987	
483.3533	264.88	0.5281798191728783	-1.8104565218879267	
524.8832	158.82	0.9459384722087767	-0.16517265179573204	
484.1803	199.26	0.7120296000476842	-0.847841144476447	
484.1803	202.16	0.6171442787841988	-1.1596626190256352	
408.9188	20.92	0.5281798191728783	1.8548932069073398	
409.1619	31.05	0.7614654704607521	0.7046973635613272	C22H26O6
409.2562	33.81	0.7359958151531661	-0.7764299774650167	
409.2882	200.85	0.437621162444237	-2.8705096479077357	
484.3689	221.26	0.5281798191728783	1.7309434516021407	C24H52NO6P
446.2958	22.49	0.5761217646680753	-1.2966354952657875	
446.2958	24.59	0.7885060381164184	-0.6266886402406243	
526.0823	38.54	0.7120296000476842	-0.8481201590833648	
526.0823	42.09	0.5622423437777695	-1.352025665329541	
409.329	230.35	0.8339081414615018	-0.49449486172484697	C23H46O4
409.9012	3.21	0.5471170918784266	-1.4607945831158065	
526.4105	217.04	0.6424947458506873	1.0655414179665772	
485.3362	218.22	0.7821251827700761	-0.6387904324962379	
526.4472	264.61	0.852520649427971	0.4496072254301963	
485.3442	190.7	0.9992216053522298	0.0025535199302207036	
410.1652	31.05	0.5281798191728783	2.068412369184956	C22H26O6
486.2652	230.35	0.714904393282314	-0.8378873554281459	
486.3005	214.95	0.5281798191728783	-1.6793317220197765	
486.3274	24.99	0.5471170918784266	-1.4299792238341007	
410.3323	230.22	0.9242310550655526	-0.22758892800199665	C23H46O4
487.2351	198.99	0.8116871272994088	-0.5724373623977935	
487.2351	202.16	0.874911583156502	-0.37742143639583947	
527.2901	230.35	0.8819032766489007	-0.34646435249478713	
527.3636	231.0	0.1501595286614664	5.742746757112968	
488.2646	35.25	0.8595792151245139	0.4163119233309991	C27H37NO7
489.3128	194.38	0.7930765154177548	0.6159234232072789	
528.2941	210.61	0.6999873521984414	-0.8822558578642767	
528.2941	230.74	0.9194597893931824	0.2437900387744113	
528.3475	264.88	0.5281798191728783	-2.089609987955592	
448.4151	197.16	0.614273871428395	-1.1672464867263992	
569.3067	230.87	0.8391696945573341	-0.4822336588271608	
449.2456	210.61	0.6803173964506989	-0.9532175467558226	
569.5149	403.16	0.8571293907601073	-0.4342749964754074	C35H68O5
490.3817	203.48	0.6006330422201996	-1.2242415796335495	C27H52O7
490.4257	317.6	0.0007509487475280824	-44.78878134561217	
569.928	199.91	0.7545027692537619	-0.7194833693276922	
529.307	218.62	0.6666661871362586	0.9982890728167083	
529.3509	264.48	0.5281798191728783	-1.655740221142144	
530.1276	199.12	0.9950693253379937	0.017077321301746332	
530.1276	201.51	0.9608904238102318	-0.11258724177948619	
530.299	230.74	0.6725848385878552	-0.9651909467526409	
450.2699	26.43	0.8579071580214283	-0.42170220880462234	
450.2699	27.88	0.5412428516283726	-1.539287902376121	
532.1517	215.73	0.6021018949919944	1.2151665280234534	
532.1517	221.66	0.6142439919233383	-1.1706669938085155	
532.1517	227.33	0.6349565545365855	1.0928504060201507	
532.2077	193.72	0.5230739578858563	2.3932747451415533	
532.2277	220.74	0.5471170918784266	1.428875932175585	
532.2662	81.35	0.5313343454074956	1.6055079651191384	
532.2662	83.06	0.8953078192414053	0.3020728096432931	
450.3791	192.54	0.9220647576443263	-0.2347008174673991	
492.176	220.74	0.727727976340214	0.8056104745743272	
533.3875	63.58	0.874911583156502	-0.3767893555828606	
533.8636	158.69	0.9989617489434154	0.006655962130407577	
533.8855	165.95	0.059620002551378254	-9.420218979798898	
571.3976	249.2	0.8140135118958489	-0.5646772477860548	C33H56O6
492.405	278.08	0.9299452600292197	0.21065439637275374	C28H50O4
571.4108	188.59	0.9511223573010535	0.14273253454433255	
492.4256	221.66	0.9604088118748193	-0.11721829478025812	
534.2229	220.74	0.564439548634057	1.3398683527476947	
571.4422	308.78	0.5281798191728783	1.8580260501587975	C40H56O2
534.2829	168.05	0.8973869161966198	-0.295171604235466	C26H43O9P
534.2829	264.75	0.051751504858235126	-10.214552860438998	
451.3761	223.5	0.9696395108471696	-0.08220106701156644	
451.3761	283.86	0.5281798191728783	-2.023877383759185	
451.3825	192.54	0.9585784267324206	-0.12646685625855783	
534.3919	195.3	0.7719945262281557	-0.6684748448272203	C33H48O3
535.1899	184.78	0.5281798191728783	-1.77752768088934	
535.2259	220.87	0.635396213172107	1.0882896295524556	
572.2542	264.09	0.6666377147031757	-1.003001142535998	
572.2542	265.14	0.5281798191728783	-2.1563301278502336	
535.3341	300.19	0.5876548760767067	1.260401582880932	
452.249	32.5	0.5876548760767067	-1.2575904341664321	
493.1427	104.14	0.9651726222528663	-0.09500066765792015	
493.1427	189.77	0.5281798191728783	1.8258710519082515	
452.3852	192.41	0.874911583156502	-0.375187561218469	
493.3273	2.43	0.5471170918784266	-1.4911438524999598	
493.3273	243.27	0.8036701277132051	-0.5943512554134882	
536.2774	264.75	0.5281798191728783	-2.2387015338349765	
536.293	230.35	0.9188184627673618	-0.24709772746490308	
493.3891	294.55	0.6327862093206622	-1.1131403515269596	C30H52O5
453.3186	190.83	0.5454072535194348	-1.5021151078915254	C27H42O3F2,C27H42F2O3
537.2957	231.0	0.9146524795644029	0.2589330247616846	
453.3881	192.67	0.9127744279701971	0.2671090330105946	
538.2902	231.13	0.8742614169924893	-0.38349784306679624	
454.2648	27.22	0.6349565545365855	-1.093841227532725	
454.3222	190.96	0.6804159362907057	-0.9493477183230571	C27H42O3F2,C27H42F2O3
495.2333	214.82	0.23155491224897168	-4.403706920046038	
495.238	196.24	0.897708444845198	-0.2939441008935449	
495.3005	28.14	0.8335287441128929	-0.5000225273854545	
495.3005	246.97	0.5281798191728783	-2.323496459201883	
495.4046	365.79	0.7174475551359576	-0.82966060121719	
575.9103	201.9	0.7289203119146106	-0.8008662498541882	
539.2871	264.48	0.5281798191728783	-1.8252976440683066	
455.2254	26.3	0.29006470911264376	3.919940161856307	
576.1773	154.59	0.8433005195899139	-0.47388637241336556	
576.1773	223.1	0.9242310550655526	-0.22698512484386185	
576.1773	235.63	0.7762856830363353	-0.6537282402642051	
539.3913	196.37	0.09564807006481602	7.286978394115266	C28H55NO6
576.2336	229.82	0.5281798191728783	-2.2123665473525964	
455.3223	230.61	0.9206109108434802	0.24069212637002885	
576.4115	63.05	0.8439881027049889	-0.468973270188741	
576.4115	201.64	0.8557061745904957	-0.4386769655225233	
540.0692	27.09	0.702507048198535	-0.873780727459583	
496.163	190.03	0.8973869161966198	-0.2957631524433891	
456.17	184.91	0.8166261878485467	-0.5537626306567611	
576.9116	1.77	0.5527796380863298	-1.3963368171243131	
576.9116	199.39	0.8449401906596803	-0.4642830858003553	
576.9116	201.9	0.8836340860530267	-0.34198665318541077	
540.4265	258.16	0.7543057164318093	0.733145350280212	
540.4475	151.97	0.1882771661752744	4.982642692993473	
496.304	210.19	0.846587464649377	0.4600599621255628	
496.304	247.1	0.9321676402298212	0.19989221285988848	
577.2368	229.95	0.5281798191728783	-1.6170167162900777	
456.2896	193.98	0.3543385680723338	3.403550876429001	
456.301	220.74	0.7933004377107731	0.6147790558671836	
577.4132	62.66	0.8295165835747607	-0.5168345738971739	
577.4132	163.15	0.23436398430487212	-4.328172904933607	
577.4132	202.16	0.6349565545365855	-1.0962935915652066	
456.3374	192.93	0.563476051999682	1.3439076361211628	
496.4211	154.2	0.16599373179277208	5.4894313399021835	
542.2073	53.15	0.7845967437079524	-0.6328241385592841	
457.1262	27.09	0.5622423437777695	1.3488070598007327	
457.2409	25.64	0.38682138301327795	3.086444263848929	
457.2409	26.69	0.5101990639157455	2.461801480559516	
457.2861	166.35	0.32613174145821	3.6551834068026556	
457.2861	215.21	0.9228152764501331	-0.23125538529136216	
457.2923	193.98	0.23155491224897168	4.3923518745406565	
497.3165	228.11	0.5281798191728783	-2.0833936500406436	
457.3522	202.29	0.5281798191728783	-2.000048466586591	C26H48O6
497.3604	277.43	0.7543057164318093	-0.7260533712701305	C30H50O4
544.223	231.13	0.6895650459001267	-0.9192016673246052	
544.2377	199.39	0.5622423437777695	-1.3470221133806182	
544.2377	202.16	0.6709682265544975	-0.9844513053312904	
544.3695	25.91	0.5527796380863298	-1.3906324966160453	
578.9062	1.77	0.5324699382239809	-1.5809275662777966	
579.1675	79.51	0.8936064106303414	-0.308135558508715	
545.2933	264.48	0.5101990639157455	-2.4638490151331456	
498.4157	264.48	0.6999873521984414	-0.8839936754422304	
546.1675	215.6	0.9809253243697005	0.05640754168058729	
546.1675	220.06	0.793725042600744	-0.6133933403646034	
546.1675	224.94	0.9585784267324206	-0.12825507473541464	
458.3051	220.19	0.8819032766489007	-0.34657673366248026	
458.3051	221.13	0.846587464649377	0.4589193377585822	
546.3213	230.48	0.716724525847663	-0.8315057072275722	
580.1711	79.64	0.8222174614542826	-0.5350078713754278	
580.2429	230.74	0.9461454698678132	0.15158077164627898	
499.296	184.78	0.8200330424841045	-0.5424401280888221	
499.3241	195.58	0.9321676402298212	-0.20128268185612455	
459.2654	65.02	0.9194597893931824	0.24424699985993803	
459.2654	177.53	0.9220647576443263	-0.23517518845461344	
459.2654	198.34	0.5471170918784266	-1.4515919221276619	
459.2722	184.78	0.5281798191728783	-1.6373019966127027	
459.4154	204.26	0.5281798191728783	-1.6312385996379652	
459.4154	209.14	0.5281798191728783	-1.7610569083232555	
500.316	230.74	0.5768909029695729	-1.2918571616940924	
501.3193	230.48	0.8322072729345794	-0.511048251529295	
501.35	230.74	0.9722521003895348	-0.07299243194239334	
502.1758	185.04	0.7198588719400851	-0.8257041541947844	
502.3219	24.59	0.6566475579099029	-1.0309703431099333	
502.3219	230.74	0.6961556184680041	-0.8975343543928229	
547.3245	230.35	0.9627044184956566	-0.10244658370076815	
502.3626	217.96	0.9597444595393472	0.12327922901029031	
502.3626	233.5	0.6666377147031757	1.0012756271189924	
582.2411	218.88	0.8335287441128929	-0.5003002770929739	
582.2411	230.74	0.8643139226544864	0.4074374547119118	
582.2831	265.14	0.5281798191728783	-1.6161846163672882	
460.2536	33.81	0.8579071580214283	0.42168937299890247	
503.1227	27.22	0.8749936388370616	-0.37086171933872575	
547.4722	323.38	0.6117672733375846	1.1805168779374653	C35H62O4
582.4368	221.53	0.5281798191728783	-1.7578098921808596	
503.371	264.09	0.6833945285106305	-0.9373395543474631	
548.4758	323.38	0.8748076453545781	0.3787986085100888	C35H62O4
504.2755	264.75	0.19451023917435734	-4.84993410532134	
549.3131	222.58	0.7684400559826473	0.6855903055536827	
583.6358	452.17	0.9461454698678132	-0.15630644363388105	
583.6358	453.35	0.7251399174766869	-0.81349672079244	
549.3458	210.19	0.5705753409512181	-1.3121739785096147	
549.4153	207.3	0.8633660876685064	0.4109125871918936	C33H56O6
549.4535	200.85	0.6497239890927692	-1.0489463357416204	C34H60O5
584.1693	183.99	0.9408796375255492	-0.1740639556019726	
584.2065	222.58	0.6666377147031757	-1.001571547847065	
549.956	200.72	0.6327862093206622	-1.1132290485837726	
550.2929	284.39	0.5324699382239809	-1.5873204783952086	
550.3405	159.21	0.614273871428395	-1.1674681675638878	
584.4737	150.26	0.5101990639157455	2.4610345864949568	
550.3664	210.32	0.9679513979238744	-0.08628237469892983	
550.4188	248.81	0.8200330424841045	-0.5414838184992634	C33H56O6
550.4563	200.85	0.63647293755089	-1.0805642819622658	C34H60O5
505.3084	210.61	0.6550058462517562	-1.0389130172886825	
505.3491	264.88	0.44261066247245845	-2.846604961269991	
585.4493	306.55	0.6550058462517562	-1.0345536005938762	C35H62O5
550.8393	158.69	0.9299452600292197	-0.21066003168405562	C73H88N4O5
550.957	200.59	0.5341617695425136	-1.5719651217088029	
551.3404	158.43	0.9937284247537742	0.023222565885375922	C73H88N4O5
551.369	210.32	0.7405259277529118	-0.7649408482598721	
551.392	218.75	0.7543057164318093	0.7267331847721115	C32H54O7
551.4582	200.72	0.7700434328607879	-0.6795733455220523	C34H60O5
551.8389	158.69	0.8818277673230309	-0.34972154963233876	
586.4627	257.5	0.9611337630907698	-0.10978209006661345	
464.1443	189.77	0.8277255671273832	0.524125148646265	
464.2048	184.91	0.7543057164318093	0.7283363986465508	
587.3921	221.26	0.702507048198535	0.8731101746276099	
506.2655	199.12	0.5281798191728783	-1.8428064685658203	
506.3116	210.74	0.6550058462517562	-1.0359854819424228	
506.4419	254.22	0.6349565545365855	-1.0908463467278486	
588.3955	221.26	0.7076045480664339	0.8571389562518344	
588.4456	291.53	0.6895650459001267	0.921084586244128	
507.262	220.87	0.9929487094190529	-0.027745591751804292	
507.2832	200.59	0.5281798191728783	-2.191849771649967	
507.3182	264.48	0.5471170918784266	-1.4338884586171263	
625.3032	207.04	0.5281798191728783	1.626712684214014	
507.4084	158.95	0.8335287441128929	0.5022010571440944	
553.4596	377.1	0.9321676402298212	-0.19528010465601656	C35H62O3
625.4235	28.14	0.8157178701613788	0.5574425756140325	C28H58NO9P
553.5103	402.89	0.8439881027049889	-0.4678284019853832	C35H66O4
507.9091	158.95	0.9461454698678132	0.1574763565976873	
626.309	206.78	0.618031374867844	1.1553109235438725	
508.2067	184.78	0.6712041545418658	-0.9693267689367061	
589.4004	221.26	0.8953078192414053	0.30028161301524425	
589.4004	230.48	0.9188184627673618	-0.2479823451629069	
508.2461	230.74	0.5281798191728783	-1.9591477299606468	
589.4814	254.87	0.6347202159528718	1.1001364293968374	
508.2834	200.98	0.5281798191728783	-1.9274120241904664	
508.3484	205.05	0.6804159362907057	-0.947118700452324	
590.1934	221.92	0.9249222874322969	-0.2244499757640857	
590.1934	233.63	0.7359958151531661	-0.7782108893881197	
508.4111	158.82	0.9678535996666487	0.08811955717078443	
508.4111	203.21	0.5268215915202175	-2.357010347471322	
591.1968	188.59	0.9374043682181852	-0.18367495790161098	
554.2513	230.48	0.7719945262281557	-0.6678230886408267	
554.2887	214.68	0.6804159362907057	-0.9484705418674534	
509.1858	206.78	0.6012626111423643	1.2180124634477518	
509.2493	231.0	0.5281798191728783	-1.8908534237222694	
509.3166	264.48	0.5281798191728783	-2.2976509125219042	
628.4999	147.9	0.5281798191728783	2.189854439010309	
509.3469	204.0	0.8116871272994088	-0.5733406243959578	
593.4243	187.54	0.9181689851957701	-0.25116708316671915	
555.2549	230.74	0.7708823458817584	-0.6737618485101725	
594.0693	39.59	0.559352958707097	-1.3622934740303734	
510.1887	114.01	0.735494026400148	0.7857699633044379	
510.1887	206.78	0.5520782670027083	1.4011025890890678	
630.2249	230.87	0.5281798191728783	-1.9678447775942245	
594.2361	264.75	0.5281798191728783	-2.318690703052472	
630.2613	203.61	0.7629619249362084	-0.7010791413645757	
510.3199	264.48	0.5281798191728783	-2.1242990249906892	
594.4735	289.79	0.5527796380863298	-1.3929433896792756	
595.1625	73.32	0.5281798191728783	2.035353035942564	C27H30O15
511.1449	153.94	0.8321708594278049	0.5128072229370976	
511.1449	163.28	0.6712041545418658	0.9691245682430374	
556.3791	303.77	0.5281798191728783	-2.1062614709142933	
556.4424	99.28	0.5471170918784266	1.4874474802649702	
511.2558	230.22	0.7543057164318093	-0.7338435718031863	
511.2622	199.39	0.6947325111020358	-0.9022565105877823	
511.2622	202.42	0.63647293755089	-1.0809595957147642	
632.2407	194.9	0.5650695801398669	1.3348536149780443	
632.2407	231.27	0.5281798191728783	-2.126599855003866	
632.268	203.48	0.9713772297907898	-0.07584512751034107	
632.277	289.01	0.6833945285106305	-0.9399363737438479	
632.297	304.03	0.5322843280063144	-1.5940481372858635	
596.1672	73.58	0.5281798191728783	2.2359418782798977	C27H30O15
596.1942	79.38	0.8953078192414053	-0.30425254703986704	
511.3685	227.98	0.5281798191728783	-2.10277982959032	
632.4355	413.99	0.7981650878310256	0.6063044076342257	
596.3351	264.35	0.5281798191728783	-2.118819857995046	
511.3987	373.27	0.6870733726401234	-0.9286687014648805	
597.1975	79.64	0.8075863326188346	-0.5824814034576514	
633.244	189.51	0.5281798191728783	-1.6746635725938301	
633.244	192.54	0.9350145884341436	0.18835348590949214	
633.244	194.77	0.7359958151531661	0.7759237653732937	
633.2803	289.14	0.6109765620111028	-1.1843348213710014	
597.3382	264.61	0.5412428516283726	-1.5372554022786291	
633.4281	26.04	0.6057187664316096	-1.2002724922114887	
558.3422	108.51	0.8335287441128929	0.4997791063460521	
635.4561	80.83	0.7128910498924343	0.844289952086417	
512.416	100.07	0.5281798191728783	1.6290569151077474	
599.4286	289.79	0.5883479209258743	-1.251744235280524	C35H60O6
600.2708	264.61	0.7065917603217231	-0.8614704334277736	
513.3495	223.63	0.975379956001611	0.06634379555142479	
600.4686	98.23	0.5471170918784266	1.4256988397499974	C34H65NO5S
601.1495	79.25	0.9922641474833346	-0.035204542808542655	
637.5387	285.04	0.8818277673230309	0.3500316103327295	
638.3371	206.91	0.5471170918784266	1.4397835149635092	
638.3449	183.86	0.507641642618465	2.507194951571243	
602.2305	189.37	0.5688666780202223	-1.3233540038559664	
602.2305	221.13	0.5281798191728783	-1.6633037035453546	
560.3643	196.1	0.8091185583932875	0.5792183088100107	C31H52O7
639.2251	79.38	0.8749936388370616	-0.37280393838385645	
639.3404	206.91	0.5471170918784266	1.4239851392862117	
639.4256	218.35	0.6833945285106305	0.940088672818413	C32H63O10P
561.2379	156.59	0.531472623170515	1.6036681824156984	
561.4367	201.64	0.5281798191728783	-1.7928653349604582	
604.2093	232.97	0.6712041545418658	-0.9693687545411864	
640.221	73.19	0.48284578152267804	2.62481463888779	
640.3432	206.91	0.5471170918784266	1.432865051612638	
515.3286	198.47	0.8850181745283459	-0.3369633282235897	
515.3964	158.82	0.9809253243697005	0.05541019044683017	
605.2682	264.48	0.5281798191728783	-2.1033048972305703	
605.3156	283.47	0.5471170918784266	1.4853022372574023	
605.4759	291.0	0.7631748933925986	-0.6999233472381066	
562.2182	215.08	0.5281798191728783	-2.0542768975302113	
641.3435	207.04	0.5562727175325469	1.3779417193514063	
562.3167	116.56	0.702507048198535	-0.8731370219032449	
606.3191	283.47	0.5471170918784266	1.4653254749161184	
516.3679	221.26	0.758061336070282	0.7115476038842751	
606.4791	195.71	0.6707425842461405	0.9857604522552327	
606.4791	290.61	0.6298144297755187	1.128432253045795	
642.3178	287.56	0.5281798191728783	-1.710007626599688	
516.901	159.08	0.9086980189285759	0.27513898882267146	
563.2219	214.82	0.6895650459001267	-0.9183268024141669	
517.2616	230.61	0.9249222874322969	-0.2246897897128467	
563.4659	364.45	0.8925990044934701	0.3129665939960816	C33H64O5
607.322	283.86	0.5622423437777695	1.3500048712921577	
642.63	295.33	0.8556699203561807	-0.4436369487029507	
564.3088	303.9	0.45230590804769116	-2.8145795158825577	
607.557	333.67	0.9608904238102318	-0.11244414319834559	
643.2922	207.04	0.6666377147031757	1.004404331647901	
564.3246	264.75	0.5281798191728783	-2.069952756428062	
643.4937	323.12	0.20935682658325105	-4.627274839424175	
564.4693	364.19	0.9086980189285759	0.27381921423678296	C33H64O5
564.4989	323.64	0.6659338388964461	1.0156606176432006	
565.2478	206.78	0.5471170918784266	1.4268985746208682	
644.2958	206.91	0.6362392843966568	1.0852403099918602	
565.4102	221.26	0.63647293755089	-1.0802506177071158	
644.4952	96.39	0.5420412384862656	1.5337622190695905	
565.483	290.74	0.8200330424841045	-0.5426207222301216	
518.3397	82.14	0.5281798191728783	2.2493298781272744	C23H44N6O7,C27H48O9
518.363	220.87	0.9922641474833346	0.03475892083167604	
518.4572	317.6	0.01328747394273914	-18.28783291110299	
645.2439	195.03	0.8917266964498124	0.318183897725654	
645.2989	206.91	0.6666661871362586	0.9974327223345364	
645.4992	96.39	0.5281798191728783	1.9986316044277783	
566.2516	207.17	0.5470967256929876	1.4976041600572094	
646.3026	206.78	0.8953078192414053	0.30022044237474677	
566.4298	200.85	0.49017999013831576	-2.573383638320525	
566.4421	248.68	0.8579071580214283	-0.42403282964798	
647.423	242.48	0.5688666780202223	1.323782829201004	
647.423	261.2	0.5341617695425136	-1.568212547545566	
566.9308	200.59	0.48435758562201536	-2.604795537502034	
567.2083	229.43	0.6923515685025716	0.9101584434831871	
567.2083	230.61	0.4148017440688328	-2.9591474850343897	
680.5352	158.82	0.9299452600292197	0.21335904197925076	
647.5236	314.56	0.48284578152267804	2.6164437895726382	
647.5236	316.42	0.6961556184680041	0.8976550734173915	
567.2545	207.17	0.5281798191728783	1.6656417824824015	
611.1851	321.28	0.8284508009617929	0.521226584860127	
567.4228	219.67	0.996987376840191	0.01278584483206597	
567.4294	200.72	0.3727934430335642	-3.2330129705218744	
648.4389	189.24	0.5471170918784266	-1.4716121039758752	
648.4389	190.16	0.9679513979238744	0.08701045203656987	
649.3037	289.01	0.6712041545418658	-0.9762816800062669	
611.6087	353.89	0.5322843280063144	-1.5988628665837987	
650.278	196.24	0.8818277673230309	-0.3483583632162586	
650.3071	289.01	0.7109118036082178	-0.8520209935245234	
681.3679	206.78	0.559352958707097	1.3615201306424622	
567.9297	200.85	0.5281798191728783	-1.7009989276077806	
568.3036	230.87	0.5324699382239809	-1.5826466293122605	
612.1892	73.32	0.5281798191728783	2.063285702713264	
568.4294	200.85	0.5270172414941906	-2.3453707502288785	
681.5387	158.82	0.9976157253706048	-0.010198537730710467	
652.3524	206.78	0.8359714187284393	0.4903190094990527	
568.9296	200.85	0.5281798191728783	-1.7898333434997449	
652.4999	179.63	0.8160946521847576	-0.5552626567630454	
682.3712	206.78	0.559352958707097	1.3648897167336453	
653.3372	195.03	0.8038264197363947	-0.5925252484161841	
653.3554	206.78	0.8116871272994088	0.5722639250926739	
614.5988	295.2	0.8335287441128929	-0.5015063720397831	
683.3138	217.44	0.3543385680723338	3.42531024712131	
683.3739	206.91	0.5438941116824695	1.519588241145997	
737.4204	403.55	0.5281798191728783	-2.1547168877425666	
655.3167	124.28	0.63647293755089	1.0800134260720848	
684.2334	219.4	0.8917266964498124	-0.3174073432169822	
684.3189	206.91	0.6698336110067283	0.9899961170727828	
616.3183	218.09	0.9206109108434802	-0.24137986131780886	
617.3217	218.22	0.9206585477519217	0.23979412047253282	
656.3194	88.61	0.5281798191728783	1.9395588615956576	
656.3194	124.14	0.6294058023205353	1.135240521454152	
656.4525	173.85	0.7289203119146106	0.8012688944024831	
656.4525	244.32	0.6171442787841988	1.1587749845537128	
618.2827	284.13	0.32613174145821	-3.6506393767540097	
685.3226	207.04	0.9608904238102318	0.11369810468921761	
620.2307	188.72	0.6895650459001267	-0.9197433104998831	
620.2936	218.62	0.5146506876126564	2.4289484243832047	C29H47O12P
620.2936	281.76	0.5281798191728783	-1.7741020145170125	C29H47O12P
620.4214	24.72	0.3666552599220332	-3.3066191268026595	
621.3106	206.91	0.5471170918784266	1.422467029477109	
622.3138	206.91	0.5471170918784266	1.4278704344480093	
740.9302	158.69	0.45230590804769116	-2.8036197684414317	
741.4324	159.21	0.3543385680723338	-3.3876287030873993	
623.3166	206.78	0.5527796380863298	1.3919681839780293	
623.3263	283.86	0.5603398075490265	1.3587546695343777	
659.2666	206.78	0.7359958151531661	0.7770274405824555	
659.3448	287.3	0.8359714187284393	-0.4910003165192635	
624.3203	206.91	0.5281798191728783	1.667708084395597	
624.3296	283.86	0.559352958707097	1.3635505530556817	
741.9345	158.95	0.4896047016927322	-2.5894961545335167	
624.4182	287.69	0.88831970985465	-0.3296053822811719	
742.4343	158.69	0.5281798191728783	-1.9770737467580954	
742.5045	184.65	0.05784945954621145	-9.63576709749548	C40H72NO9P
686.325	207.04	0.702507048198535	0.8768190259297062	
742.9353	158.95	0.5471170918784266	-1.4803859884230572	
743.4354	159.08	0.3602867953666934	-3.334121739168868	
743.5078	184.91	0.22879798031873172	-4.4416892649674296	C40H72NO9P
743.9359	159.08	0.5580733580925215	-1.372604347643496	
661.3022	220.19	0.8212847478823433	0.5378439459540474	
744.2335	233.24	0.5471170918784266	-1.4893691056982579	
661.4897	403.42	0.5281798191728783	-1.6814526737404225	
687.2538	189.9	0.683539553385468	-0.9361658882142398	
662.2239	265.14	0.5281798191728783	-2.109626073211262	
662.251	219.54	0.437621162444237	-2.8669284848511523	
662.3378	206.91	0.5412428516283726	1.5373593810693111	
745.4735	436.76	0.7543057164318093	-0.728054160845416	
746.0853	200.85	0.373310614931865	-3.20333486124857	
663.3415	207.04	0.5471170918784266	1.443871579273361	
663.4918	319.44	0.11702182476973697	-6.516847111808575	
688.3025	224.81	0.7359958151531661	0.7787406460290216	
746.5849	200.59	0.5560378015773856	-1.3819819638789357	
747.0849	200.85	0.09476396310169082	-7.574155137112236	
688.5001	210.06	0.83809962562117	-0.48534617266286434	
664.3531	206.78	0.5471170918784266	1.4437292258994538	
688.636	349.96	0.6725848385878552	0.9642356599594737	
664.4305	162.23	0.09611607201474368	7.206520707291384	
664.557	350.09	0.5281798191728783	-2.2797251547982214	
665.2982	203.74	0.5281798191728783	-2.028982759392314	
665.3486	206.78	0.6057187664316096	1.1996688058598899	
748.325	235.21	0.5281798191728783	-2.1191912233059136	
665.5074	319.31	0.02131165883383344	-15.088035738451103	
665.5603	350.22	0.5471170918784266	-1.4458280989667813	
666.0093	319.31	0.11383661234493954	-6.668215060381932	
666.3687	206.78	0.8060287114343481	-0.5872711514726126	
810.5213	199.78	0.5281798191728783	-1.8319902203725869	
690.449	221.4	0.7632978497620915	0.6988777980690986	
749.4662	472.75	0.8595792151245139	0.41680796220763394	
749.4662	483.01	0.749620017035158	-0.7463275739163688	
667.3719	206.78	0.5281798191728783	1.871292048271826	
667.4499	27.09	0.6893455403874288	0.9234247524834824	
667.4499	287.95	0.6431118227922537	-1.0615515237297086	
750.507	28.01	0.6012626111423643	-1.2175163563344877	
750.507	220.32	0.9321676402298212	-0.19747293175642627	C40H74NO8P
668.3747	206.78	0.5281798191728783	1.8923004937962886	
751.511	32.5	0.9967486437918235	0.013978837380816714	
751.511	220.61	0.8146380898421273	0.559778962331013	C40H74NO8P
751.5449	304.42	0.09564807006481602	-7.279024525044761	C40H79O10P
752.4689	472.75	0.5862945868045882	-1.2684833940376115	
752.4689	483.01	0.5734641229303267	-1.3029948552321593	
669.332	148.16	0.5281798191728783	1.8675218243610117	
669.332	177.4	0.6393537537782124	1.0739994510506952	
669.3771	206.91	0.5101990639157455	2.4478616703306684	
692.3368	289.01	0.5341617695425136	-1.5681878048990257	
670.2959	160.53	0.5471170918784266	-1.460257902905866	
670.2959	192.93	0.8850181745283459	-0.3378920513035222	
670.2959	199.12	0.4203436648875648	-2.9392089644382358	
754.3102	196.63	0.8763714418505796	-0.3606310673745996	
754.3102	307.34	0.8322072729345794	0.5113765302400857	
693.364	218.62	0.6838751912996212	0.9347477647944703	
755.0646	199.65	0.5982631013575036	-1.2317808666863608	
755.0646	201.77	0.9307208642935473	0.20884916503776596	
671.311	103.75	0.7713102679289945	0.6704252090763393	
671.3312	74.5	0.5281798191728783	-1.9997877492860283	
816.247	264.48	0.607099557515987	1.1953955241246719	
816.247	275.17	0.3499539843389063	-3.4686440848376807	
694.3659	206.91	0.9929487094190529	-0.027986989753228657	
694.3659	218.75	0.8762876654695794	0.36575401590705126	
694.4446	189.64	0.893736961093584	0.3071424726922161	
694.4831	195.03	0.48284578152267804	2.623840972177016	
672.249	265.01	0.6973427004769865	-0.8950556337925217	
756.2442	215.86	0.373310614931865	3.189144900150303	
756.2442	223.1	0.666569869840488	1.012754203976141	
756.2442	237.33	0.5281798191728783	1.625807934949343	
695.2578	205.86	0.5438941116824695	-1.5178855399272064	
695.2578	210.74	0.6327862093206622	-1.1124468596396047	
695.3648	263.17	0.6310274241098912	-1.1246679441691645	
695.3648	270.97	0.5281798191728783	-2.2192289286566482	
695.4866	195.03	0.46758361967598655	2.730174822609523	
758.08	350.87	0.6431118227922537	1.0625254611017991	
696.4756	256.84	0.8284508009617929	-0.5214007778630225	
696.4756	286.9	0.7543057164318093	-0.7264978286311717	
696.5262	177.79	0.5403417959442877	-1.5453704395412025	
758.4371	220.87	0.32613174145821	3.6411208071835675	
673.3038	288.74	0.9321676402298212	-0.19855503572886535	
673.3455	123.75	0.7251399174766869	-0.8136577376163997	
674.5142	312.06	0.17364395041227043	-5.361209895071594	C37H72NO7P
675.1424	281.89	0.7029813491747909	-0.8696455492432045	
759.4402	220.87	0.5281798191728783	2.0721406233815967	
675.3531	218.62	0.8763714418505796	0.36289600382108744	
822.4089	446.24	0.5266447882893626	-2.365320637819037	
676.2646	184.25	0.8763714418505796	0.36012561386961484	
676.2646	211.01	0.9144798959613972	0.26087735609111373	
676.296	234.02	0.8763714418505796	0.36008170570177656	
676.296	241.43	0.20419007033796358	-4.73498685913322	
676.3562	218.35	0.5694788685021619	1.319965845383866	
676.4332	186.35	0.5281798191728783	1.7728774397399067	
699.3454	264.88	0.5281798191728783	-1.6199736730567287	
699.3454	271.36	0.5230739578858563	-2.3900949514543948	
824.6056	229.82	0.1513256587416363	-5.6967349545797	
677.512	347.72	0.5281798191728783	-2.1048210920312553	C39H74O6
700.2907	230.87	0.8556699203561807	0.44280129757845954	
700.2907	264.61	0.9511223573010535	-0.14309348006321376	
678.2788	267.27	0.5281798191728783	-2.239713371735888	
826.5984	230.48	0.666569869840488	-1.0131861147687513	C46H84NO9P
701.2507	207.3	0.5281798191728783	1.7056233775265393	
678.4639	25.38	0.7596557855748634	-0.7078035451921713	
701.4734	27.74	0.7029813491747909	0.8702932267059792	
678.515	347.72	0.5281798191728783	-2.212264776194761	C39H74O6
678.5366	284.13	0.6148635929432881	-1.1653029363060465	
827.6018	230.35	0.8643955427559558	-0.4016638682863486	C46H84NO9P
762.4693	195.03	0.5281798191728783	1.886600030820774	
678.6876	611.3	0.5281798191728783	-1.9958195557006797	
679.5278	350.48	0.800553411177591	-0.5999415728830775	
702.3534	82.27	0.8200330424841045	0.5474115299839435	
702.3739	189.64	0.8595792151245139	0.41745498940340797	
763.5073	158.69	0.6712041545418658	0.9809385107091244	C43H72NO8P
830.2837	288.74	0.6666377147031757	-1.0002947433131268	
680.3843	207.04	0.5281798191728783	1.8588597528306585	
830.2987	250.54	0.7342821918919353	0.7881940020846917	
830.2987	264.61	0.9459384722087767	-0.1619811221924572	
830.2987	275.04	0.5591608265701872	-1.36820736412395	
830.2987	292.84	0.8075863326188346	-0.5825644594532491	
680.4206	133.62	0.48284578152267804	2.629143950909262	
680.4521	256.58	0.790350873702161	0.6227102802799339	
680.4521	286.64	0.8917266964498124	0.3171040801080812	
764.2573	214.29	0.8075863326188346	-0.5819222563143602	
764.2573	249.2	0.9585784267324206	-0.12702892564124352	
703.3226	189.11	0.6124540193347261	1.1754186953005965	
764.4861	184.78	0.11702182476973697	-6.4740190004632225	C40H72NO9P
703.3772	189.51	0.5281798191728783	1.6807106771420854	
765.3518	187.8	0.77974412357649	0.6434328813406293	
765.3518	235.07	0.5281798191728783	-1.8563911791038061	
765.4867	184.52	0.3499539843389063	-3.4682984769581098	C40H72NO9P
766.5338	200.85	0.54406110624945	-1.5111460679448205	
898.4052	198.6	0.7684400559826473	-0.6875470095698522	
898.4052	202.42	0.8792876156881697	-0.355620131993667	
833.2619	214.16	0.5481184586156772	-1.4164643108675627	
834.4696	473.27	0.5281798191728783	-1.857782628732719	
706.603	200.72	0.5101990639157455	-2.4506741059900947	
706.603	484.2	0.5961582589999534	-1.2388314787703956	C44H80O6
706.603	485.8	0.5425055101318826	-1.5269984171451707	
904.6432	264.88	0.38682138301327795	-3.0502557413786278	
835.2778	250.94	0.975379956001611	-0.06689338726190563	
835.2778	264.22	0.5281798191728783	-2.211472669138536	
835.2778	275.17	0.8335287441128929	-0.49985624615199953	
835.2778	292.45	0.7823098562410581	-0.6376898583201351	
707.5989	201.64	0.7819528438497905	-0.639876522039651	
772.489	220.32	0.5266447882893626	2.3623017086386078	C38H74NO10P
708.3127	196.37	0.9075976007491448	0.27844747305598966	
906.6143	138.87	0.6012626111423643	-1.2206356786199328	
773.0403	199.52	0.43048827977730314	-2.908807342708302	
773.0403	201.51	0.73265136010464	-0.7920659209791673	
773.4924	221.0	0.5098727732682022	2.4972038488099746	C38H74NO10P
773.5868	329.82	0.5766980761388321	1.2933546769600013	
907.6177	139.01	0.2865937321583249	-3.9862096163539102	
908.1797	288.22	0.6174629058316429	-1.157215123231006	
709.6342	480.65	0.8748076453545781	0.3791061391333434	
775.5387	200.85	0.5471170918784266	-1.4535457924733919	
711.2522	216.78	0.8109291184994349	0.5761833496467498	
711.2809	207.3	0.5281798191728783	1.9163019071885667	
711.3453	240.09	0.6062070723884688	1.1978339500876007	
712.2421	287.43	0.6298144297755187	-1.1317744886428605	
840.3425	207.04	0.6349565545365855	1.0905953501757062	
842.3194	279.53	0.6028206890445525	-1.2095160226831199	
842.3194	286.51	0.6117672733375846	-1.1797755388748115	
842.3194	293.5	0.5281798191728783	-1.6348817953886945	
842.4629	474.06	0.635396213172107	-1.087860594494427	
842.4629	482.49	0.6833945285106305	-0.9376939068675012	
713.2455	241.3	0.7270817855817622	-0.8074038378060674	
843.2087	275.17	0.5787425531168017	-1.2842995317729626	
843.2087	292.45	0.5281798191728783	-1.6622213631005698	
714.9776	158.56	0.6833945285106305	-0.9382258379738466	
715.3145	221.66	0.8160946521847576	0.5556816912694825	
845.5049	473.66	0.5471170918784266	-1.475908389349159	
845.5049	482.75	0.9220647576443263	-0.236055637458143	
715.9775	158.43	0.9611337630907698	-0.11098245691153515	
846.5979	314.3	0.9711086451970089	-0.07876602109865656	C49H84NO8P
716.3739	264.88	0.5281798191728783	-1.9716819377881392	
716.3739	272.15	0.3450234277201154	-3.5244578164427414	
716.3739	279.27	0.5281798191728783	-2.2340836984804797	
716.4262	189.24	0.9461454698678132	-0.15513247863147123	
716.4648	195.03	0.5281798191728783	1.6729194756790986	
847.3342	288.35	0.5876548760767067	-1.2621808059339426	
782.4544	473.8	0.5527796380863298	-1.3887795139666466	
848.5805	230.35	0.437621162444237	-2.868721572799273	C46H84NO9P
717.4292	189.64	0.8573451261001231	-0.4289498761748692	
717.4679	194.9	0.5838493628381011	1.273232192668756	
782.6773	472.22	0.6712041545418658	-0.9690309565019575	
783.0197	132.83	0.5281798191728783	1.7195451392604328	
849.5838	230.35	0.6339722837439109	-1.1081246240113753	C46H84NO9P
928.4558	473.4	0.714904393282314	0.8366095459454912	
928.4558	482.88	0.9188184627673618	-0.24725882823535222	
850.4407	473.27	0.5787425531168017	-1.2843461700367156	
850.4407	483.41	0.6895650459001267	-0.914697523240134	
718.3148	243.53	0.3007086898496172	-3.840784620462963	
850.6086	314.03	0.6985118044074545	-0.8887393159613957	
783.6802	471.83	0.5341617695425136	-1.5726379529147596	
784.4527	194.77	0.6298144297755187	1.1291272295897896	
851.3978	37.35	0.7725616654666079	-0.6662490578599576	
933.6285	207.43	0.6006330422201996	1.2247305745463917	
785.4559	194.77	0.5281798191728783	1.922553912224936	
852.4012	37.22	0.8146380898421273	-0.5610949863885732	
853.4042	37.22	0.6416740459283787	-1.069815550265193	
939.3502	198.86	0.6985079560511378	-0.8897086217837755	
939.3502	202.16	0.8579071580214283	-0.42213377481223424	
941.3481	199.39	0.9513673166891169	-0.14146620954202044	
941.3481	201.9	0.7643234055145897	-0.6958382033013002	
854.4075	37.35	0.8200330424841045	-0.5437693966666655	
721.4356	436.89	0.9751995926427576	0.06829901186959343	
721.4356	445.58	0.8819032766489007	-0.34576066868184796	
855.4085	37.35	0.7981650878310256	0.606569714587633	
722.4407	186.49	0.5507396325612565	1.4046274793684435	
946.4582	346.8	0.9688871092468068	-0.08421522749948439	
946.4582	348.25	0.8762876654695794	0.36511031520760584	
856.3713	286.64	0.5281798191728783	-1.668034827709696	
856.3713	293.36	0.5425055101318826	-1.528166812868904	
856.4745	474.06	0.54406110624945	-1.5150841501612597	
948.6196	222.31	0.7297573865121025	0.7975094037983392	
948.6561	218.35	0.8748076453545781	0.37919442165311573	
949.6228	203.08	0.7405259277529118	0.7647685372357018	
857.477	473.53	0.5281798191728783	-2.0457952332983464	
949.6601	218.62	0.8750540125566176	0.36995137869538613	
949.6601	236.28	0.5976917606880321	1.234288341964833	
792.5491	199.39	0.5319077715542397	-1.6013577150989222	C46H77O8P
726.6136	199.65	0.5562727175325469	-1.37774062816075	
726.6136	201.77	0.9935604488390435	0.026066634296999562	C47H80O5
726.6136	438.6	0.5281798191728783	-1.9839688433389158	
861.3501	286.25	0.5471170918784266	-1.455536075978961	
861.3501	293.63	0.5281798191728783	-1.6824640628433851	
861.472	473.4	0.6712041545418658	-0.9736831751632048	
861.472	482.75	0.9321676402298212	-0.19563888770451154	
961.5489	189.64	0.8579071580214283	-0.42342928786118716	
961.652	218.62	0.5230739578858563	2.3893879993069613	
728.6086	200.59	0.49907298053754373	-2.546567793137119	
729.1102	200.85	0.7123158145740217	-0.8464658183399129	
795.6691	230.35	0.7150421789135427	0.8354959665575687	
864.4917	483.28	0.7543057164318093	0.7341271557823196	
966.6304	192.93	0.5281798191728783	2.00429008501916	
966.6304	196.37	0.8748076453545781	0.3812160768818165	
796.9919	199.78	0.5976559037774247	-1.2355180017660026	
967.6339	192.67	0.1882771661752744	4.996719018598998	
866.3657	288.48	0.6833945285106305	-0.940158358754469	
797.9953	199.52	0.5281798191728783	-2.0654828708071538	
797.9953	201.51	0.6349565545365855	-1.098013237036164	
968.6375	196.24	0.8335287441128929	-0.4966520201231844	
798.9974	199.12	0.5285121416491616	-1.6132784997762786	
798.9974	202.16	0.6419088919465334	-1.0678351921991645	
799.4972	202.42	0.8749936388370616	-0.3715092669333314	
799.9984	202.56	0.9403389523677674	0.17892879221792912	
800.4629	185.04	0.963119800607435	0.1010593841242136	
870.5624	230.08	0.5281798191728783	-1.6541646352346242	
978.6513	199.26	0.37492938592257213	-3.176899853414522	
978.6513	202.03	0.6935971130150633	-0.9066206058481586	
733.4465	158.56	0.5562727175325469	-1.3782788626076843	
873.6193	314.16	0.9604088118748193	-0.11907314489008561	
875.5461	314.3	0.9461454698678132	0.15320653006775858	
735.2675	196.89	0.8742614169924893	-0.38418323470725235	
879.5817	195.16	0.9331926030118909	-0.19231714629174754	C45H84NO13P
990.187	279.4	0.2061313952445863	-4.689393617928701	
990.187	280.58	0.32728106699596016	-3.626124233938758	
990.6672	233.76	0.5650695801398669	-1.3351363348159953	
880.5816	195.84	0.5024544401365629	2.5353435309839933	C45H84NO13P
882.3277	37.22	0.5527796380863298	-1.3884857151415797	
997.2404	223.63	0.7531362852426227	0.7380983814858879	
882.6615	264.48	0.32613174145821	-3.646976875886066	
998.6202	194.38	0.8688264374359828	0.39340558950047966	
999.6234	194.77	0.9992216053522298	0.0021635301874852364	
999.6234	203.21	0.5787425531168017	-1.2853217371212533	
1003.195	281.89	0.3499539843389063	-3.473398375871677	
884.5573	230.35	0.8391696945573341	-0.48246127491404384	
885.5602	230.22	0.8925990044934701	-0.3127020395303435	
1006.6254	197.42	0.7762856830363353	-0.6579171865584431	
1008.6692	213.63	0.5281798191728783	-2.0404330467281686	
1143.7113	245.79	0.7545027692537619	0.7218851968318981	
887.6797	192.41	0.5341617695425136	1.5676649147764596	
1144.7148	245.92	0.5883479209258743	1.2538074471261578	
888.6832	192.28	0.9513673166891169	-0.1407273179855926	
1012.6207	213.37	0.7355864373590594	0.7828806324480526	
1152.7357	245.79	0.8335287441128929	0.504522168072049	
1153.7391	245.53	0.9713772297907898	0.07667394559539695	
1154.7509	243.53	0.9210073040749598	-0.23852449500727613	
1155.7545	243.53	0.9242310550655526	-0.22702218911200367	
1156.7579	243.53	0.9144798959613972	-0.26042719175506607	
1159.7052	230.61	0.7545027692537619	0.7201266333218778	
1160.709	230.74	0.6185161149603342	1.153524383902693	
1160.709	243.93	0.6947325111020358	0.9040641569712535	
1160.7249	222.58	0.5281798191728783	-1.9112850473743856	
1161.729	222.71	0.6298144297755187	-1.1325734740157265	
894.5726	194.38	0.5098727732682022	2.4886366626279757	
1170.7452	229.43	0.7076045480664339	0.8583421337044439	
1171.749	229.17	0.6550058462517562	1.0372670276805045	
896.4048	198.86	0.6999873521984414	-0.8820544860588645	
896.4048	202.16	0.5281798191728783	-1.7940094286653445	
897.3992	196.5	0.1296184798315429	-6.06047552819223	
897.3992	202.16	0.7708823458817584	-0.6733902751895402	
897.5412	197.29	0.5281798191728783	-1.8700541259558738	
1038.6514	195.3	0.9518744803672314	0.13923595477109976	
1039.6545	195.58	0.7762856830363353	0.653213895831044	
1180.7635	202.03	0.8889062143417095	0.3255510477975806	
1184.7635	199.12	0.5471170918784266	-1.4457364730679885	
1184.7635	201.9	0.5281798191728783	-2.2628672206196785	C59H108N2O21
1186.74	220.74	0.5281798191728783	2.1612604055208107	
1048.8235	348.51	0.11702182476973697	-6.511789472541832	
1051.2971	267.53	0.9331926030118909	-0.19233974913816712	
1197.8015	292.31	0.7519605580048573	0.7416382408651818	
1203.7845	281.63	0.9696395108471696	0.08152800126269033	
1206.8187	289.27	0.5471170918784266	-1.4193439394057736	
1207.8219	288.87	0.8200330424841045	-0.5437029189490209	
1209.8359	281.37	0.603416086742633	-1.205214522693991	
1214.7547	251.07	0.9809253243697005	0.054800017879668164	
1214.7547	259.47	0.8643955427559558	-0.40077303134624803	
1218.735	202.03	0.7684400559826473	-0.6872024742488901	C59H108N2O21
1218.778	260.81	0.9615175925410784	0.10823255391767099	
1219.7332	199.52	0.5403417959442877	-1.5464621824830564	C59H108N2O21
1219.7332	202.03	0.5281798191728783	-2.084919851383547	C59H108N2O21
1219.7809	261.33	0.6666377147031757	1.005328237276052	
1087.2943	270.16	0.8818277673230309	0.3491385199420685	C48H56O27
1092.8503	343.24	0.23436398430487212	-4.328625258530601	
1273.6029	136.77	0.5471170918784266	1.4197996075391703	
1274.6067	136.9	0.5661609633376044	1.3298761603740858	
1286.6715	206.78	0.5281798191728783	1.7983046953934432	
1292.1347	137.04	0.8579071580214283	0.42562811444154364	
1293.1074	137.04	0.8936064106303414	0.30821439909357545	
1294.1112	136.51	0.5527796380863298	1.3882523164296392	
1337.3423	609.84	0.6347202159528718	-1.1013959750721098	
1422.1253	348.25	0.8146380898421273	0.560462165029565	
1422.5223	288.35	0.5766574949798783	-1.2946300457253406	
1423.1289	348.51	0.8763714418505796	0.3599949417593282	
1444.1073	348.25	0.6666661871362586	0.9960945394234609	
1454.7734	325.09	0.855734398492719	-0.43695106066808076	
1484.1143	325.22	0.5694788685021619	-1.3207836102822086	
1485.1181	325.22	0.6327862093206622	-1.114475498017521	
1486.1208	325.49	0.5281798191728783	-1.8181978931191265	
1501.141	324.96	0.5281798191728783	-1.8310961598935882	
1502.1448	324.96	0.5705753409512181	-1.3128009680857111	
1503.1479	324.96	0.7375269577728795	-0.7721929017850863	
