m/z	rtime	p-value	t-score	custom_id
132.0446	28.24	0.15650636716557084	2.0208616239973933	C8H5NO
132.0527	159.14	0.44293015770580957	1.0393358006437252	
132.0769	252.96	0.32682179677741663	-1.3576347531186266	C4H9N3O2
175.2036	358.7	0.5058026876214811	-0.8964616489809413	
218.0653	269.18	9.980807250854373e-07	-36.4439801801018	
132.1152	265.76	6.416231298315564e-05	-14.236159746821613	
218.1249	295.96	0.11517058023536463	-2.2823052845405862	
73.0848	209.69	0.0055793407835107505	5.136588468968582	
176.0295	216.13	0.008404600204594636	-4.672603866625607	
132.9874	108.14	0.936138111310879	0.11473300082235792	
132.9874	110.9	0.5294608277664468	0.8515981063100245	
132.9874	112.74	0.26220446380269163	-1.5570223365692253	
132.9874	213.89	0.07899664438207588	-2.593438058416728	
133.0279	362.77	0.20529819191713408	-1.77908482531299	
218.9434	200.73	0.0010996109595230118	-7.489441989408147	
133.0801	252.83	0.2089053247516329	-1.7620116773106964	C4H9N3O2
133.0861	26.79	0.2543572488687237	1.5850104695788358	
219.0267	204.67	0.0018633222778211733	6.6268175748861315	
133.1014	25.2	0.13762155000529647	2.131144643864645	
133.1014	27.84	0.6356177339763107	0.6438633981755351	
219.0476	192.56	0.6629389012943427	-0.5959134256880708	
219.0576	269.31	4.168470668834186e-05	-16.540251028406466	C13H11ClO,C11H10N2OS
133.1222	266.16	0.004252061214041976	-5.547611974591453	
133.1247	265.76	7.78500168302436e-09	-80.64300084721071	
176.8754	200.73	0.6166798098123828	-0.6751269758419837	CK2O3
219.9076	198.21	0.4516633957019901	-1.0157425335886783	
219.9076	205.06	0.9540031123779739	-0.08440511379469827	
134.0353	190.85	0.8803382606108213	0.2174768127268506	C5H8O2S
219.9468	200.73	0.0020459286765176043	-6.501345303046259	
134.0813	41.57	0.004800006964282957	-5.360035606180013	C5H11NO3
134.0813	48.95	0.001836599869461619	-6.647602580977526	C5H11NO3
220.03	198.21	0.005875291609769003	5.075974069537704	
220.03	204.67	0.0009357718191818474	7.777075596681323	
220.03	210.74	0.0016899837156223241	6.781007587571746	
220.0371	198.07	0.8997409394803373	-0.18126499272315846	
220.0371	204.54	0.41117572910757194	-1.1233001773395277	C9H11NO3
220.1181	179.0	0.9701025326516403	0.05710971932578325	C9H17NO5
177.8883	200.73	0.35076814131962747	-1.2845880210016143	
135.0277	190.72	0.8760130827095257	0.22408432903879916	
177.9668	200.99	0.24150608964204295	-1.6301021138416165	H2KO4P
178.0242	202.96	0.0010996109595230118	7.484328652112225	
178.0711	191.12	0.01911912170635739	-3.848631433065912	
220.9016	200.73	0.004270203417319699	-5.536463452192253	
220.9415	200.6	0.003147227468103505	-5.915632298381853	
220.9475	200.6	0.16042184646806304	-1.989270888162863	
135.0635	50.0	0.4609987809712341	-0.9944516123528672	C8H7NO
221.0248	198.21	0.008782375571430273	4.623376907746309	
221.0248	204.67	0.0009004519618411645	7.840491724489063	
221.0248	211.14	0.018047479316917858	3.912477449997079	
221.0344	204.14	0.3139686733288236	-1.3920921936623218	
135.068	203.36	0.3979255008064077	-1.1568652197209928	
221.8998	135.41	0.44074501717782794	1.046249112339549	
221.8998	150.28	0.9380546886536776	0.1113552668649119	
221.9049	200.86	0.1460219936472033	-2.0806155519898257	
77.0391	159.01	0.26611829205395054	1.5371129745541368	
178.8736	200.73	0.9127651685952435	0.1557691284084934	
178.8811	198.21	0.4244886357908955	-1.0866443924052016	
178.8811	205.06	0.4403792656260121	1.0476660262604707	
77.9274	200.73	0.005058302286488467	-5.273167478409888	
222.0956	174.67	0.2648117493257793	-1.5422598704381794	C11H12N2O3
222.0956	191.25	0.002527113915659152	6.201382960441228	C11H12N2O3
80.0032	200.73	0.7983553873840974	0.35136400458692596	
80.9873	200.6	0.7156395342502883	0.4948538313583529	
80.9937	200.73	0.08281866759612955	-2.5529930950832713	
136.9098	200.73	0.023918128741386276	-3.6373049138518607	
136.9109	201.12	0.3318617537484129	-1.3441808132883257	
136.9402	200.73	0.0005072676745434319	-8.787490426118215	H2KO4P
81.0453	197.02	0.0050820281201648995	5.262776068763317	
136.9695	200.99	0.7156395342502883	-0.4946343884441136	
136.9707	200.47	0.26744012927476657	-1.5294156558932108	
222.8997	200.73	0.0055567437525744666	-5.143117263565144	
179.0901	357.78	0.4210544800898034	-1.0967050004900083	
81.9884	200.73	0.07966836757048233	-2.584166795515603	
137.0598	204.41	0.4602170518948864	-0.9965460563166354	C8H8O2
137.071	194.27	0.2722853644509034	1.5126847342246235	C5H8FNO2
223.0637	136.19	0.4005393858470658	1.1484792982215648	
137.0792	204.14	0.8569852828451995	-0.2567830375517327	C6H6O
223.1078	204.14	0.8697883854246435	-0.2374735046560653	C9H11NO3
223.1116	302.03	4.6139464605299514e-10	-133.3567387696699	
179.8812	198.21	0.8949148050822779	-0.19094489721241087	
179.8812	205.06	0.21041383059999139	1.7559330848822408	
137.9435	200.73	0.0003430850568038227	-9.57305489107313	H2KO4P
138.0526	222.17	0.05589281706057177	2.905952358861738	
138.9383	200.73	0.0004333033925385686	-9.091593298100317	
138.9443	200.73	0.04873081940331653	-3.022645177860089	
223.1918	192.03	0.3932688232417864	-1.1724574238426202	
139.0503	182.68	0.08440795840436936	-2.535500818966217	C6H6N2O2
84.9118	202.96	0.1500166301314164	-2.0583782868189067	
139.0979	198.73	0.005020351134065506	5.289327208970104	C6H10N4
224.1496	25.87	0.24150608964204295	1.6293602065373147	
224.1496	27.71	0.19757485993526622	1.8152928261122334	C11H16N4O
139.9148	198.73	0.2325054764682581	-1.6677995166894664	
139.9148	203.62	0.7081971966247014	0.5150606913541796	
139.9417	200.73	0.0007256104885609475	-8.170601356666193	
181.0948	213.76	0.07767929562955268	-2.6096327372860837	
225.0347	215.73	0.11440418348987892	2.290007399316943	
225.0468	198.21	0.08990281494899695	2.4844430190504334	
225.0468	204.93	0.02728246820911234	3.5165072496816316	
225.0468	210.74	0.030133282523016808	3.428914838944772	
225.1486	28.1	0.059035389957474864	2.857263208187846	
140.9364	200.73	0.0004280997828957042	-9.142738782618949	
140.9426	200.6	0.010867566104229133	-4.404589065157365	
225.1592	26.53	0.1235998328787064	2.2200392926242363	C12H20N2O2
86.9092	203.09	0.16277827691715901	-1.9750658610327412	
87.0269	190.85	0.7113947279635855	0.5096407033980859	
141.0716	213.63	0.08297411064588134	-2.5505692471775476	
182.0926	268.78	4.2882861335083946e-05	16.239891056210354	C9H10N2O2,C7H15O3P
141.1136	31.03	0.11357351043430931	2.296012944409873	
88.0221	190.16	0.986513988642141	-0.02630698215792209	
183.0226	35.89	0.3450508817600526	1.305240030569445	
142.0613	28.24	0.4499328167464496	-1.0194846827639046	
226.1803	34.44	0.27241707540564475	1.511510645887891	
226.9879	212.71	0.16628560334060974	-1.9558177175825349	
89.0603	26.79	0.16277827691715901	1.9750065557439653	
143.019	388.93	0.0006661992153924908	-8.30730588099057	
143.073	155.99	0.3710122141876162	1.2339200868649915	
144.0479	197.16	0.005220993875683444	5.229041585152479	
184.0857	204.14	0.7113947279635855	-0.5092011055353766	
184.097	30.07	0.05098891401834236	-2.9877214425105385	
184.097	161.51	0.7585842792426193	-0.41778222415569954	
144.9276	198.47	0.759868393152575	0.4136254190713505	
144.9276	205.06	0.8854263407932346	0.21015152890876407	
145.0474	197.29	0.08481903864698138	2.529846709534586	
145.0496	191.51	0.1075166756834496	2.341775804211165	
145.0511	197.16	0.0047448176306986506	5.389557265158847	
145.0841	159.01	0.38234270376084273	1.1997258286887016	
95.0497	204.41	0.41814265209171914	-1.1051181363504765	C6H6O
229.1437	28.1	0.7567414684965021	0.4226652381796384	C12H20O4
229.1548	192.56	6.732226994218378e-05	13.588262658255122	
229.1548	205.06	0.011725157974616839	4.32926640076498	C11H20N2O3
146.0436	197.16	0.005331771169352899	5.195088184389626	
96.0813	209.43	0.0028069845868793444	6.071857237163894	C6H9N
146.0925	254.67	4.5218959907722414e-05	-15.61488823536232	C7H6N2O
96.9223	198.07	0.4688084338659204	-0.9759305807870202	
96.9223	204.93	0.15533163084178372	2.0269426274287667	
96.9223	210.74	0.5159265900457085	0.8781972704729669	
97.0289	191.51	0.008404600204594636	4.6729238323218185	
230.9952	363.16	0.23441179943531057	-1.6595369281863348	
147.0634	155.99	0.3842811972215107	1.1927925659976197	C9H7NO
98.9193	198.21	0.3834458841826737	-1.1965324722011923	
98.9193	204.93	0.8537229677057924	-0.26443170672565786	
187.0578	191.12	0.06515908936203324	-2.77328295304772	
147.1164	26.4	0.009027472872916817	4.5930950756543645	
148.0393	27.97	0.15414447262735764	2.035073549083613	
148.0393	204.41	0.540160609312329	-0.8276463168832136	
187.1442	190.85	0.5080194298864806	0.8921787556754195	C10H17NO2
148.0475	204.27	0.4547077071868696	-1.0082182858941526	C9H6O2,C2H6N6S
148.1333	191.9	0.759868393152575	-0.41436743114306956	
148.9403	200.6	0.26463074323882324	1.54543021909171	
233.0352	269.31	1.541051520972241e-05	-20.729434331010555	C14H10O
233.2013	28.63	0.5879403986284342	0.7277669937369207	
150.0245	190.85	0.4671341821447845	0.9802741594190343	
234.1966	194.53	0.452672922393201	-1.0125670080817135	C12H20N2
234.8091	198.99	0.8258430937588448	-0.30592051935039244	
234.8091	203.09	0.3492253432683397	-1.2934539777242695	
234.9173	200.73	9.098294225660217e-05	-12.749394232012367	
150.0775	198.21	0.0019990086218046603	-6.541124548011323	C6H7N5
235.0748	191.12	0.15414447262735764	2.0356195181107717	C8H14N2O4S
235.0748	209.69	0.3961197353751298	1.1625868126275531	C8H7N3O5
235.9206	200.73	9.401397644613312e-05	-12.512107934431114	
150.9768	199.52	0.001815424945076579	-6.671763717693655	
150.9768	202.3	0.0063997897471137835	-4.969504076070536	
236.0225	209.3	0.2627566327126104	1.553379103494633	
151.0581	190.72	0.9662469003186661	-0.06397194597701186	
190.9876	18.86	0.6978049778954566	0.5361660673911653	
190.9876	22.97	0.5784331522574037	-0.7527465082952194	
190.9927	267.86	0.001815424945076579	-6.68386242469436	
236.9153	200.86	9.190182598689828e-05	-12.67430679665104	
104.0534	190.85	0.6390074060087716	0.6367826690888191	C4H9NS
104.058	159.4	0.5012887226233661	0.9059591837466269	
191.0816	27.97	0.005399937588873172	5.174801275247822	C10H10N2O2
191.085	190.72	0.8720739334889874	0.23238521911058282	
152.0568	135.54	0.4195557117121447	-1.101781620495101	
152.0623	190.98	0.4613677364339802	0.9930550596272778	
191.9987	191.77	0.14918362873734853	2.064125382618412	
192.0302	191.25	3.690321240514584e-05	-17.149876484251564	
192.0302	210.09	0.03770264437351205	-3.2443658325348776	
105.0227	213.89	0.45493792089501395	1.0070519844032377	
192.0627	50.0	0.5639449764420675	-0.7818526842464577	
105.0565	190.72	0.8960876494478546	0.18855579406288314	C4H9NS
237.8917	202.3	0.7624813292700672	-0.4093967630474237	
237.9187	200.86	8.390022947084671e-05	-13.000246158948661	
153.0575	190.85	0.8490594413731187	0.2729652037034297	
153.0601	135.54	0.419562183190593	-1.1009829102805637	
106.0491	190.85	0.5456152029334043	0.8139438973922773	
238.0452	294.25	0.09964198942599922	-2.3978184239735167	
107.0658	190.59	0.05289584281507582	-2.956614920959977	
238.1652	27.05	0.004422103408486602	-5.479066452215387	
238.1652	34.84	0.4210544800898034	-1.0953561085505326	
238.1915	192.3	0.0946216735677501	-2.4450898173014797	
154.0566	189.9	0.34473018159595525	1.3085514936142328	
238.9136	200.73	0.00017708664790064038	-10.910392385299119	
238.9197	200.99	0.043895054531246605	-3.112168475589907	
193.1437	34.58	0.004918432012227051	5.323891831454012	
193.1628	37.6	0.5245036102050982	-0.8625293129283785	
239.0438	269.18	0.5799487154149763	-0.7458506846307833	
193.9982	201.52	0.004252061214041976	5.550903486482245	C3H10NO4P,C7H7O4
155.0689	191.12	0.13357158771222516	-2.160076954230914	
109.0637	190.85	0.15679674220959347	-2.0153081019896226	
155.0751	191.12	0.08117407074320382	-2.567883346842453	C6H6N4O
109.0652	27.19	0.006869312758564292	4.891759630342034	
109.0652	204.27	0.4207334081394907	-1.098087983621838	
194.1005	49.87	0.8427680463586176	-0.28180677352201067	C8H9NO2
194.855	198.6	0.6009049869316283	0.7054040774121642	
194.855	203.88	0.4312550480275839	1.0683565561652626	
240.1376	269.18	0.004452275585233338	-5.469250851838081	C16H17NO
195.08	269.18	1.1372331258151075e-06	-34.639824575818345	C14H10O
156.0422	200.18	0.07414031639615007	-2.6628337532228996	C3H10NO4P,C7H7O4
241.0086	198.86	0.11150594674659024	2.309544544880042	
241.0086	202.57	0.7641118616180731	0.4056168327500138	
241.0859	228.9	0.004540084382121868	-5.44412892469791	C15H12O3
195.8552	198.6	0.30990337901536597	-1.4030281025669595	
195.8552	204.01	0.8537229677057924	-0.26613094299982776	
157.0761	155.86	0.8011961372003124	0.3451377036028882	
195.996	201.52	0.0038236712171230564	5.693573969685237	
195.996	214.55	0.23849630852515832	-1.6458579458972562	
195.996	219.54	0.005241536925496507	-5.2170343107914325	
196.0175	188.72	0.0010996109595230118	7.504606883480627	
242.0189	198.6	0.4813647253892193	0.9496275413475374	
242.0189	203.88	0.20438997588820387	1.7830218164113354	
196.0638	209.17	0.30893903985055393	-1.4060725649361225	
196.0833	269.18	1.5487954362595913e-06	-31.83661310881966	C14H10O
112.0216	197.16	0.012987705282881004	4.214561430834641	
242.0376	220.72	0.007762321321827321	4.76424525291563	
242.0998	179.27	0.033340274844926326	-3.3425980715293435	C9H17NO5
158.0403	200.18	0.11954234907149146	-2.2476154042785046	
158.0602	28.24	0.16346306408304204	1.9712113682658345	C10H7NO
158.068	190.85	0.15812840721461707	-2.004201354907846	
242.9385	232.18	0.05971182974921179	-2.848019208936889	
242.9385	233.23	0.16409458820602646	-1.9667048334177615	
243.0161	198.47	0.32432577983301675	-1.3670362877200257	
243.0161	203.88	0.6894349980936219	0.5489517471008616	
243.0226	198.47	0.7941319927251669	0.36013571029792374	
243.0226	203.88	0.20794725160197328	1.7668061175958722	
196.8532	198.6	0.3961197353751298	-1.1631373595896588	
196.8532	203.88	0.6223399113411708	0.6655772666332728	
196.9615	200.73	0.0011275866313998656	-7.433402232710945	
243.0409	220.72	0.00571135026901913	5.1098216945571515	
158.1005	222.56	0.08475506143632239	2.531491642628188	C7H12N2O2
243.1033	179.27	0.02886551424107263	-3.4652765823517884	C9H17NO5
112.8961	200.86	0.006092733318425127	-5.032424895001818	
113.0297	197.16	0.01191549737072105	4.309841116016994	
197.0757	269.18	7.050841779560091e-06	-24.478802515733623	
197.1147	135.41	0.5868180292488342	-0.7319560944381743	
244.0175	203.88	0.6384223440700777	0.6383862324669969	
159.0474	136.06	0.2839523575163798	1.4766526152201302	
159.0474	149.1	0.7889768147215551	0.36880259857962716	
159.0805	25.07	0.9184755564143694	0.14371780283538427	C11H10O
244.0532	214.42	0.0003762386555316882	9.374739120288828	
244.1294	310.3	0.15523686421840407	-2.0283320760993875	
244.1908	34.58	0.007834585812567045	4.747316855246662	C14H21NO2
198.0876	251.39	2.6748284902539198e-05	18.566593770463278	
198.0975	191.51	0.058759240717308744	2.865709168442464	
198.1045	357.51	0.5414457265394855	-0.8241410026980548	
160.0758	27.84	0.4312550480275839	-1.0685244734440429	C8H6O
160.0758	156.25	0.5340061850169197	0.8418903481049239	
245.0011	233.36	0.01164126646349726	-4.341596491787598	
114.8932	200.73	0.01911499355972754	-3.8533963482422786	
115.0545	155.99	0.5404799053993143	0.8263844468359627	
245.9478	225.19	0.029712563104526586	3.4408195891207343	
160.1162	209.69	0.007172813632798291	4.849990138690387	C5H11NO2
198.5455	314.11	0.556546239802207	-0.794411575738539	
198.9596	200.73	0.043007389286179684	-3.131633242951011	
246.0973	191.25	0.005381744088203484	5.183682996264	
246.1238	155.99	0.4162858197258389	1.1100531685494608	C11H12N2O2
160.9015	198.73	0.4813647253892193	0.9489852757217674	CK2O3
160.9015	203.49	0.6417227485145592	0.6310792737026939	CK2O3
116.0471	221.51	0.023632611033963212	3.6516806456065845	
161.0317	220.85	0.0011675819181408591	7.371707895791673	
161.0378	220.85	0.0004333033925385686	9.090707325127934	
161.071	27.97	0.33654335701348215	1.3316369227184874	C10H7NO
161.079	27.84	0.29696531375272844	-1.4407505092576647	C8H6O
116.0936	222.3	0.8537229677057924	-0.26528080778345475	
199.1007	191.64	0.13181103828753507	2.1711062523798765	
117.055	25.87	0.07419337550678545	2.6589599884987813	
117.068	222.17	0.05098891401834236	2.985193745711432	
248.0218	362.64	0.24091208563476343	-1.6356442616507452	
248.1283	35.36	0.04447709030575898	3.0985759703219453	C14H14N2O2
161.9929	199.65	0.35076814131962747	-1.2860615452329214	H2NaO4P
161.9929	201.52	0.9777305870529878	-0.04248634243871058	
117.0913	28.1	0.9625520774038219	-0.0704731303485973	
162.0386	221.12	0.0005072676745434319	8.785869916924964	
162.0551	35.89	0.0022784679871571244	6.358635368894054	
162.0551	37.46	0.2839523575163798	1.4765393034857244	
199.5428	313.98	0.5846105393617226	-0.7367389761846258	
249.1195	299.77	0.17711953125858876	-1.9035823999562633	
118.0615	253.1	0.006347876428756731	4.982403654131706	C3H7N3O2
250.0176	363.29	0.23134674398505098	-1.6738815350395373	
118.0751	222.17	0.05098891401834236	2.985888051491488	
118.0775	222.17	0.05990964961773105	2.8431478694758034	
250.0935	34.97	0.001815424945076579	6.6706239810911185	
162.1127	288.18	0.026141690432486698	-3.559524672677589	C7H15NO3
118.1099	209.03	0.01191549737072105	4.311391268784199	
119.0494	204.27	0.6629389012943427	-0.5951546233512296	C8H6O
119.0688	158.49	0.3645573049451103	1.2524305340965243	
163.0536	214.16	0.0001747459006508256	10.95080507959399	
119.0836	209.69	0.004767930200117665	5.376518562336098	
200.8631	198.21	0.5675329371430067	-0.7734287464661521	
200.8631	205.62	0.6247078304892381	0.6598889331651029	
251.0962	34.97	0.007594053628605779	4.7916544109142265	
251.0962	198.6	0.034876673278640004	3.3052914088053162	C11H14N4OS
120.0449	257.72	0.11506548394223158	-2.2839804088681226	C7H5NO
120.0528	204.27	0.8924196310356708	0.19500593568781702	C8H6O
163.0979	197.16	0.005045678431570525	5.278529572117238	C6H7N3
120.0907	209.69	0.012758381017492111	4.233530435399257	
120.0932	209.43	0.002940436487916383	6.008124727646806	C5H11NO2
120.1022	192.3	0.013535117821249259	-4.171960803805099	C5H13NO2
201.9839	225.05	0.012715684159501356	4.240493264900505	C3H7NO5S2,C3H7NO5S2
121.0165	200.73	0.3127542996904626	-1.3956805125866736	
202.0645	221.12	0.0009488984621262695	7.752081243757122	C6H8N4O4
202.0686	192.95	0.1791086993409152	1.8913511061501191	C6H13NO5
164.0707	204.14	0.7213947947109499	-0.4837680069154605	C7H6O2
164.082	33.39	0.3506917502188344	-1.2871607589180891	C6H6N2O
121.0651	159.27	0.37676119544570197	1.2169839001696658	C8H8O
121.0781	158.75	0.17836161111986965	1.8960450851860222	
164.1282	190.85	0.6232778090570111	0.6634718191413458	
202.9695	199.65	0.018416010098490414	-3.8943922171363283	
202.9695	202.3	0.3961197353751298	-1.1623069115204492	
202.9695	214.16	0.004148424413217972	-5.585518805171348	
253.0854	187.8	9.295571396807846e-05	-12.575341122032858	
253.0854	190.85	0.013535117821249259	-4.168159680648259	C16H12O3
121.9698	199.78	0.4732391029908519	-0.967015564393579	H2NaO4P
121.9698	202.17	0.30425892254531983	-1.4194040038511493	
253.1646	31.16	0.983823237250597	-0.03172793058983627	
164.9352	200.6	0.011671020515739984	-4.337367941433252	
122.0469	197.29	0.4020239762246815	1.1433421420298864	
253.2387	194.79	0.5799487154149763	0.7476413731571795	
122.9248	200.6	0.012235035574998943	-4.282028647199422	
122.9646	199.78	0.38178104993408923	-1.2016116344086605	
122.9646	201.12	0.43097347982135187	-1.0712004039005547	
203.0767	209.17	0.807287081783489	0.3356274491964306	
203.0767	214.29	0.00018872678847468017	10.78830824381758	
203.0814	27.71	0.09627650855420963	2.4299610681707664	C11H10N2O2
203.0814	187.54	0.0017157113574550577	6.753534176728013	
203.0814	191.12	0.0023390227402296207	6.319665923447641	
203.1028	302.82	0.046533007015951665	-3.059491179475599	
203.114	268.39	0.025635946192275966	-3.578995628331992	
203.1391	192.03	0.007762321321827321	-4.760232085505355	
254.1963	28.24	0.8901238760364639	-0.2003341497660747	C13H22O4
123.0684	197.16	0.011606680962078128	4.346179047567683	
165.924	1.95	0.8642680237713223	0.24668846127176955	
123.0749	197.16	0.004256652164165741	5.543025324364126	C6H7N3
165.9304	200.04	0.7151066332353404	-0.502565578671054	
204.0245	232.31	0.002071690759204403	-6.478175297276798	
204.0631	197.42	0.15679674220959347	2.0157392689077778	
204.0631	204.93	0.43785270060580517	-1.0544161049093066	C9H11NO3
255.101	301.24	0.006318933287352708	-4.9891434032483195	C16H14O3
204.1174	191.51	0.26220446380269163	1.5559301208992125	
255.1591	31.56	0.002493707740861567	6.2278772312947615	
166.0581	204.41	0.6757639605623644	-0.5705527078244035	C9H8O3
123.941	198.34	0.128584799134994	-2.1899407949785075	KO3S
123.941	204.67	0.7583652199119647	-0.41944045515565825	KO3S
204.9278	200.6	0.19821750478436886	-1.8112476596299079	
124.0477	204.14	0.840091177694833	-0.2860727183365488	C7H6O2
256.0169	214.55	0.015553931319354782	-4.038286536332558	
256.0169	219.67	0.04321714689985575	-3.126101165719153	
124.0527	33.26	0.7983340355239109	0.35305067264445805	
256.1045	301.24	0.012752114810916886	-4.236141848567896	C16H14O3
124.0589	33.26	0.48046505726197203	-0.9527815570147052	C6H6N2O
124.0782	197.29	0.001042089236840785	7.601006398557984	C6H7N3
205.0683	191.12	0.0011867014943399722	-7.345906479854591	
124.9229	200.73	0.012289476804499044	-4.274278017445429	
256.9825	200.6	0.41164616000849397	1.121650698091811	
125.0599	33.52	0.48718599148006514	0.9348482270452876	C7H8O2,C7H8O2
257.0567	190.98	0.1888376995856387	1.8516488671815885	
257.0567	209.69	0.1336274828389337	2.158774412324545	C8H7N3O5
125.0793	50.13	0.49953285615635235	-0.9103091607036844	C7H9NO
166.9508	200.6	0.0006303342098929537	-8.430529856683014	
126.0374	197.02	0.0016634476371534903	6.843251088110956	
126.0664	34.97	0.7281659324931543	0.4740265146462902	C5H7N3O
167.9542	200.99	0.005038208398257247	-5.282970276072997	
206.0814	204.27	0.6404925168127938	-0.6339324975029917	C9H8O3
257.9328	371.2	0.03316687156617633	-3.347907539250912	
257.9933	202.96	0.055497123562170764	2.916204514876082	
258.0884	269.18	8.134887547334615e-06	-23.61645641092261	
127.0392	191.51	0.05522543154240798	2.920974125049925	
258.1103	314.37	0.9022005519323281	0.17627761903132264	C8H20NO6P
168.0902	159.01	0.338402890437354	1.3268455958732923	
168.1496	191.9	0.4245020059735995	-1.0850540577297496	
258.9809	200.31	0.7983553873840974	0.3511665161888837	
168.9489	200.6	0.0007949002505646198	-8.029056191140844	
258.99	202.96	0.9184755564143694	0.1442115351161529	
258.9966	202.96	0.043007389286179684	3.132383466279863	
207.104	156.12	0.5394229031716434	0.829544888245792	C11H12N2O2
207.1857	34.84	0.5877869992508611	-0.7289910201076145	
169.0691	47.77	0.07809212087736096	-2.604826472180159	C8H9NO3
128.9328	1.17	0.001042089236840785	-7.619571999380749	
169.0761	27.45	0.2205592464795475	-1.716479678400231	
259.0922	269.31	9.190182598689828e-05	-12.659081921364637	
259.1135	314.37	0.41638086291699733	-1.1090930337611888	C8H20NO6P
169.086	27.05	0.07628573922347376	2.6307829918874304	C9H12O3
259.9912	202.83	0.06652303115744976	2.752681210219317	
169.1265	36.68	0.44937310028333644	1.021412003375069	
260.0272	294.38	0.2603088900346716	-1.563546357909305	
170.0425	320.19	0.3486349505512339	-1.2954955150840402	C5H8NNaO4
170.0482	191.25	5.8422034053713514e-05	-14.613426929814878	
170.0482	210.22	0.05555665243606546	-2.9141311882627603	
260.1138	314.37	0.3419511437909146	-1.3185008907142366	
260.1494	26.0	0.06521967195091742	2.771387407702437	
260.988	202.96	0.1731278099696596	1.9253781331948419	
260.9949	202.7	0.00614353029947952	5.016848768182595	
130.0695	266.16	0.20125205072705213	1.7945050001207534	C5H8N2O2
261.0307	203.49	0.07414031639615007	-2.6651247240679483	
171.0785	50.43	0.452672922393201	-1.01246616890201	
209.0957	274.72	0.013361247502553698	-4.186459529509891	C15H12O
209.1174	26.4	0.33111168045898554	1.347453736545033	C12H13NO2
130.9298	1.17	0.4363264143083185	-1.0578685267886667	
262.1438	34.71	0.0021777142208676444	6.4156876276860375	
131.0705	27.05	0.056784732415849304	2.8922371269978826	
131.0705	266.29	0.23552004705529175	1.6554063700542192	
263.0026	200.47	0.6660525269488848	-0.5885197967419625	
209.9963	198.6	0.34456965874858936	1.3104062091601625	
209.9963	203.62	0.26352648813061225	1.5498705941983135	
131.0928	192.56	0.5149134053602429	-0.880558483241524	
172.0718	300.72	0.004800006964282957	-5.359232246379227	C6H9N3O3
172.0718	308.99	0.009153942060773662	-4.579045746210415	C6H9N3O3
263.8587	198.21	0.3961197353751298	-1.1639778725476086	
263.8587	205.49	0.6643983596535509	-0.5915691778503238	
264.0819	179.27	0.22262387533244948	-1.708665421446286	
264.9278	200.86	0.0006359337829310599	-8.37685769799778	
173.0711	26.79	0.6663621978421541	0.587299140748808	C8H5NO
301.0296	199.12	0.39726867662593895	1.1593542808427795	
301.0296	202.7	0.40233671245629743	1.1419711027697046	
173.0887	50.13	0.4793743714685124	-0.9561208839794877	
301.1116	213.24	0.0031410015982816122	5.925708174824281	
301.2051	34.84	0.06655371328990095	-2.7511241851108035	
302.0587	220.72	0.011725157974616839	4.327204285728272	C16H12ClNO3,C14H11N3O3S
266.0748	157.57	0.02728246820911234	-3.517297767556654	C9H13N3O5
266.1144	197.16	0.004945686092642136	5.315631389141261	C14H17ClN2O
173.9832	216.65	0.8565779195948454	-0.25817941840737113	
174.0139	214.55	0.07709501739432208	-2.620388706444909	
174.0139	219.8	0.4245020059735995	-1.0855653725083259	
174.0388	134.32	0.5259292476695391	-0.8585341331776006	
302.9046	200.6	0.014537180250219097	-4.101394019030962	
174.0551	28.5	0.15253429127013757	2.0461170329359453	C10H7NO2,C5H8ClN5
267.059	159.93	0.10514767494063065	-2.3579934566471246	
267.0646	190.98	2.8684037968307343e-05	-18.137328654513965	
267.0646	208.9	0.0010996109595230118	-7.487059473238525	C11H11ClN4O2
267.0975	257.72	0.5393623644333958	-0.8304141871727885	
267.1074	197.16	0.943623246381743	-0.10237858095303894	C11H14N4O4,C10H18O8
211.9969	34.05	0.07628573922347376	-2.6302902293259676	
267.1175	197.29	0.05522543154240798	2.92188992860832	C14H17ClN2O
267.1226	25.87	0.01841771708784451	3.8909737516520604	C13H11N3O
267.1452	34.97	0.011485785045854945	4.356914536018239	C12H13NO3
304.1194	239.31	0.8901238760364639	0.19881319989798094	C14H14O5
174.149	37.6	0.5259292476695391	-0.8579944933912729	C9H19NO2
212.1065	269.18	9.10018794453892e-06	-22.632559792075345	
268.0792	191.12	0.7156395342502883	-0.49488640967275715	
175.0173	214.16	0.5581078173250161	-0.7913035979365016	
175.0173	219.8	0.5674945077159553	-0.7742655694615046	
268.1012	257.72	0.16881358033844052	-1.944633532512274	
268.1108	197.02	0.0037055111788930443	5.730175775962037	C12H14N4OS,C11H18O5S,C16H10FN3
175.0591	320.48	0.4417956739107642	1.0426745358246678	C5H8NNaO4
175.0591	321.27	0.6632330771568683	-0.5939547169981838	
268.1486	34.97	0.007426822722150065	4.816016975819411	C12H13NO3
306.0809	167.71	0.027945608048062197	-3.4923799109578884	C10H13N5O5
306.1912	26.92	0.1346894127481161	2.1523960299898857	C12H24O6
269.043	35.89	0.3834458841826737	1.1959980982305265	C15H8O5,C7H12N2O7S
269.0882	134.97	0.5871320013444618	-0.7307206474091884	C9H16O9,C10H12N4O5
213.0905	252.31	4.168470668834186e-05	-16.404912339069977	C14H12O2
269.2155	26.66	0.9471619839217682	-0.09459275090323893	C13H25NO4
308.0482	205.19	0.8760130827095257	0.2238397972168002	
308.0482	208.9	0.685539641627777	0.5565911921208537	
308.0482	212.32	0.23435809770988608	1.660570390998531	
349.2305	357.51	0.3008740913488024	-1.4298278023072617	
270.1911	28.37	0.17711953125858876	1.9059985890852715	C15H20N2O2
308.8497	200.6	0.04215092969148411	-3.156808282386942	
350.0175	212.71	0.24510729974470205	1.61738072166801	
350.0303	190.98	0.7641118616180731	-0.4058661440944018	
350.2174	27.45	0.3758081497477625	1.2217933543954473	
270.3156	28.24	0.38783808689967725	-1.1851717547204061	
309.036	223.22	0.16232756751156943	1.9787852309500067	C15H10O6
271.0386	36.02	0.44937310028333644	1.0212211457552078	
309.9688	297.4	0.04048358683880042	-3.187229215707114	
310.025	220.46	0.13645728808903934	2.142548822340835	C8H12N3O6PS
310.0698	36.02	0.89000426602049	-0.20166870877206283	C15H8O5,C7H12N2O7S
271.9731	212.71	0.3758081497477625	-1.2212612813367676	
214.1416	35.1	0.9878123370648438	-0.021697358891606768	
272.1856	32.08	0.37667862094335386	1.2179492279679103	C15H24O4
311.0227	205.62	0.6360957469446421	0.6424074052224907	
311.0284	190.98	4.5218959907722414e-05	-15.729066647569304	
311.0284	220.59	0.5453825564818243	0.8150713869712516	C8H12N3O6PS
352.2329	26.79	0.7556548880465292	0.4265641839093252	
311.059	220.72	0.23259431694120994	1.6666590004954756	
311.0614	257.46	0.010110803883828555	4.479854075896106	
311.2065	31.69	0.8555901429564708	0.26052224309962	C16H30MgO4
353.0478	34.44	0.08885130755503039	-2.493596553523205	
312.0405	214.29	0.020260511567651605	3.7961732553220298	
215.0405	214.42	0.12133735302552569	-2.2344013520764756	
215.0405	219.93	0.4001331414003729	-1.1500287748988083	
312.238	27.19	0.9737458896467129	-0.050544520403203244	C15H29NO5
273.03	205.62	0.605732122825975	0.6939520058576296	
273.03	209.56	0.49953285615635235	0.910669083616127	C8H7N3O5
273.0857	2.61	0.04033509129309376	-3.192642479320929	
273.0857	362.64	0.21366499551450935	-1.740465340298499	C9H13ClN6O2
313.0668	209.3	0.3710122141876162	1.234236522460462	C15H14O6
273.091	28.37	0.03085478082345949	3.406910255252821	C19H12O2,C11H16N2O4S
313.0747	213.5	0.19263037472154737	1.835335190098888	C12H20NO4S
313.1043	310.83	0.5900436688474916	-0.7233833073047052	C14H12N6O3
354.0512	34.44	0.060828498276993034	-2.8299771124083057	
354.0512	220.59	0.05881787416875586	-2.863715791388257	
313.8998	201.12	0.9927584346727223	0.010387770088699068	
354.0787	25.2	0.4226023923214532	-1.0908056643870494	
354.0787	228.63	0.0015918968889606156	-6.926573941332733	
354.0787	265.24	0.00018918460073965958	-10.748766180599684	
274.0837	211.0	0.3710122141876162	1.2343001526468635	C11H14ClN5
314.138	269.04	8.310680357221123e-06	-23.221646595794354	C18H19NO4
314.146	134.97	0.6680054724953992	-0.5834667766621099	
274.0922	338.24	0.042204033213078175	-3.153032716208491	
314.8979	201.25	0.008760358821341628	-4.627855854852637	
274.0942	28.37	0.13762155000529647	2.129725254706475	C19H12O2,C11H16N2O4S
315.0623	209.17	0.25951597747803123	1.5665261211586863	C18H12O4
315.1415	269.04	0.0016763001787020349	-6.815383464132635	C18H19NO4
355.0634	35.23	0.09763012299815804	-2.4182522460066247	
355.0804	228.5	0.03130634350628371	-3.3947162843853755	
355.2833	25.74	0.6716228210930791	0.5777588625862388	C21H38O4
216.0633	294.12	0.0694259091895954	-2.718164237825895	C7H12N2O3
355.9699	202.44	0.28225334035463656	1.4832615952956891	
356.0666	35.23	0.09763012299815804	-2.418420676073021	
356.0666	52.66	0.4475631257202075	-1.026662694060653	
356.0666	213.5	0.33215913633699484	-1.3427144653896508	
316.0935	187.67	0.036184802087365915	-3.2755902065436024	C13H10N2O5
316.0935	191.25	0.2712799058440768	-1.5161132977610334	
216.8369	198.6	0.5535433136276112	0.8004585209441712	
216.8369	204.27	0.38141440494626666	1.2048917370289998	
316.9203	200.73	0.00013141824971416214	-11.571319700373117	
275.0537	209.3	0.4450075492216893	1.0318507645839552	
275.0673	187.8	0.00011503732629976077	-11.870308754634001	C13H10N2O5
275.0673	191.12	0.16042184646806304	-1.9886982438526424	C16H12O3
356.9666	202.04	0.7039102383709204	0.5239955546585076	
317.0035	200.6	0.25353472297141827	1.5892924112623017	
357.059	35.23	0.728277411778521	0.47306209824887385	
217.0618	269.18	1.5487954362595913e-06	-31.572484410221353	
357.0694	35.23	0.09123961568812479	-2.472137962177646	
275.135	324.55	0.14952316672084354	2.0615971295921005	C9H11N3O4
217.1048	35.76	0.1927196672231868	1.8341018667799107	
217.1048	213.24	0.6013184188899509	0.7040294386066754	
357.9684	199.65	0.13290053408484306	2.1645087951085187	
357.9684	202.3	0.366310101930634	1.2481136217533308	
317.9237	200.73	0.004387142541575053	-5.496889786998356	
217.1185	284.47	0.14459837640189704	-2.089237365408721	
217.1297	266.81	0.006591585250860001	4.935842151289696	C7H9N3O2
358.2435	31.82	0.34456965874858936	-1.3097074504717763	
318.0061	199.78	0.06188281309986741	2.8116719383101314	
358.9446	203.49	0.26687509847194696	1.5326022372409216	
318.1912	26.92	0.9316216228877898	0.12235198527299665	C15H27NO6
318.8785	200.73	0.0012966104048779408	-7.229659904164103	C8H4Cl6
276.0256	188.06	0.005154382873299479	5.243780708287577	
318.9182	200.6	0.0001432760697197325	-11.360778204515022	
276.0574	209.03	0.7844031222327427	-0.376860087466376	
400.1215	35.23	0.22847501819871677	-1.6833695784576932	
400.8817	200.6	0.1638515898922897	-1.9686548484614643	
319.882	200.73	0.007762321321827321	-4.761668903263257	C8H4Cl6
401.1595	28.1	0.09929901019217517	2.401251635876738	C22H24O7
401.1701	283.55	0.012987705282881004	-4.213277653891378	
401.262	36.02	0.00010654419285315376	-12.101317612413403	
401.7636	36.02	0.0016290696819002647	-6.872469556664802	
402.2648	36.02	0.021084099873838538	-3.753520429553416	
402.2698	31.56	0.9471619839217682	0.09409543091175109	
277.0491	209.3	0.3461177336502649	1.3015598914542936	
320.2068	26.53	0.21730536743469175	1.72757695430357	
320.2068	34.71	0.44367146660126083	1.0354144781360293	
320.8764	200.99	0.005887240858026974	-5.068590271671299	
277.083	301.24	0.008346000499817567	-4.683379558014828	C16H14O3
403.1374	36.02	0.20125205072705213	-1.7953349960422749	
277.9986	214.81	0.38178104993408923	-1.2017714333239138	
277.9986	219.67	0.021084099873838538	-3.754931121188519	
322.0544	270.23	0.3752409121059191	-1.2239843129358723	C14H9ClF3NO2
278.0865	300.98	0.043007389286179684	-3.1309920318950955	C16H14O3
404.2066	25.87	0.05978323278477125	2.8459023566091375	C23H25N5O2
405.1504	357.51	0.0006303342098929537	-8.410121933983094	
362.9048	200.73	0.0015918968889606156	-6.917699524345555	
405.2099	25.87	0.16099973192344907	1.9853074528481915	C23H25N5O2
406.0437	220.2	0.46548875947178747	0.9845769379485307	
362.9564	214.16	0.4813647253892193	-0.9498697795124214	
406.148	357.65	0.539256025901495	-0.8313536031983538	C20H23NO8
407.047	220.33	0.5442650506452993	0.8183143940754363	
363.0155	363.16	0.2284142314203651	-1.6844342430027202	
408.0478	388.8	4.379568398380506e-05	-16.097342189722575	
408.0593	214.68	0.001042089236840785	7.5923940981693265	C16H14F3N3O3S
363.1307	270.78	0.009902117975312381	-4.499482610511293	
279.0923	34.18	0.8366002319042395	0.2913722068108788	C12H14N4O2S,C12H14N4O2S
279.0985	239.7	0.37589187549438546	-1.2202922385520165	
279.0985	253.1	0.5799487154149763	-0.7465326452805223	
324.0223	198.47	0.9625520774038219	0.06966103301711721	
324.0223	204.01	0.36816830959330826	1.242791534832458	
324.0413	220.46	0.5846105393617226	0.7367214718068958	C16H12ClNO3,C14H11N3O3S
363.955	214.16	0.20125205072705213	1.794899696273743	
324.2016	26.92	0.15950132620401733	1.9973799839283293	
324.8975	233.49	0.011725157974616839	-4.327220181686503	
364.007	179.27	0.08090687862558947	-2.5712883634752566	
409.0475	388.93	0.0002918826656586273	-9.85326928182744	
324.9598	191.25	0.008629488864678165	4.645360227064082	
409.062	214.55	0.004767930200117665	5.374324850845065	C16H14F3N3O3S
409.0669	159.54	0.2870636323089299	1.4671980210849256	
324.9883	233.23	0.004880519638389245	-5.340600607165	
364.2329	27.19	0.7213947947109499	0.4843650905699444	
364.9526	214.02	0.26744012927476657	-1.5286053341319306	
279.9749	198.86	0.9876152423360851	0.022930138201032083	
279.9749	203.49	0.02750586715682475	3.5072906529316255	
325.0377	213.24	0.5784331522574037	0.7534620402638981	
325.044	220.46	0.12673875378175714	2.200764087469305	C16H12ClNO3,C14H11N3O3S
410.0455	388.8	6.602896409241658e-05	-13.926442699646342	C10H14N5Na2O8P
280.0703	269.44	0.001042089236840785	-7.609700518205064	
280.092	313.98	0.7984548192879308	-0.3495055056420812	C8H20NO6P
410.8791	200.73	0.002071690759204403	-6.4821699783944995	
325.9609	191.51	0.06176285377616883	2.8168125882141033	
325.9706	205.88	0.22481142085169883	-1.7006860980366998	
365.9864	191.64	0.009812201944932944	4.509354098907083	
366.0372	389.06	0.00038957236549956776	-9.287937974795188	
326.0455	220.33	0.24091208563476343	1.6342113356319694	
326.0565	214.55	0.1411299235999083	2.107672316965062	
366.1089	263.79	0.00489719453558506	-5.331062959498844	C10H24N2O8S2
366.1089	295.56	0.22659847533415625	-1.6919015324051603	C10H24N2O8S2
326.2172	27.84	0.0006303342098929537	-8.412544228038671	C15H27NO6
411.0623	159.54	0.1922308553288515	1.8385889901106311	
411.1343	269.31	0.00011438275374215932	-11.903295644707939	
411.2224	34.71	0.0016290696819002647	-6.872344561972836	
326.9966	204.41	0.32432577983301675	-1.3664281208222444	
367.056	308.86	0.01216458388767986	4.288805529959778	
327.0596	214.55	0.000795564319441257	8.019491825729936	
367.1646	266.16	0.00024327272117399647	-10.282426481482197	C19H19NO4
327.2013	34.84	0.00036946159292975664	-9.413492278887533	C14H30O8
327.2013	45.67	0.0076698922470422115	-4.780545517328535	
412.7461	35.76	0.002275194761260976	-6.364907108046891	
328.2329	27.71	0.07942977448224146	2.58737619753553	
414.2699	28.24	9.702073471674848e-05	-12.372935412993662	
414.7618	36.28	0.004365759373905855	-5.504980900633508	
282.1195	198.07	0.0005072676745434319	-8.800453994782032	C11H15N5O4,C10H19NO8
414.8972	200.99	0.00021681969739022634	-10.496105237867498	
282.1911	26.0	0.5164804430035299	-0.876555749524899	
282.1911	27.45	0.00026271375172865906	-10.12239513182028	
282.1911	35.1	0.014431604512530847	-4.109125609974646	
329.0497	240.1	0.16028511947624935	-1.9927833759382827	
282.9499	214.16	0.6032736303844902	-0.6988848597180312	
369.0761	266.81	4.715684984776778e-05	-15.447137069651129	
369.1823	24.81	0.7158997696613542	-0.49347709053404437	C20H29ClO4,C21H24N2O4,C18H28N2O4S
369.2165	249.42	0.006354765219907612	-4.978763215209548	
329.157	250.73	0.004417951968937553	-5.483382626369331	C19H21NO4
329.2364	27.71	0.93075729563678	0.12438262040457246	
283.0632	388.93	0.003980403794556612	-5.628722879014528	
415.2536	34.97	0.004393562109980408	-5.4920480059185985	
330.0134	357.51	0.010449084971418492	-4.445805874888284	
283.1177	28.1	0.4148221277837011	1.1142860360533398	C14H18O6
415.9019	200.86	0.021533911597040645	-3.7357060312674513	
283.123	198.07	0.054121581385074946	-2.9391540978187116	C11H15N5O4,C10H19NO8
283.1433	241.54	0.32213621127112324	-1.3729290264693845	
283.1433	250.47	0.4403072987126013	1.0485722296314934	
283.1543	27.32	0.7055531784961995	0.5210039779963228	C15H22O5
283.1751	34.84	0.0003851690939647917	-9.316343003843073	C12H26O7
283.1751	44.06	0.008106246459168872	-4.7107242985165785	
370.2436	28.1	0.0008671329245350466	-7.895299499884437	C17H31NO7
370.7355	35.89	0.000263680429642311	-10.020845876103834	
370.7355	65.17	0.015567258572200987	-4.035720791747697	
330.7878	199.65	0.6535560100687113	0.6119625512763417	
330.7878	201.12	0.6989101212473807	-0.533884816594051	
330.9799	191.77	0.05564352647148809	2.9104011516145643	
416.8556	200.73	0.004960044175864247	-5.306681347927455	
416.8952	200.86	0.0007676358802549772	-8.08382894452848	
331.1304	35.49	0.7590138788244053	0.416394634131867	C19H17NO2S
417.0049	35.36	0.6733894921449143	0.5745653990817349	
371.2125	357.51	0.9238097761852535	-0.1360064969774912	
371.2275	34.97	0.000263680429642311	-10.034448047000314	C16H34O9
371.2275	46.85	0.0043364678066096065	-5.514838685355251	
371.2559	200.31	0.7156395342502883	-0.49516609110898474	
371.2559	202.04	0.3509532069398837	-1.2833777442494099	
284.099	167.71	0.027907398045024078	-3.494961296807744	C10H13N5O5
418.0719	35.36	0.010840222607889626	-4.410191014553481	C18H16ClN5O3S
332.0562	198.86	0.38178104993408923	-1.202127072694161	
332.0562	202.83	0.5539366929916244	0.799091667516184	
332.2067	27.32	0.5711169425622772	0.7663745431158334	C16H29NO6
418.8537	200.6	0.17657933245579083	-1.9093894849414175	
418.9888	217.44	0.7583652199119647	0.4188959273401237	
419.0749	35.36	0.462588533254166	-0.9902236518375543	C18H16ClN5O3S
419.0749	204.67	0.13708711745350785	-2.1374027098164876	C19H18N2O5S2
419.1701	28.1	0.042176973839934545	3.1549273780456564	C22H26O8
332.8941	200.73	6.602896409241658e-05	-13.822632061556781	
284.9722	198.6	0.3450508817600526	-1.3063263838185162	
284.9722	214.29	0.00032401092733535907	-9.670442378738253	
372.1903	300.16	0.16042184646806304	-1.9887856372099968	
285.0556	215.6	0.07414031639615007	2.6640981257242666	
420.0231	214.81	0.003980403794556612	-5.63199984688985	
420.0231	219.54	0.0004944057186853088	-8.85279352908321	
285.0982	34.84	0.012758381017492111	4.231684966490993	C14H12O6
333.0411	33.52	0.17711953125858876	-1.9048966068420303	
421.0262	214.55	0.2053750088479208	-1.7779257358448046	
421.0262	219.8	0.24091208563476343	-1.6336641368323968	
421.2594	35.76	0.00026271375172865906	-10.08563703461061	C24H36O6
421.7611	35.76	0.00021731787313034327	-10.47573009879898	
333.8975	200.99	0.00012977592299581595	-11.614627936802698	
421.9993	203.49	0.9071133769030499	0.16914148979917687	
286.2117	27.19	0.1256572564111229	2.2075989619833862	
422.9878	238.13	0.11674819433553207	2.2691099075820516	C19H12Cl2O5S
423.275	36.28	0.001426899396649043	-7.087729826396695	C24H38O6,C25H34N4O2
423.7767	36.28	0.0014606582287060657	-7.05492068510235	
287.0448	209.17	0.34980544644810946	1.2906223229882143	
374.051	313.72	0.6564856672178169	-0.6071545507586927	
424.278	36.28	0.0457673148584402	-3.074045078586983	C24H38O6,C25H34N4O2
424.8851	190.98	0.010449084971418492	4.4472391829576985	
424.9578	362.64	0.027472477709172903	3.5097687044774206	
288.0231	240.88	0.023393315466981375	3.6610338453903517	
288.1232	131.43	0.7983553873840974	-0.3504803317458198	
425.0917	240.88	0.6164090485982897	-0.6762953239084672	
425.0917	250.86	0.07709501739432208	2.619500264732939	
425.0917	251.39	0.07428749378288191	-2.655693030730626	
288.2897	28.24	0.22659847533415625	-1.6916953569574806	
426.0584	389.06	3.690321240514584e-05	-17.266678404741768	
426.0958	158.22	0.4403072987126013	1.048713502299848	
376.0608	228.5	0.0013569536131050623	-7.17076539255002	
334.8921	200.73	5.8422034053713514e-05	-14.5960821201991	
289.0465	191.12	0.005067675024130678	-5.268413353931605	
289.0465	208.64	0.009488553720820357	-4.539698063269548	C11H11ClN4O2
426.9731	363.29	0.04293908690091303	-3.1392346100253516	
377.011	188.85	0.00026271375172865906	10.09661570412043	
289.0795	257.72	0.7736571089246356	-0.39240413565621224	
377.0453	30.21	0.005399937588873172	-5.177663351127646	
377.0453	35.23	0.029641873846416693	-3.4441217442301317	
377.233	35.36	6.602896409241658e-05	-13.860983460292875	
377.233	59.79	0.08078012532648467	-2.5735097929807536	
290.0821	257.59	0.9737458896467129	-0.050507785764013415	
290.1597	27.05	0.07414031639615007	2.6658933976026975	C15H18O5,C16H14N4O
428.1301	357.51	0.9148521877271727	-0.15108409156042818	C20H23NO8
335.8954	200.73	0.0004333033925385686	-9.110799492039789	
428.2491	34.71	9.402601804243671e-05	-12.484368999699194	
290.8837	200.47	0.44935353945385165	-1.0228064921847269	
290.8837	201.25	0.89000426602049	-0.20219433366630796	
291.0404	205.19	0.20061673268894398	1.801138210827838	C15H11ClO4
379.0828	221.12	0.0014907141028829016	7.023059558225419	C19H17ClN2O3
291.0849	209.3	0.1316997249067358	2.172702355948423	C15H14O6
291.1935	24.81	0.9097385645952865	-0.16307344783032335	
379.2488	35.89	0.0004377252823118845	-9.065079921939915	C22H34O5
379.2682	24.68	0.9072459174251326	0.16714828975870089	
379.7505	35.76	0.0002127685508470252	-10.54300575097823	
336.2017	26.92	0.07576323800173422	2.6397597324417963	
291.963	201.12	0.4161897709031853	-1.1110157607667457	
336.8899	200.86	0.00010549849734548698	-12.175325330141382	
430.8712	200.86	4.5218959907722414e-05	-15.84398647287481	
336.9857	217.44	0.6032736303844902	0.6994250403769394	
292.0161	269.57	0.0011350742769875403	-7.418640574865669	
337.0356	33.26	0.754929716123017	0.4283355983944607	
380.0615	36.02	0.8697883854246435	0.23705217330319617	
380.0852	221.12	0.0016290696819002647	6.873712791877291	C19H17ClN2O3
380.2518	35.89	0.023918128741386276	-3.6359968282885813	C22H34O5
431.8745	200.86	0.002940436487916383	-6.011961977363162	
292.1756	27.19	0.07090022313191337	2.702407405555675	C15H20O5,C16H16N4O
292.2017	24.68	0.9995506874001046	-0.0005835358526358792	
292.9597	214.42	0.8760130827095257	-0.22448189648452324	
432.0844	240.75	0.7386711791218377	-0.45614349110700214	C18H23FINO2
432.2803	34.97	8.881593021571637e-05	-12.826442158937992	
432.2803	48.17	0.20125205072705213	-1.7956897896626525	
381.9368	204.67	0.4417956739107642	-1.0420840138714116	
293.0803	209.43	0.48664887691583636	0.9364940566410923	C18H12O4
432.8691	200.73	0.14623249681903552	2.0786488754577195	
338.0196	214.55	0.007769569962758826	-4.756955238352721	C6H8N3O7P2
338.0196	219.54	0.002686236425455316	-6.120950030959494	
433.2838	34.97	6.732226994218378e-05	-13.673844102963775	
433.2838	48.3	0.05864582929018301	-2.8683589050518137	
293.9475	188.85	0.030273815181271375	3.4239522036819556	
433.8729	200.86	0.8121767161446307	0.3276619580017092	
294.0483	388.93	0.0016763001787020349	-6.800992810567932	
434.125	221.64	0.02063194632905177	3.778751484486817	C20H21N5O3S
434.3125	24.81	0.5523550431482238	0.8030173671829048	
434.7593	35.89	0.0020238031543263466	-6.51790621239719	
434.8675	200.73	0.04394615941185721	-3.1099365648311523	
339.0232	214.55	0.006043022150723526	-5.0424806630356	C6H8N3O7P2
339.0232	219.67	0.07749941792889062	-2.6127535168180844	
339.0486	197.16	0.9127651685952435	0.15494166778203883	C14H13Cl2NS
339.0486	205.19	0.07749941792889062	-2.612392256102631	C14H13Cl2NS
436.2831	28.37	0.012269902015932742	-4.277641470799654	
436.775	36.54	0.012715684159501356	-4.241737248971416	
339.996	198.86	0.3312431017404394	1.346344649675129	
339.996	203.22	0.013531952170675864	4.1742794613809275	
385.1128	270.39	0.07414031639615007	-2.6671326425573954	C17H20O10
295.0339	162.16	0.08440795840436936	-2.5354312783038107	
437.9732	198.99	0.6032736303844902	0.6991489305144893	
437.9732	202.83	0.07628573922347376	2.6326457708633275	
295.0777	357.51	0.003124176039312309	-5.935133920774175	
386.8172	199.52	0.8023116222814194	-0.3428573164501544	
386.8172	201.91	0.7461302845027199	-0.443102156549158	
340.9929	203.49	0.37781776526882005	1.214118371542971	
295.9488	202.44	0.15497777568486215	2.03044133477109	
341.0285	238.0	0.8884821903870646	-0.20539341373258338	
341.0445	205.19	0.04531838820843043	-3.0824449724084215	
296.0089	33.26	0.48660385110055093	-0.9373400043055603	
341.1489	270.52	0.001512524613835693	-6.996985662996176	
387.0447	388.93	0.007881390560786997	-4.737294655152125	
387.0849	159.54	0.32682179677741663	1.3578563372847428	
387.18	25.87	0.07899699647934577	2.5922799810076267	C22H26O6
441.0568	204.93	0.24978484535278933	-1.6008207917285884	C19H18N2O5S2
441.1521	28.1	0.3428403772188496	1.3151596909691496	C22H26O8
296.9261	29.15	0.5165950949575037	-0.875601323070398	
296.9281	199.52	0.3428403772188496	-1.3149831142541244	
296.9281	202.44	0.7355699020568868	-0.4610271538494662	
296.9456	199.26	0.6247078304892381	-0.6602708136064955	
296.9456	202.57	0.9127651685952435	-0.15465448421793396	
388.0804	363.03	0.19767229800798858	-1.8140416804309925	
388.1834	25.87	0.06188281309986741	2.8118046551284643	C22H26O6
388.2541	34.97	0.00026271375172865906	-10.110870817396902	
388.2541	46.72	0.20794725160197328	-1.7667037252468565	
297.0492	187.41	0.0002947974382922343	-9.82437052499996	C13H10N2O5
297.0798	221.51	0.010840222607889626	4.408847739612273	C9H14N4O6
297.1016	30.21	7.936965211841152e-05	13.210947991279607	
342.1526	270.78	0.017563852163153048	-3.9354735448790734	
342.1693	240.1	0.38350157189159173	-1.195092527492056	
443.2726	35.89	0.001073775050998833	-7.542530786681315	
297.1908	31.16	0.48901125107146	-0.931112102067137	
443.7742	35.89	0.0006303342098929537	-8.407149869389196	
444.1527	310.83	0.5294608277664468	-0.8502499722952592	C19H19N7O6,C19H27N3O5S2,C19H19N7O6
342.9704	192.69	0.08440795840436936	2.5356036473632915	
342.9704	203.88	0.7560758242583377	0.4251881589918935	
444.2756	35.89	0.07424520789630688	-2.657280938573117	
444.9602	214.16	0.7867555173668076	-0.3729911905917886	
298.0221	205.32	0.11922821669849129	-2.2504397232799884	C14H13Cl2NS
298.0333	209.3	0.6484355705396893	0.6205863385528848	
389.0803	159.4	0.20693220389844358	1.7718547072598345	
445.0748	204.01	0.5359408232707084	-0.8379597201941364	
389.2576	34.97	0.00018918460073965958	-10.756862378664307	
389.2576	46.72	0.002493707740861567	-6.227852115652866	
445.2882	36.41	0.003398551192094034	-5.82779342555379	
445.7899	36.41	0.003116011023460416	-5.9418439058866745	
343.2955	37.99	0.26628556962150884	-1.5358311000980702	
298.0833	221.51	0.013854483561080709	4.145568391329638	C9H14N4O6
298.0968	34.58	0.2655285084151739	-1.5395069454206882	C11H15N5O3S
298.2224	30.77	0.3554506213356535	-1.2725004944235025	
446.2911	36.54	0.018416010098490414	-3.893105541339681	
446.296	31.95	0.3961197353751298	-1.1635663339842943	
344.0364	270.1	0.5792627693568305	-0.7503446026593089	C14H9ClF3NO2
390.7329	35.49	0.001005284394323996	-7.674024557715662	
344.2279	34.84	0.00037685600070016905	-9.359880554085194	
344.2279	45.24	0.09763166221346761	-2.4171456540688894	
448.0779	158.49	0.11915530571257037	2.252940428944311	
299.0439	238.39	0.9184755564143694	0.14533152963397195	C12H10N2O5,C9H11FN2O6
299.0649	301.11	0.02419496404963106	-3.625686538187497	
448.9552	362.5	0.5441810573295601	-0.8192181853388879	
391.058	266.81	6.416231298315564e-05	-14.245521880079535	
299.2581	32.34	0.03217089158928477	3.371714187975327	
345.2314	34.84	0.0006724225839560303	-8.286171313835405	
300.0431	232.05	0.09908206285135482	-2.4049187370897402	
450.0747	388.8	6.732226994218378e-05	-13.57308771975029	
392.7486	36.02	0.0029200400708846905	-6.023525300987339	
300.2017	34.84	0.0005881168188123736	-8.566905616150216	
451.1891	251.52	1.567006778308233e-07	-49.5232817760205	C24H31ClO6
347.0941	267.07	7.954606788688002e-05	-13.171450116233935	
393.0193	35.36	0.8205452167123372	-0.31439879224826806	
452.1278	209.3	0.26728772199764417	1.530681657139202	
393.0621	220.46	0.295123860998917	1.4459819795515265	
393.2504	36.02	0.0021681093871586386	-6.4251889146641314	
348.0976	267.07	0.0014907141028829016	-7.019485346278104	
467.3014	36.68	0.005221960195944428	-5.225883801517637	
452.9848	209.3	0.8691697436534378	0.23961124397915998	
452.9948	35.23	0.16028511947624935	-1.9921401327805408	
467.803	36.68	0.004767930200117665	-5.371931123680722	
467.9999	362.64	0.11922821669849129	-2.251242552615242	
467.9999	363.69	0.1389115294138582	-2.1212985396489485	
453.947	202.04	0.4671341821447845	0.9805120484741996	
469.0179	389.06	0.00010654419285315376	-12.11588861824995	
560.3278	34.97	5.11964375451778e-05	-15.193375392577533	
469.1801	360.14	0.28329868424820853	-1.4798265502925099	
469.1801	365.82	0.065781656936781	2.761695893986681	
454.9447	202.04	0.6884623831999941	0.5510611406462315	
454.9887	35.23	0.4036790958428525	-1.1386881287991628	
454.9887	52.66	0.2571756566213459	-1.575401055533117	
395.2922	24.81	0.4816585331178442	-0.9477309595223841	
455.1606	268.91	2.691025049381124e-06	-28.605919492073472	C24H29ClO5,C22H28N2O5S
455.2487	34.84	0.00614353029947952	-5.020347203488663	C20H38O11,C24H38O6S
455.9454	202.04	0.4584875512494849	1.0002466614088943	
470.0188	388.8	0.15412336612251254	-2.0371276752983887	
455.9804	425.87	0.000693710700219743	-8.23703259002039	
561.024	35.76	0.0002628177527481783	-10.069984659724387	
561.024	202.96	0.5052049403714006	0.8981831424338698	
561.3313	31.42	0.0022874372826982795	-6.349786176529494	
561.3313	34.97	2.6748284902539198e-05	-18.57145683076974	
561.3582	35.89	0.003920495670087229	-5.658129838688191	
471.0158	388.93	0.0004934848362947221	-8.866216655933002	
396.2941	24.81	0.694960077727009	-0.5407647681210077	
458.2961	28.24	0.00014564660421374269	-11.312831655834259	
458.3325	28.1	0.4148221277837011	-1.1144285922647823	
472.2753	34.84	5.8422034053713514e-05	-14.631247846387634	
473.1712	252.31	0.0006359337829310599	-8.378864930456194	C24H31ClO6
474.0314	220.2	0.7480541845494438	0.43811670319252943	
564.359	35.23	6.566514112940101e-05	-13.994467644504786	
564.359	54.5	0.15679674220959347	-2.0146013992774017	
460.3117	28.76	0.15705277022208308	-2.0107521166290723	
397.9108	203.88	0.7434573259855748	-0.44906457167657227	
475.0647	35.63	0.8901238760364639	0.1993718158321377	C20H20O10S
475.0647	220.33	0.28822612799082625	1.4635173043524337	
461.0489	203.49	0.09070581664900755	2.47725626196979	
461.0858	220.72	0.00526406737955185	5.20966194575417	C25H16O9
565.3625	35.23	4.168470668834186e-05	-16.453039387761745	
565.3625	53.97	0.13752647537021964	-2.133214249306406	
462.0455	203.49	0.5711169425622772	0.7658085661080016	C19H18N2O5S2
398.0428	228.37	9.295571396807846e-05	-12.561175366094185	
476.3037	35.1	5.6557280970588396e-05	-14.907462348511084	
476.3037	49.61	0.07414031639615007	-2.6618551323288617	
566.3647	35.23	0.0033476069122712173	-5.850583424214031	
398.2406	24.81	0.9917578101638577	0.013496343931600124	
476.9708	35.36	0.25353472297141827	-1.588750971807208	
476.9708	52.66	0.20061673268894398	-1.8002957826318662	
477.0228	202.96	0.026991047688988287	3.5276700013651388	
477.1425	269.18	0.001570489417268047	-6.948709940256599	
566.9654	362.64	0.479509934251397	-0.9551232658209119	
399.0275	36.02	0.9917578101638577	-0.012668221473759867	
399.0275	52.92	0.38141440494626666	-1.2047245654469705	
477.3098	35.1	0.008703331354222622	-4.635755687491692	
477.3098	49.61	0.054741628523726056	-2.9298121946033038	
477.973	35.36	0.1788893653262596	-1.8931094745269867	
478.0201	203.09	0.72995260931051	0.4700408115758995	
464.8776	190.72	0.15679674220959347	2.0128217685800394	
464.8776	193.22	0.2978608467709222	1.4377886488070106	
464.8776	195.97	0.1149037497862455	2.2859921180995992	
399.2463	35.49	0.00011886874403971089	-11.790005589054278	
399.748	35.63	0.00013715121697335588	-11.45581515440865	
399.748	63.46	0.043007389286179684	-3.1321585420789146	
568.3614	29.15	0.00025886216729912876	-10.170285493206801	
568.3614	34.84	0.003978071111675811	-5.636665862309507	
465.2857	36.15	0.02366468709155914	-3.6489933244904518	
465.7874	36.15	0.0006303342098929537	-8.435984307272866	
568.863	29.29	0.004756395506070846	-5.383991992558468	
568.863	34.84	0.003948323820742639	-5.647591683263336	
480.3092	28.5	0.0003461022688789457	-9.546972552499465	C23H46NO7P
480.3092	34.58	0.023730771451854295	-3.645230273762268	
466.2888	36.28	0.21325869065470043	-1.744042229983597	
480.8109	28.63	0.01911912170635739	-3.85058533256148	
570.0499	220.06	0.7934021871808992	0.3619184286035801	
571.0532	220.2	0.7151066332353404	-0.5010363519572224	
482.3245	127.58	0.10753082169096548	2.3406106546507393	C23H48NO7P,C25H43N3O6
572.0656	214.94	0.003147227468103505	5.916463567254961	
485.2894	24.81	0.13732314466078246	2.135226230156471	
486.9762	217.44	0.24978484535278933	1.6015711596649513	
575.3513	35.36	0.004577868687655272	-5.430209369411065	
575.6993	35.89	0.001426899396649043	-7.091745932153456	
487.2988	36.41	0.010449084971418492	-4.44363078553684	
487.3526	122.19	0.22262387533244948	1.708298169433406	
487.8004	36.41	0.006815261691276705	-4.901280842099052	
488.0468	220.2	0.6626425654149576	0.5974206539559638	
576.0337	36.15	0.001815424945076579	-6.675332119287986	
488.3008	36.54	0.01911912170635739	-3.847862572138914	
488.356	122.33	0.16534993114671753	1.9605897250812516	
577.3668	38.51	0.013535117821249259	-4.169587934174064	
577.8696	38.51	0.7151066332353404	-0.5013684409915138	
489.0502	220.2	0.7032297858109152	0.5257110291728464	
489.3144	37.07	0.004252061214041976	-5.551849234900469	
489.8161	37.07	0.0020136283226086567	-6.52829731418862	
672.006	217.44	0.4682209788704334	0.9776844197968375	
490.0624	214.81	0.0011386408861368041	7.4080393499657955	
582.0727	35.63	0.21044129058489108	-1.7549474685062545	
582.0727	52.92	0.2806421724688248	-1.489792210573542	
582.9951	217.18	0.9127651685952435	-0.15628995133225315	
494.3245	126.79	0.07864518920270518	2.5988166578075798	C24H48NO7P,C24H48NO7P
584.0292	214.94	0.007881390560786997	-4.738061362982219	
584.0292	219.54	0.0016841511715817376	-6.790312672658419	
674.4437	35.49	0.49007222151952534	-0.9286204788891798	
674.7784	35.36	0.7156395342502883	0.4963201945576236	
704.1289	35.76	0.40682065998361505	1.1320874256143951	
704.2127	24.02	0.5994553020458824	-0.7082637727070638	
704.5399	150.58	0.4214622980390719	-1.093636531169543	
500.874	363.16	0.1782280173131892	-1.8984103348430836	
500.9919	217.83	0.746070642464367	0.4440051088451403	
501.9952	217.44	0.6626425654149576	0.5971576515331658	
502.0261	214.94	0.002493707740861567	-6.2365154791325725	
502.0261	219.41	0.00010963024951451696	-12.02589706540554	
502.1852	240.62	0.06461048411100812	-2.780409396240533	
502.3161	24.94	0.2854200874011266	1.4720761812717762	
502.3222	28.24	8.881593021571637e-05	-12.853009728383459	
502.3222	35.1	0.00016202142349570344	-11.094835587871085	
502.8239	28.63	0.010449084971418492	-4.447347639738882	
502.8239	34.71	0.03182114062117253	-3.3812352073071046	
590.3749	36.28	6.53926736513575e-05	-14.097162904552386	
503.1176	360.4	0.2574039394061226	-1.5739269635605282	
503.1176	361.19	0.14028877193385977	-2.112718817759018	
503.1176	365.13	0.00015035079150272403	-11.239373753834325	
590.709	36.28	0.002840441612638278	-6.055612864854366	
590.876	29.42	0.0013982718061938703	-7.1235292911862915	
590.876	34.84	0.0016763001787020349	-6.803264762003242	
504.1155	360.4	0.4276024612308977	-1.0779600296747418	
504.1155	365.26	0.12004943981114953	-2.2437070724250505	
591.3783	36.28	0.06537683302686807	-2.767223259316854	
504.338	29.02	0.10872764265736348	-2.332018345733101	
678.291	269.04	0.04767270863352407	-3.039570379778316	
678.4269	28.24	6.517635793561625e-05	-14.153014338527147	
678.4269	30.34	0.0037055111788930443	-5.7277979112073485	
678.4269	35.1	0.0008156386005098968	-7.979834638906428	
678.4269	38.12	0.002653893643490769	-6.141806230753992	
678.7924	268.65	0.07749941792889062	-2.6130350143031067	
509.3119	36.54	0.002686236425455316	-6.12076331498082	
509.8137	36.68	0.004306208519927613	-5.524977313669129	
597.0107	217.83	0.4435416425973226	-1.0374973437188706	
598.0141	217.83	0.37105962615217275	-1.2330197363379387	
678.9286	30.34	0.1235998328787064	-2.219815313989712	
678.9286	31.42	0.02067268460080698	-3.7752241702725557	
678.9286	35.1	0.005135449454418212	-5.250164672935837	
511.3276	37.2	0.0034434516987455646	-5.810979878414753	
599.0157	217.83	0.3979255008064077	-1.1557916462031423	
511.8293	37.2	0.0013610157645435558	-7.160844849481819	
679.0137	217.83	0.3938344587947075	-1.1705916025111136	
512.8745	200.73	0.8077516029940989	-0.334180503890976	
513.1062	228.11	0.0024753296534363507	-6.24914381506032	
514.8327	200.73	0.0016643548327744942	-6.83137598386214	
514.8724	200.73	0.033927252646607044	-3.3283682875902394	
679.5154	217.31	0.49564752172330206	-0.9188552493705376	C40H70O8
603.5226	200.18	0.7447217569434808	-0.4465897958978353	
603.5226	202.17	0.07419337550678545	2.659668824146231	
515.1609	240.88	0.11024924610099533	-2.3186598194647843	
515.1609	250.86	0.9072459174251326	-0.16763233596564062	
604.3539	35.1	6.542250755734484e-05	-14.048551451867898	
604.3539	50.95	0.0856993586932609	-2.52053086423399	
605.0504	36.54	0.004951963341966042	-5.311316818498663	
516.1282	221.12	0.004964518668132917	5.302730728724467	
516.3016	34.84	1.781132569764777e-05	-20.08187227511877	C26H45NO7S,C26H45NO7S
605.3573	35.1	6.732226994218378e-05	-13.609226249642255	
605.3573	50.82	0.0024753296534363507	-6.251151563336943	
605.3845	36.41	0.5294608277664468	0.8502207340592145	
516.8308	200.86	0.014645406659151794	-4.09357236821657	
680.0171	217.83	0.44367146660126083	-1.0349409197658352	
516.9976	35.36	0.00641014258985646	-4.963106153218079	
517.0123	217.83	0.1699870252797188	-1.9389897648608796	
517.305	34.84	0.0063997897471137835	-4.9671856532143215	C26H45NO7S,C26H45NO7S
517.3309	35.36	0.5991029727459962	-0.7095516903822442	
518.0157	217.7	0.605732122825975	-0.693808233897649	
518.3536	28.37	0.3027249298061328	-1.4238198437403775	
608.3853	35.36	5.8422034053713514e-05	-14.636069428527367	
608.3853	57.16	0.11615290713302151	-2.2754902824165764	
609.3887	35.36	6.732226994218378e-05	-13.713311809385772	
521.3363	35.1	4.168470668834186e-05	-16.58495750862791	
521.3363	51.87	0.028203407315639813	-3.484010381220688	
610.3911	35.36	0.01911499355972754	-3.8539925945135574	
523.0984	240.1	0.06526958777558296	2.769608421632866	
523.0984	251.91	0.2627566327126104	-1.5527614291858067	
610.8514	200.86	0.001042089236840785	-7.597134914988559	
611.3142	124.3	0.34955704740350013	1.2919512060781082	C37H42N2O6
524.0228	35.23	0.23874131683297173	-1.644275142988698	
524.0228	52.66	0.3700898586870286	-1.238169068829982	
681.0189	217.7	0.24848005291898298	-1.6061788264064993	
524.3352	28.89	0.0009357718191818474	-7.780238548620176	
524.3352	34.71	0.00036161686088026203	-9.457241117212341	C28H41N7O3
524.8369	28.89	0.021602493474665543	-3.729869104290627	
524.8369	34.71	0.07377879041270452	-2.6724858287292466	
525.0252	35.23	0.17711953125858876	-1.9037314148904505	
525.0252	52.66	0.3600965083624393	-1.262229106821076	
526.024	35.1	0.21366499551450935	-1.7400598572881425	
526.024	52.66	0.11674819433553207	-2.270694176680317	
526.0979	360.27	0.30553820373868423	-1.4155962433742055	
526.0979	365.95	0.687851810690555	0.5526861952456076	
526.1223	241.28	0.2648117493257793	-1.5422395672778388	
526.1223	250.47	0.5023592717571291	-0.9034798814968631	
612.3877	29.68	0.0016634476371534903	-6.837687385381207	
612.3877	34.97	0.001836599869461619	-6.650994060059434	
527.1425	278.14	0.000470780209245913	8.952954194193417	
527.1782	257.59	0.004577868687655272	-5.429648580655722	
612.8094	200.73	0.7081971966247014	-0.5152617233430923	
612.8498	200.73	0.04033509129309376	-3.1913204128648482	
612.8894	29.81	0.015468468914926226	-4.044531749408508	
612.8894	34.97	0.005619656692371498	-5.12724015911162	
528.0172	34.84	0.2543572488687237	1.5847812645358041	
528.0172	52.66	0.4020239762246815	-1.1439177837576817	
528.3933	124.43	0.4210544800898034	1.0951540089411398	
528.8483	200.86	4.5218959907722414e-05	-15.848637688739391	
529.8517	200.73	0.0017057568846810445	-6.765344030820167	
530.3475	24.81	0.9766988453119333	-0.04478131422479879	
708.0989	220.46	0.4964306093088454	0.9168243778679749	
530.403	124.43	0.3979255008064077	1.1557431194542591	
530.8465	200.86	0.0006055703675806142	-8.508184565196833	
531.1241	240.1	0.1865468305686846	-1.86088555326289	
531.1241	251.39	0.1988471497884479	-1.8081695310850001	
531.325	36.81	0.0011941810785726528	-7.331834170036809	
531.4057	124.43	0.40066476465645595	1.1474547705618683	
531.6729	35.49	0.019750297990910496	-3.8192885775473147	
531.8267	36.68	0.0007676358802549772	-8.081634519155438	
708.2139	221.51	0.021602493474665543	3.7314710192065315	
618.2358	240.1	0.11772782340972156	-2.2621576755158337	
618.2358	251.52	0.15679674220959347	-2.0172058515072955	C33H36N3O7P
618.7376	240.23	0.7567414684965021	-0.423273306850393	
618.7376	251.78	0.6223399113411708	0.6662728641350413	
532.8449	200.73	0.015415211712499094	-4.049157553538433	
619.2361	240.49	0.24091208563476343	-1.6342548469483094	
619.2361	251.91	0.5843066337707018	-0.7387241883644202	C33H36N3O7P
619.7256	36.81	0.0016763001787020349	-6.8093199559808015	
533.3407	37.73	0.0015918968889606156	-6.915621857959057	
533.8424	37.86	0.0023390227402296207	-6.317130125181516	
620.06	36.68	0.0033788477167977973	-5.837463895535962	
620.394	36.94	0.012069915608234057	-4.297252379566105	
536.1216	241.02	0.4276024612308977	-1.0787289391816106	C20H22N8O6S2
536.1216	251.52	0.350368436153856	-1.2886425331271394	C20H22N8O6S2
537.117	240.62	0.39957205222112924	-1.1518686642490492	
537.117	251.13	0.3554506213356535	1.2728477968726368	
625.0922	220.46	0.23190299555258723	1.6704668829757046	
538.1192	251.65	0.06780277871560254	-2.7370022875972952	
625.9852	216.52	0.1389115294138582	-2.1203995473269566	
625.9852	219.01	0.09298054963467192	-2.458129958086426	
626.8253	200.73	2.8684037968307343e-05	-18.06650905323399	
627.8286	201.12	0.000263680429642311	-10.033609726347951	
628.824	200.73	0.002527113915659152	-6.200720179737287	
629.2268	239.31	0.586699913775519	-0.7329078165315457	
629.2268	253.23	0.17836161111986965	-1.8961513323508503	
541.049	34.97	0.3248287697253352	-1.3644923290896935	
541.049	52.79	0.26687509847194696	-1.5329242047601948	
630.4176	30.07	0.5669690113565228	0.7766024115168406	
630.4176	35.23	0.9893807561295236	0.01771008577513259	
542.9657	363.16	0.36816830959330826	-1.242938356839136	
543.089	220.59	0.045029856860776186	3.0883813060113146	
545.0182	216.91	0.05898474156106781	-2.859151244874429	
545.1654	362.24	0.4696417380042418	-0.9737679594813701	C27H28O12
546.3485	35.49	0.001073775050998833	-7.541662187584735	
546.6831	35.76	0.005744342332003798	-5.101816537593476	
546.8501	29.02	0.009192696325750222	-4.5731815054161835	
546.8501	34.71	0.013812734246169413	-4.149938813679712	
634.9023	30.07	0.012297994046944555	-4.2716526651073705	
634.9023	34.97	0.002527113915659152	-6.208048178269967	
635.4042	28.24	0.01629054907292132	-3.9962183141474914	
635.4042	29.81	0.01922573516967178	-3.841793174712044	
635.4042	34.97	0.019084966009291188	-3.858211752241322	
635.4042	36.81	0.009488553720820357	-4.541252247658344	
547.3523	28.24	0.04767270863352407	-3.0407529082818976	
547.3523	34.97	0.15679674220959347	-2.01360849584532	
548.3642	29.15	0.17370051257302757	-1.9214967391344708	
638.0122	217.83	0.26463074323882324	-1.5444772693066797	
638.5139	217.44	0.7151066332353404	-0.5016531203267082	
551.3816	124.43	0.4363264143083185	1.0586109903319942	
551.9241	202.04	0.9876152423360851	-0.022983588717625528	
640.9325	363.16	0.3808018298957537	-1.2075162320156276	
552.3849	124.3	0.3450508817600526	1.3046097415935072	
553.338	35.36	0.02490828939220216	-3.602211203573449	C30H48O9
553.338	37.2	0.02036681668558868	-3.7904072087312826	C30H48O9
643.1328	362.5	0.7156395342502883	-0.4966001429243942	
644.135	362.64	0.22580529323564955	-1.6958779954661838	
555.3538	37.86	0.003910174049163114	-5.668192134240861	C30H50O9
555.8554	37.99	0.0067992560209946245	-4.905950665438302	
645.0931	35.36	0.5690506933432089	0.7704105337238376	
645.1293	362.11	0.7474040616604922	0.43985388244067547	
645.4277	35.23	0.8997409394803373	0.18030346372710065	
556.0343	220.2	0.9835845024464411	-0.03300978673458286	
711.2691	252.18	0.0025924978529165903	-6.170108749425574	C44H34N4O4
648.3802	35.1	6.602896409241658e-05	-13.808599904823165	
648.3802	52.79	0.24532836064764751	-1.6158924893486022	
649.0762	37.2	0.022915922801922017	-3.6783001514055127	
649.3834	35.1	0.0005188613814379607	-8.744853667355146	
649.3834	53.32	0.03773997573928001	-3.2421855147490755	
649.4109	37.33	0.015815564953895758	-4.021363335962231	
650.9826	216.91	0.2582267929355491	1.5708493774726051	
651.3068	124.16	0.25572936742007646	1.580182107978384	
652.0529	220.06	0.8997409394803373	0.1805482689929725	
652.3091	124.16	0.39216970146970603	1.1753347770468914	
653.0563	219.93	0.982969218481853	0.034775752065821515	
654.0685	214.81	0.0011018872532498683	7.474752643372516	
656.414	30.21	0.007704995276199192	-4.774094616334233	
656.414	34.97	0.0004934848362947221	-8.873975994789488	
656.9154	30.21	0.02257025931437156	-3.6914945649797413	
656.9154	34.97	6.0725050931213096e-05	-14.457995602156176	
659.7685	35.49	0.719095479601498	-0.48843501843541404	
660.103	35.36	0.2682796038959655	1.5255747655484624	
713.0073	217.44	0.7031695005394268	-0.5266039109663866	
689.4537	35.63	0.5674945077159553	0.7744857793051015	
663.7517	37.73	0.007172813632798291	-4.848832762926112	
664.9981	217.18	0.5012887226233661	0.9065506566605681	
666.0321	215.21	0.0036071871357566693	-5.761671657025763	
666.0321	219.41	0.0005881168188123736	-8.556831930430691	
760.361	242.72	0.5340061850169197	0.8416935865283525	
760.5049	28.5	0.026991047688988287	-3.528073046977903	
760.5049	34.84	0.0221135814336932	-3.710386646649159	
760.9987	28.5	0.02577455591589617	-3.5733348478866245	
760.9987	34.84	0.014694777353301396	-4.088979036001117	
761.0168	217.44	0.35076814131962747	-1.2845701620160608	
761.4989	28.5	0.005887240858026974	-5.070494823856677	
761.4989	34.71	0.0694259091895954	-2.719177480701857	
761.5185	217.83	0.6417227485145592	-0.6306442529156006	
692.4063	35.23	8.086265150324617e-05	-13.105119597927834	
692.4063	55.98	0.15412336612251254	-2.0378520072434263	
762.0202	217.44	0.24150608964204295	-1.629917116783894	
735.0602	220.06	0.9406855810787523	-0.10706409253884583	
735.1747	221.12	0.00881593981270404	4.61707238802315	
693.4095	35.23	9.190182598689828e-05	-12.640055249732093	
693.4095	55.58	0.11024924610099533	-2.3183036779830073	
716.4767	28.37	0.02640080339988759	-3.550549215952092	
716.4767	34.71	0.01841771708784451	-3.8884894762966242	
763.022	217.18	0.5365094704607752	0.8363144883739582	
763.022	217.96	0.26220446380269163	-1.5565497859546034	
716.9804	28.5	0.0357247728721158	-3.28635053413554	
716.9804	34.71	0.07705210123555044	-2.6222344820122427	
736.0634	220.2	0.4312550480275839	-1.0685765073141325	
736.0714	215.08	0.0132926038984362	4.192595259430031	
694.4636	28.5	0.07628573922347376	-2.6311033830324577	C35H68NO10P
694.4636	34.71	0.04423165929299696	-3.1039173371414024	
736.4325	35.36	0.00011351221563034139	-11.940107583281245	
736.4325	58.87	0.10888631175374751	-2.3295380205087035	
718.0233	135.24	0.332367991278204	1.3414407161034478	
737.4359	35.36	0.03410450035921751	-3.3230782723368018	
718.8036	35.89	0.8236587193392482	0.30956682674251734	
737.7863	240.62	0.22679404561899927	-1.6902183356897593	
737.7863	250.99	0.7027546160725703	0.5279673155906475	
766.4798	28.37	0.004170942982546825	-5.5767248515074215	
766.4798	35.36	0.0011173604279641832	-7.451174959622425	
738.4912	28.5	0.007540698604563209	-4.800285581525439	C41H68O11
738.4912	34.71	0.09929901019217517	-2.4016905905208605	
738.7857	240.62	0.18136854189906323	-1.8818964913480165	
738.7857	251.26	0.5451046536777457	-0.8162677390556519	
697.4411	35.63	0.0001330521139766501	-11.528800358965809	
697.4411	63.59	0.05898474156106781	-2.8596309755749916	C38H65O9P
738.9936	28.5	0.009372383982936465	-4.554601818849411	
738.9936	34.71	0.01996142327806256	-3.809349515939994	
739.1012	135.54	0.060491183653706364	2.8351297266300226	
720.0152	217.83	0.15731873380859576	-2.008642737670839	C15H25N5O20P4
739.4835	28.63	0.09806779437386512	-2.4130163035520114	C38H65NO8S
739.4835	34.71	0.07181626192619892	-2.692315352954465	
720.5168	217.44	0.9471619839217682	-0.09558036155795704	
768.226	251.13	0.1731278099696596	-1.9246772333750566	
768.538	24.81	0.5799487154149763	-0.746741876422234	
740.2853	241.15	0.08649499022245499	-2.5130880383930707	
721.018	217.18	0.061179049977089776	-2.8246993881378675	C15H25N5O20P4
769.5003	28.63	0.1922746115594226	-1.8375142107666635	
769.5003	34.84	0.043007389286179684	-3.1323959304312026	C38H72NO12P
769.5412	24.81	0.6108148095691436	-0.6857892207411294	
721.6364	220.85	0.23943814562156157	1.6413882038382202	
741.2834	240.49	0.7355699020568868	-0.4610473340875632	
741.2834	250.99	0.7071079055190957	0.5181305721895855	
741.4674	35.89	9.564962629540745e-05	-12.425677187614399	
741.4674	67.7	0.00010549849734548698	-12.168631673514374	C40H69O10P
700.4403	35.1	0.2089053247516329	1.7617588471601917	
700.9415	35.23	0.12066054520807219	-2.239228117943707	
771.2233	241.28	0.08551489063519384	-2.523129342434056	
773.2201	241.54	0.15679674220959347	-2.014911464815141	
789.9911	216.13	0.21366499551450935	-1.740803640734016	
789.9911	218.75	0.28225334035463656	-1.4838380072828625	
774.2208	241.02	0.28225334035463656	-1.4847501476884082	
774.2208	243.77	0.04589272392920054	3.0707182737889482	C33H41O21
774.2208	250.86	0.9625520774038219	0.0705125712258712	
744.968	35.23	0.0003604562661792694	-9.47485254934208	
726.8025	200.73	0.10226520913977011	2.3790544133764038	
747.0012	217.44	0.8736781912669097	0.22946713973696387	
776.5065	219.8	0.26463074323882324	-1.544408202663591	
747.0703	35.23	0.04977916073189672	-3.006219747997975	
795.0107	217.83	0.936138111310879	-0.11539376490691401	
748.0035	217.96	0.6669979090475195	-0.5856354683416963	
748.0356	215.08	0.003920495670087229	-5.661093921615464	
748.0356	219.8	0.014301487746955874	-4.11827763715263	
748.5709	35.36	0.30893903985055393	-1.4066217887961545	
749.2758	239.18	0.22564184249023425	-1.6972624093416775	
749.2758	253.23	0.0961036349265376	-2.4322874622059234	
780.4588	35.49	4.5218959907722414e-05	-15.682646480981331	
780.4588	62.28	0.026050601905927152	-3.5637484139751425	
802.0185	217.83	0.10341166409207031	-2.370391054742918	
803.0209	217.57	0.23142349433497328	-1.6727729516908472	
751.5113	24.81	0.5792627693568305	-0.749972983349887	C46H70O8
804.531	28.76	0.09539402592464932	-2.438442154585042	
804.531	34.97	0.01841771708784451	-3.887565714914702	
782.5179	28.63	0.05563152162201853	-2.9118679446664255	
782.5179	34.84	0.003116011023460416	-5.945366960681513	
805.0325	28.76	0.13771822137228792	-2.128245715204262	
805.0325	34.97	0.005814126751353319	-5.088158032666605	
805.5295	28.63	0.061803595367667594	-2.8150877281587587	
805.5295	34.97	0.005241536925496507	-5.216525936653196	
783.0198	28.63	0.043678839306900655	-3.1170993211202425	
783.0198	34.84	0.0019990086218046603	-6.543579400347697	
783.5211	28.63	0.1460219936472033	-2.0810072989918957	
783.5211	34.97	0.07479355634641774	-2.649821879648771	
753.2576	241.02	0.9444952370025543	-0.10032591111793011	
753.2576	250.73	0.8997409394803373	-0.18201129266967223	
843.0199	217.83	0.3880865753091669	-1.1838994261961282	
843.5215	217.44	0.7156395342502883	-0.4988447801880836	
754.009	217.83	0.48281271550768834	-0.9450691310646646	
844.0233	217.44	0.6122164253454287	-0.6830156353235103	
754.5106	217.57	0.05155318035713199	2.976080642457506	
848.5571	29.02	0.4831352040074885	-0.9437693642810503	C48H79O10P
848.5571	35.1	0.026939998202835456	-3.5322687854857144	C48H79O10P
849.0589	29.02	0.2683752212995473	-1.5244886142036158	
849.0589	34.97	0.004726152193277385	-5.396540461650523	
849.5574	29.02	0.4417956739107642	-1.0429350380253903	C48H79O10P
849.5574	34.97	0.004891583081230308	-5.335307748027516	C48H79O10P
816.0594	219.93	0.9747876259505316	0.04820424908841694	
856.3345	240.62	0.1840854049875088	-1.8708528231725454	
856.3345	250.99	0.8149029646433308	0.3233205282149501	
856.8357	240.62	0.32540093499357503	-1.3624062957313634	
817.2444	361.72	0.7978435595265236	0.3545275363571052	
759.2675	252.83	0.10888631175374751	-2.3288855525362115	
870.5699	29.42	0.93075729563678	-0.1251681216707065	
870.5699	35.1	0.008459554433593447	-4.664659750706438	
871.5715	29.29	0.775837778918123	-0.3887480529017264	
871.5715	35.1	0.07887840282976033	-2.595623776822408	
824.485	35.76	0.02082461788905624	-3.7664297636141	
826.5438	28.89	0.19428851275303327	-1.827655293719838	
826.5438	34.97	0.00881593981270404	-4.6154665064767135	
877.0134	217.04	0.9098328373028004	-0.1620395834455595	
827.046	28.89	0.30200098553668037	-1.4263473845519554	
827.046	34.97	0.005523425192191271	-5.15142934996789	
827.5419	28.76	0.21325869065470043	-1.744731315396301	
827.5419	34.97	0.05603889328974519	-2.902811942843628	
828.5164	36.15	0.0044798699754906475	-5.460042914986651	C45H71O9P
829.0044	217.31	0.5784331522574037	-0.7542464288766852	
829.5398	219.41	0.5257137791254338	-0.8598815402497509	
884.0211	217.83	0.3450508817600526	-1.3056217655177884	
830.0406	219.67	0.13762155000529647	-2.1298401309033523	
884.5231	217.44	0.02067268460080698	-3.773762726147519	
892.5828	29.81	0.8182261088898208	-0.31821790619707097	
892.5828	35.23	0.03085478082345949	-3.4073560974419705	
893.0849	29.81	0.8555901429564708	-0.26030990321986314	
893.0849	35.1	0.02669711775675494	-3.5406181861413883	
893.5857	29.68	0.9294102437618078	-0.12795507482764168	
893.5857	35.1	0.00614353029947952	-5.018424349549911	
914.596	30.07	0.9625520774038219	-0.07242634036083108	
914.596	35.23	0.02250214755956555	-3.6954729574457184	
915.098	29.81	0.9667259020296326	-0.062399278163527076	
915.098	31.42	0.7474040616604922	0.4397900971503527	
915.098	35.23	0.6511829308054424	-0.6160143970458701	
925.023	217.44	0.44367146660126083	-1.0361851609679908	
925.5244	217.83	0.9893807561295236	-0.01829389423785407	
926.0261	217.44	0.5879403986284342	-0.7272100543452532	
959.0162	216.91	0.7889768147215551	-0.36844849076848457	
966.0243	217.31	0.13668253394540852	-2.1404173365320847	
966.5255	217.57	0.9844882684286638	-0.029895951172022192	
976.3867	241.54	0.1436404614978294	-2.0947342215936664	
977.3833	241.54	0.11674819433553207	-2.268871299550573	C44H64O24
978.384	241.41	0.24406619323458018	-1.6211940612233893	C44H64O24
978.384	250.47	0.8719004456407657	0.2334946495608605	C44H64O24
