m/z	rtime	p-value	t-score	custom_id
114.0666	22.62	1.0	0	
174.0914	24.33	1.0	0	
116.0623	38.8	1.0	0	
268.1908	21.44	1.0	0	
268.1908	24.33	1.0	0	
268.2637	58.16	1.0	0	
268.2637	228.51	1.0	0	C18H32O
268.2716	200.85	1.0	0	C18H34O
174.1315	40.65	1.0	0	
221.1758	176.09	1.0	0	
221.1758	183.86	1.0	0	
174.1359	176.35	1.0	0	
174.1359	183.73	1.0	0	
268.9976	1.24	1.0	0	
270.2429	176.35	1.0	0	
270.2429	183.86	1.0	0	
223.1541	24.72	1.0	0	
223.8841	21.97	1.0	0	
271.2056	206.78	1.0	0	
271.2056	283.86	1.0	0	
271.2269	176.35	1.0	0	
271.2269	183.86	1.0	0	C16H30O3
271.3189	141.57	1.0	0	
176.066	23.28	1.0	0	
272.2221	181.76	1.0	0	C16H25NO2
272.2221	209.27	1.0	0	
224.1282	27.35	1.0	0	
272.3221	141.7	1.0	0	
272.9442	20.78	1.0	0	
273.0911	29.71	1.0	0	
273.0911	46.84	1.0	0	
273.0911	221.4	1.0	0	
273.0911	247.89	1.0	0	
273.1697	25.91	1.0	0	
273.2537	27.88	1.0	0	
273.9455	20.78	1.0	0	
119.0494	27.48	1.0	0	C8H6O
119.0688	39.06	1.0	0	
274.2741	34.6	1.0	0	C16H35NO2
274.9418	20.92	1.0	0	
177.1275	37.09	1.0	0	
120.0528	27.35	1.0	0	C8H6O
120.0528	30.53	1.0	0	C8H6O
177.1638	39.32	1.0	0	
225.8811	22.23	1.0	0	
276.1442	24.99	1.0	0	
226.1803	176.35	1.0	0	
277.1283	27.61	1.0	0	
178.1227	32.63	1.0	0	
226.2167	174.77	1.0	0	
226.2167	181.36	1.0	0	C14H27NO
226.2167	204.39	1.0	0	
226.2167	209.27	1.0	0	C14H27NO
226.2167	228.51	1.0	0	C15H26O
121.0399	22.75	1.0	0	
226.9516	21.05	1.0	0	C6H4Cl2O5
121.0844	24.59	1.0	0	
179.0638	31.05	1.0	0	
277.9571	0.98	1.0	0	
122.0687	65.15	1.0	0	
179.1625	26.96	1.0	0	
278.9033	1.37	1.0	0	
227.1835	176.35	1.0	0	
227.1835	183.73	1.0	0	
278.9539	0.98	1.0	0	
278.9539	2.95	1.0	0	
278.9652	21.18	1.0	0	
227.2119	176.35	1.0	0	
227.2119	183.86	1.0	0	
279.0934	30.24	1.0	0	
227.9549	21.05	1.0	0	C6H4Cl2O5
279.1137	206.78	1.0	0	
180.1384	21.7	1.0	0	
123.0682	23.67	1.0	0	
180.1748	27.35	1.0	0	
180.1748	175.96	1.0	0	
180.1748	184.12	1.0	0	
123.941	22.75	1.0	0	
181.1086	22.49	1.0	0	
229.1185	22.75	1.0	0	
280.1756	24.86	1.0	0	
124.0589	23.28	1.0	0	
124.0759	23.67	1.0	0	
229.18	27.88	1.0	0	
229.18	176.35	1.0	0	C13H24O3
229.18	183.86	1.0	0	C13H24O3
181.1588	176.35	1.0	0	
181.1588	183.99	1.0	0	
229.1992	176.35	1.0	0	
229.1992	183.86	1.0	0	
280.9543	0.98	1.0	0	
182.0294	22.49	1.0	0	
182.0814	23.28	1.0	0	
281.101	31.05	1.0	0	
182.1037	22.23	1.0	0	
230.248	51.31	1.0	0	C14H31NO
125.0793	23.8	1.0	0	
281.8426	22.1	1.0	0	
281.9521	1.24	1.0	0	
281.9521	3.08	1.0	0	
282.1053	31.05	1.0	0	
282.1911	24.59	1.0	0	
282.2042	27.61	1.0	0	
282.9497	0.98	1.0	0	
283.1176	27.09	1.0	0	
283.144	35.38	1.0	0	C15H20O5
283.175	22.75	1.0	0	
283.2461	196.1	1.0	0	
283.8397	22.1	1.0	0	
284.121	26.96	1.0	0	
284.9101	21.31	1.0	0	
127.073	22.62	1.0	0	
285.1098	24.2	1.0	0	
285.2787	200.98	1.0	0	C18H36O2
233.9129	21.84	1.0	0	
184.1697	176.22	1.0	0	
184.1697	183.73	1.0	0	
184.1697	228.11	1.0	0	
184.8891	1.24	1.0	0	
184.99	68.2	1.0	0	
128.9537	1.24	1.0	0	
234.2217	25.12	1.0	0	
286.2821	200.98	1.0	0	C18H36O2
286.2935	170.7	1.0	0	
235.0126	2.29	1.0	0	
235.0143	199.12	1.0	0	
185.1286	21.7	1.0	0	
287.2217	183.86	1.0	0	C17H26O3
130.0654	24.99	1.0	0	
288.2896	34.2	1.0	0	
288.2896	37.09	1.0	0	C18H33NO
130.1309	21.7	1.0	0	
289.0836	26.3	1.0	0	
289.2486	27.09	1.0	0	
289.9342	21.31	1.0	0	
186.9956	1.24	1.0	0	
131.0857	39.19	1.0	0	
131.0857	610.65	1.0	0	
291.0763	25.25	1.0	0	
291.1941	32.63	1.0	0	
132.089	39.85	1.0	0	
132.089	176.48	1.0	0	
292.2635	214.42	1.0	0	
292.2635	221.92	1.0	0	
292.2635	229.43	1.0	0	
188.0707	24.59	1.0	0	
238.1651	24.72	1.0	0	
133.0762	24.86	1.0	0	
294.1548	24.99	1.0	0	
294.1548	27.74	1.0	0	
239.1066	1.9	1.0	0	
189.0735	21.84	1.0	0	
294.9389	21.05	1.0	0	
295.1152	24.07	1.0	0	
134.0602	23.67	1.0	0	
240.1498	22.23	1.0	0	
240.2322	36.83	1.0	0	
135.0636	23.8	1.0	0	
190.0863	24.86	1.0	0	
135.1169	38.93	1.0	0	C10H14
241.2036	21.18	1.0	0	
298.2741	159.61	1.0	0	C16H32O2
298.2741	204.39	1.0	0	C18H35NO2
298.2741	209.54	1.0	0	
298.3104	217.83	1.0	0	
298.3469	147.24	1.0	0	
299.0617	68.85	1.0	0	
299.0878	23.94	1.0	0	
299.1487	37.22	1.0	0	
137.0458	22.36	1.0	0	
299.1852	26.43	1.0	0	
299.3138	217.3	1.0	0	
242.2116	27.88	1.0	0	C14H27NO2
242.2116	182.55	1.0	0	C14H27NO2
300.2017	22.62	1.0	0	
242.9255	21.18	1.0	0	
191.1432	176.22	1.0	0	C13H18O
191.1432	183.99	1.0	0	C13H18O
138.0492	22.36	1.0	0	
300.2897	129.68	1.0	0	C18H37NO2
138.1278	176.35	1.0	0	
192.122	29.71	1.0	0	
243.183	20.65	1.0	0	
302.1656	24.46	1.0	0	
243.9418	21.44	1.0	0	
193.0972	23.41	1.0	0	
139.0503	22.49	1.0	0	
244.0345	22.36	1.0	0	
304.1237	26.17	1.0	0	
304.1755	31.05	1.0	0	
193.1588	176.35	1.0	0	C13H20O
193.1588	183.86	1.0	0	
244.1908	27.35	1.0	0	
244.1908	183.86	1.0	0	
305.0996	24.59	1.0	0	
140.0536	22.49	1.0	0	
194.1627	176.35	1.0	0	C13H20O
194.1627	183.86	1.0	0	
245.1942	27.35	1.0	0	
245.1942	176.35	1.0	0	
245.1942	183.86	1.0	0	
306.1394	26.56	1.0	0	
246.1021	21.97	1.0	0	
246.2429	27.48	1.0	0	
246.9454	20.65	1.0	0	
308.222	25.38	1.0	0	
308.2584	205.73	1.0	0	
308.2946	200.98	1.0	0	C18H34O
308.8615	21.97	1.0	0	
247.8847	0.98	1.0	0	
309.1472	26.3	1.0	0	
248.1857	26.3	1.0	0	
249.0456	20.78	1.0	0	
249.1122	30.92	1.0	0	
310.274	142.62	1.0	0	
310.274	149.6	1.0	0	C17H32O2
249.2576	200.98	1.0	0	C18H32
250.0385	24.46	1.0	0	
311.1467	25.25	1.0	0	
250.1779	27.74	1.0	0	C14H24O2
250.1779	176.22	1.0	0	
250.1779	183.86	1.0	0	
198.0527	22.49	1.0	0	
311.342	141.31	1.0	0	
250.2609	200.98	1.0	0	C18H32
311.9294	21.31	1.0	0	
250.9029	21.97	1.0	0	
312.3624	141.57	1.0	0	
198.1675	21.84	1.0	0	C10H16O
198.1854	176.35	1.0	0	
198.1854	183.86	1.0	0	
198.9515	0.98	1.0	0	
198.9515	2.82	1.0	0	
143.118	22.89	1.0	0	
313.1622	24.72	1.0	0	
313.2373	37.35	1.0	0	C18H32O4
313.3212	208.22	1.0	0	
251.9811	24.86	1.0	0	
144.0557	11.94	1.0	0	
144.0557	17.09	1.0	0	
314.3247	208.09	1.0	0	
314.3415	133.75	1.0	0	C20H43NO
314.9322	20.52	1.0	0	
314.935	11.02	1.0	0	
144.0808	24.59	1.0	0	
253.1645	24.2	1.0	0	
200.0408	1.24	1.0	0	
315.3281	208.35	1.0	0	
200.1434	35.78	1.0	0	
200.1453	23.41	1.0	0	
200.949	21.44	1.0	0	
316.2118	21.57	1.0	0	
316.2847	75.7	1.0	0	C18H37NO3
145.1008	35.65	1.0	0	
316.9615	1.9	1.0	0	
317.1359	23.94	1.0	0	
317.2151	21.44	1.0	0	
254.2116	174.77	1.0	0	
254.2116	181.63	1.0	0	
254.2116	204.26	1.0	0	
254.2116	209.14	1.0	0	
254.2479	228.51	1.0	0	C16H31NO
145.1336	719.79	1.0	0	
255.1208	24.86	1.0	0	
255.1208	28.14	1.0	0	
318.1911	29.85	1.0	0	
201.1235	23.41	1.0	0	
146.0601	24.59	1.0	0	
319.0943	25.91	1.0	0	
319.1153	25.25	1.0	0	C16H16O5
319.1945	26.04	1.0	0	
319.1945	29.71	1.0	0	
202.1803	21.44	1.0	0	C10H16O
256.2272	33.81	1.0	0	
256.2272	174.91	1.0	0	
256.2272	181.63	1.0	0	
256.2272	204.26	1.0	0	
256.2272	209.14	1.0	0	C17H24O
256.9706	20.92	1.0	0	
203.008	21.84	1.0	0	
321.3152	228.51	1.0	0	C22H40O
257.0805	23.8	1.0	0	
203.0527	21.97	1.0	0	
257.0994	2.29	1.0	0	
203.1391	23.41	1.0	0	
323.1467	25.91	1.0	0	
148.9935	22.1	1.0	0	
324.2017	24.99	1.0	0	
324.2533	188.59	1.0	0	
150.0551	23.94	1.0	0	
150.0584	24.07	1.0	0	
204.9982	21.44	1.0	0	
325.2007	27.22	1.0	0	
325.2007	28.66	1.0	0	
205.0972	24.33	1.0	0	
326.2172	24.72	1.0	0	
326.3053	140.92	1.0	0	
326.3053	200.98	1.0	0	C18H36O2
326.3782	97.18	1.0	0	
206.1389	0.98	1.0	0	
260.1726	206.52	1.0	0	C17H22O2
260.1726	217.04	1.0	0	C17H22O2
260.1726	260.94	1.0	0	C17H22O2
260.1726	278.61	1.0	0	C17H22O2
327.0392	25.12	1.0	0	
327.2008	22.62	1.0	0	
206.894	21.7	1.0	0	
327.2894	185.3	1.0	0	C20H38O3
327.3256	200.85	1.0	0	C21H42O2
261.0736	23.41	1.0	0	
261.0882	2.03	1.0	0	
207.1171	46.05	1.0	0	
328.321	186.35	1.0	0	C22H36O
328.3289	200.85	1.0	0	C21H42O2
152.0568	22.23	1.0	0	
329.157	24.86	1.0	0	
329.1943	25.51	1.0	0	
329.1943	28.14	1.0	0	
329.3244	186.35	1.0	0	C22H36O
208.1203	46.05	1.0	0	
262.9155	21.18	1.0	0	
262.9817	1.24	1.0	0	
263.0132	1.64	1.0	0	
208.1697	176.35	1.0	0	C11H18O
208.1697	183.73	1.0	0	C11H18O
263.0913	31.05	1.0	0	
330.3366	80.43	1.0	0	C20H43NO2
330.9027	21.44	1.0	0	
153.074	23.67	1.0	0	
263.9261	158.43	1.0	0	
263.9261	199.12	1.0	0	
263.9261	202.03	1.0	0	
209.1385	24.59	1.0	0	
264.9127	21.05	1.0	0	
209.1537	176.35	1.0	0	
332.2068	30.24	1.0	0	
209.1776	176.35	1.0	0	
209.1776	183.86	1.0	0	
332.3312	78.46	1.0	0	
265.107	27.48	1.0	0	
265.107	30.92	1.0	0	
265.1117	22.89	1.0	0	
265.1223	42.22	1.0	0	
265.1294	22.75	1.0	0	
210.0502	23.54	1.0	0	
210.0502	25.51	1.0	0	
333.3346	78.33	1.0	0	
334.186	26.82	1.0	0	
334.8772	1.37	1.0	0	
334.8772	2.82	1.0	0	
210.1571	176.22	1.0	0	
210.1571	183.86	1.0	0	
335.177	206.78	1.0	0	
335.1898	26.82	1.0	0	
335.3035	208.62	1.0	0	
266.1727	27.22	1.0	0	
266.1727	176.35	1.0	0	
266.1727	183.86	1.0	0	
210.1855	176.48	1.0	0	
210.1855	183.86	1.0	0	C14H22O
210.9778	21.05	1.0	0	
267.145	22.49	1.0	0	
267.2682	200.98	1.0	0	C18H34O
336.2017	27.88	1.0	0	
336.326	115.9	1.0	0	C22H41NO
336.326	116.43	1.0	0	
336.326	204.53	1.0	0	C22H41NO
211.1694	176.22	1.0	0	C13H22O2
211.1694	183.86	1.0	0	
363.9549	1.37	1.0	0	
363.9549	2.82	1.0	0	
337.1047	24.33	1.0	0	
337.1623	25.12	1.0	0	
337.205	27.74	1.0	0	
212.0921	24.72	1.0	0	
212.1282	23.54	1.0	0	
364.1966	25.91	1.0	0	
364.1966	28.27	1.0	0	
364.1966	28.93	1.0	0	
364.233	22.49	1.0	0	
364.233	33.81	1.0	0	
212.201	156.59	1.0	0	
212.201	228.11	1.0	0	C14H24O
157.0803	2.03	1.0	0	
365.016	21.57	1.0	0	
338.8698	1.37	1.0	0	
365.1055	21.97	1.0	0	
365.1885	134.67	1.0	0	
365.2363	27.48	1.0	0	
339.1415	26.82	1.0	0	
339.1796	29.32	1.0	0	
339.3451	228.51	1.0	0	C22H43NO
366.2216	230.35	1.0	0	
367.173	27.35	1.0	0	
340.3481	228.11	1.0	0	C22H43NO
340.3576	261.73	1.0	0	C22H45NO
340.3938	190.7	1.0	0	
368.0658	24.99	1.0	0	
368.3159	176.35	1.0	0	
368.3159	183.86	1.0	0	C20H38O3
368.3523	201.24	1.0	0	C21H42O2
368.3523	213.76	1.0	0	
368.3523	216.38	1.0	0	
368.3523	225.34	1.0	0	
368.3523	259.73	1.0	0	
340.9311	20.92	1.0	0	
368.425	220.06	1.0	0	
214.1414	21.44	1.0	0	
341.1571	24.86	1.0	0	
341.1571	27.74	1.0	0	
369.1694	55.54	1.0	0	
369.1694	74.63	1.0	0	
369.1886	25.91	1.0	0	
369.1886	28.93	1.0	0	
214.1803	26.3	1.0	0	
369.2625	37.49	1.0	0	
369.2999	161.97	1.0	0	C20H34O3
214.253	37.09	1.0	0	
369.3365	230.87	1.0	0	
369.3365	513.22	1.0	0	C23H44O3
369.4285	219.8	1.0	0	
158.9641	21.05	1.0	0	
158.9926	21.44	1.0	0	
159.0278	21.84	1.0	0	
369.9568	20.65	1.0	0	
370.1728	30.92	1.0	0	C22H24O5
370.3	200.31	1.0	0	
370.368	198.73	1.0	0	C23H47NO2
370.8017	200.72	1.0	0	
159.0918	24.59	1.0	0	
343.1728	24.99	1.0	0	
343.2956	37.09	1.0	0	
343.2956	39.98	1.0	0	
371.2045	27.48	1.0	0	
371.2794	37.22	1.0	0	
371.3022	200.72	1.0	0	
371.327	58.03	1.0	0	
371.335	225.2	1.0	0	C22H43NO3
215.1433	62.52	1.0	0	
215.1433	207.04	1.0	0	C15H18O
344.0658	25.12	1.0	0	
344.2068	29.32	1.0	0	
344.2278	22.49	1.0	0	
160.0758	24.59	1.0	0	
372.978	3.74	1.0	0	
345.1309	24.2	1.0	0	
345.1888	25.64	1.0	0	
345.2999	185.04	1.0	0	
345.336	201.11	1.0	0	C21H44O3
346.3395	200.98	1.0	0	C21H44O3
161.079	24.86	1.0	0	
375.9611	2.29	1.0	0	
347.1771	305.21	1.0	0	
376.2331	27.88	1.0	0	
376.3186	115.9	1.0	0	
376.3421	201.11	1.0	0	
216.0346	25.25	1.0	0	
377.2009	193.72	1.0	0	
377.3454	200.98	1.0	0	
349.02	24.86	1.0	0	
162.1125	23.28	1.0	0	
378.2088	193.98	1.0	0	
378.2124	27.35	1.0	0	
378.2124	33.68	1.0	0	
378.2124	37.09	1.0	0	
378.2887	201.64	1.0	0	
378.3482	201.11	1.0	0	
349.9375	3.48	1.0	0	
216.196	183.6	1.0	0	C11H18O
350.2576	158.95	1.0	0	C20H34O3
216.9228	21.44	1.0	0	
350.7594	158.82	1.0	0	
163.1481	176.35	1.0	0	
163.1481	183.86	1.0	0	
380.1646	28.01	1.0	0	
380.2087	194.11	1.0	0	
380.228	28.27	1.0	0	
380.3887	174.12	1.0	0	
352.8976	21.44	1.0	0	
353.1571	24.72	1.0	0	
164.1282	21.44	1.0	0	
164.1515	176.09	1.0	0	
164.1515	184.12	1.0	0	
381.2312	28.53	1.0	0	
218.2116	24.86	1.0	0	
218.9199	21.44	1.0	0	
218.9366	1.37	1.0	0	
219.0052	2.43	1.0	0	
354.3367	156.33	1.0	0	C22H43NO2
354.348	207.96	1.0	0	
354.356	218.75	1.0	0	
219.1231	24.99	1.0	0	
382.9195	20.78	1.0	0	
383.1487	27.35	1.0	0	
355.1154	26.69	1.0	0	
165.1638	176.35	1.0	0	C12H20
165.1638	183.86	1.0	0	C12H20
355.173	25.12	1.0	0	
383.2043	26.3	1.0	0	
355.3401	156.46	1.0	0	C22H43NO2
165.9247	22.1	1.0	0	
355.3682	228.38	1.0	0	
355.3767	243.79	1.0	0	
384.3837	168.97	1.0	0	C24H49NO2
166.0534	24.2	1.0	0	
385.1647	30.11	1.0	0	C22H24O6
385.1834	25.77	1.0	0	
385.1834	28.27	1.0	0	
385.201	38.01	1.0	0	
385.2204	26.96	1.0	0	
385.2948	196.63	1.0	0	
385.2948	199.12	1.0	0	
385.2948	202.82	1.0	0	
385.2948	233.5	1.0	0	
385.2948	244.45	1.0	0	
385.3313	105.88	1.0	0	
385.3313	459.79	1.0	0	
385.3423	204.0	1.0	0	
356.3522	160.4	1.0	0	C23H44O2
356.8805	1.37	1.0	0	
386.1867	25.77	1.0	0	
386.1867	28.27	1.0	0	
386.3263	176.74	1.0	0	
386.3263	183.73	1.0	0	C23H42O4
386.3903	168.97	1.0	0	C24H49NO2
386.3992	216.52	1.0	0	
386.777	200.59	1.0	0	
357.1309	23.94	1.0	0	
357.1309	27.74	1.0	0	
357.1889	24.99	1.0	0	
387.199	24.86	1.0	0	
387.2752	200.72	1.0	0	
387.3469	230.74	1.0	0	
357.2831	65.83	1.0	0	C21H36O4
387.3817	200.72	1.0	0	
387.7764	200.18	1.0	0	
167.0896	24.86	1.0	0	
357.3363	194.11	1.0	0	C22H44O3
357.3557	160.92	1.0	0	C23H44O2
411.3352	230.48	1.0	0	
412.2542	80.04	1.0	0	
167.093	22.62	1.0	0	
412.3213	52.23	1.0	0	
412.4149	203.48	1.0	0	C26H53NO2,C27H41D7O2
412.4149	263.96	1.0	0	
413.1782	26.56	1.0	0	
413.1782	30.92	1.0	0	
413.2758	184.65	1.0	0	
414.2698	24.72	1.0	0	
414.3298	202.56	1.0	0	
414.3298	221.4	1.0	0	
414.3298	224.81	1.0	0	
414.3298	230.22	1.0	0	
414.3298	261.86	1.0	0	
414.3298	274.52	1.0	0	
414.4308	251.2	1.0	0	
388.2539	22.36	1.0	0	
388.2732	200.85	1.0	0	
358.2435	158.56	1.0	0	
358.2483	32.36	1.0	0	
358.368	127.06	1.0	0	
415.175	24.33	1.0	0	
415.175	134.41	1.0	0	
415.1939	25.12	1.0	0	
415.1939	26.96	1.0	0	
415.2797	233.24	1.0	0	
388.7749	200.04	1.0	0	
415.3418	192.54	1.0	0	
359.1467	23.94	1.0	0	
359.1678	24.86	1.0	0	
415.9398	3.21	1.0	0	
359.3155	200.98	1.0	0	
359.3713	127.06	1.0	0	
416.2462	168.05	1.0	0	
416.2851	233.1	1.0	0	
416.3452	192.54	1.0	0	
416.938	3.21	1.0	0	
168.0657	23.67	1.0	0	
417.1589	283.86	1.0	0	
417.2096	25.38	1.0	0	
417.348	192.54	1.0	0	
417.3686	176.35	1.0	0	
417.3686	183.86	1.0	0	
417.9357	3.21	1.0	0	
389.8717	20.52	1.0	0	
418.2436	28.27	1.0	0	
168.0963	22.62	1.0	0	
419.1701	27.35	1.0	0	
419.2254	30.92	1.0	0	
419.2557	220.87	1.0	0	C21H39O6P
420.173	27.22	1.0	0	
420.1799	189.51	1.0	0	
390.0479	24.86	1.0	0	
390.1886	30.79	1.0	0	C22H26O6
360.3213	228.11	1.0	0	
360.3623	119.71	1.0	0	
360.3745	127.45	1.0	0	
391.2244	190.03	1.0	0	
361.2353	66.23	1.0	0	C20H34O4
361.3215	200.85	1.0	0	
422.3243	226.93	1.0	0	C23H45NO4
423.1415	26.82	1.0	0	C22H24O7
423.1415	33.42	1.0	0	C22H24O7
391.9842	4.0	1.0	0	
392.2278	30.11	1.0	0	
392.2541	37.75	1.0	0	
424.2825	176.35	1.0	0	
424.2825	183.73	1.0	0	C23H42O4
425.1355	31.05	1.0	0	C22H26O6
362.2173	31.84	1.0	0	
362.3029	176.35	1.0	0	
362.3029	183.86	1.0	0	
362.3253	185.3	1.0	0	
362.3253	200.85	1.0	0	
169.1011	39.06	1.0	0	
362.9263	21.05	1.0	0	
426.1394	30.92	1.0	0	C22H26O6
426.3271	105.49	1.0	0	
426.4307	264.61	1.0	0	
362.9561	1.24	1.0	0	
393.2313	26.43	1.0	0	
393.2313	29.85	1.0	0	
464.2853	31.71	1.0	0	
464.2853	33.42	1.0	0	
428.2547	146.32	1.0	0	
464.3946	192.54	1.0	0	
464.3946	196.1	1.0	0	C27H48O5
429.2269	37.35	1.0	0	
465.3919	303.77	1.0	0	
465.3981	192.41	1.0	0	
465.3981	196.1	1.0	0	C27H48O5
395.0266	21.57	1.0	0	
170.154	176.35	1.0	0	C11H18O
395.2732	32.76	1.0	0	
395.3134	215.08	1.0	0	
466.2353	221.0	1.0	0	
466.2651	26.96	1.0	0	
467.2053	71.22	1.0	0	C25H32O7
467.2693	215.08	1.0	0	
430.2225	30.92	1.0	0	
430.2225	105.75	1.0	0	
430.2511	284.65	1.0	0	
467.3731	328.77	1.0	0	C28H50O5
430.364	176.35	1.0	0	
430.364	183.73	1.0	0	
430.3805	296.12	1.0	0	
396.2231	190.03	1.0	0	C18H35O7P,C25H30O4
396.2319	193.98	1.0	0	
468.273	215.08	1.0	0	
171.0783	23.94	1.0	0	
171.0844	23.67	1.0	0	C10H6O2
430.9142	20.92	1.0	0	
431.095	28.53	1.0	0	
431.1786	200.59	1.0	0	
431.2176	30.92	1.0	0	
469.269	205.05	1.0	0	
431.3368	221.26	1.0	0	C24H46O6
397.1834	26.17	1.0	0	
397.1834	28.53	1.0	0	
431.3685	175.96	1.0	0	
431.3685	183.86	1.0	0	
469.3889	220.06	1.0	0	
397.3678	265.14	1.0	0	
397.3678	544.31	1.0	0	
432.0983	28.53	1.0	0	
432.1818	200.72	1.0	0	
432.2802	22.36	1.0	0	
432.3405	221.4	1.0	0	C24H46O6
432.3405	230.22	1.0	0	C24H46O6
432.3877	176.22	1.0	0	
432.3877	183.86	1.0	0	
470.3327	244.45	1.0	0	C28H46O4
433.1021	28.4	1.0	0	
433.168	103.75	1.0	0	
398.2891	89.92	1.0	0	
433.3524	192.41	1.0	0	
398.3994	229.3	1.0	0	
433.3907	176.22	1.0	0	
433.3907	183.86	1.0	0	
434.2387	27.74	1.0	0	
434.275	28.01	1.0	0	
471.368	193.85	1.0	0	
172.085	23.67	1.0	0	
172.0877	23.67	1.0	0	
399.1439	28.93	1.0	0	C22H22O7
399.1569	43.27	1.0	0	
399.1991	24.99	1.0	0	
434.3556	192.54	1.0	0	
399.2508	62.13	1.0	0	
435.2496	188.85	1.0	0	
435.2797	264.61	1.0	0	
473.3989	317.6	1.0	0	C31H52O3
436.1968	29.19	1.0	0	
436.2541	29.85	1.0	0	
400.2542	62.0	1.0	0	
400.3504	203.21	1.0	0	C24H46O4
400.3504	210.19	1.0	0	C24H46O4
437.2001	27.22	1.0	0	
474.3128	188.72	1.0	0	
474.4025	317.86	1.0	0	C31H52O3
475.194	24.59	1.0	0	
475.2146	184.78	1.0	0	
475.2807	35.12	1.0	0	
437.2428	185.04	1.0	0	
437.2585	193.85	1.0	0	
437.2856	177.27	1.0	0	
437.3604	264.88	1.0	0	C27H48O4
173.0784	22.62	1.0	0	
475.3783	278.35	1.0	0	C30H50O4
401.1596	27.22	1.0	0	C22H24O7
401.2149	25.38	1.0	0	
401.2149	28.4	1.0	0	
401.264	224.55	1.0	0	
476.2445	230.35	1.0	0	
401.3418	201.37	1.0	0	
438.2618	193.98	1.0	0	
438.3637	264.75	1.0	0	C27H48O4
476.3817	278.08	1.0	0	C30H50O4
476.3946	185.83	1.0	0	
476.3946	192.54	1.0	0	
439.1365	28.93	1.0	0	C24H22O8
477.2113	184.91	1.0	0	
477.2165	283.47	1.0	0	
439.2743	220.61	1.0	0	
402.1629	27.22	1.0	0	C22H24O7
477.3172	230.22	1.0	0	
477.3535	105.32	1.0	0	
478.3059	220.87	1.0	0	
440.2017	37.22	1.0	0	C24H30O6
478.3741	162.1	1.0	0	
173.1325	176.35	1.0	0	
173.1325	183.86	1.0	0	
403.3056	196.37	1.0	0	
440.2809	221.13	1.0	0	
403.3415	105.32	1.0	0	
403.3415	195.3	1.0	0	
403.3532	127.84	1.0	0	
403.3532	183.73	1.0	0	
441.1315	24.86	1.0	0	
441.1315	29.58	1.0	0	C23H22O6
441.1521	27.22	1.0	0	
403.92	3.48	1.0	0	
441.319	172.15	1.0	0	
404.2644	28.01	1.0	0	
480.2863	192.01	1.0	0	
442.1552	27.22	1.0	0	
404.3734	201.51	1.0	0	
404.3734	230.87	1.0	0	C25H44O3
480.4025	196.76	1.0	0	
520.3636	305.63	1.0	0	
443.1576	27.22	1.0	0	
443.2061	38.27	1.0	0	C19H34O9
443.2252	26.04	1.0	0	
443.2252	28.53	1.0	0	
521.3831	220.87	1.0	0	
521.3831	263.3	1.0	0	
406.0427	21.7	1.0	0	
406.2125	30.92	1.0	0	
522.2402	186.49	1.0	0	
522.2621	247.23	1.0	0	
481.2853	230.35	1.0	0	
443.2683	134.93	1.0	0	
443.3731	221.13	1.0	0	C27H46O4
481.3308	190.83	1.0	0	
481.3308	193.33	1.0	0	
444.2299	151.84	1.0	0	
407.2149	31.05	1.0	0	
407.2355	184.65	1.0	0	
407.2355	305.08	1.0	0	
407.2482	230.35	1.0	0	
407.3245	203.74	1.0	0	
407.7887	200.72	1.0	0	
444.3767	221.13	1.0	0	C27H46O4
482.2885	230.87	1.0	0	
523.3829	158.82	1.0	0	
408.2899	200.59	1.0	0	
408.3085	176.35	1.0	0	
408.3085	183.86	1.0	0	C23H42O4
523.8845	158.82	1.0	0	
524.1942	221.0	1.0	0	
483.3533	264.88	1.0	0	
524.8832	158.82	1.0	0	
484.1803	199.26	1.0	0	
484.1803	202.16	1.0	0	
408.9188	20.92	1.0	0	
409.1619	31.05	1.0	0	C22H26O6
409.2562	33.81	1.0	0	
409.2882	200.85	1.0	0	
484.3689	221.26	1.0	0	C24H52NO6P
446.2958	22.49	1.0	0	
446.2958	24.59	1.0	0	
526.0823	38.54	1.0	0	
526.0823	42.09	1.0	0	
409.329	230.35	1.0	0	
409.9012	3.21	1.0	0	
526.4105	217.04	1.0	0	
485.3362	218.22	1.0	0	
526.4472	264.61	1.0	0	
485.3442	190.7	1.0	0	
410.1652	31.05	1.0	0	C22H26O6
486.2652	230.35	1.0	0	
486.3005	214.95	1.0	0	
486.3274	24.99	1.0	0	
410.3323	230.22	1.0	0	
487.2351	198.99	1.0	0	
487.2351	202.16	1.0	0	
527.2901	230.35	1.0	0	
527.3636	231.0	1.0	0	C24H52NO7P
488.2646	35.25	1.0	0	C27H37NO7
489.3128	194.38	1.0	0	
528.2941	210.61	1.0	0	
528.2941	230.74	1.0	0	
528.3475	264.88	1.0	0	
448.4151	197.16	1.0	0	
569.3067	230.87	1.0	0	
449.2456	210.61	1.0	0	
569.5149	403.16	1.0	0	C35H68O5
490.3817	203.48	1.0	0	C31H48O4
490.4257	317.6	1.0	0	
569.928	199.91	1.0	0	
529.307	218.62	1.0	0	
529.3509	264.48	1.0	0	
530.1276	199.12	1.0	0	
530.1276	201.51	1.0	0	
530.299	230.74	1.0	0	
450.2699	26.43	1.0	0	
450.2699	27.88	1.0	0	
532.1517	215.73	1.0	0	
532.1517	221.66	1.0	0	
532.1517	227.33	1.0	0	
532.2077	193.72	1.0	0	
532.2277	220.74	1.0	0	
532.2662	81.35	1.0	0	
532.2662	83.06	1.0	0	
450.3791	192.54	1.0	0	
492.176	220.74	1.0	0	
533.3875	63.58	1.0	0	
533.8636	158.69	1.0	0	
533.8855	165.95	1.0	0	
571.3976	249.2	1.0	0	C33H56O6
492.405	278.08	1.0	0	C28H50O4
571.4108	188.59	1.0	0	
492.4256	221.66	1.0	0	
534.2229	220.74	1.0	0	
571.4422	308.78	1.0	0	C40H56O2
534.2829	168.05	1.0	0	C26H43O9P
534.2829	264.75	1.0	0	
451.3761	223.5	1.0	0	
451.3761	283.86	1.0	0	
451.3825	192.54	1.0	0	
534.3919	195.3	1.0	0	
535.1899	184.78	1.0	0	
535.2259	220.87	1.0	0	
572.2542	264.09	1.0	0	
572.2542	265.14	1.0	0	
535.3341	300.19	1.0	0	
452.249	32.5	1.0	0	
493.1427	104.14	1.0	0	
493.1427	189.77	1.0	0	
452.3852	192.41	1.0	0	
493.3273	2.43	1.0	0	
493.3273	243.27	1.0	0	
536.2774	264.75	1.0	0	
536.293	230.35	1.0	0	
493.3891	294.55	1.0	0	C30H52O5
453.3186	190.83	1.0	0	C27H42O3F2,C27H42F2O3
537.2957	231.0	1.0	0	
453.3881	192.67	1.0	0	
538.2902	231.13	1.0	0	
454.2648	27.22	1.0	0	
454.3222	190.96	1.0	0	C27H42O3F2,C27H42F2O3
495.2333	214.82	1.0	0	
495.238	196.24	1.0	0	
495.3005	28.14	1.0	0	
495.3005	246.97	1.0	0	
495.4046	365.79	1.0	0	
575.9103	201.9	1.0	0	
539.2871	264.48	1.0	0	
455.2254	26.3	1.0	0	
576.1773	154.59	1.0	0	
576.1773	223.1	1.0	0	
576.1773	235.63	1.0	0	
539.3913	196.37	1.0	0	
576.2336	229.82	1.0	0	
455.3223	230.61	1.0	0	
576.4115	63.05	1.0	0	
576.4115	201.64	1.0	0	
540.0692	27.09	1.0	0	
496.163	190.03	1.0	0	
456.17	184.91	1.0	0	
576.9116	1.77	1.0	0	
576.9116	199.39	1.0	0	
576.9116	201.9	1.0	0	
540.4265	258.16	1.0	0	
540.4475	151.97	1.0	0	
496.304	210.19	1.0	0	
496.304	247.1	1.0	0	
577.2368	229.95	1.0	0	
456.2896	193.98	1.0	0	
456.301	220.74	1.0	0	
577.4132	62.66	1.0	0	
577.4132	163.15	1.0	0	
577.4132	202.16	1.0	0	
456.3374	192.93	1.0	0	
496.4211	154.2	1.0	0	
542.2073	53.15	1.0	0	
457.1262	27.09	1.0	0	
457.2409	25.64	1.0	0	
457.2409	26.69	1.0	0	
457.2861	166.35	1.0	0	
457.2861	215.21	1.0	0	
457.2923	193.98	1.0	0	
497.3165	228.11	1.0	0	
457.3522	202.29	1.0	0	C26H48O6
497.3604	277.43	1.0	0	C30H50O4
544.223	231.13	1.0	0	
544.2377	199.39	1.0	0	
544.2377	202.16	1.0	0	
544.3695	25.91	1.0	0	
578.9062	1.77	1.0	0	
579.1675	79.51	1.0	0	
545.2933	264.48	1.0	0	
498.4157	264.48	1.0	0	
546.1675	215.6	1.0	0	
546.1675	220.06	1.0	0	
546.1675	224.94	1.0	0	
458.3051	220.19	1.0	0	
458.3051	221.13	1.0	0	
546.3213	230.48	1.0	0	
580.1711	79.64	1.0	0	
580.2429	230.74	1.0	0	
499.296	184.78	1.0	0	
499.3241	195.58	1.0	0	
459.2654	65.02	1.0	0	
459.2654	177.53	1.0	0	
459.2654	198.34	1.0	0	
459.2722	184.78	1.0	0	
459.4154	204.26	1.0	0	
459.4154	209.14	1.0	0	
500.316	230.74	1.0	0	
501.3193	230.48	1.0	0	
501.35	230.74	1.0	0	
502.1758	185.04	1.0	0	
502.3219	24.59	1.0	0	
502.3219	230.74	1.0	0	
547.3245	230.35	1.0	0	
502.3626	217.96	1.0	0	
502.3626	233.5	1.0	0	
582.2411	218.88	1.0	0	
582.2411	230.74	1.0	0	
582.2831	265.14	1.0	0	
460.2536	33.81	1.0	0	
503.1227	27.22	1.0	0	
547.4722	323.38	1.0	0	C35H62O4
582.4368	221.53	1.0	0	
503.371	264.09	1.0	0	
548.4758	323.38	1.0	0	C35H62O4
504.2755	264.75	1.0	0	
549.3131	222.58	1.0	0	
583.6358	452.17	1.0	0	
583.6358	453.35	1.0	0	
549.3458	210.19	1.0	0	
549.4153	207.3	1.0	0	C33H56O6
549.4535	200.85	1.0	0	C34H60O5
584.1693	183.99	1.0	0	
584.2065	222.58	1.0	0	
549.956	200.72	1.0	0	
550.2929	284.39	1.0	0	
550.3405	159.21	1.0	0	
584.4737	150.26	1.0	0	
550.3664	210.32	1.0	0	
550.4188	248.81	1.0	0	C33H56O6
550.4563	200.85	1.0	0	C34H60O5
505.3084	210.61	1.0	0	
505.3491	264.88	1.0	0	
585.4493	306.55	1.0	0	C35H62O5
550.8393	158.69	1.0	0	
550.957	200.59	1.0	0	
551.3404	158.43	1.0	0	
551.369	210.32	1.0	0	
551.392	218.75	1.0	0	C32H54O7
551.4582	200.72	1.0	0	C34H60O5
551.8389	158.69	1.0	0	
586.4627	257.5	1.0	0	
464.1443	189.77	1.0	0	
464.2048	184.91	1.0	0	
587.3921	221.26	1.0	0	
506.2655	199.12	1.0	0	
506.3116	210.74	1.0	0	
506.4419	254.22	1.0	0	
588.3955	221.26	1.0	0	
588.4456	291.53	1.0	0	
507.262	220.87	1.0	0	
507.2832	200.59	1.0	0	
507.3182	264.48	1.0	0	
625.3032	207.04	1.0	0	
507.4084	158.95	1.0	0	
553.4596	377.1	1.0	0	C35H62O3
625.4235	28.14	1.0	0	C28H58NO9P
553.5103	402.89	1.0	0	C35H66O4
507.9091	158.95	1.0	0	
626.309	206.78	1.0	0	
508.2067	184.78	1.0	0	
589.4004	221.26	1.0	0	
589.4004	230.48	1.0	0	
508.2461	230.74	1.0	0	
589.4814	254.87	1.0	0	
508.2834	200.98	1.0	0	
508.3484	205.05	1.0	0	C31H48O4
590.1934	221.92	1.0	0	
590.1934	233.63	1.0	0	
508.4111	158.82	1.0	0	
508.4111	203.21	1.0	0	
591.1968	188.59	1.0	0	
554.2513	230.48	1.0	0	
554.2887	214.68	1.0	0	
509.1858	206.78	1.0	0	
509.2493	231.0	1.0	0	
509.3166	264.48	1.0	0	
628.4999	147.9	1.0	0	
509.3469	204.0	1.0	0	
593.4243	187.54	1.0	0	C28H58NO9P
555.2549	230.74	1.0	0	
594.0693	39.59	1.0	0	
510.1887	114.01	1.0	0	
510.1887	206.78	1.0	0	
630.2249	230.87	1.0	0	
594.2361	264.75	1.0	0	
630.2613	203.61	1.0	0	
510.3199	264.48	1.0	0	
594.4735	289.79	1.0	0	C35H60O5
595.1625	73.32	1.0	0	C27H30O15
511.1449	153.94	1.0	0	
511.1449	163.28	1.0	0	
556.3791	303.77	1.0	0	
556.4424	99.28	1.0	0	
511.2558	230.22	1.0	0	
511.2622	199.39	1.0	0	
511.2622	202.42	1.0	0	
632.2407	194.9	1.0	0	
632.2407	231.27	1.0	0	
632.268	203.48	1.0	0	
632.277	289.01	1.0	0	
632.297	304.03	1.0	0	
596.1672	73.58	1.0	0	C27H30O15
596.1942	79.38	1.0	0	
511.3685	227.98	1.0	0	
632.4355	413.99	1.0	0	
596.3351	264.35	1.0	0	
511.3987	373.27	1.0	0	
597.1975	79.64	1.0	0	
633.244	189.51	1.0	0	
633.244	192.54	1.0	0	
633.244	194.77	1.0	0	
633.2803	289.14	1.0	0	
597.3382	264.61	1.0	0	
633.4281	26.04	1.0	0	
558.3422	108.51	1.0	0	
635.4561	80.83	1.0	0	
512.416	100.07	1.0	0	
599.4286	289.79	1.0	0	C35H60O6
600.2708	264.61	1.0	0	
513.3495	223.63	1.0	0	
600.4686	98.23	1.0	0	C34H65NO5S
601.1495	79.25	1.0	0	
637.5387	285.04	1.0	0	
638.3371	206.91	1.0	0	
638.3449	183.86	1.0	0	
602.2305	189.37	1.0	0	
602.2305	221.13	1.0	0	
560.3643	196.1	1.0	0	
639.2251	79.38	1.0	0	
639.3404	206.91	1.0	0	
639.4256	218.35	1.0	0	
561.2379	156.59	1.0	0	
561.4367	201.64	1.0	0	
604.2093	232.97	1.0	0	
640.221	73.19	1.0	0	
640.3432	206.91	1.0	0	
515.3286	198.47	1.0	0	
515.3964	158.82	1.0	0	
605.2682	264.48	1.0	0	
605.3156	283.47	1.0	0	
605.4759	291.0	1.0	0	
562.2182	215.08	1.0	0	
641.3435	207.04	1.0	0	
562.3167	116.56	1.0	0	
606.3191	283.47	1.0	0	
516.3679	221.26	1.0	0	
606.4791	195.71	1.0	0	
606.4791	290.61	1.0	0	
642.3178	287.56	1.0	0	
516.901	159.08	1.0	0	
563.2219	214.82	1.0	0	
517.2616	230.61	1.0	0	
563.4659	364.45	1.0	0	C33H64O5
607.322	283.86	1.0	0	
642.63	295.33	1.0	0	
564.3088	303.9	1.0	0	
607.557	333.67	1.0	0	
643.2922	207.04	1.0	0	
564.3246	264.75	1.0	0	
643.4937	323.12	1.0	0	
564.4693	364.19	1.0	0	C33H64O5
564.4989	323.64	1.0	0	
565.2478	206.78	1.0	0	
644.2958	206.91	1.0	0	
565.4102	221.26	1.0	0	
644.4952	96.39	1.0	0	
565.483	290.74	1.0	0	
518.3397	82.14	1.0	0	C23H44N6O7,C27H48O9
518.363	220.87	1.0	0	
518.4572	317.6	1.0	0	
645.2439	195.03	1.0	0	
645.2989	206.91	1.0	0	
645.4992	96.39	1.0	0	
566.2516	207.17	1.0	0	
646.3026	206.78	1.0	0	
566.4298	200.85	1.0	0	
566.4421	248.68	1.0	0	
647.423	242.48	1.0	0	
647.423	261.2	1.0	0	
566.9308	200.59	1.0	0	
567.2083	229.43	1.0	0	
567.2083	230.61	1.0	0	
680.5352	158.82	1.0	0	
647.5236	314.56	1.0	0	
647.5236	316.42	1.0	0	
567.2545	207.17	1.0	0	
611.1851	321.28	1.0	0	
567.4228	219.67	1.0	0	
567.4294	200.72	1.0	0	
648.4389	189.24	1.0	0	
648.4389	190.16	1.0	0	
649.3037	289.01	1.0	0	
611.6087	353.89	1.0	0	
650.278	196.24	1.0	0	
650.3071	289.01	1.0	0	
681.3679	206.78	1.0	0	
567.9297	200.85	1.0	0	
568.3036	230.87	1.0	0	
612.1892	73.32	1.0	0	
568.4294	200.85	1.0	0	
681.5387	158.82	1.0	0	
652.3524	206.78	1.0	0	
568.9296	200.85	1.0	0	
652.4999	179.63	1.0	0	
682.3712	206.78	1.0	0	
653.3372	195.03	1.0	0	
653.3554	206.78	1.0	0	
614.5988	295.2	1.0	0	
683.3138	217.44	1.0	0	
683.3739	206.91	1.0	0	
737.4204	403.55	1.0	0	
655.3167	124.28	1.0	0	C32H50O11
684.2334	219.4	1.0	0	
684.3189	206.91	1.0	0	
616.3183	218.09	1.0	0	
617.3217	218.22	1.0	0	
656.3194	88.61	1.0	0	
656.3194	124.14	1.0	0	C32H50O11
656.4525	173.85	1.0	0	
656.4525	244.32	1.0	0	
618.2827	284.13	1.0	0	
685.3226	207.04	1.0	0	
620.2307	188.72	1.0	0	
620.2936	218.62	1.0	0	C29H47O12P
620.2936	281.76	1.0	0	C29H47O12P
620.4214	24.72	1.0	0	
621.3106	206.91	1.0	0	
622.3138	206.91	1.0	0	
740.9302	158.69	1.0	0	
741.4324	159.21	1.0	0	
623.3166	206.78	1.0	0	
623.3263	283.86	1.0	0	
659.2666	206.78	1.0	0	
659.3448	287.3	1.0	0	
624.3203	206.91	1.0	0	
624.3296	283.86	1.0	0	
741.9345	158.95	1.0	0	
624.4182	287.69	1.0	0	
742.4343	158.69	1.0	0	
742.5045	184.65	1.0	0	
686.325	207.04	1.0	0	
742.9353	158.95	1.0	0	
743.4354	159.08	1.0	0	
743.5078	184.91	1.0	0	
743.9359	159.08	1.0	0	
661.3022	220.19	1.0	0	
744.2335	233.24	1.0	0	
661.4897	403.42	1.0	0	
687.2538	189.9	1.0	0	
662.2239	265.14	1.0	0	
662.251	219.54	1.0	0	
662.3378	206.91	1.0	0	
745.4735	436.76	1.0	0	
746.0853	200.85	1.0	0	
663.3415	207.04	1.0	0	
663.4918	319.44	1.0	0	
688.3025	224.81	1.0	0	
746.5849	200.59	1.0	0	
747.0849	200.85	1.0	0	
688.5001	210.06	1.0	0	
664.3531	206.78	1.0	0	
688.636	349.96	1.0	0	
664.4305	162.23	1.0	0	
664.557	350.09	1.0	0	
665.2982	203.74	1.0	0	
665.3486	206.78	1.0	0	
748.325	235.21	1.0	0	
665.5074	319.31	1.0	0	
665.5603	350.22	1.0	0	
666.0093	319.31	1.0	0	
666.3687	206.78	1.0	0	
810.5213	199.78	1.0	0	
690.449	221.4	1.0	0	
749.4662	472.75	1.0	0	
749.4662	483.01	1.0	0	
667.3719	206.78	1.0	0	
667.4499	27.09	1.0	0	
667.4499	287.95	1.0	0	
750.507	28.01	1.0	0	
750.507	220.32	1.0	0	C40H74NO8P
668.3747	206.78	1.0	0	
751.511	32.5	1.0	0	
751.511	220.61	1.0	0	C40H74NO8P
751.5449	304.42	1.0	0	C40H79O10P
752.4689	472.75	1.0	0	
752.4689	483.01	1.0	0	
669.332	148.16	1.0	0	
669.332	177.4	1.0	0	
669.3771	206.91	1.0	0	
692.3368	289.01	1.0	0	
670.2959	160.53	1.0	0	
670.2959	192.93	1.0	0	
670.2959	199.12	1.0	0	
754.3102	196.63	1.0	0	
754.3102	307.34	1.0	0	
693.364	218.62	1.0	0	
755.0646	199.65	1.0	0	
755.0646	201.77	1.0	0	
671.311	103.75	1.0	0	
671.3312	74.5	1.0	0	
816.247	264.48	1.0	0	
816.247	275.17	1.0	0	
694.3659	206.91	1.0	0	
694.3659	218.75	1.0	0	
694.4446	189.64	1.0	0	
694.4831	195.03	1.0	0	
672.249	265.01	1.0	0	
756.2442	215.86	1.0	0	
756.2442	223.1	1.0	0	
756.2442	237.33	1.0	0	
695.2578	205.86	1.0	0	
695.2578	210.74	1.0	0	
695.3648	263.17	1.0	0	
695.3648	270.97	1.0	0	
695.4866	195.03	1.0	0	
758.08	350.87	1.0	0	
696.4756	256.84	1.0	0	
696.4756	286.9	1.0	0	
696.5262	177.79	1.0	0	
758.4371	220.87	1.0	0	
673.3038	288.74	1.0	0	
673.3455	123.75	1.0	0	
674.5142	312.06	1.0	0	C37H72NO7P
675.1424	281.89	1.0	0	
759.4402	220.87	1.0	0	
675.3531	218.62	1.0	0	
822.4089	446.24	1.0	0	
676.2646	184.25	1.0	0	
676.2646	211.01	1.0	0	
676.296	234.02	1.0	0	
676.296	241.43	1.0	0	
676.3562	218.35	1.0	0	
676.4332	186.35	1.0	0	
699.3454	264.88	1.0	0	
699.3454	271.36	1.0	0	
824.6056	229.82	1.0	0	C52H76O7
677.512	347.72	1.0	0	
700.2907	230.87	1.0	0	
700.2907	264.61	1.0	0	
678.2788	267.27	1.0	0	
826.5984	230.48	1.0	0	C45H76NO7P
701.2507	207.3	1.0	0	
678.4639	25.38	1.0	0	
701.4734	27.74	1.0	0	C38H66NO8P
678.515	347.72	1.0	0	
678.5366	284.13	1.0	0	
827.6018	230.35	1.0	0	C45H76NO7P
762.4693	195.03	1.0	0	
678.6876	611.3	1.0	0	
679.5278	350.48	1.0	0	
702.3534	82.27	1.0	0	
702.3739	189.64	1.0	0	
763.5073	158.69	1.0	0	C43H72NO8P
830.2837	288.74	1.0	0	
680.3843	207.04	1.0	0	
830.2987	250.54	1.0	0	
830.2987	264.61	1.0	0	
830.2987	275.04	1.0	0	
830.2987	292.84	1.0	0	
680.4206	133.62	1.0	0	
680.4521	256.58	1.0	0	
680.4521	286.64	1.0	0	
764.2573	214.29	1.0	0	
764.2573	249.2	1.0	0	
703.3226	189.11	1.0	0	
764.4861	184.78	1.0	0	
703.3772	189.51	1.0	0	
765.3518	187.8	1.0	0	
765.3518	235.07	1.0	0	
765.4867	184.52	1.0	0	
766.5338	200.85	1.0	0	
898.4052	198.6	1.0	0	
898.4052	202.42	1.0	0	
833.2619	214.16	1.0	0	
834.4696	473.27	1.0	0	
706.603	200.72	1.0	0	
706.603	484.2	1.0	0	
706.603	485.8	1.0	0	C44H80O6
904.6432	264.88	1.0	0	
835.2778	250.94	1.0	0	
835.2778	264.22	1.0	0	
835.2778	275.17	1.0	0	
835.2778	292.45	1.0	0	
707.5989	201.64	1.0	0	
772.489	220.32	1.0	0	C38H74NO10P
708.3127	196.37	1.0	0	
906.6143	138.87	1.0	0	
773.0403	199.52	1.0	0	
773.0403	201.51	1.0	0	
773.4924	221.0	1.0	0	C38H74NO10P
773.5868	329.82	1.0	0	
907.6177	139.01	1.0	0	
908.1797	288.22	1.0	0	
709.6342	480.65	1.0	0	
775.5387	200.85	1.0	0	
711.2522	216.78	1.0	0	
711.2809	207.3	1.0	0	
711.3453	240.09	1.0	0	
712.2421	287.43	1.0	0	
840.3425	207.04	1.0	0	
842.3194	279.53	1.0	0	
842.3194	286.51	1.0	0	
842.3194	293.5	1.0	0	
842.4629	474.06	1.0	0	
842.4629	482.49	1.0	0	
713.2455	241.3	1.0	0	
843.2087	275.17	1.0	0	
843.2087	292.45	1.0	0	
714.9776	158.56	1.0	0	
715.3145	221.66	1.0	0	
845.5049	473.66	1.0	0	
845.5049	482.75	1.0	0	
715.9775	158.43	1.0	0	
846.5979	314.3	1.0	0	C49H84NO8P
716.3739	264.88	1.0	0	
716.3739	272.15	1.0	0	
716.3739	279.27	1.0	0	
716.4262	189.24	1.0	0	
716.4648	195.03	1.0	0	
847.3342	288.35	1.0	0	
782.4544	473.8	1.0	0	
848.5805	230.35	1.0	0	
717.4292	189.64	1.0	0	
717.4679	194.9	1.0	0	
782.6773	472.22	1.0	0	
783.0197	132.83	1.0	0	
849.5838	230.35	1.0	0	
928.4558	473.4	1.0	0	
928.4558	482.88	1.0	0	
850.4407	473.27	1.0	0	
850.4407	483.41	1.0	0	
718.3148	243.53	1.0	0	
850.6086	314.03	1.0	0	C49H84NO8P
783.6802	471.83	1.0	0	
784.4527	194.77	1.0	0	
851.3978	37.35	1.0	0	
933.6285	207.43	1.0	0	
785.4559	194.77	1.0	0	
852.4012	37.22	1.0	0	
853.4042	37.22	1.0	0	
939.3502	198.86	1.0	0	
939.3502	202.16	1.0	0	
941.3481	199.39	1.0	0	
941.3481	201.9	1.0	0	
854.4075	37.35	1.0	0	
721.4356	436.89	1.0	0	
721.4356	445.58	1.0	0	
855.4085	37.35	1.0	0	
722.4407	186.49	1.0	0	
946.4582	346.8	1.0	0	
946.4582	348.25	1.0	0	
856.3713	286.64	1.0	0	
856.3713	293.36	1.0	0	
856.4745	474.06	1.0	0	
948.6196	222.31	1.0	0	
948.6561	218.35	1.0	0	
949.6228	203.08	1.0	0	
857.477	473.53	1.0	0	
949.6601	218.62	1.0	0	
949.6601	236.28	1.0	0	
792.5491	199.39	1.0	0	
726.6136	199.65	1.0	0	
726.6136	201.77	1.0	0	
726.6136	438.6	1.0	0	
861.3501	286.25	1.0	0	
861.3501	293.63	1.0	0	
861.472	473.4	1.0	0	
861.472	482.75	1.0	0	
961.5489	189.64	1.0	0	
961.652	218.62	1.0	0	
728.6086	200.59	1.0	0	
729.1102	200.85	1.0	0	
795.6691	230.35	1.0	0	
864.4917	483.28	1.0	0	
966.6304	192.93	1.0	0	
966.6304	196.37	1.0	0	
796.9919	199.78	1.0	0	
967.6339	192.67	1.0	0	
866.3657	288.48	1.0	0	
797.9953	199.52	1.0	0	
797.9953	201.51	1.0	0	
968.6375	196.24	1.0	0	
798.9974	199.12	1.0	0	
798.9974	202.16	1.0	0	
799.4972	202.42	1.0	0	
799.9984	202.56	1.0	0	
800.4629	185.04	1.0	0	
870.5624	230.08	1.0	0	
978.6513	199.26	1.0	0	
978.6513	202.03	1.0	0	
733.4465	158.56	1.0	0	
873.6193	314.16	1.0	0	
875.5461	314.3	1.0	0	
735.2675	196.89	1.0	0	
879.5817	195.16	1.0	0	C45H84NO13P
990.187	279.4	1.0	0	
990.187	280.58	1.0	0	
990.6672	233.76	1.0	0	
880.5816	195.84	1.0	0	C45H84NO13P
882.3277	37.22	1.0	0	
997.2404	223.63	1.0	0	
882.6615	264.48	1.0	0	
998.6202	194.38	1.0	0	
999.6234	194.77	1.0	0	
999.6234	203.21	1.0	0	
1003.195	281.89	1.0	0	
884.5573	230.35	1.0	0	
885.5602	230.22	1.0	0	
1006.6254	197.42	1.0	0	
1008.6692	213.63	1.0	0	
1143.7113	245.79	1.0	0	
887.6797	192.41	1.0	0	
1144.7148	245.92	1.0	0	
888.6832	192.28	1.0	0	
1012.6207	213.37	1.0	0	
1152.7357	245.79	1.0	0	
1153.7391	245.53	1.0	0	
1154.7509	243.53	1.0	0	
1155.7545	243.53	1.0	0	
1156.7579	243.53	1.0	0	
1159.7052	230.61	1.0	0	
1160.709	230.74	1.0	0	
1160.709	243.93	1.0	0	
1160.7249	222.58	1.0	0	
1161.729	222.71	1.0	0	
894.5726	194.38	1.0	0	C47H79O13P
1170.7452	229.43	1.0	0	
1171.749	229.17	1.0	0	
896.4048	198.86	1.0	0	
896.4048	202.16	1.0	0	
897.3992	196.5	1.0	0	
897.3992	202.16	1.0	0	
897.5412	197.29	1.0	0	
1038.6514	195.3	1.0	0	
1039.6545	195.58	1.0	0	
1180.7635	202.03	1.0	0	
1184.7635	199.12	1.0	0	
1184.7635	201.9	1.0	0	C59H108N2O21
1186.74	220.74	1.0	0	
1048.8235	348.51	1.0	0	
1051.2971	267.53	1.0	0	
1197.8015	292.31	1.0	0	
1203.7845	281.63	1.0	0	
1206.8187	289.27	1.0	0	
1207.8219	288.87	1.0	0	
1209.8359	281.37	1.0	0	
1214.7547	251.07	1.0	0	C60H111NO23
1214.7547	259.47	1.0	0	
1218.735	202.03	1.0	0	C59H108N2O21
1218.778	260.81	1.0	0	
1219.7332	199.52	1.0	0	C59H108N2O21
1219.7332	202.03	1.0	0	C59H108N2O21
1219.7809	261.33	1.0	0	
1087.2943	270.16	1.0	0	C48H56O27
1092.8503	343.24	1.0	0	
1273.6029	136.77	1.0	0	
1274.6067	136.9	1.0	0	
1286.6715	206.78	1.0	0	
1292.1347	137.04	1.0	0	
1293.1074	137.04	1.0	0	
1294.1112	136.51	1.0	0	
1337.3423	609.84	1.0	0	
1422.1253	348.25	1.0	0	
1422.5223	288.35	1.0	0	
1423.1289	348.51	1.0	0	
1444.1073	348.25	1.0	0	
1454.7734	325.09	1.0	0	
1484.1143	325.22	1.0	0	
1485.1181	325.22	1.0	0	
1486.1208	325.49	1.0	0	
1501.141	324.96	1.0	0	
1502.1448	324.96	1.0	0	
1503.1479	324.96	1.0	0	
