m/z	rtime	p-value	t-score	custom_id
108.9009	135.19	0.8832552629134464	-0.5970173157742983	CaO2
108.9009	150.19	0.41283610273593757	2.661366567757044	
109.0285	24.93	0.9250032464362263	0.2917927818338091	
169.0613	50.51	0.8826863813237553	-0.672898033076164	
142.9433	201.48	0.7921122961866658	-1.205539748576241	
142.9743	201.75	0.96214437488717	-0.1307130064693588	
110.8979	135.19	0.9457833352391187	-0.16408744942249867	
110.8979	150.19	0.7021788913157868	1.6469300475843114	
170.0701	49.85	0.8832552629134464	-0.5744431173181911	
170.8286	1.7	0.9189738641129489	-0.32921677414152284	
170.8474	135.58	0.8625476874161271	-0.8212392715886493	
170.8474	149.8	0.7921122961866658	1.2878046029050385	
143.0535	147.17	0.9451097647301189	-0.18977461656322164	
143.0535	150.74	0.826623163512291	-0.9631686545670803	
143.0535	152.45	0.7021788913157868	-1.6502801343628777	
113.9356	346.6	0.9358042214249748	0.22787221184566814	
171.0405	234.76	0.8625476874161271	0.8191913730779102	
171.0405	239.91	0.8932213366954406	0.42895176002865765	
171.0479	32.33	0.06068840383296149	5.919069540293032	
143.9777	201.61	0.9933613164088416	0.012487392594140957	
171.0558	26.91	0.9392167839653188	-0.21072274894348472	
143.9904	222.26	0.8832552629134464	0.5843264312242322	
171.0769	292.24	0.8421935313152341	-0.8883813571626235	
114.932	346.87	0.9933613164088416	0.015357500310733982	
144.0738	34.95	0.9901980835164466	0.045553818847417694	
144.8687	135.32	0.8853186048355821	-0.56766836661618	
144.8687	149.93	0.8932213366954406	-0.4684009125755387	
144.9724	201.61	0.9173960188950602	-0.35121028755125816	
172.0355	267.29	0.6499365794450653	-1.9429548322625363	C6H6N2O4
172.0398	28.62	0.8974160839705769	-0.41088936281687627	
144.9783	201.61	0.7921122961866658	-1.246955504183514	
82.9531	34.82	0.0832079198538797	-5.43875170070517	
172.069	192.36	0.9901980835164466	-0.03990008748993974	C8H12O4
172.5373	267.29	0.6678456350540236	-1.8666504586493808	
172.8276	1.56	0.7908708244886499	1.3647493131502693	
115.0584	222.26	0.9413700089572414	0.20175123715072177	C6H12S,C6H12S
146.0531	210.97	0.7677119639946202	-1.4375969708713756	
116.0061	297.63	0.06898421409350985	-5.700070195080419	
116.0469	209.92	0.919793831335287	0.3185460257713367	
116.0478	209.92	0.8754984583542113	-0.7096167560813703	
172.985	201.48	0.7868762206839144	-1.3812551047735082	
146.0814	180.11	0.8832552629134464	0.58522415149671	
172.9907	25.73	0.8832552629134464	0.6146090210914951	C6H6O4S,C6H6O4S
172.9907	27.57	0.6813638423109422	1.7698966424686704	C6H6O4S,C6H6O4S
146.8659	135.58	0.8853186048355821	-0.5663789920512727	
146.8659	149.8	0.8832552629134464	-0.643561303911628	
116.0936	210.05	0.9901980835164466	-0.047974421170590316	
116.0945	210.18	0.871510032387444	-0.7576712327596661	
84.9502	34.69	0.06068840383296149	-6.030478211477549	
147.0176	270.31	0.848136284492876	-0.8567191127886038	
173.0333	267.43	0.5990942450234689	-2.145396699323901	
173.0376	267.43	0.5901841023283275	-2.2088144564459355	
147.0667	197.78	0.7582551961206125	1.4950888094040824	
147.0667	200.96	0.8932213366954406	-0.4823855832937561	
173.056	233.85	0.8534046906938332	0.8488977724552238	
147.9204	2.75	0.8246211833192492	0.9772204345984202	
87.0441	192.1	0.23478078433804028	3.323357735253352	
173.0812	192.1	0.8932213366954406	-0.47904482706680906	
173.8419	135.85	0.9092350610071063	-0.3699994454899523	
173.8419	150.19	0.7921122961866658	1.0871521863486977	
117.0677	210.31	0.9173960188950602	0.35044956393790583	
173.994	25.59	0.9451097647301189	0.18765649306177484	C6H6O4S,C6H6O4S
173.994	27.44	0.7921122961866658	1.2448197873975453	C6H6O4S,C6H6O4S
174.0114	254.89	0.5760934429627671	2.2391131657790986	C7H7FO2S
174.0114	259.25	0.2895122415950311	3.0008560371157857	C7H7FO2S
149.0001	28.22	0.8810433364136404	-0.6917464270752726	
118.0746	210.31	0.8932213366954406	0.4297540678601168	
149.0462	189.84	0.04583232540960234	7.198778479217687	
149.0462	191.05	0.08941500371828666	4.716623846282945	
174.0552	27.3	0.9457833352391187	0.16499668166470097	
89.0427	249.11	0.8832552629134464	0.5791789995550622	
149.0599	34.69	0.699251607441049	1.7171828600901933	
174.9637	134.93	0.8932213366954406	-0.4411845489533483	
174.9637	145.86	0.89136558215833	0.52904521523261	
174.9865	25.73	0.7542409726773613	1.5017122278843162	
174.9865	27.57	0.699251607441049	1.712377285501666	
150.0221	265.85	0.8022159641013826	-1.0399746043624225	
119.0491	205.16	0.9173960188950602	-0.3483369669353139	
175.0353	318.24	0.8534046906938332	0.8465270022210863	
150.0301	270.84	0.9189738641129489	0.3322459941391402	
150.0413	135.98	0.6499365794450653	-2.0194871033721604	C5H13NS2
150.8858	134.8	0.9451097647301189	-0.1896425758468308	
150.8858	150.45	0.7921122961866658	1.1256034343405785	
175.0718	305.9	0.8832552629134464	-0.6438980043934074	
175.8391	135.85	0.9933613164088416	-0.012084645257182655	
175.8391	150.06	0.8022159641013826	1.04565305638027	
151.0586	50.11	0.699251607441049	1.697147579880401	
151.8733	149.8	0.9451097647301189	0.19028870758891447	
176.0193	329.14	0.8932213366954406	-0.4647057121349762	
152.8829	134.8	0.9901980835164466	0.05165314956589715	
152.8829	150.45	0.7921122961866658	1.1341233105807298	
152.9855	32.33	0.8832552629134464	0.6154658062867744	
152.9855	283.31	0.10617259616584766	-4.365469092779172	
152.995	191.97	0.7921122961866658	-1.2168982522172318	C3H7O5P
152.995	210.97	0.7119939738383115	-1.6118569806926797	
93.0335	204.63	0.8380881288593215	-0.9373682126445825	
176.8359	135.85	0.8832552629134464	-0.6191170148446447	
176.8359	150.06	0.7921122961866658	1.1243817408072767	
153.016	216.35	0.9173960188950602	0.35244370385995666	
176.9162	364.07	0.8832552629134464	0.6268798977833541	
121.0312	243.2	0.2786158031981746	3.057324841194589	
153.8992	1.17	0.7921122961866658	1.2219638860019835	
95.9751	191.05	0.8024474557530911	1.0349181441985855	
122.0601	49.85	0.8810433364136404	0.6924737969655116	
122.8932	39.81	0.8683320055579922	-0.7660901845854686	
96.0274	32.85	0.7921122961866658	-1.188794456698668	
96.9211	135.19	0.8832552629134464	-0.5966169890370542	
96.9211	149.93	0.6499365794450653	1.945915313599829	
177.9124	134.8	0.8832552629134464	-0.5782723828402908	
177.9124	150.58	0.6759304765126276	-1.8199331241506527	
154.868	149.8	0.9392167839653188	0.2118171286038476	
124.0063	212.41	0.49709696201607084	-2.4120883877106127	
154.88	134.93	0.936265883843698	-0.2211157884346299	
154.88	150.45	0.9901980835164466	0.05007156493652508	
178.8332	149.93	0.8387909502190846	0.9209274920756682	
124.9904	34.3	0.5491361986279532	-2.3155828344809106	
97.0648	27.04	0.3751761099528964	2.7642823258915388	
178.912	364.07	0.934731985882543	-0.2411523714605506	
125.0425	225.15	0.8932213366954406	-0.4523301420930167	
97.9762	201.35	0.7119939738383115	-1.5993545317064735	
155.0089	172.5	0.9189738641129489	0.34054361337856404	
125.8721	134.8	0.9189738641129489	0.3258216019043401	
125.8721	151.53	0.8932213366954406	-0.4259026496932706	
125.9898	34.43	0.38634080050561903	-2.7157523424784755	
125.9938	34.3	0.3751761099528964	-2.7536012647599057	
98.948	1.04	0.9817741428124297	-0.0880474612665791	
126.9041	29.54	0.8832552629134464	-0.6492862434170148	
126.9862	34.3	0.23825234811027124	-3.275272701477747	C5H4O2S
126.9948	34.3	0.6527149387951292	-1.888596397499652	
155.8733	29.01	0.9862118849996647	0.07081107393019488	
127.0028	192.63	0.8932213366954406	-0.45719313698087577	
127.0754	191.71	0.8932213366954406	0.5160179587055076	
127.8692	151.14	0.8932213366954406	0.4917631157817964	
156.0269	266.24	0.871510032387444	0.7539720219329472	
179.8402	135.32	0.8932213366954406	-0.5204387977139565	
179.8402	150.45	0.6499365794450653	-1.924015414096068	
179.8819	363.02	0.6499365794450653	1.9664839480555578	
179.8819	365.51	0.8932213366954406	0.4521969778580001	C20H39NO2,C20H39NO2
100.0394	191.84	0.06068840383296149	5.981741584590481	
156.954	201.22	0.7921122961866658	-1.1787744990764288	
128.9586	201.75	0.9243203531713855	0.29585137612140866	
128.9982	135.06	0.9219816037705664	-0.30461711601268854	
129.0267	36.26	0.8832552629134464	-0.6170040444996118	
129.0277	36.13	0.8828941925224453	0.6567862071941711	
129.0285	36.53	0.8666066739060507	0.7807535688604592	
129.0377	213.46	0.7921122961866658	-1.293375000576465	
129.0377	220.42	0.7119939738383115	-1.5990080126556712	
129.0804	36.26	0.8932213366954406	0.4656649314372853	
129.0815	36.26	0.7921122961866658	1.3548200219364719	
157.9933	201.61	0.6499365794450653	-1.9198087436750466	
129.0826	36.0	0.8666066739060507	-0.7865424107271137	
103.9193	39.55	0.808359024760269	-1.0150702327206538	
181.0594	192.63	0.8821843735402549	0.680634231152257	
181.0594	213.59	0.699251607441049	1.6996803379460386	
181.0692	204.77	0.9395171980610488	-0.2062719208071009	C9H11NO3
181.8369	150.32	0.808359024760269	-1.0159564933927512	
182.0428	221.47	0.8694087569427065	0.7635414459007043	
131.0609	36.13	0.7921122961866658	1.1027225307275137	
182.0455	33.9	0.6527149387951292	-1.8864899871272502	C6H6O4
182.0664	204.9	0.9813467851263016	-0.08988358187525027	
182.0703	205.03	0.9336599823523616	-0.24636793506005863	
132.0115	165.25	0.9189738641129489	-0.32479240436671636	
132.0115	169.87	0.8832552629134464	-0.6504612279660011	
132.0374	192.1	0.21630851517461286	3.4767989090474196	
132.9454	201.75	0.7119939738383115	-1.60785704446226	
158.9878	201.75	0.7868762206839144	-1.386253939422529	
158.9933	201.75	0.7921122961866658	-1.1534737741346741	
159.0556	28.09	0.8975135896719629	-0.4075967918459836	
195.0605	269.53	0.9480225348084907	-0.15888240616543703	
195.1386	26.52	0.6759304765126276	1.8087575552324122	
159.8778	39.15	0.7921122961866658	-1.0939591856315938	
184.0585	210.31	0.871510032387444	0.7542601325278393	C6H13NO4
184.0585	215.17	0.8932213366954406	0.45300127045014327	
195.9263	364.2	0.871510032387444	0.7456108314632187	
195.9312	364.2	0.7467989140916271	1.5412310041231443	
196.0222	220.03	0.7119939738383115	-1.6158099747836712	
134.9426	201.75	0.7671139536013433	-1.4419425335350984	
196.0613	212.15	0.7533454817011885	-1.5188390584300453	C9H11NO4
196.8108	150.32	0.7533454817011885	1.5123886829129596	
196.8765	134.53	0.8932213366954406	-0.448335355409345	
196.8765	151.01	0.7921122961866658	-1.1838268303191504	
196.8848	363.94	0.7921122961866658	1.1091475468076784	
196.8865	135.19	0.7921122961866658	-1.091745839437213	
196.8865	150.45	0.8282864985100588	-0.9572053000519374	
185.0272	31.28	0.7882918971945126	-1.3747931822787793	C8H10O3S
159.9915	201.61	0.476896438945877	-2.507475817073725	
160.0145	389.54	0.6499365794450653	-1.9400044332584148	
160.0145	391.25	0.9358042214249748	-0.22685813411326405	
196.9227	364.2	0.8421935313152341	0.8763568719901609	
196.9305	364.2	0.8421935313152341	0.8870662226358228	
160.0397	37.18	0.6499365794450653	-1.9762867543264044	
160.0608	191.71	0.8421935313152341	-0.8908792708780847	C6H11NO4
197.0216	230.04	0.9901980835164466	-0.03641559824680965	
135.9015	134.53	0.873688705369053	-0.7243664546835566	
135.9015	151.27	0.8832552629134464	-0.5954731844797173	
160.9923	201.75	0.7921122961866658	-1.3425312544643462	
197.0619	221.47	0.8856304730027056	0.5609897509610919	C7H13NO4
186.0182	135.85	0.7868762206839144	-1.382579576996005	C5H13NS2
161.056	325.2	0.7542409726773613	-1.5032031459605872	
161.0641	191.84	0.8666066739060507	-0.7957626222384789	C6H11NO4
136.0478	35.74	0.2786158031981746	3.0775729260438474	
161.875	39.02	0.8421935313152341	-0.871929139051235	
137.9857	163.67	0.06068840383296149	-5.943681435518571	
198.8736	134.8	0.8932213366954406	-0.4625692968552933	
198.8736	151.01	0.24047877657274794	-3.2539203013147406	
198.8836	150.32	0.826623163512291	-0.9629388454074637	
187.0009	201.48	0.49709696201607084	-2.4107389012204186	C5H10O5
198.9184	363.94	0.871510032387444	0.7446220926477177	
198.927	363.94	0.8821843735402549	0.6749385558696118	
138.906	2.75	0.7921122961866658	1.3173564663617077	
138.9521	273.99	0.20838789280887685	-3.5383746209969837	
163.0393	34.95	0.9451097647301189	-0.1755158828913625	
163.0393	204.77	0.9671810342430693	-0.12208374128895062	
199.0067	31.93	0.7021788913157868	-1.6587116877594938	C8H8O4S
199.0332	222.39	0.8387909502190846	0.9126774642581917	
187.097	192.23	0.873688705369053	-0.7286110880342054	C9H16O4
187.1334	34.82	0.8246211833192492	0.9854218972451526	
187.8841	135.19	0.8666066739060507	-0.7779526485554854	
187.8841	150.32	0.7921122961866658	1.0872486710502842	
188.0158	319.69	0.8666066739060507	0.7801800004583876	
163.896	134.8	0.8932213366954406	-0.421027146452196	
199.0721	212.41	0.8932213366954406	0.47688388329174014	C9H11NO4
199.0777	210.05	0.9933613164088416	-0.02090154164242083	C7H15NO4
164.8385	149.8	0.7921122961866658	-1.1092246646822732	
188.0559	297.76	0.7639978051751389	-1.4800666607448283	C5H8O5
188.88	151.93	0.9522817366643854	-0.14821488856097614	
188.981	190.66	0.2679189516966262	3.1266926700428397	
188.9853	24.93	0.919793831335287	0.3187076842730702	C6H6O5S
188.9981	201.61	0.7119939738383115	-1.6073380429250936	
189.0511	374.18	0.7119939738383115	-1.6244402995155078	C7H9NO5
200.8051	149.8	0.6297097293558162	2.0717640738596357	
200.9724	226.36	0.9189738641129489	0.3226091068500661	C3H7NO5S2,C3H7NO5S2
200.9859	236.89	0.8421935313152341	-0.8942453606167087	
166.0779	159.05	0.8828941925224453	0.6648271705283509	
166.8353	135.32	0.8932213366954406	-0.48405366980700215	
166.8353	149.8	0.7854188822025571	1.393224775928991	
190.0716	183.53	0.8932213366954406	-0.5019366247082789	C7H13NO5
219.0619	373.92	0.7021788913157868	-1.6584427651016298	
219.1064	180.11	0.8421935313152341	0.8687956264925758	C9H17NO5
219.5623	311.54	0.8666066739060507	0.7771337749669417	
167.0536	47.88	0.13753886902084458	-3.9988238435039984	C8H9NO3
167.8333	135.32	0.8901375019399264	-0.5397281937623715	
167.8333	149.66	0.7493364940498491	1.53283480319351	
191.8159	135.58	0.9522817366643854	-0.14645733988464132	
168.0329	191.97	0.11193323573227262	-4.2507400392055805	
220.0204	204.24	0.6759304765126276	1.8026198932703326	
202.9969	191.71	0.8666066739060507	0.7987636385499655	
203.0016	26.39	0.9358042214249748	-0.22759359760202408	
203.0016	30.59	0.17340869921614505	-3.761897994666417	C7H8O5S,C7H8O5S
168.8314	135.32	0.8832552629134464	-0.5880134778195806	
168.8314	149.4	0.6813638423109422	1.7861182384781684	
203.0452	205.85	0.796075003053885	1.0748761057105911	
220.0643	311.41	0.873688705369053	0.7296206793383035	
168.8863	43.25	0.9092350610071063	-0.36746455343551304	
203.0669	369.06	0.4773391891828462	-2.471481752592188	
220.1075	180.11	0.8932213366954406	0.5157012296752237	
203.7987	135.58	0.9451097647301189	-0.1742593069745015	
203.7987	150.32	0.6499365794450653	1.9417217290188251	
220.845	134.53	0.9083798176529393	-0.3756661742501762	
220.845	151.01	0.7671139536013433	-1.4430534496268155	
204.005	30.59	0.17866404330603397	-3.7077486280083387	C7H8O5S,C7H8O5S
204.0428	50.38	0.7921122961866658	1.0958614068497456	C8H11NO3
204.0855	156.16	0.8380881288593215	0.9317935672939986	
220.9877	188.4	0.8932213366954406	-0.5091593190304581	
221.0039	234.11	0.8625476874161271	-0.8118522917494324	
221.0851	29.27	0.9843848691591434	-0.08025906767410726	
221.0851	31.93	0.9189738641129489	-0.32290489623392493	
221.0929	258.2	0.8022159641013826	1.0420275412535327	C11H14N2O3
221.8422	151.01	0.7921122961866658	-1.1286991757826699	
242.9961	37.97	0.8813315464326983	-0.6874865208588338	C9H8O6S
193.0536	34.43	0.7119939738383115	-1.5990709956536024	
205.0357	32.33	0.06068840383296149	6.1184694363693755	
205.0463	50.24	0.8853186048355821	-0.563982698925729	C8H11NO3
193.0647	269.79	0.8785207207944487	-0.7000103676618747	
193.1076	33.24	0.08941500371828666	4.914642042289847	
243.0622	160.23	0.7921122961866658	-1.1493647140559966	C9H12N2O6
222.8421	134.53	0.8932213366954406	-0.4347590379525238	
222.8421	151.01	0.8932213366954406	-0.4617329101210848	
205.8393	149.93	0.7921122961866658	-1.2465046729247131	
194.0633	269.79	0.8387909502190846	-0.9269750490046629	
194.0681	269.79	0.8828941925224453	-0.6623236443354139	
243.8993	40.47	0.8932213366954406	-0.4924878573704002	
243.8993	43.25	0.9189738641129489	-0.3398847763754913	
194.8132	135.58	0.9699753501110491	-0.11388850911313363	
206.04	50.24	0.7921122961866658	1.220988172585329	
206.0726	345.55	0.06068840383296149	-6.599201997953933	C19H27NO7S
244.0227	321.66	0.3447675035699982	-2.8396888563651053	
194.9269	364.2	0.8625476874161271	0.8099117552375656	
244.0317	189.45	0.5760934429627671	2.2435738756109043	
244.0656	160.23	0.7660760619787361	-1.448383035422987	C9H12N2O6
244.0826	191.97	0.9297543344821256	0.2825169087280093	
194.9881	218.45	0.7921122961866658	1.13675121889732	C7HF5O
223.8392	134.53	0.9451097647301189	-0.17337134041152602	
223.8392	151.14	0.7921122961866658	-1.2861543915569669	
223.8492	149.53	0.8932213366954406	-0.4693612767640412	
224.023	218.58	0.7815312666303328	1.4120539802111995	
224.8033	29.27	0.8672620915456571	-0.7686338186326647	
207.0694	33.64	0.7160637507770646	-1.5860663124781051	
207.0805	275.04	0.7021788913157868	-1.6663922186229754	C15H12O
207.8364	135.58	0.8832552629134464	-0.5879189107240972	
207.8364	149.93	0.7921122961866658	-1.1421879526579226	
245.0432	261.35	0.9358042214249748	0.22817033769826406	
267.0731	132.96	0.6251189057081248	-2.08512759165826	C9H16O9,C10H12N4O5
267.0731	134.93	0.4773391891828462	-2.4670896964806506	C9H16O9,C10H12N4O5
224.9781	201.35	0.9219816037705664	-0.3091788022653467	C10H7ClO2S
267.0909	36.4	0.6499365794450653	1.9473994125904386	
208.0521	301.7	0.7921122961866658	-1.124867904141971	
245.8948	40.2	0.8932213366954406	-0.4967228192737557	
245.8948	42.99	0.9243203531713855	-0.2958500431938173	
208.0614	149.66	0.9210572899018669	0.31588453093479657	
268.0769	133.22	0.6499365794450653	-1.989396528668138	C9H16O9,C10H12N4O5
268.0769	134.8	0.476896438945877	-2.5205543115809883	C9H16O9,C10H12N4O5
208.8448	134.8	0.8833067445455033	-0.5729709080895826	
208.8448	150.88	0.823717130323156	-0.9899224444781435	
268.8012	134.53	0.9312448869765239	-0.27218104433361057	
268.8012	150.45	0.9506037422748321	-0.15214961543324476	
226.0471	36.4	0.6813638423109422	1.769278231395482	C10H11ClN2O2
226.0471	52.37	0.7533454817011885	1.5152952424776824	C10H11ClN2O2
226.0695	222.26	0.9451097647301189	-0.18180965179224826	
226.0695	223.57	0.9901980835164466	-0.04629442423992665	
269.005	199.88	0.8246211833192492	-0.9682683134897012	
226.0831	231.09	0.8421935313152341	-0.9022279094056499	C7H10N2O4
226.8011	29.41	0.7921122961866658	-1.200497567959011	
209.0598	301.83	0.08941500371828666	-5.202369790598489	C14H10O2
269.1397	28.22	0.699251607441049	1.7066180548834984	C15H18N4O
269.1397	30.59	0.6759304765126276	1.8138610511255115	C15H18N4O
269.1397	34.3	0.9189738641129489	0.328276544136138	C15H18N4O
209.1543	28.22	0.8832552629134464	0.5751824060649812	
209.1543	31.54	0.4773391891828462	2.4931116876294226	C13H22O2
209.1543	33.51	0.8421935313152341	0.8738349312505003	C13H22O2
227.0392	36.13	0.8853186048355821	0.5628954620223803	
210.0073	218.45	0.6194662962698958	2.1003618375487405	
210.038	220.03	0.6759304765126276	-1.825034228725607	
210.0435	222.79	0.9336599823523616	-0.2464657346435218	
248.0799	37.84	0.7921122961866658	1.2676412217342492	C26H27NO9,C22H31N3O6S2,C24H30Cl2FN3O3
210.1577	31.93	0.3751761099528964	2.756461619325363	C13H22O2
210.1577	33.24	0.7921122961866658	1.1382746402344919	C13H22O2
248.741	1.96	0.21630851517461286	3.4347535744806805	
210.8419	134.8	0.8932213366954406	-0.43866807777277284	
210.8419	150.58	0.8901375019399264	-0.5395618147601835	
249.0396	321.79	0.476896438945877	-2.5054681256987967	C12H10O6
249.0551	162.75	0.08941500371828666	-5.123034381288747	C8H14N2O5S,C8H14N2O5S
270.2159	28.22	0.5901841023283275	2.21164734518629	C16H30O3
270.7982	134.8	0.8832552629134464	-0.6080646449396013	
270.7982	150.74	0.8537192769489433	-0.8387055301518926	
249.1167	28.36	0.7921122961866658	-1.3445823844630365	
250.0455	189.84	0.9451097647301189	-0.18694537339094153	
250.0586	162.49	0.08941500371828666	-4.780489078355097	C8H14N2O5S,C8H14N2O5S
250.1045	276.75	0.6499365794450653	1.9412620580371385	C10H22NO2PS
228.086	354.48	0.08941500371828666	-4.812731984169833	
211.0414	220.16	0.6499365794450653	-1.977913224312447	
271.072	362.75	0.702835471631049	1.6400914491339256	
271.072	365.77	0.9092350610071063	0.3696364035919526	
211.0755	253.45	0.21630851517461286	-3.421756581444285	
211.0973	26.52	0.8534046906938332	-0.8433958816638363	
250.989	49.98	0.8901375019399264	0.5438354230138883	
271.2282	28.22	0.5634490233777973	2.284814694386132	C16H32O3
211.885	134.27	0.871510032387444	-0.7427206209641231	
211.885	151.53	0.9219816037705664	-0.3025869810513253	
251.0973	197.51	0.8015126526326777	1.0605273044620045	
212.0593	209.92	0.9219816037705664	0.3052787804897988	
252.0742	188.66	0.004996000304291861	-12.496673458609445	
252.0742	191.84	0.04195992670366002	-7.641765950537251	
252.0742	210.57	0.6759304765126276	-1.8015745871590432	
230.0121	210.31	0.6499365794450653	1.9298869585717995	C6H6O5S
212.839	134.8	0.8903952904216371	-0.5337586943678706	
212.839	150.58	0.8932213366954406	-0.4743853956812836	
231.0282	191.84	0.8022159641013826	-1.039665107696761	
231.0503	189.45	0.09167724403884962	4.661770768137096	
231.8104	38.89	0.873688705369053	-0.7312085182296982	
253.0665	188.66	0.08941500371828666	-4.751702660298396	
253.0665	191.58	0.17866404330603397	-3.7037301858039595	C11H14N2O3S
253.0665	210.84	0.6901532244604351	-1.7528242921780524	
253.0829	50.51	0.873688705369053	0.7213338909043246	
253.0864	301.7	0.08941500371828666	-5.0186697157824245	C16H14O3
232.8536	150.88	0.8008911734441869	-1.0635652483660303	
274.9955	1.96	0.11193323573227262	4.285942431881791	
254.0802	179.46	0.8022159641013826	-1.0369263908976603	C9H17NO5
254.0901	301.7	0.08941500371828666	-4.881854136862427	C16H14O3
213.9845	239.39	0.7921122961866658	1.2577646754405174	
254.8266	151.01	0.9173960188950602	0.3513009664411571	
214.0482	202.4	0.8813315464326983	0.6871364501757462	
214.0482	294.61	0.5308351350217464	-2.3496137212093813	C10H11NO3
254.8944	364.33	0.8246211833192492	0.9767625802587211	
214.0719	36.0	0.9330427590980152	-0.2543265773834879	
214.8199	1.7	0.6919988875861042	1.7437732320374844	
254.9679	201.75	0.7533454817011885	-1.5144588428340084	
233.0777	369.06	0.08941500371828666	-4.728258382695354	
233.0865	198.17	0.7921122961866658	1.1145342630127695	
233.0865	200.96	0.871510032387444	-0.7420600828001602	
233.8081	39.29	0.7921122961866658	-1.1418941859603908	
233.8536	134.8	0.9312448869765239	-0.26682847351312466	
233.8536	150.74	0.7921122961866658	-1.113205753128682	
276.0546	204.63	0.9083798176529393	-0.37696159076880514	
255.0722	192.36	0.6974063917939934	-1.7310965452940261	C11H14N2O3S
255.0823	301.7	0.11193323573227262	-4.249348499700963	
234.8507	134.8	0.9019533812311574	-0.39713328311183205	
234.8507	150.88	0.7660760619787361	-1.455929776384291	
215.0017	33.9	0.10026934735150039	4.438826668893856	
255.8938	364.07	0.9451097647301189	0.17888148959610028	
276.9919	218.19	0.7921122961866658	1.1175841985698285	
215.0671	234.5	0.9297543344821256	-0.2838492361988364	
277.0178	28.22	0.7276527485970052	1.5715251617055486	C14H14S3
277.0178	35.35	0.3230012467647413	2.8946830134075645	C14H14S3
235.8506	134.8	0.8901375019399264	-0.5461233971945896	
235.8506	150.74	0.9901980835164466	-0.055812568288601906	
255.9713	202.01	0.8903952904216371	-0.5325075704745891	
277.0598	36.4	0.7921122961866658	1.1625540847948412	C10H14N2O5
277.0598	48.41	0.7660760619787361	-1.453462077660933	C10H14N2O5
256.0758	179.72	0.8625476874161271	0.8152909281950534	
256.8088	147.3	0.9330427590980152	-0.2519094832647597	
215.1651	34.56	0.8784153397564295	0.7015637332434178	
215.8606	135.58	0.8832552629134464	-0.5860859577143017	
215.8766	134.14	0.8832552629134464	-0.6328571573899127	
215.8766	147.83	0.9189738641129489	0.33817891023353985	
215.8766	151.53	0.9219816037705664	-0.30406112752598335	
278.0212	28.22	0.7021788913157868	1.6536122254595567	C14H14S3
278.0212	35.35	0.21240654310927692	3.5084949936830827	C14H14S3
278.0438	204.24	0.8932213366954406	0.4994254505773578	
278.0625	220.82	0.8465022805930653	0.8598767033239846	
278.0883	199.75	0.873688705369053	0.7247654416302572	
278.0883	203.98	0.8932213366954406	-0.5007673948841497	
278.0883	213.46	0.8821843735402549	-0.6748218970845672	
256.8895	364.2	0.89136558215833	0.5287861016958815	
236.8479	134.8	0.8932213366954406	-0.5013304101281518	
236.8479	150.88	0.6890486761265879	-1.7578457785447947	
236.8835	364.2	0.7921122961866658	1.1368164046453526	
256.9238	35.87	0.8932213366954406	0.47835567774480486	
278.973	36.92	0.2786158031981746	3.04827659047587	C9H8O6S
256.966	201.88	0.7921122961866658	-1.205537031810943	
256.9908	258.6	0.8932213366954406	0.47498593854327975	
279.0136	28.22	0.7681511695913796	1.4314590537481306	C8H10N4O5,C8H18O4S2
279.0136	35.35	0.6813638423109422	1.7809745674064985	
279.0476	204.11	0.9189738641129489	0.3382990492093984	
216.8766	39.55	0.8390504469393849	-0.9096556857998352	
279.0569	36.4	0.8901375019399264	0.539178953754488	C11H12N4O3S
279.0569	48.41	0.5971162659095506	-2.1947723337683143	
257.86	366.04	0.9232374116814307	0.29992769753074344	
217.0126	191.71	0.9330427590980152	0.25028328908996805	
217.0173	55.69	0.4773391891828462	2.4764814161621955	
280.0425	204.37	0.7921122961866658	1.1904895687463046	
217.036	192.5	0.9189738641129489	-0.32235929345608566	
217.036	205.16	0.9451097647301189	0.18599357715576434	
217.036	209.79	0.9812155728307465	0.09378500426658264	
217.036	213.2	0.6759304765126276	1.8155801124034856	
280.078	215.56	0.8832552629134464	0.5842512713991168	
217.0827	340.83	0.5990942450234689	-2.176737733639144	C8H14N2O5
217.8498	134.53	0.9812155728307465	-0.09370223494142887	
217.8498	151.01	0.8932213366954406	-0.493135400704909	
280.9702	37.05	0.7660760619787361	1.4661323556134298	
280.979	217.93	0.8932213366954406	0.45315292732538875	
217.8577	135.32	0.9243203531713855	-0.2950200290608575	
217.8577	149.8	0.9189738641129489	0.33612469813528434	
217.8778	40.07	0.8022159641013826	-1.0385337160475197	
217.8778	43.25	0.8421935313152341	-0.8951488441634053	
258.0985	191.97	0.970801161812188	-0.10902704490584858	
258.8296	39.55	0.7921122961866658	-1.1563553373728417	
281.108	197.65	0.7921122961866658	1.2197087487328364	
218.0222	204.24	0.808359024760269	1.0207144979891072	C9H11NO3
281.2488	26.91	0.5760934429627671	2.2444594280826524	C18H34O2
218.0667	284.36	0.41876556185925323	-2.6430863407155827	C8H13NO6
281.8637	134.14	0.9173960188950602	-0.35013565148377657	
281.8637	151.27	0.8828941925224453	-0.6556673780534218	
218.8151	1.7	0.9843848691591434	-0.08001672652846843	
281.9476	38.5	0.8932213366954406	-0.4625354577996687	
282.0071	50.11	0.9022056043167217	0.3907664385555755	
259.019	267.43	0.5308351350217464	-2.358506367151244	
238.8797	364.33	0.8431554405046111	0.8659282971477259	
238.8916	373.39	0.7921122961866658	-1.0983741957441788	H3O9P3
282.0834	167.9	0.3839544505403956	-2.728746172277586	
282.0834	212.02	0.7921122961866658	-1.1199798227529787	C12H15N3O3S,C10H20NO4PS
282.1042	36.26	0.7815312666303328	1.4088472181749778	C12H20O6,C13H16N4O2
282.1115	197.51	0.808359024760269	1.0177395187556109	
282.9565	29.93	0.9452374311750953	-0.17188577951166586	
259.8396	363.81	0.7921122961866658	1.1514619603077176	
283.0015	23.48	0.7021788913157868	1.6472534041647884	
238.9942	201.75	0.871510032387444	-0.7426921924285026	
219.0193	204.11	0.8903952904216371	0.5343774355431493	
219.0254	204.24	0.6527149387951292	1.910103271522171	C9H11NO3
283.0675	192.23	0.9395171980610488	0.20671158687660648	C10H12N4O6
219.0443	162.62	0.08941500371828666	-5.010436517462899	C5H9NO4S,C8H6ClN3
239.0595	149.4	0.8387909502190846	0.9242994177445375	C9H20OS3
239.0595	156.03	0.8832552629134464	0.6323577875472891	C9H20OS3
239.0707	229.91	0.12891694211403823	-4.091534258194623	C15H12O3
260.7678	1.56	0.9189738641129489	0.3395833554507048	
260.816	134.8	0.9413700089572414	-0.19861984095917357	
260.816	151.01	0.8421935313152341	-0.885198187125054	
260.8276	39.42	0.7882918971945126	-1.3751621730359882	
260.8396	364.07	0.8387909502190846	0.9257856410265672	
283.9446	38.5	0.9022056043167217	-0.3920076346549223	
293.0042	28.49	0.9901980835164466	0.04100627649544029	
293.0042	322.44	0.9392167839653188	0.21509961926008234	
260.8738	373.39	0.7681511695913796	-1.4301315142284858	H3O9P3
293.0121	218.32	0.2628221391978809	3.1547942270591043	
260.9635	29.14	0.8932213366954406	-0.4306325101884862	
284.0989	279.77	0.9330427590980152	0.2495720139229197	
284.1142	49.85	0.8832552629134464	0.6066569715399646	C13H19NO6
293.0541	361.97	0.26108447422813996	3.1719316865720115	
293.0541	367.09	0.28455517137905156	3.0231155488125365	
294.0577	361.97	0.9189738641129489	0.3262005344094087	
294.0577	366.83	0.9215318838558474	-0.3141186853839237	
261.0414	155.47	0.8974160839705769	0.4101870519999897	C9H20OS3
261.0593	216.35	0.7921122961866658	1.2857826103704033	
261.073	308.0	0.7921122961866658	-1.2031520483941485	
261.0925	213.33	0.6974063917939934	-1.733809596035474	
261.8207	150.88	0.8932213366954406	-0.4869875846252531	
261.8357	363.81	0.8187639366122247	0.9981210420579981	
240.9054	135.85	0.8832552629134464	-0.6020023193466525	
285.1024	279.9	0.9933613164088416	-0.01684625922640664	
261.8913	134.53	0.9092350610071063	-0.3683946125465368	
261.8913	151.27	0.9173960188950602	-0.3484115659581137	
294.9504	42.99	0.8246211833192492	-0.9684780057286613	
240.9521	201.61	0.8380881288593215	-0.9328154661454683	
262.8131	150.88	0.9358042214249748	0.23162861904549348	
241.1445	28.22	0.4818461925652189	2.4533817482223337	
241.181	28.22	0.6015874819921107	2.136917115470022	
286.0893	155.47	0.9022056043167217	0.3913831958018468	
286.0893	157.08	0.9901980835164466	0.04108696567430557	C13H16N2O4
296.0994	192.23	0.7921122961866658	-1.1503284469707555	C11H14N2O3S
241.8392	1.04	0.699251607441049	1.7075713676844855	
263.0974	197.78	0.7660760619787361	1.466812766197506	
263.0974	200.96	0.8832552629134464	-0.5775439550983912	C8H14O7
263.854	152.58	0.9312448869765239	0.2664232806172689	
297.0747	36.26	0.6527149387951292	1.8976585182469359	C12H20O6,C13H16N4O2
297.0747	52.24	0.8666066739060507	0.7838370924452339	
242.0799	314.7	0.9699753501110491	-0.11250490263032989	
264.0282	28.22	0.8828941925224453	-0.6582717156691041	
264.0282	204.11	0.9862118849996647	0.06879809224191538	
264.0303	0.65	0.8022159641013826	-1.0371955835307876	
242.1761	34.56	0.9699753501110491	0.11609573160463214	
297.823	134.01	0.8832552629134464	-0.6409266208501908	
297.823	151.79	0.8821843735402549	-0.6797716914289396	
297.8273	1.3	0.8901375019399264	0.538037946032952	
297.8694	151.01	0.8813315464326983	-0.6879556345079808	
264.1008	198.04	0.7921122961866658	1.346377264516913	
264.1008	201.09	0.8932213366954406	-0.49250836895767564	C8H14O7
242.9503	201.61	0.8667149898377273	-0.7736983059008316	
298.0075	267.29	0.6499365794450653	-1.9498380525269667	
298.1146	279.77	0.699251607441049	-1.701782117660377	
298.1298	50.67	0.7677119639946202	1.4359453317123065	C14H21NO6
298.2471	28.09	0.09705701120223746	4.519222669631222	C18H34O3
318.8286	134.14	0.8932213366954406	-0.4329124235787177	
318.8286	137.03	0.880319251095742	-0.6967967795983336	C48H80O15P2
318.8286	151.53	0.8932213366954406	-0.5069607112575703	
265.0502	192.1	0.12870072751815428	-4.114659596895714	C11H11ClN4O2
265.0589	46.3	0.6499365794450653	1.9571187457770771	
265.0932	197.78	0.8387909502190846	0.9181231398899325	
265.0932	200.96	0.8421935313152341	-0.8708371230149519	
288.9692	297.76	0.2957150153923365	-2.9740839305330207	
318.9801	268.74	0.8548295014229746	0.8344940193287169	
318.9801	270.45	0.6499365794450653	-1.9199713572179713	
265.9196	362.89	0.8056694329566512	1.026698891502179	
265.9196	365.77	0.9330427590980152	-0.2498848085417493	
319.0005	151.14	0.8666066739060507	0.7761463068116133	
289.0707	209.79	0.7921122961866658	1.3373297111651523	
299.0707	156.29	0.9083798176529393	0.379589586404115	
299.1332	50.67	0.6499365794450653	1.9578624138088212	C14H21NO6
266.005	322.05	0.6759304765126276	-1.828393257191393	
289.9447	152.98	0.9019533812311574	0.3964815452926875	
289.9686	298.02	0.26108447422813996	-3.1710309196278583	
299.2594	28.22	0.6499365794450653	1.9303322113738945	
266.0866	258.2	0.8666066739060507	0.8009559996660885	C12H14N2O5
319.077	189.58	0.21630851517461286	3.447188849443059	
299.8199	134.01	0.8832552629134464	-0.6142157468967789	
299.8199	136.9	0.8932213366954406	-0.42355929563334593	
299.8199	151.79	0.8754984583542113	-0.7115852636125899	
266.8041	134.8	0.8932213366954406	-0.5051705712263735	
266.8041	150.74	0.7921122961866658	-1.3119678999211157	
319.8274	134.14	0.8832552629134464	-0.6469688400133496	
319.8274	137.03	0.873688705369053	-0.7207682249715255	
319.8274	140.31	0.8832552629134464	0.615269297865489	
319.8274	151.53	0.871510032387444	-0.7516667967631093	
320.098	240.57	0.7921122961866658	1.2217715594516136	
320.098	252.26	0.8976193936557755	0.40623947680989825	
320.098	321.39	0.6499365794450653	2.0403093645899433	
300.0258	204.63	0.7999369748796626	1.0681349416002581	
300.1066	179.59	0.8918949653031853	-0.5256923418396067	
290.9659	297.89	0.2786158031981746	-3.059804202478028	
320.9975	150.74	0.8754984583542113	0.7060288205952924	
320.9975	199.22	0.8157246387417534	1.0027649313193872	
290.9974	24.4	0.8421935313152341	0.8986779166701199	C13H8O6S
321.8717	2.88	0.7921122961866658	1.1723727831784194	
346.0015	267.29	0.6813638423109422	-1.7710553808684917	
321.9034	151.53	0.9310096877922917	-0.27510623912608134	
301.8633	150.88	0.9092350610071063	-0.3673448759922685	
346.0669	202.27	0.9478751112221452	0.16032725331497477	
291.8574	153.63	0.8754984583542113	-0.7110326695063642	C34H33N3O5
322.084	215.69	0.9813467851263016	0.08981747962521326	
291.9418	152.98	0.8421935313152341	0.8856860193575222	
291.9848	233.19	0.6759304765126276	-1.8344215810918687	
292.0111	218.58	0.6813638423109422	1.780637742846757	C7H15Cl2N2O4P
292.034	210.18	0.8754984583542113	0.7164682731983465	C9H16N3O2PS2
292.0418	215.69	0.7921122961866658	-1.2053997603927349	
292.0418	219.9	0.6499365794450653	-1.9347623097844509	
302.1692	24.93	0.23478078433804028	3.3214271447860213	C15H26O6,C16H22N4O2
347.0914	209.92	0.871510032387444	0.7490763943856851	
323.0088	189.58	0.7921122961866658	1.164729095052534	
323.0388	201.22	0.8282864985100588	-0.9562371405886047	
302.9878	189.58	0.8901375019399264	0.551583507547287	
324.0053	189.45	0.7921122961866658	1.240889494183181	
324.0939	212.54	0.16862086241530475	-3.8017966332558344	C10H12N4O6
292.8654	134.14	0.8828941925224453	-0.6578219528371325	
292.8654	151.79	0.7921122961866658	-1.1444598761568185	
324.9137	201.75	0.9413700089572414	-0.19864475616345195	
303.0077	306.95	0.9451097647301189	-0.17997397380531144	
303.0504	134.93	0.7921122961866658	-1.179690046944663	C9H16O9,C10H12N4O5
324.9913	362.1	0.7021788913157868	1.6505238327231202	
324.9913	366.96	0.8932213366954406	-0.4272761349363244	
348.9352	297.76	0.6759304765126276	-1.8318059679492944	
325.0907	189.31	0.7660760619787361	1.4600094824007153	
325.1255	279.24	0.5990942450234689	2.1686729155779334	
349.0149	36.13	0.8754984583542113	0.7066876044794625	
292.9833	28.36	0.2957150153923365	2.966279960148478	
349.0918	210.05	0.7921122961866658	1.1700977591872475	C18H22BrNO
326.129	279.51	0.5990942450234689	2.1466189298335117	
326.8301	1.3	0.5990942450234689	2.151546854673104	
375.0152	218.45	0.699251607441049	1.7013325406941262	
375.0311	53.03	0.9022056043167217	0.3929208414507792	
375.0599	36.26	0.7021788913157868	1.681177523312333	
375.1313	117.59	0.7921122961866658	-1.2645214328271202	C17H20N4O6,C16H24O10
326.9916	361.97	0.9933613164088416	0.012265128066365894	
326.9916	366.56	0.9704884881960562	-0.11064271174355242	
350.0171	321.52	0.7921122961866658	-1.3301268031046758	
327.1003	215.56	0.8672620915456571	0.7693141449693136	
305.0789	240.7	0.7921122961866658	1.2500510933661666	
305.0789	252.26	0.9305134365452041	0.27690099598943463	
305.1608	27.44	0.8932213366954406	0.4896274359149765	
350.9104	1.3	0.7921122961866658	1.215378071325824	
350.9104	2.62	0.7467989140916271	1.5440280431177873	
376.021	203.85	0.8932213366954406	0.4220497051519199	
376.034	38.63	0.9933895849064802	-0.008585265835451572	
305.9779	165.51	0.8015126526326777	-1.057466833469668	
376.139	118.12	0.7921122961866658	-1.1039908440929542	
327.9896	362.36	0.8903952904216371	0.5337657673186403	
327.9896	366.56	0.9413700089572414	-0.1984578517077202	
351.0144	321.26	0.8828941925224453	-0.6675421150411106	C18H8O8
328.0231	189.58	0.9330427590980152	0.2570726191006112	
351.0336	34.56	0.7148386840769562	-1.5931321297759242	
351.0871	210.05	0.7921122961866658	1.112944624900838	
306.0266	218.58	0.8246211833192492	0.9712285185949824	
352.0413	35.35	0.8666066739060507	0.8013128823289734	
352.0413	52.9	0.9933613164088416	-0.022898142290817596	C9H16N2O5Se
352.0646	229.64	0.23825234811027124	-3.2728318857019794	
376.9859	28.22	0.6499365794450653	1.9207958959234441	
376.9859	49.98	0.8932213366954406	0.4588693532679115	
377.0238	189.05	0.09651384069036546	4.555597059665664	
377.0478	156.16	0.7921122961866658	1.2410067204994986	C12H14N2O12
377.0552	36.53	0.7921122961866658	1.1752084085952414	
352.9382	199.09	0.8421935313152341	0.8709798348032056	
352.9382	206.24	0.7921122961866658	-1.16232565434355	
352.9452	201.75	0.8832552629134464	-0.5759556279569779	
377.9267	319.16	0.8246211833192492	0.976584890122134	
378.0131	321.26	0.13412877771790524	4.039043462058851	
307.0276	218.85	0.9451097647301189	-0.17671510844668392	C14H12O6S
307.065	215.43	0.8421935313152341	0.9003138673824653	
330.1031	191.71	0.5669770595265209	2.2740269364900554	
330.1127	192.1	0.6499365794450653	1.9468037972998198	
353.8488	1.04	0.6759304765126276	1.8118425161716196	
307.9496	362.49	0.7160637507770646	1.5857655061870375	
307.9496	366.43	0.7921122961866658	1.0992053358557063	
307.9664	37.18	0.8534046906938332	0.8452290994431972	
307.9664	52.51	0.9395171980610488	0.2055179400503431	
308.0989	213.46	0.7921122961866658	-1.3113159848415445	C9H16O9,C10H12N4O5
379.0007	32.46	0.8380881288593215	0.9379503908309782	
308.9666	39.15	0.8666066739060507	-0.7789148241096986	
353.9486	201.48	0.7921122961866658	-1.087309918603224	
330.9559	199.22	0.9395171980610488	-0.20617941130723466	
330.9559	205.29	0.871510032387444	-0.7557308978113618	
354.0322	205.55	0.9358042214249748	0.23371455742258135	
354.0359	321.39	0.6194662962698958	2.104155648399043	
354.7072	146.78	0.9933613164088416	0.02480368233873534	
309.1024	213.46	0.7921122961866658	-1.230376557794136	C9H16O9,C10H12N4O5
354.9431	201.75	0.8666066739060507	-0.7841597788719394	
309.9453	362.1	0.8832552629134464	0.5987186615531515	
309.9453	366.56	0.8246211833192492	0.9799020572680321	
355.0293	205.55	0.9451097647301189	-0.18094603778569912	
355.0337	322.05	0.8246211833192492	0.9709335312442211	
355.0447	35.35	0.8932213366954406	0.45390481258465903	C17H19ClN2S
355.0447	52.77	0.8666066739060507	-0.7809089152807457	C18H12O8
355.0552	35.21	0.8932213366954406	-0.4363170017362215	
355.0552	52.9	0.7921122961866658	-1.2959307520487287	
356.0312	321.39	0.23780255570140385	3.299239763009773	
356.0475	28.36	0.8625476874161271	0.8171164270140068	C18H12O8
356.0475	35.35	0.8932213366954406	0.4611725379823147	C17H19ClN2S
356.0475	52.64	0.9312448869765239	-0.2618885011267433	C18H12O8
333.0596	191.97	0.7921122961866658	-1.0811522039914216	
333.0596	350.67	0.6499365794450653	-1.9424730236197225	C9H19O11P
333.1175	191.84	0.8832552629134464	-0.5931144659803405	
333.7998	134.14	0.9862118849996647	-0.0643038781369947	
333.7998	137.29	0.9654559697604417	0.12542711409532115	
333.7998	148.61	0.7021788913157868	1.67267746089673	
333.7998	151.53	0.796075003053885	-1.0736645417033392	
356.7049	146.91	0.9904264999329457	0.034876880080143426	
382.1007	301.3	0.09705701120223746	-4.493142980098459	C14H17N5O8
356.9405	37.58	0.9933613164088416	-0.01835750487674554	
334.0001	191.05	0.8832552629134464	0.6431638116584304	
311.0987	191.97	0.7921122961866658	1.2490921475449757	C11H20O10,C12H16N4O6
357.0442	34.03	0.012485975403063336	9.814749552405857	
357.0621	160.23	0.7921122961866658	-1.1993994403029233	C18H14O8
357.0621	164.33	0.8832552629134464	-0.5840373321497317	
334.8636	1.3	0.476896438945877	2.520874569988627	
383.0654	192.63	0.9901980835164466	-0.03998128721468909	
383.0654	199.62	0.9911191948130298	-0.030422873776772427	
383.0654	203.85	0.8832552629134464	-0.5773774149265788	
383.1228	205.42	0.9219816037705664	0.30264772801153006	
312.9074	148.35	0.8360100308682675	0.9469867635306308	
334.9904	244.77	0.7921122961866658	1.1298404244583764	
383.8844	29.8	0.7603856217732063	1.4873552800635734	
384.1196	205.42	0.8828941925224453	0.6625221864627691	C19H19N3O6
335.1241	191.84	0.9358042214249748	-0.22568169254189502	
313.8384	29.41	0.5760934429627671	2.237624048096583	
313.8384	134.14	0.8932213366954406	-0.42553991268659197	
313.8384	137.42	0.7921122961866658	1.1898547182612869	
313.8384	140.18	0.9901980835164466	-0.03777509548666393	
313.8384	148.22	0.9862118849996647	0.0729656894943436	
313.8384	151.53	0.8832552629134464	-0.577428929345066	
335.7968	134.14	0.9933895849064802	-0.009436079784944207	
335.7968	137.03	0.9392167839653188	-0.21273992699773603	
335.7968	148.74	0.5620288513731253	2.293145951519793	
335.7968	151.53	0.7921122961866658	-1.2092617386341704	
358.9464	224.62	0.873688705369053	-0.7238991680268128	
384.9904	267.29	0.6759304765126276	-1.8135140261369946	
358.995	218.45	0.8387909502190846	0.9157655084770715	
314.0214	273.86	0.7921122961866658	1.1112368046378978	C14H9ClF3NO2,C16H10ClNO4
314.0214	275.04	0.9189738641129489	0.33337062720698546	
336.1166	191.58	0.9358042214249748	-0.2279366285407822	
314.1038	124.68	0.7021788913157868	-1.6843333534783635	
314.1172	213.33	0.8008911734441869	-1.0635489444789248	
336.859	1.17	0.5990942450234689	2.1494018387363574	
359.8768	134.01	0.8666066739060507	-0.7753183174169214	
359.9987	218.45	0.8828941925224453	0.6592958386891041	
336.9714	199.88	0.8932213366954406	-0.4372890749620056	
336.9714	201.48	0.8832552629134464	0.5994157162011363	
360.0473	205.03	0.46512612586395347	2.5544108188983556	C15H17ClFNO4S
360.0656	220.82	0.8534046906938332	0.8421625147617795	C18H16ClNO5
315.0056	321.66	0.8832552629134464	-0.6363779244041663	
315.0077	1.96	0.7921122961866658	1.2840759204374514	
315.0361	362.1	0.7660760619787361	1.4565559458118238	
315.0361	366.69	0.9813467851263016	0.09203042809874055	
337.0269	49.98	0.8932213366954406	0.42842924396323956	
315.0814	321.39	0.9901980835164466	0.036971016326255414	C10H18N2O8,C11H14N6O4
337.0546	201.61	0.8380881288593215	-0.9359466155891123	C9H15N4O8P
337.0633	321.26	0.8387909502190846	0.9248681805103971	
361.0476	209.79	0.8625476874161271	0.810138419023273	
388.0298	218.45	0.9451097647301189	0.18267929953257303	
337.1431	24.8	0.9312448869765239	-0.2668381201682414	C15H26O6,C16H22N4O2
361.1167	270.97	0.8625476874161271	-0.8144676830172572	
337.7939	134.14	0.9451097647301189	-0.1843046220002675	
337.7939	136.77	0.8998180644928992	-0.40256668972864207	
337.7939	151.53	0.7119939738383115	-1.6232534357568615	
315.137	26.91	0.7311662679415499	1.5651090369545377	C17H26O3
389.0311	218.45	0.9911191948130298	-0.030248289461514245	
338.058	201.48	0.7815312666303328	-1.4044932728086985	C9H15N4O8P
338.8592	1.3	0.9312448869765239	-0.26169168016319394	
362.0814	210.31	0.9862118849996647	-0.06543521519555709	
362.0814	213.2	0.808359024760269	1.0185649222906759	
362.0814	215.56	0.8828941925224453	0.6688744234866777	
362.1309	198.56	0.6499365794450653	2.0240943835496625	
362.1309	205.03	0.8832552629134464	-0.6026673755006128	
362.1901	24.93	0.23478078433804028	3.3342625841812046	
338.9294	201.61	0.8821843735402549	-0.67811845592127	
315.9996	200.01	0.7533454817011885	1.5112965623094283	C10H12N3O3PS2
315.9996	203.85	0.9452374311750953	0.17079700047802	
362.982	217.93	0.871510032387444	-0.7509271990244037	
316.117	314.43	0.8832552629134464	-0.6090521635453595	
316.8013	1.56	0.9933613164088416	-0.011122330368589114	
338.9888	389.8	0.7542409726773613	-1.5023803865184706	
338.9888	391.51	0.8932213366954406	-0.49307046212559036	
363.0601	359.6	0.8974160839705769	-0.41202443387287235	
316.8332	134.14	0.8832552629134464	-0.6378744466175202	
316.8332	137.42	0.7921122961866658	1.2252476723960042	
316.8332	140.31	0.8614197810619479	0.8250498649093132	
316.8332	147.96	0.871510032387444	0.7503983971154573	
316.8332	151.53	0.8735933483714635	-0.7385499714970735	
363.1329	197.78	0.9862118849996647	-0.06387762657671764	
363.1329	204.63	0.8832552629134464	-0.6145602512570192	
339.0524	201.61	0.8832552629134464	-0.6053537396143369	
339.087	289.48	0.9699753501110491	0.11346660579133225	C19H16O6,C20H17FO2S
391.0211	362.89	0.8890411813663862	0.5550545587291155	
391.0211	366.17	0.7921122961866658	1.0915941856575742	C12H16CaO12
364.02	125.74	0.7921122961866658	-1.1670501769741426	
340.1251	191.71	0.8387909502190846	-0.9224865509875213	C11H16N4O6
340.1412	191.97	0.6037709951864678	2.128843595748827	
392.069	179.59	0.8380881288593215	-0.9317047322399882	
340.9274	201.61	0.7921122961866658	-1.083269534115024	
317.1607	27.17	0.8932213366954406	0.5027640649929273	
317.8304	148.22	0.8534046906938332	0.8470860270017702	
317.8304	151.53	0.8856304730027056	-0.5599145056532884	
365.1397	192.5	0.20749022634714115	3.55764140692671	
366.1045	332.95	0.9312448869765239	-0.2614061054895953	
366.1504	204.9	0.8901375019399264	-0.5414280438824073	
342.0799	321.39	0.5990942450234689	2.1624716741884202	
366.9465	297.76	0.6527149387951292	-1.887449286461882	
367.0307	269.79	0.8832552629134464	-0.5893148076605133	
367.0618	267.43	0.4773391891828462	-2.487816731564423	C18H16ClFN2O2
411.0079	53.03	0.8932213366954406	0.44304993749952865	
343.0375	390.33	0.7021788913157868	-1.6658473646339669	
343.0745	201.75	0.9022056043167217	0.39000721345682193	
343.991	189.97	0.7921122961866658	1.0872673048206123	
412.9051	198.96	0.8901375019399264	-0.5485961105610997	
412.9051	206.37	0.7921122961866658	-1.2693987814961867	
368.0311	269.66	0.9392167839653188	-0.21241971074244131	
413.0037	362.49	0.5990942450234689	2.16403114257955	
413.0037	366.69	0.8754984583542113	0.7140064381562241	C12H16CaO12
345.0517	210.05	0.8932213366954406	0.44200574924535974	
345.0799	267.43	0.5308351350217464	-2.345360383208361	C18H16ClFN2O2
368.912	199.62	0.9862118849996647	-0.06566121251207109	
368.912	204.37	0.7639978051751389	1.4782996327458011	
447.0972	36.26	0.7921122961866658	1.2719166593256208	
447.1333	54.87	0.8421935313152341	-0.8754940564913232	
369.0264	269.66	0.8832552629134464	-0.5751531533294809	
447.9394	362.23	0.7921122961866658	1.2157774332207916	
447.9394	366.17	0.8832552629134464	-0.62739526845866	
369.0393	364.33	0.8932213366954406	0.5009197076434468	
413.9769	203.58	0.8548295014229746	0.8355418090754917	
369.1224	36.66	0.8421935313152341	0.8767414733336343	
369.1224	52.11	0.9862118849996647	-0.06889518181343603	
370.0423	364.2	0.9103844415710179	-0.3648262187630835	
370.0518	29.93	0.8056694329566512	-1.026490119765496	
370.0756	25.19	0.2679189516966262	-3.118684782993797	
370.7797	1.3	0.9083798176529393	0.3757344005897224	
449.1743	251.87	0.7921122961866658	-1.3087641652990185	C24H31ClO6
371.0148	28.22	0.9358042214249748	-0.23323537441614378	
371.0347	363.94	0.89136558215833	0.5275568038151579	
371.0598	30.19	0.7921122961866658	-1.2028236704509707	
371.0639	36.53	0.7921122961866658	1.0944485190956017	
371.1462	36.26	0.8246211833192492	-0.9803236900989664	
371.8566	133.88	0.8932213366954406	-0.4489303622049005	
372.0367	209.65	0.7921122961866658	1.090496649973463	C16H18ClN3S2
372.063	30.19	0.7921122961866658	-1.295430477038423	
372.063	36.4	0.7921122961866658	1.1398602167067393	
372.7775	1.3	0.7921122961866658	1.2887803616922466	
450.9225	201.75	0.8754984583542113	-0.7073700350184561	
399.0967	204.77	0.9693987852774295	-0.11813253674729454	
373.0544	30.19	0.7533454817011885	-1.516324227931641	
373.0671	30.06	0.6527149387951292	-1.902653888804078	
373.1287	248.19	0.8932213366954406	-0.5090222860636011	C20H22O7
399.9862	189.58	0.873688705369053	0.7209931440272056	C20H10Cl2O5
451.9256	201.75	0.6527149387951292	-1.8959974968548445	
400.0931	205.03	0.8932213366954406	-0.48998183961349856	
417.037	218.45	0.7921122961866658	-1.0945101442239866	
374.0142	218.32	0.8901375019399264	0.5471480436532696	
374.0455	229.64	0.08941500371828666	-4.7436279049508485	
374.0624	36.26	0.7921122961866658	1.300987146058056	
452.9204	201.61	0.7921122961866658	1.2724194191075182	
401.076	192.36	0.9480225348084907	-0.15772673521295846	
452.9255	37.71	0.8932213366954406	-0.4343589790681949	
402.0788	192.36	0.9933613164088416	0.016615103835573988	
419.0471	159.57	0.9312448869765239	-0.27018295433241984	
403.0835	216.61	0.8932213366954406	0.4527489564081471	
455.0139	218.45	0.7921122961866658	1.1893373255510882	
421.0788	205.03	0.9911191948130298	-0.03225288003683966	
455.0626	37.05	0.9330427590980152	-0.2543834239057193	
422.0757	204.77	0.9901980835164466	-0.0407296625785307	
456.0176	218.45	0.8932213366954406	0.443496984547494	
456.0479	215.56	0.8421935313152341	-0.8830028964535712	
456.0479	220.03	0.6297097293558162	-2.0675779027307293	C12H19N4O11P2
405.1047	205.98	0.8390504469393849	0.9091254441975614	
406.868	199.88	0.8832552629134464	-0.632020768146915	
406.868	203.58	0.9083798176529393	-0.37447979151133765	
457.0189	218.32	0.8832552629134464	0.5973524643235906	
407.0962	192.36	0.936265883843698	-0.2202876620022706	
458.1075	204.5	0.934731985882543	-0.2382370310518432	
499.0403	218.32	0.7119939738383115	-1.6205611278531347	
499.1679	241.75	0.7906795690357328	1.3700531869467807	
499.1679	251.87	0.7921122961866658	1.3032363305048174	
500.9165	213.33	0.9843848691591434	-0.07983945112979302	
500.9165	224.49	0.7921122961866658	-1.190901640829944	
500.9708	213.72	0.7921122961866658	1.164425217692186	
500.9708	223.97	0.9297543344821256	0.27962762482596765	
425.034	195.52	0.7493364940498491	1.5330396444284773	
502.1018	361.97	0.8932213366954406	-0.44006179890519886	
502.1018	366.69	0.934731985882543	-0.24071322315463656	
460.1676	264.9	0.9312448869765239	0.2660182170770419	
460.1676	269.66	0.758792687232615	-1.4917050744680844	C21H27N5O5S
425.9571	363.02	0.925842979998495	0.2896068658813329	
425.9571	365.64	0.8853186048355821	-0.5638134651602328	
460.9935	390.99	0.8246211833192492	-0.9703056884608297	
462.1149	311.54	0.8421935313152341	0.8821549799773393	C19H19N7O6,C19H27N3O5S2,C19H19N7O6
505.0298	301.7	0.0930841627532264	-4.616795166034453	
505.0945	35.87	0.8832552629134464	0.5743598618447284	C30H18O8
505.0945	52.51	0.8932213366954406	0.46100843017562143	C30H18O8
506.0973	35.87	0.9901980835164466	0.055805131623203386	C30H18O8
506.0973	53.03	0.8932213366954406	-0.4221481278842443	C30H18O8
427.0519	301.7	0.08941500371828666	-4.876456050063497	
427.136	347.26	0.8832552629134464	-0.5947386702235923	C18H24N2O10
428.0528	220.82	0.8022159641013826	1.0389830306304937	
428.0528	301.57	0.1606946075087749	-3.8578910406369777	
464.1552	359.73	0.7921122961866658	-1.2822097917865924	C24H24FN5O2S
429.1546	156.16	0.8832552629134464	0.6460122379149557	C21H28O8
466.8888	199.88	0.9457691911860586	-0.16894143527056846	
466.8888	203.45	0.7921122961866658	1.0834660902977131	
573.391	124.55	0.8932213366954406	-0.4413446112709146	
467.0069	364.07	0.7921122961866658	1.1290407945959853	
467.1657	362.1	0.8832552629134464	-0.604907087287519	
467.1657	366.3	0.9217685683463356	-0.31217738008577306	
431.0157	36.79	0.9843848691591434	-0.08066747028295237	C51H78NO8P
431.1344	191.71	0.18838228665623366	-3.6466482662890853	C22H24O9
577.2481	360.0	0.8153432907302344	-1.0048853478156528	
578.8391	212.94	0.8810433364136404	-0.6942898586103937	
579.1759	240.7	0.8932213366954406	0.43493000112293767	
579.1759	252.13	0.924549352681346	0.2935354137551954	
512.9462	37.58	0.9217685683463356	-0.3113973555262464	
513.1465	241.36	0.9330427590980152	0.2533819287138682	
513.1465	251.61	0.9003110179431305	0.40078054913121364	
582.9194	213.72	0.8666066739060507	0.7808463389004427	
582.9194	223.7	0.8421935313152341	-0.8706079604635601	
582.9882	36.92	0.9219816037705664	0.3042849258496026	
433.1458	36.53	0.8901375019399264	0.5382737596995554	
433.1458	52.77	0.9483200752397963	-0.15615301553586214	
433.9648	52.11	0.8973309655100286	0.4152541639559404	
470.0329	218.45	0.934731985882543	0.23786764222181067	
471.0343	218.45	0.9451097647301189	-0.17647051861566757	
586.957	364.2	0.7921122961866658	1.2212413732528624	
587.4069	124.29	0.8832552629134464	-0.577227992467458	
588.4102	124.29	0.8828941925224453	-0.66974409394227	
518.8723	213.07	0.8246211833192492	-0.9760136474802584	
518.8723	225.7	0.7921122961866658	-1.3008099914754205	
472.8337	1.56	0.4862446575443988	2.439970497347483	
435.0315	200.27	0.7921122961866658	-1.2341453912611045	C18H16N2O7S2,C18H16N2O7S2
435.0315	202.8	0.9901980835164466	-0.03747521294591055	
435.0523	34.95	0.8974160839705769	0.41222639697603713	
435.0523	53.56	0.9457833352391187	-0.16730032173609163	
473.9978	203.45	0.8932213366954406	0.46960018898126005	C10H16N5O11P3
522.8981	213.72	0.8932213366954406	-0.4718798740977705	
522.8981	224.23	0.7815312666303328	-1.4065481709702312	
522.9526	213.99	0.6251189057081248	2.0832858303457136	
522.9526	223.31	0.936265883843698	-0.2229496764137759	
522.9856	269.66	0.9189738641129489	0.3327249467142662	
523.0015	218.32	0.8815594495124276	0.684585412923298	
523.9245	364.2	0.8832552629134464	0.6284301720284261	
436.9066	201.61	0.9083798176529393	-0.3772795300789168	
524.0719	220.82	0.8380881288593215	0.9398424856532469	
474.9955	240.7	0.7908708244886499	1.366153581844964	
474.9955	253.45	0.7854188822025571	1.3959497589225998	
525.1046	36.26	0.7921122961866658	1.2854124103613418	
437.0526	204.11	0.8815594495124276	-0.6840350203849	
437.2141	179.59	0.9312448869765239	0.26640682977013314	
437.8936	318.5	0.9522817366643854	-0.1473003724493923	
438.0267	38.63	0.7921122961866658	1.2413544585812923	
438.0495	204.24	0.9563262191003075	-0.13906849101500404	
438.9045	201.61	0.8022159641013826	-1.0485732348779888	
604.9561	213.99	0.7921122961866658	1.2976745224459294	
604.9561	223.57	0.9083798176529393	-0.3801641448688869	
605.0051	218.06	0.7921122961866658	1.307950055540781	
606.0755	220.68	0.8431554405046111	0.8646823271073	C17H27N3O17P2
440.1377	279.51	0.8932213366954406	-0.42756254149981865	
478.189	248.19	0.6759304765126276	-1.8205549425987466	C26H32ClFO5
440.895	213.46	0.9297543344821256	-0.28015095407293716	
440.895	224.75	0.7921122961866658	-1.2914015894421471	
440.9494	213.59	0.7921122961866658	1.218358740522017	
440.9494	223.84	0.8282864985100588	-0.9566608403822227	
440.9982	218.45	0.8604390497772095	0.8275577352326212	
441.1057	36.26	0.9901980835164466	0.04655335168736443	
479.0534	192.36	0.8421935313152341	-0.869308562412424	
442.0687	220.82	0.8537192769489433	0.8392471883907163	
442.1045	36.0	0.8932213366954406	0.4596257037362838	
442.1384	311.41	0.8666066739060507	0.7785764296482005	C19H19N7O6,C19H27N3O5S2,C19H19N7O6
532.9253	200.27	0.8828941925224453	-0.6567246317384446	
532.9253	202.8	0.8022159641013826	1.0472733520773543	
533.0084	200.7	0.9862118849996647	-0.0648509068656452	
533.0084	202.93	0.823717130323156	0.9908993323549563	
443.1012	36.26	0.8932213366954406	0.4673172544190913	
443.1409	311.54	0.7727244845634613	1.4232304250730372	C19H19N7O6,C19H27N3O5S2,C19H19N7O6
619.0206	218.45	0.8387909502190846	0.9157183936756135	
619.2963	361.97	0.7021788913157868	-1.6749187721228764	
619.2963	366.43	0.8387909502190846	0.9141803612685894	
534.884	201.61	0.8932213366954406	-0.49788749987573433	
620.0242	218.45	0.7921122961866658	1.330571229808998	
620.0543	215.3	0.7921122961866658	-1.0905085051053125	
620.0543	220.03	0.42766769952285705	-2.6202686525316117	
621.0255	218.58	0.9189738641129489	0.3372638658284924	
444.1044	36.13	0.8932213366954406	0.48889946091720676	
482.1025	156.55	0.699251607441049	-1.7010447199554504	
482.7894	1.17	0.6499365794450653	1.9234646661156765	
536.8819	201.48	0.8056694329566512	-1.0294010483110685	
537.0172	218.45	0.8360100308682675	0.9455163555847912	
445.1019	36.13	0.7921122961866658	1.3474014068818565	
445.1835	362.36	0.8932213366954406	-0.4544377719563957	
445.1835	366.3	0.8022159641013826	1.0454587873917178	
538.0207	218.58	0.7921122961866658	1.1037345145425306	
538.0509	219.9	0.702835471631049	-1.639762937630935	
539.0221	218.32	0.8901375019399264	0.5507988533998691	
446.0086	269.39	0.8932213366954406	-0.510238170026324	
485.0492	390.72	0.7854188822025571	-1.3904760334079824	
485.2033	294.61	0.8153432907302344	-1.006086754371441	
485.3384	122.06	0.8666066739060507	-0.781012405572549	
632.861	202.14	0.9933613164088416	0.020676615192218764	
633.0363	218.45	0.9336599823523616	-0.24520156414479916	
543.1514	362.62	0.8015126526326777	1.0588917530809183	C27H28O12
543.1514	365.51	0.9457833352391187	-0.1663337941890381	C27H28O12
486.7663	1.3	0.8625476874161271	-0.8099970077658841	
634.0398	218.45	0.8821843735402549	0.6754876382519828	
635.0414	218.58	0.21630851517461286	3.462887308218531	
488.182	271.63	0.9901980835164466	0.04853529387200792	
488.182	296.18	0.8672620915456571	0.7692109491966591	
641.1194	363.67	0.8421935313152341	0.8753323830675388	
488.9874	364.59	0.873688705369053	0.7233079946961314	
646.8772	201.88	0.7921122961866658	-1.218851282486902	
549.9027	202.14	0.7921122961866658	1.2571263580588377	
550.898	201.75	0.7854188822025571	-1.3904056713106854	
551.0329	218.45	0.9933613164088416	0.014251962865625096	
648.8753	202.01	0.6813638423109422	-1.787586706983798	
552.0365	218.45	0.936265883843698	0.22170524797018934	
553.038	218.45	0.8975135896719629	0.4088017521400667	
661.1721	276.09	0.6901532244604351	1.7492999316000453	
687.0083	218.32	0.9297543344821256	0.2789979711740602	
688.0786	220.68	0.8832552629134464	0.6037628858725186	
564.8661	200.14	0.7660760619787361	1.4571552472677978	
564.8661	203.45	0.7450177050110646	1.5489704569527556	
701.0243	218.45	0.8666066739060507	0.7833285487246653	
702.0275	218.45	0.9862118849996647	-0.07233044987751734	
715.04	218.45	0.9189738641129489	-0.3219294005059495	
716.0435	218.58	0.9563262191003075	0.1400980538178808	
717.0451	218.32	0.8853186048355821	0.5690155201476089	
729.0886	35.35	0.9312448869765239	0.2641752278916898	
729.0886	52.64	0.7921122961866658	-1.329380374989049	
730.0921	35.35	0.7921122961866658	-1.0816584911664837	
735.2727	242.41	0.7921122961866658	1.3196267067691618	
735.2727	251.48	0.7021788913157868	1.6551937891020136	
757.254	240.97	0.8666066739060507	0.7855031602048157	
757.254	251.87	0.7660760619787361	1.4489152140048374	
765.1598	35.48	0.7921122961866658	1.2053882572639076	
765.1598	52.64	0.8754984583542113	-0.7058780697228554	
767.2095	242.41	0.873688705369053	0.7360805492904008	
767.2095	251.61	0.873688705369053	0.7219959614486096	
783.0275	218.45	0.934731985882543	0.23830284617136566	
797.0433	218.32	0.8832552629134464	-0.6021619092870093	
798.0465	218.32	0.9862118849996647	0.0737970314932194	
865.0303	218.98	0.7660760619787361	1.449331038900001	
879.0467	218.32	0.9189738641129489	0.3277480445002061	
961.0489	218.58	0.6759304765126276	1.8457597136842991	
