m/z	rtime	p-value	t-score	custom_id
114.0666	22.62	0.8745684560172049	0.8584924747919471	
174.0914	24.33	0.1777381324709498	-4.954212106006857	
116.0623	38.8	0.8745684560172049	0.8666978458189294	
268.1908	21.44	0.8745684560172049	1.599098618051231	
268.1908	24.33	0.8745684560172049	0.7504124756692692	
268.2637	58.16	0.9926633799744584	-0.022880478125720315	
268.2637	228.51	0.8745684560172049	-0.8913446755534378	C18H32O
268.2716	200.85	0.881609291089131	0.6260553731031814	C18H34O
174.1315	40.65	0.8745684560172049	-0.7732582827936123	
221.1758	176.09	0.8745684560172049	-0.9538899068323862	
221.1758	183.86	0.8745684560172049	-0.7589166831528463	
174.1359	176.35	0.8745684560172049	-0.7400256373619359	
174.1359	183.73	0.8782816737408788	-0.6522560659741895	
268.9976	1.24	0.8745684560172049	-1.6371705160308854	
270.2429	176.35	0.8745684560172049	-0.6712743236543381	
270.2429	183.86	0.8745684560172049	-0.6689709847101203	
223.1541	24.72	0.9784886819823367	-0.09302556928779544	
223.8841	21.97	0.881609291089131	0.6225447060831131	
271.2056	206.78	0.8745684560172049	0.7740804742762961	
271.2056	283.86	0.8745684560172049	0.7395493547764072	
271.2269	176.35	0.8745684560172049	-0.7480367686592626	
271.2269	183.86	0.8745684560172049	-0.7509020212553207	C16H30O3
271.3189	141.57	0.9645759215878967	-0.15398593593986976	
176.066	23.28	0.8745684560172049	-0.8992991011992046	
272.2221	181.76	0.8745684560172049	-0.7725341018942163	C16H25NO2
272.2221	209.27	0.8745684560172049	-0.7399917164958348	
224.1282	27.35	0.9175359077562546	-0.4115019540372176	
272.3221	141.7	0.9393451553701674	-0.2716968949069336	
272.9442	20.78	0.7669858476689206	-2.096373249880288	
273.0911	29.71	0.0896497651559451	6.460088736184817	
273.0911	46.84	0.9052039287120754	0.4779126005214231	
273.0911	221.4	0.8745684560172049	-1.1174623887035142	
273.0911	247.89	0.9686441674747911	-0.12875402189955615	
273.1697	25.91	0.8745684560172049	-0.9838360684069504	
273.2537	27.88	0.9414466970727376	-0.25855744782186624	
273.9455	20.78	0.9042314642127323	0.49538481644236915	
119.0494	27.48	0.9784886819823367	0.09347242519869937	C8H6O
119.0688	39.06	0.9701944989239334	-0.1220339698595006	
274.2741	34.6	0.8745684560172049	1.4340715243050446	C16H35NO2
274.9418	20.92	0.7692180615764433	-1.9939098353118296	
177.1275	37.09	0.8745684560172049	-0.9932579272090301	
120.0528	27.35	0.8745684560172049	1.2626675624001225	C8H6O
120.0528	30.53	0.8745684560172049	1.3258180692573405	C8H6O
177.1638	39.32	0.9559601365943278	0.20337599494642886	
225.8811	22.23	0.9362627324751878	0.29439608250596055	
276.1442	24.99	0.8745684560172049	1.536204392251884	
226.1803	176.35	0.8745684560172049	-0.6745099908554361	
277.1283	27.61	0.8745684560172049	0.9575260569703401	
178.1227	32.63	0.9175359077562546	0.41547374581556223	
226.2167	174.77	0.8745684560172049	-1.0225761230135217	
226.2167	181.36	0.8745684560172049	-0.9230567134675307	C14H27NO
226.2167	204.39	0.8745684560172049	-0.9076329018382555	
226.2167	209.27	0.8745684560172049	-1.0455714416879298	C14H27NO
226.2167	228.51	0.8745684560172049	-0.959370639709558	C15H26O
121.0399	22.75	0.8745684560172049	0.9720673752399044	
226.9516	21.05	0.9084456258397586	0.45192857785410184	C6H4Cl2O5
121.0844	24.59	0.05783218695801434	-7.881758604548784	
179.0638	31.05	0.9756818922728215	0.10305403096334347	
277.9571	0.98	0.8745684560172049	-1.4489940330692572	
122.0687	65.15	0.8745684560172049	-0.8986502673148217	
179.1625	26.96	0.9097934061129377	0.4430289295766473	
278.9033	1.37	0.8745684560172049	-0.6932985509356833	
227.1835	176.35	0.8745684560172049	-0.6730256326212493	
227.1835	183.73	0.8755658268204763	-0.6592004060990593	
278.9539	0.98	0.96544800170175	-0.14004163859761157	
278.9539	2.95	0.9633226534471487	-0.16509939997939618	
278.9652	21.18	0.8745684560172049	0.8457504831825147	
227.2119	176.35	0.8745684560172049	-0.7683470819359381	
227.2119	183.86	0.8745684560172049	-0.7860350086734015	
279.0934	30.24	0.9434835012835312	0.24689079122776703	
227.9549	21.05	0.9042314642127323	0.5059373325293232	C6H4Cl2O5
279.1137	206.78	0.8745684560172049	0.7255414529721855	
180.1384	21.7	0.8745684560172049	-0.7602971803350282	
123.0682	23.67	0.8745684560172049	1.0018450882963066	
180.1748	27.35	0.8745684560172049	-0.7861153891276407	
180.1748	175.96	0.8745684560172049	-1.006640207265006	
180.1748	184.12	0.8745684560172049	-0.9472359632592098	
123.941	22.75	0.9345236568272567	0.3014367363434161	
181.1086	22.49	0.2913175161928691	-4.0281804342263365	
229.1185	22.75	0.8745684560172049	-1.4660527794788167	
280.1756	24.86	0.9827667043222102	0.07666118516909151	
124.0589	23.28	0.8473734467878808	-1.7603555415372665	
124.0759	23.67	0.9254199602549467	0.3516596064033872	
229.18	27.88	0.9479571991322011	-0.2318180729252712	
229.18	176.35	0.8745684560172049	-0.7840503931829251	C13H24O3
229.18	183.86	0.8745684560172049	-0.7812426442169147	C13H24O3
181.1588	176.35	0.8745684560172049	-0.7134005702199139	
181.1588	183.99	0.8745684560172049	-0.7044506823079058	
229.1992	176.35	0.8745684560172049	-0.7498649787070903	
229.1992	183.86	0.8745684560172049	-0.7360523972580182	
280.9543	0.98	0.7825665206526534	-1.9110860731327588	
182.0294	22.49	0.9243432426137532	-0.35896483528587714	
182.0814	23.28	0.8745684560172049	-1.5146164266458033	
281.101	31.05	0.8745684560172049	1.259405140637594	
182.1037	22.23	0.9551043169921299	-0.21219191663798975	
230.248	51.31	0.9255031379438003	-0.33550840526493986	C14H31NO
125.0793	23.8	0.8745684560172049	0.7785484189164384	
281.8426	22.1	0.9075131308985351	0.46186141819134613	
281.9521	1.24	0.7391213204146124	-2.195769622116889	
281.9521	3.08	0.44175917110503776	-3.217894428700478	
282.1053	31.05	0.8745684560172049	1.2836728764274223	
282.1911	24.59	0.22584354180314326	4.548671117310665	
282.2042	27.61	0.8745684560172049	-0.9058729444543554	
282.9497	0.98	0.7241805947481756	-2.303276965116711	
283.1176	27.09	0.9674221668288684	-0.13612807324606732	
283.144	35.38	0.8745684560172049	1.050514897700641	C15H20O5
283.175	22.75	0.9479571991322011	-0.23078678310999617	
283.2461	196.1	0.8745684560172049	-0.8479147379934419	
283.8397	22.1	0.8745684560172049	0.8636579374997551	
284.121	26.96	0.9479571991322011	0.2326043017845882	
284.9101	21.31	0.9075131308985351	0.46265423495424707	
127.073	22.62	0.8745684560172049	1.3321570425616822	
285.1098	24.2	0.8745684560172049	1.4578828714265255	
285.2787	200.98	0.9926633799744584	-0.026897885429877425	C18H36O2
233.9129	21.84	0.8745684560172049	0.97317926949178	
184.1697	176.22	0.8745684560172049	-1.0878985331158553	
184.1697	183.73	0.8745684560172049	-0.9428287834481116	
184.1697	228.11	0.8745684560172049	-0.937513535315981	
184.8891	1.24	0.8745684560172049	-1.1689994571430558	
184.99	68.2	0.8782816737408788	0.6542269396946824	
128.9537	1.24	0.8745684560172049	-1.1924894872862186	
234.2217	25.12	0.5558573516743355	-2.7577757391361115	
286.2821	200.98	0.9175359077562546	0.4104307642420573	C18H36O2
286.2935	170.7	0.8745684560172049	0.7119380821760053	
235.0126	2.29	0.7692180615764433	-2.0618938747064512	
235.0143	199.12	0.8745684560172049	-1.3535521778895052	
185.1286	21.7	0.8745684560172049	-0.7628865278454539	
287.2217	183.86	0.8745684560172049	-0.7306701230645872	C17H26O3
130.0654	24.99	0.18242270388330864	-4.896851189989596	
288.2896	34.2	0.7391213204146124	-2.2208037096181217	
288.2896	37.09	0.6793155872452681	-2.4796660583956216	C18H33NO
130.1309	21.7	0.9490948170152512	-0.2240813318623534	
289.0836	26.3	0.9645759215878967	-0.1527924857114381	
289.2486	27.09	0.8782816737408788	-0.6505126145273233	
289.9342	21.31	0.9910207874849051	0.049476737971235155	
186.9956	1.24	0.8745684560172049	-1.3318804842230847	
131.0857	39.19	0.9232794906247695	0.39177162218729805	
131.0857	610.65	0.8971471806776614	-0.5457069437711404	
291.0763	25.25	0.9393451553701674	-0.26861617275521554	
291.1941	32.63	0.7391213204146124	-2.228450668399723	
132.089	39.85	0.8745684560172049	0.8280322222330986	
132.089	176.48	0.8745684560172049	-0.7586359800244006	
292.2635	214.42	0.8853217775541207	0.6015616321428617	
292.2635	221.92	0.9046128095468865	0.4841242281166099	
292.2635	229.43	0.905984371598496	0.4728573019109894	
188.0707	24.59	0.04130319162504029	-9.155313882069578	
238.1651	24.72	0.8739750630894998	1.650901653131871	
133.0762	24.86	0.8716729999989689	-1.6759438079003435	
294.1548	24.99	0.7391213204146124	2.2087059238642888	
294.1548	27.74	0.15050784596935537	5.214168416603268	
239.1066	1.9	0.898203300963581	-0.5417838196517353	
189.0735	21.84	0.8745684560172049	0.9988832537082815	
294.9389	21.05	0.9052039287120754	0.47729913852005945	
295.1152	24.07	0.9243432426137532	0.36616815534094377	
134.0602	23.67	0.9267904157829064	0.32724147930783315	
240.1498	22.23	0.7692180615764433	-1.979894687536934	
240.2322	36.83	0.9042314642127323	-0.5072892888414415	
135.0636	23.8	0.9479571991322011	0.22898807111293948	
190.0863	24.86	0.010533213971805646	-19.391860534208924	
135.1169	38.93	0.9042314642127323	0.5077673358267314	C10H14
241.2036	21.18	0.8745684560172049	0.7114644670387217	
298.2741	159.61	0.8745684560172049	-1.606608983502269	C16H32O2
298.2741	204.39	0.8745684560172049	-1.3961493499625104	C18H35NO2
298.2741	209.54	0.8562604093884392	-1.7290837229919525	
298.3104	217.83	0.8897379843820163	0.5813669567519864	
298.3469	147.24	0.9175359077562546	0.41296903580023214	
299.0617	68.85	0.7692180615764433	-1.955861600211645	
299.0878	23.94	0.9243432426137532	0.3725183948069348	
299.1487	37.22	0.9686441674747911	0.1280290423957098	
137.0458	22.36	0.972153440753123	-0.11008215651693591	
299.1852	26.43	0.904424272255252	-0.4877117015181104	
299.3138	217.3	0.8897379843820163	0.5813625476891779	
242.2116	27.88	0.9369215563456356	-0.2874065400936465	C14H27NO2
242.2116	182.55	0.8745684560172049	-0.7436036997137218	C14H27NO2
300.2017	22.62	0.9344215722161618	-0.3069962341174115	
242.9255	21.18	0.9052365168099368	0.47460371349807273	
191.1432	176.22	0.8745684560172049	-0.7128111810119093	C13H18O
191.1432	183.99	0.8745684560172049	-0.7475448670513257	C13H18O
138.0492	22.36	0.96544800170175	-0.1402970473242036	
300.2897	129.68	0.1240837475844693	-5.625401379032556	C18H37NO2
138.1278	176.35	0.9645181416693213	-0.15989269826629057	
192.122	29.71	0.7391213204146124	-2.218351240038239	
243.183	20.65	0.025466236271556086	11.727692669674916	
302.1656	24.46	0.8745684560172049	-1.032103758904357	
243.9418	21.44	0.9042314642127323	0.49237670652360693	
193.0972	23.41	0.9645759215878967	-0.14844082942827422	
139.0503	22.49	0.881609291089131	0.6091087697542955	
244.0345	22.36	0.9926633799744584	-0.024931205171247486	
304.1237	26.17	0.9042314642127323	-0.5026440902858731	
304.1755	31.05	0.9910207874849051	0.0500956222981802	
193.1588	176.35	0.8745684560172049	-0.7660795228728777	C13H20O
193.1588	183.86	0.8745684560172049	-0.7149317102822368	
244.1908	27.35	0.9255031379438003	-0.3304883973001541	
244.1908	183.86	0.8745684560172049	-0.7087412262519243	
305.0996	24.59	0.8745684560172049	-1.3692626776730548	
140.0536	22.49	0.8745684560172049	0.6869824090743843	
194.1627	176.35	0.8745684560172049	-0.7940519525472072	C13H20O
194.1627	183.86	0.881609291089131	-0.6295624575189721	
245.1942	27.35	0.904424272255252	-0.4855825291017371	
245.1942	176.35	0.8745684560172049	-0.681997155216486	
245.1942	183.86	0.8745684560172049	-0.7189153714486398	
306.1394	26.56	0.9075131308985351	-0.45569024844366274	
246.1021	21.97	0.7391213204146124	2.2208641577439288	
246.2429	27.48	0.751512419511597	2.16206194880255	
246.9454	20.65	0.8745684560172049	-1.0492337323964056	
308.222	25.38	0.8745684560172049	0.8108629754835772	
308.2584	205.73	0.9369215563456356	0.28580952896058787	
308.2946	200.98	0.47276533485043787	-3.075043155315501	C18H34O
308.8615	21.97	0.9675651595796697	0.1339487677659649	
247.8847	0.98	0.7692180615764433	1.947587728422698	
309.1472	26.3	0.8454617171520942	1.7654244550571003	
248.1857	26.3	0.8745684560172049	1.0898109184088947	
249.0456	20.78	0.9559601365943278	-0.2007981287378834	
249.1122	30.92	0.8716729999989689	1.6747675772837454	
310.274	142.62	0.8745684560172049	-0.8495328279970086	
310.274	149.6	0.9042314642127323	-0.5179498081942019	C17H32O2
249.2576	200.98	0.9255031379438003	0.34192128041880016	C18H32
250.0385	24.46	0.04843105591446101	-8.632144172109994	
311.1467	25.25	0.9393451553701674	-0.2704870744733413	
250.1779	27.74	0.9756818922728215	-0.1030170761317469	C14H24O2
250.1779	176.22	0.8745684560172049	-0.9030914959927641	
250.1779	183.86	0.8745684560172049	-0.8312029668141038	
198.0527	22.49	0.9344215722161618	-0.30733114687273483	
311.342	141.31	0.9926633799744584	0.023892134963033662	
250.2609	200.98	0.9630988637546091	0.176307583732828	C18H32
311.9294	21.31	0.9255031379438003	0.3404940774804702	
250.9029	21.97	0.9172720126866679	0.4207710412925798	
312.3624	141.57	0.8745684560172049	-1.1254812998930168	
198.1675	21.84	0.8745684560172049	0.9348054400373702	C10H16O
198.1854	176.35	0.8745684560172049	-0.6799633185481077	
198.1854	183.86	0.8745684560172049	-0.7180966422350832	
198.9515	0.98	0.8745684560172049	-1.1304193567449956	
198.9515	2.82	0.8060596314567307	-1.8646873121642014	
143.118	22.89	0.9175359077562546	0.41475490229112805	
313.1622	24.72	0.8745684560172049	-1.0188152966532744	
313.2373	37.35	0.05235299788796191	-8.38828122070954	C18H32O4
313.3212	208.22	0.970556215792614	0.11899396516524849	
251.9811	24.86	0.8745684560172049	0.9317315059858474	
144.0557	11.94	0.987464517401329	-0.06209945367424368	
144.0557	17.09	0.9827667043222102	0.07840048534716049	
314.3247	208.09	0.9934384692163487	0.01748718731230177	
314.3415	133.75	0.9446562230243342	-0.24203652839838943	C20H43NO
314.9322	20.52	0.8745684560172049	-0.7770263476291179	
314.935	11.02	0.7391213204146124	2.192302453178563	
144.0808	24.59	0.0790767593012177	-6.8329929468230475	
253.1645	24.2	0.8745684560172049	0.7050494160383375	
200.0408	1.24	0.8912186659047557	0.5669188878134529	
315.3281	208.35	0.9369215563456356	-0.29214363694302764	
200.1434	35.78	0.9701570811922128	0.12294242439568884	
200.1453	23.41	0.2981800806874079	3.9431320779469927	
200.949	21.44	0.9307143383972658	0.3200457053501134	
316.2118	21.57	0.3037953091980018	3.8937465599819023	
316.2847	75.7	0.8745684560172049	-1.2598911396868795	C18H37NO3
145.1008	35.65	0.881609291089131	-0.6231381053004392	
316.9615	1.9	0.8745684560172049	-1.4000625491209793	
317.1359	23.94	0.8745684560172049	-1.350570647852809	
317.2151	21.44	0.5170219138742169	2.9184035789430416	
254.2116	174.77	0.8745684560172049	-0.7383958906277053	
254.2116	181.63	0.8745684560172049	-0.7651344565023243	
254.2116	204.26	0.8745684560172049	-0.9902309076896232	
254.2116	209.14	0.8745684560172049	-0.7921071220873781	
254.2479	228.51	0.8745684560172049	-0.8592939307356983	C16H31NO
145.1336	719.79	0.9633226534471487	-0.16505927404673873	
255.1208	24.86	0.8745684560172049	0.8204431759394223	
255.1208	28.14	0.8745684560172049	0.7668696658081592	
318.1911	29.85	0.8745684560172049	0.7948273599016455	
201.1235	23.41	0.8745684560172049	-1.0568565580159133	
146.0601	24.59	0.029866284986209354	-10.455792172090487	
319.0943	25.91	0.9243432426137532	0.37949259019580867	
319.1153	25.25	0.8745684560172049	-0.8082301717142011	C16H16O5
319.1945	26.04	0.9988771768299699	-0.006905514597412609	
319.1945	29.71	0.9042314642127323	0.5051216789508215	
202.1803	21.44	0.035235618850420786	9.814190535015072	C10H16O
256.2272	33.81	0.9242053449446591	-0.3883168962524056	
256.2272	174.91	0.8745684560172049	-0.8896053188338215	
256.2272	181.63	0.8745684560172049	-0.7979607488546124	
256.2272	204.26	0.8745684560172049	-0.8471517450910214	
256.2272	209.14	0.8745684560172049	-0.8266377629868424	C17H24O
256.9706	20.92	0.8745684560172049	-1.480506337849954	
203.008	21.84	0.9926633799744584	-0.03914146139313696	
321.3152	228.51	0.8745684560172049	-0.8371371621564183	C22H40O
257.0805	23.8	0.8745684560172049	-1.5561991872333394	
203.0527	21.97	0.7391213204146124	2.24802133295814	
257.0994	2.29	0.9042314642127323	0.5020671406388549	
203.1391	23.41	0.8745684560172049	-1.0003094241780734	
323.1467	25.91	0.8971471806776614	-0.5463808814450889	
148.9935	22.1	0.9645759215878967	0.15521038642065454	
324.2017	24.99	0.881609291089131	0.6140714249557458	
324.2533	188.59	0.9042314642127323	-0.505971334262542	
150.0551	23.94	0.07029785905496654	-7.224039497679289	
150.0584	24.07	0.8745684560172049	0.8252923694765072	
204.9982	21.44	0.9988771768299699	0.007788260197367105	
325.2007	27.22	0.881609291089131	-0.6117879283905198	
325.2007	28.66	0.8745684560172049	-1.4470988445152777	
205.0972	24.33	0.0434927606671072	-8.953825030618905	
326.2172	24.72	0.05339174917818875	8.232412513221295	
326.3053	140.92	0.011779117225258755	-18.13306802380555	
326.3053	200.98	0.9479571991322011	0.22822600421056205	C18H36O2
326.3782	97.18	0.9700248795963714	0.12443081916638794	
206.1389	0.98	0.8897379843820163	-0.5804068479045075	
260.1726	206.52	0.9645759215878967	0.15431238637341885	C17H22O2
260.1726	217.04	0.7391213204146124	2.241027829055961	C17H22O2
260.1726	260.94	0.8745684560172049	1.4707783242326	C17H22O2
260.1726	278.61	0.35036727835060727	3.6076459938845953	C17H22O2
327.0392	25.12	0.6793155872452681	2.502881574897166	
327.2008	22.62	0.9075131308985351	-0.4583896764780801	
206.894	21.7	0.8745684560172049	1.0696031144363538	
327.2894	185.3	0.8745684560172049	0.7703288169605835	C20H38O3
327.3256	200.85	0.972153440753123	0.11048830135085165	C21H42O2
261.0736	23.41	0.8745684560172049	1.276964381518152	
261.0882	2.03	0.8745684560172049	-0.8008854724924966	
207.1171	46.05	0.8995134203941997	-0.5280729206765701	
328.321	186.35	0.34484304137190114	-3.658463041141624	C22H36O
328.3289	200.85	0.9042314642127323	0.5164037418812351	C21H42O2
152.0568	22.23	0.49663053248963285	-2.9989464745199164	
329.157	24.86	0.9255031379438003	-0.3401363827300909	
329.1943	25.51	0.8745684560172049	-1.191747019305835	
329.1943	28.14	0.8745684560172049	0.9678251877525563	
329.3244	186.35	0.2579634979697362	-4.239153470365967	C22H36O
208.1203	46.05	0.9249877184166153	-0.3547037676224164	
262.9155	21.18	0.8815422385870865	-0.638952950772856	
262.9817	1.24	0.7692180615764433	-2.017142190670038	
263.0132	1.64	0.8745684560172049	-1.6355101839413761	
208.1697	176.35	0.8745684560172049	-0.6816011502894426	C11H18O
208.1697	183.73	0.8745684560172049	-0.6706467444819236	C11H18O
263.0913	31.05	0.7692180615764433	1.997956914937615	
330.3366	80.43	0.9414466970727376	-0.25592448832397807	C20H43NO2
330.9027	21.44	0.8739750630894998	-1.6540468618140387	
153.074	23.67	0.9243432426137532	0.3642454386121029	
263.9261	158.43	0.2928733017727462	-4.00714132961161	
263.9261	199.12	0.8745684560172049	-1.0941838587097532	
263.9261	202.03	0.8745684560172049	-0.819414695676447	
209.1385	24.59	0.9926633799744584	-0.027853401539416605	
264.9127	21.05	0.8745684560172049	-1.2743960286380118	
209.1537	176.35	0.8745684560172049	-0.670931632901141	
332.2068	30.24	0.9784886819823367	-0.08906983371851475	
209.1776	176.35	0.881144084290706	-0.6412846152524555	
209.1776	183.86	0.881609291089131	-0.6376541820648486	
332.3312	78.46	0.9441599266126768	0.24349412533870904	
265.107	27.48	0.9926633799744584	0.02299379453525844	
265.107	30.92	0.8745684560172049	1.3172831855170088	
265.1117	22.89	0.6793155872452681	-2.4747865075116593	
265.1223	42.22	0.8745684560172049	1.6043464445721591	
265.1294	22.75	0.13983953321845638	-5.392943228993808	
210.0502	23.54	0.8716729999989689	-1.6794778512355124	
210.0502	25.51	0.6175486755811502	-2.622279101330226	
333.3346	78.33	0.9393451553701674	0.2674489339206052	
334.186	26.82	0.8745684560172049	0.9915979274511868	
334.8772	1.37	0.7692180615764433	-2.06404819633582	
334.8772	2.82	0.25404029583157745	-4.30779091707433	
210.1571	176.22	0.8745684560172049	-0.6637262151891558	
210.1571	183.86	0.8745684560172049	-0.7264477818183224	
335.177	206.78	0.8745684560172049	0.8389391621709806	
335.1898	26.82	0.9345236568272567	-0.3007855365070946	
335.3035	208.62	0.9436512671371707	0.24582783348115259	
266.1727	27.22	0.8745684560172049	-0.6945041144877823	
266.1727	176.35	0.8745684560172049	-0.8688725715464501	
266.1727	183.86	0.8745684560172049	-0.8529304095075843	
210.1855	176.48	0.8745684560172049	-0.7466927459912739	
210.1855	183.86	0.8745684560172049	-0.6772882577240816	C14H22O
210.9778	21.05	0.9032106665582305	0.5212106630611355	
267.145	22.49	0.07067971522183543	-7.168639692486901	
267.2682	200.98	0.9393451553701674	0.2729313076140771	C18H34O
336.2017	27.88	0.8745684560172049	1.0434721248036967	
336.326	115.9	0.8745684560172049	1.0726172294359961	C22H41NO
336.326	116.43	0.833250917395368	1.798598697569921	
336.326	204.53	0.8745684560172049	-0.9434577905362528	C22H41NO
211.1694	176.22	0.8745684560172049	-0.7696148393442305	C13H22O2
211.1694	183.86	0.8745684560172049	-0.7655992279456805	
363.9549	1.37	0.7692180615764433	-1.952543190672305	
363.9549	2.82	0.554031602416042	-2.7967987057058554	
337.1047	24.33	0.8745684560172049	-1.183734934959624	
337.1623	25.12	0.8745684560172049	-0.8478720461637091	
337.205	27.74	0.37217031004735235	3.507888881508534	
212.0921	24.72	0.6066228025989954	-2.6459890346540313	
212.1282	23.54	0.8990486525615464	0.5350053746400883	
364.1966	25.91	0.8854486819214137	0.6004574050158457	
364.1966	28.27	0.7692180615764433	1.9697051962069025	
364.1966	28.93	0.8908416101823239	-0.5761482902155013	
364.233	22.49	0.07172494722237202	-7.054733691420499	
364.233	33.81	0.9559601365943278	0.2063397698594407	
212.201	156.59	0.8815422385870865	0.6388782476903505	
212.201	228.11	0.8745684560172049	-0.7287589015166089	C14H24O
157.0803	2.03	0.8745684560172049	1.3313999135156587	
365.016	21.57	0.8745684560172049	1.0283975817785675	
338.8698	1.37	0.9075131308985351	-0.46338448334039434	
365.1055	21.97	0.9560503732160021	0.19962735484463387	
365.1885	134.67	0.9816408572397514	0.08267519891636077	
365.2363	27.48	0.8745684560172049	-0.7753288113284714	
339.1415	26.82	0.9393451553701674	-0.277073019088475	
339.1796	29.32	0.9926633799744584	-0.03304897406483459	
339.3451	228.51	0.8745684560172049	-0.8071376695360252	C22H43NO
366.2216	230.35	0.714872022444904	2.358312934526559	
367.173	27.35	0.8912186659047557	-0.5672705618287509	
340.3481	228.11	0.8745684560172049	-0.8448696605804844	C22H43NO
340.3576	261.73	0.8745684560172049	-0.9276578718063869	C22H45NO
340.3938	190.7	0.9393451553701674	0.27461636515687676	
368.0658	24.99	0.7132603246296079	2.371571026121977	
368.3159	176.35	0.8745684560172049	-0.7434079819696076	
368.3159	183.86	0.8745684560172049	-0.7446360613093571	C20H38O3
368.3523	201.24	0.9816408572397514	-0.0818663774419274	C21H42O2
368.3523	213.76	0.9393451553701674	0.26929278218968217	
368.3523	216.38	0.8745684560172049	0.7779543650075704	
368.3523	225.34	0.9518212871684426	-0.21958279550745524	
368.3523	259.73	0.9393451553701674	-0.2722628816969337	
340.9311	20.92	0.8716729999989689	-1.673890237419697	
368.425	220.06	0.9811498932466868	0.08480236658634838	
214.1414	21.44	0.9406064300038972	0.2646333283199605	
341.1571	24.86	0.8745684560172049	-1.0974709680152461	
341.1571	27.74	0.8745684560172049	0.7212268909719334	
369.1694	55.54	0.07172494722237202	-7.0834248475623065	
369.1694	74.63	0.8745684560172049	-0.7536614170789674	
369.1886	25.91	0.9345236568272567	-0.30345188982511817	
369.1886	28.93	0.9871045168785966	-0.0667412917945159	
214.1803	26.3	0.9929213098825516	-0.020779344700737026	
369.2625	37.49	0.8745684560172049	0.9838003166140877	
369.2999	161.97	0.9406064300038972	-0.2641337310855407	C20H34O3
214.253	37.09	0.9784886819823367	0.09065272530778554	
369.3365	230.87	0.8745684560172049	1.1562477349723894	
369.3365	513.22	0.8745684560172049	0.9597377360449629	C23H44O3
369.4285	219.8	0.9476769832099392	0.23582071673717295	
158.9641	21.05	0.9172720126866679	0.419464704686417	
158.9926	21.44	0.9175359077562546	0.412547061046075	
159.0278	21.84	0.9630988637546091	0.17568594657099612	
369.9568	20.65	0.31730182250823386	3.8163497272102633	
370.1728	30.92	0.8745684560172049	1.567564915067279	C22H24O5
370.3	200.31	0.972153440753123	0.1133483090934845	
370.368	198.73	0.7669858476689206	2.1008688838010143	C23H47NO2
370.8017	200.72	0.881609291089131	-0.6287851461687562	
159.0918	24.59	0.08744101934432609	-6.6129039337201	
343.1728	24.99	0.8745684560172049	-1.266951418056561	
343.2956	37.09	0.9243432426137532	-0.36012908971289803	
343.2956	39.98	0.8745684560172049	-0.8109098993559803	
371.2045	27.48	0.7241805947481756	-2.3037769948100766	
371.2794	37.22	0.8562604093884392	-1.7117822144197847	
371.3022	200.72	0.8745684560172049	-0.9615947126305583	
371.327	58.03	0.9995211343456415	-0.0035329506101506145	
371.335	225.2	0.9757262562329301	0.10209694416140344	C22H43NO3
215.1433	62.52	0.9429334677398046	-0.24868673615208764	
215.1433	207.04	0.7653901440727863	2.132156285164324	C15H18O
344.0658	25.12	0.7692180615764433	2.0199337668406048	
344.2068	29.32	0.8990486525615464	-0.5304403180010832	
344.2278	22.49	0.9138443709741015	-0.4284815059501125	
160.0758	24.59	0.2981800806874079	-3.9502562492590885	
372.978	3.74	0.8745684560172049	-0.9808709497610211	
345.1309	24.2	0.9414466970727376	0.2553187119850411	
345.1888	25.64	0.8745684560172049	-0.6661807613991437	
345.2999	185.04	0.8745684560172049	0.7243104294699985	
345.336	201.11	0.9097934061129377	0.44251886749714076	C21H44O3
346.3395	200.98	0.9892497096007264	-0.055261318443441565	C21H44O3
161.079	24.86	0.25973229984350565	-4.214713338325678	
375.9611	2.29	0.9926633799744584	0.044155585646928196	
347.1771	305.21	0.8745684560172049	-1.1035882224046711	
376.2331	27.88	0.9243432426137532	0.37015711471764007	
376.3186	115.9	0.8745684560172049	1.1049594205737745	
376.3421	201.11	0.9172720126866679	0.419995295243792	
216.0346	25.25	0.37217031004735235	-3.4953962984925866	
377.2009	193.72	0.03826175010172793	-9.424391726749073	
377.3454	200.98	0.9232794906247695	0.3953177965102957	
349.02	24.86	0.9476769832099392	0.23613726466437085	
162.1125	23.28	0.8745684560172049	0.6813939091847505	
378.2088	193.98	0.029866284986209354	-10.786759936563554	
378.2124	27.35	0.9686441674747911	0.1274300217868086	
378.2124	33.68	0.6793155872452681	2.4981386061580677	
378.2124	37.09	0.8897379843820163	0.5808189922534076	
378.2887	201.64	0.9243432426137532	0.3596482887374277	
378.3482	201.11	0.9479571991322011	0.23093913510071773	
349.9375	3.48	0.8745684560172049	-1.2016854749609476	
216.196	183.6	0.8745684560172049	-0.8736373407016971	C11H18O
350.2576	158.95	0.8739750630894998	-1.6579038794633436	C20H34O3
216.9228	21.44	0.8745684560172049	0.9059642414726699	
350.7594	158.82	0.8745684560172049	-1.4762203796427673	
163.1481	176.35	0.8745684560172049	-0.715971891738872	
163.1481	183.86	0.8745684560172049	-0.7519308037181758	
380.1646	28.01	0.7692180615764433	1.951330536866709	
380.2087	194.11	0.030539672855770274	-10.287090169771963	
380.228	28.27	0.9255031379438003	0.3366875956959911	
380.3887	174.12	0.8745684560172049	0.732626816911569	
352.8976	21.44	0.8745684560172049	0.7017872100967052	
353.1571	24.72	0.8716729999989689	-1.6759650475287942	
164.1282	21.44	0.8745684560172049	0.8164020980227608	
164.1515	176.09	0.8745684560172049	-0.7049653799922339	
164.1515	184.12	0.8745684560172049	-0.7099778037529377	
381.2312	28.53	0.7692180615764433	1.9883318470631453	
218.2116	24.86	0.8745684560172049	1.2733855650973702	
218.9199	21.44	0.881609291089131	0.6169597399153262	
218.9366	1.37	0.8745684560172049	-0.8479832204397213	
219.0052	2.43	0.8745684560172049	-1.0456080967901933	
354.3367	156.33	0.9255031379438003	0.3310543063501106	C22H43NO2
354.348	207.96	0.9926633799744584	-0.03677088001794745	
354.356	218.75	0.9369215563456356	0.29058274802875433	
219.1231	24.99	0.9674221668288684	0.13498860799864384	
382.9195	20.78	0.8745684560172049	-0.8531371995478233	
383.1487	27.35	0.8745684560172049	0.8211553376821926	
355.1154	26.69	0.9244464699927742	0.3579660074052437	
165.1638	176.35	0.8745684560172049	-0.8464139142916046	C12H20
165.1638	183.86	0.8745684560172049	-0.7358721590005758	C12H20
355.173	25.12	0.8745684560172049	-1.0417898765640512	
383.2043	26.3	0.8745684560172049	-0.940607345195125	
355.3401	156.46	0.9086918230962225	0.4507476533215167	C22H43NO2
165.9247	22.1	0.987464517401329	0.06192448362020298	
355.3682	228.38	0.8745684560172049	-0.8809405929182191	
355.3767	243.79	0.8990486525615464	-0.5295192902974071	
384.3837	168.97	0.8745684560172049	1.2758576942565896	C24H49NO2
166.0534	24.2	0.7132603246296079	2.3751121707004827	
385.1647	30.11	0.8745684560172049	-0.7706997609142875	C22H24O6
385.1834	25.77	0.8745684560172049	-0.8101692859198798	
385.1834	28.27	0.9255031379438003	0.3339204337557796	
385.201	38.01	0.8745684560172049	0.7532012176474627	
385.2204	26.96	0.8745684560172049	0.8273974595299789	
385.2948	196.63	0.956129782341887	0.19394264143943268	
385.2948	199.12	0.9243432426137532	0.3808805181754249	
385.2948	202.82	0.9075131308985351	-0.4650411127774563	
385.2948	233.5	0.8745684560172049	0.8183522155564995	
385.2948	244.45	0.9988771768299699	0.0067682818201926075	
385.3313	105.88	0.8745684560172049	0.7664428724491322	
385.3313	459.79	0.8745684560172049	1.4507219650701713	
385.3423	204.0	0.9255031379438003	-0.3495884567595908	
356.3522	160.4	0.8912186659047557	-0.5600007700721114	C23H44O2
356.8805	1.37	0.8745684560172049	-0.6747367466566728	
386.1867	25.77	0.9243432426137532	-0.3702535214155784	
386.1867	28.27	0.9645181416693213	0.1605114221637976	
386.3263	176.74	0.8790444634624381	-0.6455230694646854	
386.3263	183.73	0.8745684560172049	-0.6673641911077802	C23H42O4
386.3903	168.97	0.8745684560172049	1.0966649886246271	C24H49NO2
386.3992	216.52	0.8745684560172049	0.8221847511985654	
386.777	200.59	0.7391213204146124	2.1935198868871955	
357.1309	23.94	0.970556215792614	-0.11975813474453895	
357.1309	27.74	0.8745684560172049	0.8929158916039249	
357.1889	24.99	0.8745684560172049	-0.8893096960751506	
387.199	24.86	0.8745684560172049	-0.9108360809882636	
387.2752	200.72	0.9042314642127323	0.5142553205731457	
387.3469	230.74	0.8745684560172049	1.2672058629469072	
357.2831	65.83	0.8745684560172049	1.4679730962308117	C21H36O4
387.3817	200.72	0.8745684560172049	1.4224631349260288	
387.7764	200.18	0.8745684560172049	-1.0354200753418807	
167.0896	24.86	0.05339174917818875	-8.213701734640402	
357.3363	194.11	0.8745684560172049	-1.582391188525516	C22H44O3
357.3557	160.92	0.8908416101823239	-0.5743236118213039	C23H44O2
411.3352	230.48	0.9155011022839649	0.4250557040857694	
412.2542	80.04	0.8745684560172049	-0.8616034138971865	
167.093	22.62	0.014552333564582874	-14.479181551341169	
412.3213	52.23	0.8745684560172049	-0.7120599523365094	
412.4149	203.48	0.06547005079635033	7.4241067835069865	C26H53NO2,C27H41D7O2
412.4149	263.96	0.8745684560172049	1.1973260165402702	
413.1782	26.56	0.9172720126866679	-0.4201352832779584	
413.1782	30.92	0.9645181416693213	-0.15927274712947045	
413.2758	184.65	0.14951989041461	-5.246510734976499	
414.2698	24.72	0.7391213204146124	2.1908907415946186	
414.3298	202.56	0.8745684560172049	1.1447434481037617	
414.3298	221.4	0.881609291089131	0.6302302946047574	
414.3298	224.81	0.8990486525615464	0.5344731338333937	
414.3298	230.22	0.8745684560172049	0.93696738220385	
414.3298	261.86	0.8745684560172049	0.9089015762023884	
414.3298	274.52	0.8912186659047557	0.5686201163675465	
414.4308	251.2	0.8745684560172049	0.8960186319296725	
388.2539	22.36	0.8932749536011704	-0.5565555724726426	
388.2732	200.85	0.8745684560172049	1.10360003396685	
358.2435	158.56	0.8745684560172049	-0.9866086268936489	
358.2483	32.36	0.881609291089131	0.6189741320183088	
358.368	127.06	0.881609291089131	0.6348224529191339	
415.175	24.33	0.895237601605235	0.5525188157331111	
415.175	134.41	0.9255031379438003	-0.3315497594665877	
415.1939	25.12	0.8335953756375621	-1.7838549106729378	
415.1939	26.96	0.9243432426137532	-0.37012848741623244	
415.2797	233.24	0.8745684560172049	0.8084817351330843	
388.7749	200.04	0.8745684560172049	1.2320424057615267	
415.3418	192.54	0.8745684560172049	-1.4109398555707315	
359.1467	23.94	0.8745684560172049	1.2092306740746095	
359.1678	24.86	0.8745684560172049	-1.4875254530453155	
415.9398	3.21	0.516965329497282	-2.9264265023580767	
359.3155	200.98	0.9243432426137532	0.3793529561207133	
359.3713	127.06	0.881609291089131	0.6114106224799242	
416.2462	168.05	0.5216956228995315	2.893820355901353	
416.2851	233.1	0.8745684560172049	-1.5935028600691183	
416.3452	192.54	0.8745684560172049	-1.3710679339733978	
416.938	3.21	0.7391213204146124	-2.1925287410360177	
168.0657	23.67	0.08947868802234225	-6.498719171124712	
417.1589	283.86	0.904424272255252	0.4855771971241826	
417.2096	25.38	0.8745684560172049	-0.7208176390455463	
417.348	192.54	0.8745684560172049	-1.3438839542752514	
417.3686	176.35	0.8745684560172049	-0.9490587205078688	
417.3686	183.86	0.8745684560172049	-0.8799882729916282	
417.9357	3.21	0.8745684560172049	-0.8997003664201487	
389.8717	20.52	0.8745684560172049	-1.368904354725106	
418.2436	28.27	0.9232794906247695	-0.393002055764696	
168.0963	22.62	0.014552333564582874	-15.471571536355993	
419.1701	27.35	0.9393451553701674	0.276893760026591	
419.2254	30.92	0.9424084735400247	0.2507647362849327	
419.2557	220.87	0.9042314642127323	-0.5149643413988375	C21H39O6P
420.173	27.22	0.9243432426137532	0.372970039745603	
420.1799	189.51	0.9926633799744584	0.026659830652368904	
390.0479	24.86	0.8745684560172049	0.8617257121015981	
390.1886	30.79	0.6793155872452681	2.470239568248196	C22H26O6
360.3213	228.11	0.8782816737408788	-0.6533059091774724	
360.3623	119.71	0.9926633799744584	-0.026495291761959527	
360.3745	127.45	0.8745684560172049	0.8728098846613754	
391.2244	190.03	0.8912186659047557	-0.5603157255210818	
361.2353	66.23	0.8745684560172049	-0.6982416478758149	C20H34O4
361.3215	200.85	0.9052039287120754	0.476648169297492	
422.3243	226.93	0.8745684560172049	-0.9357926773076206	C23H45NO4
423.1415	26.82	0.8745684560172049	-1.5123395106350066	C22H24O7
423.1415	33.42	0.9255031379438003	-0.3296155459337701	C22H24O7
391.9842	4.0	0.881609291089131	0.61246247357154	
392.2278	30.11	0.9052039287120754	0.4756265982057161	
392.2541	37.75	0.9232794906247695	-0.399595341173728	
424.2825	176.35	0.8745684560172049	-1.1152477539884804	
424.2825	183.73	0.8745684560172049	-0.9114768847977334	C23H42O4
425.1355	31.05	0.8745684560172049	0.664385752270338	C22H26O6
362.2173	31.84	0.972153440753123	-0.11114631623383252	
362.3029	176.35	0.8745684560172049	-0.9408804644005875	
362.3029	183.86	0.8745684560172049	-0.7697730666718758	
362.3253	185.3	0.9645759215878967	-0.15479815730873345	
362.3253	200.85	0.9255031379438003	0.3473093578534505	
169.1011	39.06	0.8745684560172049	0.7338549714254036	
362.9263	21.05	0.9175359077562546	0.41690243834580626	
426.1394	30.92	0.8745684560172049	1.3755660587436223	C22H26O6
426.3271	105.49	0.8745684560172049	-1.1933642542538623	
426.4307	264.61	0.7031655599522348	2.407059050633988	
362.9561	1.24	0.7265907763204902	-2.2950180211319005	
393.2313	26.43	0.8562604093884392	1.731758145652196	
393.2313	29.85	0.9097934061129377	0.4429358661625511	
464.2853	31.71	0.8745684560172049	0.7377345365497301	
464.2853	33.42	0.8745684560172049	0.6655576460938031	
428.2547	146.32	0.0071281906317095115	-26.494769530819216	
464.3946	192.54	0.9345236568272567	0.30206692613971464	
464.3946	196.1	0.8912186659047557	0.5622538355846236	C27H48O5
429.2269	37.35	0.06547005079635033	7.497972964814117	
465.3919	303.77	0.956129782341887	-0.19605641808374716	
465.3981	192.41	0.933952280717182	0.3092880297647829	
465.3981	196.1	0.8745684560172049	0.9639981286446654	C27H48O5
395.0266	21.57	0.8745684560172049	1.5434844872460878	
170.154	176.35	0.8745684560172049	-0.6781401130815343	C11H18O
395.2732	32.76	0.9232794906247695	0.3949794769473793	
395.3134	215.08	0.8853217775541207	0.601665467864193	
466.2353	221.0	0.9175359077562546	-0.4102019236571533	
466.2651	26.96	0.9926633799744584	-0.025518321782903322	
467.2053	71.22	0.8745684560172049	-1.1813135483076476	C25H32O7
467.2693	215.08	0.7669858476689206	2.1199715829720103	
430.2225	30.92	0.8745684560172049	0.8471842281678794	
430.2225	105.75	0.8562604093884392	1.7156199950387814	
430.2511	284.65	0.8745684560172049	-1.2863671824011038	
467.3731	328.77	0.8745684560172049	0.9965786461268833	C28H50O5
430.364	176.35	0.8745684560172049	-0.9005985567529243	
430.364	183.73	0.8745684560172049	-0.8006233851654003	
430.3805	296.12	0.08836964997391589	-6.5568982935764195	
396.2231	190.03	0.4051100418458878	-3.3651770757224106	C18H35O7P,C25H30O4
396.2319	193.98	0.029866284986209354	-10.53393679259464	
468.273	215.08	0.9362627324751878	-0.2949966489341353	
171.0783	23.94	0.8745684560172049	0.8150495073717411	
171.0844	23.67	0.8908416101823239	0.5734687710279649	C10H6O2
430.9142	20.92	0.9243432426137532	0.3729180176426268	
431.095	28.53	0.010533213971805646	19.56489737009905	
431.1786	200.59	0.9414466970727376	0.2537052169541058	
431.2176	30.92	0.8745684560172049	1.4493055021125698	
469.269	205.05	0.6793155872452681	2.4658716029308536	
431.3368	221.26	0.9630988637546091	0.17606268345926057	C24H46O6
397.1834	26.17	0.8745684560172049	-1.0823882711896053	
397.1834	28.53	0.9255031379438003	0.33466495468783847	
431.3685	175.96	0.8745684560172049	-0.9333639953637421	
431.3685	183.86	0.8745684560172049	-0.8442164898268969	
469.3889	220.06	0.8745684560172049	-0.9086716494809481	
397.3678	265.14	0.8745684560172049	1.247185639171006	
397.3678	544.31	0.963321071573457	-0.1694625559655866	
432.0983	28.53	0.014552333564582874	14.42110933996095	
432.1818	200.72	0.9633226534471487	-0.1667397590474114	
432.2802	22.36	0.881609291089131	-0.6096859370468811	
432.3405	221.4	0.9414466970727376	-0.2611194292687748	C24H46O6
432.3405	230.22	0.9175359077562546	0.4123028523356068	C24H46O6
432.3877	176.22	0.8745684560172049	-1.0625354335699408	
432.3877	183.86	0.8745684560172049	-0.9336692705055644	
470.3327	244.45	0.9097934061129377	-0.4451656444002723	C28H46O4
433.1021	28.4	0.004118018429689821	38.50818511211235	
433.168	103.75	0.9645759215878967	-0.14883056952084606	
398.2891	89.92	0.6793155872452681	2.493504239574423	
433.3524	192.41	0.8745684560172049	-1.0789410834539115	
398.3994	229.3	0.833250917395368	1.8123310536754986	
433.3907	176.22	0.8745684560172049	-1.0559200491698462	
433.3907	183.86	0.8745684560172049	-0.9514762203369678	
434.2387	27.74	0.9232794906247695	-0.397243094299329	
434.275	28.01	0.8745684560172049	-0.8682328968920245	
471.368	193.85	0.8745684560172049	-1.3436490782060442	
172.085	23.67	0.9042314642127323	0.49130694527326896	
172.0877	23.67	0.8745684560172049	1.2569962972113649	
399.1439	28.93	0.9321136406558954	0.31404249631398584	C22H22O7
399.1569	43.27	0.9675803601446062	-0.13265484737586805	
399.1991	24.99	0.8745684560172049	-1.0101842608452323	
434.3556	192.54	0.8745684560172049	-1.156475571181164	
399.2508	62.13	0.881609291089131	0.631318394005532	
435.2496	188.85	0.8745684560172049	-0.7075652760623302	
435.2797	264.61	0.8745684560172049	1.6412976496339635	
473.3989	317.6	0.0071281906317095115	25.472714103720477	C31H52O3
436.1968	29.19	0.8745684560172049	1.014983227288968	
436.2541	29.85	0.898203300963581	0.541410946806512	
400.2542	62.0	0.8885326937050696	0.5884347785367444	
400.3504	203.21	0.9052039287120754	0.47578759424413747	C24H46O4
400.3504	210.19	0.8745684560172049	1.5711068414880134	C24H46O4
437.2001	27.22	0.8745684560172049	1.3499586019794478	
474.3128	188.72	0.8745684560172049	-1.1626112934974506	
474.4025	317.86	0.014552333564582874	15.28248009182416	C31H52O3
475.194	24.59	0.9052039287120754	-0.475553277822193	
475.2146	184.78	0.8745684560172049	1.2562893352205189	
475.2807	35.12	0.8745684560172049	-1.3697926370056712	
437.2428	185.04	0.8745684560172049	1.009676515568862	
437.2585	193.85	0.029866284986209354	-10.703849429764661	
437.2856	177.27	0.833250917395368	1.7887757833770168	
437.3604	264.88	0.8897379843820163	0.5826842548811321	C27H48O4
173.0784	22.62	0.9232794906247695	-0.39029494549134336	
475.3783	278.35	0.956129782341887	-0.19481284058204812	C30H50O4
401.1596	27.22	0.9046128095468865	0.4835328723716088	C22H24O7
401.2149	25.38	0.8745684560172049	-1.2791111890079383	
401.2149	28.4	0.9558181788952912	-0.2087860713805142	
401.264	224.55	0.8912186659047557	0.5665963513257355	
476.2445	230.35	0.8060596314567307	1.8618057988477266	
401.3418	201.37	0.48323679568610023	-3.044031616567817	
438.2618	193.98	0.03537382661030194	-9.70899887260215	
438.3637	264.75	0.881609291089131	0.6075256940105062	C27H48O4
476.3817	278.08	0.9075131308985351	-0.4591467326327539	C30H50O4
476.3946	185.83	0.8745684560172049	1.2710674301987601	
476.3946	192.54	0.7825665206526534	-1.905759094450158	
439.1365	28.93	0.8745684560172049	-1.5443959542080166	C24H22O8
477.2113	184.91	0.8745684560172049	1.0837796078920579	
477.2165	283.47	0.8745684560172049	0.9166743586951227	
439.2743	220.61	0.9345236568272567	-0.30303584718745474	
402.1629	27.22	0.9558181788952912	0.2087367032391988	C22H24O7
477.3172	230.22	0.9929213098825516	-0.0190457915321603	
477.3535	105.32	0.8745684560172049	-1.0913015759120117	
478.3059	220.87	0.8745684560172049	0.7543898800802519	
440.2017	37.22	0.8731621619440108	-1.668778490795937	C24H30O6
478.3741	162.1	0.8745684560172049	1.0620415528134346	
173.1325	176.35	0.8745684560172049	-0.7008275666787754	
173.1325	183.86	0.8745684560172049	-0.7226335382164174	
403.3056	196.37	0.9097934061129377	-0.4426919500705965	
440.2809	221.13	0.8745684560172049	-0.7739249773298832	
403.3415	105.32	0.8745684560172049	-0.7676798881210646	
403.3415	195.3	0.9414466970727376	-0.2597673526666458	
403.3532	127.84	0.9700248795963714	-0.12397028536788751	
403.3532	183.73	0.8782816737408788	-0.6503107385960231	
441.1315	24.86	0.9369215563456356	-0.28742829504289563	
441.1315	29.58	0.9559601365943278	0.20080860995269253	C23H22O6
441.1521	27.22	0.8745684560172049	-1.0290931702351096	
403.92	3.48	0.8745684560172049	-1.5916407413761708	
441.319	172.15	0.8745684560172049	-0.8611406905343536	
404.2644	28.01	0.9255031379438003	-0.3370122144895745	
480.2863	192.01	0.8745684560172049	-0.9205706393946521	
442.1552	27.22	0.8745684560172049	-1.2327365824154441	
404.3734	201.51	0.8499493675753258	-1.7467231944336277	
404.3734	230.87	0.8790444634624381	0.6458715223904204	C25H44O3
480.4025	196.76	0.8745684560172049	-1.3725568504123307	
520.3636	305.63	0.8745684560172049	-0.8990467172947045	
443.1576	27.22	0.9591814373353974	0.18824807481039343	
443.2061	38.27	0.9840856592925713	0.07409991538377445	C19H34O9
443.2252	26.04	0.8745684560172049	-1.4964661743357932	
443.2252	28.53	0.898203300963581	-0.5407796015896321	
521.3831	220.87	0.8745684560172049	-0.8154592011373033	
521.3831	263.3	0.8745684560172049	-0.9517598950317019	
406.0427	21.7	0.8745684560172049	0.8689472657556329	
406.2125	30.92	0.8745684560172049	1.3522308411037676	
522.2402	186.49	0.7241805947481756	2.32138252485829	
522.2621	247.23	0.8745684560172049	0.7231250423319235	
481.2853	230.35	0.8745684560172049	-0.8663877784160018	
443.2683	134.93	0.8745684560172049	1.3131088455852558	
443.3731	221.13	0.9558181788952912	0.20884117265674354	C27H46O4
481.3308	190.83	0.13437493787711724	-5.477667086805167	
481.3308	193.33	0.014552333564582874	-14.43986826305296	
444.2299	151.84	0.8745684560172049	-1.5480704255483673	
407.2149	31.05	0.8745684560172049	-1.104722828095226	
407.2355	184.65	0.7692180615764433	2.015449710196854	
407.2355	305.08	0.8745684560172049	-1.4000190527927356	
407.2482	230.35	0.7241805947481756	2.3227004634719535	
407.3245	203.74	0.778527038703614	-1.9247796330737292	
407.7887	200.72	0.9255031379438003	0.34585158583576053	
444.3767	221.13	0.9243432426137532	0.3653804197144025	C27H46O4
482.2885	230.87	0.5558573516743355	2.7660008127476936	
523.3829	158.82	0.8912186659047557	-0.5641844474596036	
408.2899	200.59	0.9253010399885837	0.3534633076056583	
408.3085	176.35	0.8745684560172049	-0.9054493722138952	
408.3085	183.86	0.8745684560172049	-0.8300270114668769	C23H42O4
523.8845	158.82	0.8908416101823239	-0.5755761715979768	
524.1942	221.0	0.8745684560172049	-1.47390858843324	
483.3533	264.88	0.8745684560172049	0.8290417546713449	
524.8832	158.82	0.9138443709741015	-0.42782170717592005	
484.1803	199.26	0.8745684560172049	1.5918393211091169	
484.1803	202.16	0.8745684560172049	1.35973272348467	
408.9188	20.92	0.7825665206526534	-1.9044820081579767	
409.1619	31.05	0.8745684560172049	0.6929561724474171	C22H26O6
409.2562	33.81	0.7692180615764433	-1.9926900989540568	
409.2882	200.85	0.904424272255252	0.4878806043238752	
484.3689	221.26	0.8745684560172049	-0.8278126291778899	C24H52NO6P
446.2958	22.49	0.8745684560172049	0.920568262358742	
446.2958	24.59	0.8745684560172049	0.9928322387889325	
526.0823	38.54	0.7692180615764433	1.9585728789011718	
526.0823	42.09	0.9560503732160021	0.1983360160885552	
409.329	230.35	0.8745684560172049	0.7415192178489319	
409.9012	3.21	0.8745684560172049	1.2400521437682306	
526.4105	217.04	0.8745684560172049	-0.6656795936321563	
485.3362	218.22	0.9995211343456415	0.004636462444516479	
526.4472	264.61	0.9393451553701674	-0.2738043185169355	
485.3442	190.7	0.8745684560172049	-0.8107716191798492	
410.1652	31.05	0.8745684560172049	0.6864588597477511	C22H26O6
486.2652	230.35	0.4687149091833802	3.0925722708876	
486.3005	214.95	0.9023055822061599	0.5240753207296474	
486.3274	24.99	0.7692180615764433	1.977544304199642	
410.3323	230.22	0.8745684560172049	0.7694972606962955	
487.2351	198.99	0.9926633799744584	-0.03223168046208294	
487.2351	202.16	0.9243432426137532	-0.3763162707325133	
527.2901	230.35	0.5876741998938796	2.6903106192385966	
527.3636	231.0	0.029866284986209354	-10.476859403714858	C24H52NO7P
488.2646	35.25	0.8912186659047557	0.5604495730035337	C27H37NO7
489.3128	194.38	0.3322259080472239	-3.713012551462772	
528.2941	210.61	0.8745684560172049	-1.0702210754879171	
528.2941	230.74	0.7692180615764433	2.0267109124269838	
528.3475	264.88	0.7692180615764433	1.994339754407233	
448.4151	197.16	0.9345236568272567	-0.3052720415197186	
569.3067	230.87	0.26120971591733144	4.176609578948548	
449.2456	210.61	0.9369215563456356	-0.28672714952237144	
569.5149	403.16	0.9321136406558954	-0.31318155758525573	C35H68O5
490.3817	203.48	0.5548838947666916	2.7807856213590316	C31H48O4
490.4257	317.6	0.008461744209149908	22.69512339273586	
569.928	199.91	0.9042314642127323	0.49396268779394026	
529.307	218.62	0.9393451553701674	-0.2752660973089282	
529.3509	264.48	0.8745684560172049	0.940404013669705	
530.1276	199.12	0.9645759215878967	-0.14791147004626656	
530.1276	201.51	0.8745684560172049	0.7114465834940229	
530.299	230.74	0.5483724408236073	2.8291530335269854	
450.2699	26.43	0.7692180615764433	-2.0734924643850703	
450.2699	27.88	0.9674221668288684	0.1354855577218843	
532.1517	215.73	0.8745684560172049	0.7139374026601046	
532.1517	221.66	0.8745684560172049	0.6743624884315623	
532.1517	227.33	0.9997226380819848	0.0003698159012239726	
532.2077	193.72	0.06107257514202063	-7.699706071858819	
532.2277	220.74	0.7692180615764433	-1.9605935960437693	
532.2662	81.35	0.8745684560172049	-1.6363813798362685	
532.2662	83.06	0.9645759215878967	-0.1471493003221197	
450.3791	192.54	0.8745684560172049	-1.4005644701008426	
492.176	220.74	0.7721783713740441	-1.9371082509419644	
533.3875	63.58	0.9243432426137532	-0.3703933689553121	
533.8636	158.69	0.9926633799744584	0.03358492143653152	
533.8855	165.95	0.01264092239530637	17.22148052585196	
571.3976	249.2	0.9042314642127323	0.5109170271181347	C33H56O6
492.405	278.08	0.9255031379438003	-0.3302443115154077	C28H50O4
571.4108	188.59	0.881609291089131	0.6151880686398837	
492.4256	221.66	0.6239472971070184	2.599339143138549	
534.2229	220.74	0.8745684560172049	-1.2670818147275549	
571.4422	308.78	0.8745684560172049	-1.594339314197089	C40H56O2
534.2829	168.05	0.8745684560172049	-0.71774967012392	C26H43O9P
534.2829	264.75	0.8745684560172049	1.002007699948542	
451.3761	223.5	0.9042314642127323	-0.49141980015118497	
451.3761	283.86	0.9863502513331799	-0.06945201262630235	
451.3825	192.54	0.8745684560172049	-1.2716922819432905	
534.3919	195.3	0.833250917395368	-1.7873832231881945	
535.1899	184.78	0.8745684560172049	0.9748726726433207	
535.2259	220.87	0.8499493675753258	-1.7460306645337231	
572.2542	264.09	0.963321071573457	0.1724639545319532	
572.2542	265.14	0.9926633799744584	-0.026905425230384146	
535.3341	300.19	0.8745684560172049	1.2383602442695922	
452.249	32.5	0.8745684560172049	0.7121074111053896	
493.1427	104.14	0.8745684560172049	-1.2687377988488016	
493.1427	189.77	0.881609291089131	-0.6290541177517915	
452.3852	192.41	0.8745684560172049	-1.210740079751103	
493.3273	2.43	0.8745684560172049	1.1615720432861152	
493.3273	243.27	0.8745684560172049	-1.0498329805123967	
536.2774	264.75	0.8745684560172049	1.4916186846409936	
536.293	230.35	0.7875959543820586	1.8954810368085733	
493.3891	294.55	0.987464517401329	0.0625320082122747	C30H52O5
453.3186	190.83	0.9929213098825516	-0.019224462320097366	C27H42O3F2,C27H42F2O3
537.2957	231.0	0.7391213204146124	2.2225756716944542	
453.3881	192.67	0.7825665206526534	-1.9080954674005104	
538.2902	231.13	0.46083490082195794	3.1277486197503053	
454.2648	27.22	0.9393451553701674	0.2673630664710225	
454.3222	190.96	0.9630988637546091	0.17848980016673924	C27H42O3F2,C27H42F2O3
495.2333	214.82	0.8745684560172049	1.4431705929578085	
495.238	196.24	0.9853542748259434	0.07160159414276375	
495.3005	28.14	0.9075131308985351	-0.461027193440309	
495.3005	246.97	0.9075131308985351	0.4611291752925105	
495.4046	365.79	0.8897379843820163	-0.5814761976299258	
575.9103	201.9	0.9633226534471487	0.16633247586727187	
539.2871	264.48	0.8745684560172049	0.8269114638654984	
455.2254	26.3	0.5116952494692817	-2.9447000298120596	
576.1773	154.59	0.9645759215878967	-0.15014844227473503	
576.1773	223.1	0.9232794906247695	-0.39318416398117256	
576.1773	235.63	0.7692180615764433	2.021665287573454	
539.3913	196.37	0.05783218695801434	-7.974189772467075	
576.2336	229.82	0.7721783713740441	1.9378153467911785	
455.3223	230.61	0.8745684560172049	0.7770904091893509	
576.4115	63.05	0.9255031379438003	-0.34985745559369585	
576.4115	201.64	0.8745684560172049	-1.164943162198243	
540.0692	27.09	0.8745684560172049	0.9346105227368298	
496.163	190.03	0.9645181416693213	0.16101642190744608	
456.17	184.91	0.4051100418458878	3.3676373820163934	
576.9116	1.77	0.7669858476689206	2.086612757256331	
576.9116	199.39	0.9075131308985351	0.45819301276256785	
576.9116	201.9	0.8885326937050696	0.5891476207478455	
540.4265	258.16	0.964908108615623	0.14587498603002186	
540.4475	151.97	0.8745684560172049	1.1907848981651066	
496.304	210.19	0.8745684560172049	-1.2116048799349204	
496.304	247.1	0.9319605091882198	-0.3159747220168633	
577.2368	229.95	0.7692180615764433	1.9865855665873893	
456.2896	193.98	0.025466236271556086	-11.885576010749164	
456.301	220.74	0.9560503732160021	-0.19804501194091034	
577.4132	62.66	0.9926633799744584	-0.03258431130504579	
577.4132	163.15	0.10088684387944159	6.07573423586929	
577.4132	202.16	0.8990486525615464	0.5339453069728802	
456.3374	192.93	0.7692180615764433	-2.0467287674275547	
496.4211	154.2	0.8745684560172049	0.9187780141090385	
542.2073	53.15	0.8745684560172049	1.5527586098304291	
457.1262	27.09	0.970365363979976	-0.12095726311120897	
457.2409	25.64	0.9232794906247695	-0.39605423589951283	
457.2409	26.69	0.8745684560172049	1.0407955607361719	
457.2861	166.35	0.2564474301848684	-4.2627197964789865	
457.2861	215.21	0.8745684560172049	-0.8886688157380513	
457.2923	193.98	0.06547005079635033	-7.4089989786504855	
497.3165	228.11	0.8745684560172049	-0.7190447395549873	
457.3522	202.29	0.9042314642127323	0.4935908899680857	C26H48O6
497.3604	277.43	0.9345236568272567	0.30230035663062504	C30H50O4
544.223	231.13	0.833250917395368	1.8023622655309894	
544.2377	199.39	0.8745684560172049	1.3634479415304799	
544.2377	202.16	0.8745684560172049	1.1678976413181814	
544.3695	25.91	0.9052039287120754	-0.47571562813722174	
578.9062	1.77	0.5515820171892059	2.8114052941646017	
579.1675	79.51	0.8745684560172049	1.4022815348783297	
545.2933	264.48	0.6904982304715025	2.439118723611712	
498.4157	264.48	0.8645726264188994	1.700565890432282	
546.1675	215.6	0.8745684560172049	1.125517434476487	
546.1675	220.06	0.9042314642127323	0.5094357590918681	
546.1675	224.94	0.9175359077562546	0.41139886236831	
458.3051	220.19	0.8745684560172049	-0.9858424230143606	
458.3051	221.13	0.8745684560172049	-0.9624938375938394	
546.3213	230.48	0.5558573516743355	2.7608827762233874	
580.1711	79.64	0.8745684560172049	1.1671361514973944	
580.2429	230.74	0.3795224266377183	3.4613718314249824	
499.296	184.78	0.8745684560172049	1.0606701453322573	
499.3241	195.58	0.8529753412432847	-1.7392315640427622	
459.2654	65.02	0.987464517401329	0.06337604615650572	
459.2654	177.53	0.963321071573457	0.17422355210407794	
459.2654	198.34	0.8745684560172049	0.8364200792107687	
459.2722	184.78	0.8745684560172049	1.1828701561915158	
459.4154	204.26	0.8745684560172049	-1.2114706708752467	
459.4154	209.14	0.8745684560172049	-1.0922817811868422	
500.316	230.74	0.4111918990260613	3.3273840017545653	
501.3193	230.48	0.21099292158475014	4.6776763322419175	
501.35	230.74	0.8745684560172049	-0.8927090880142847	
502.1758	185.04	0.8745684560172049	1.2413416467149863	
502.3219	24.59	0.8870359295088682	0.592946913556555	
502.3219	230.74	0.34526419117425033	3.645212858909367	
547.3245	230.35	0.7653901440727863	2.1330767760497906	
502.3626	217.96	0.9995211343456415	-0.0015175745771648748	
502.3626	233.5	0.8751337975380218	0.6606619464273839	
582.2411	218.88	0.8745684560172049	-1.466818158162903	
582.2411	230.74	0.8745684560172049	-0.9105056753107128	
582.2831	265.14	0.7692180615764433	1.9552583700078798	
460.2536	33.81	0.14001629885855743	5.367093978313868	
503.1227	27.22	0.9988771768299699	0.008980844162578378	
547.4722	323.38	0.8745684560172049	0.9449628955025684	C35H62O4
582.4368	221.53	0.9892810503123625	-0.05434903589688669	
503.371	264.09	0.8745684560172049	1.3476675686578743	
548.4758	323.38	0.8745684560172049	1.543915668359833	C35H62O4
504.2755	264.75	0.8745684560172049	1.352265314903219	
549.3131	222.58	0.9052039287120754	0.4796573320605615	
583.6358	452.17	0.881609291089131	-0.6111932962836345	
583.6358	453.35	0.8745684560172049	-0.8477069490184148	
549.3458	210.19	0.9243432426137532	0.3818411118179144	
549.4153	207.3	0.2981800806874079	3.95847202958331	C33H56O6
549.4535	200.85	0.963321071573457	-0.1714293268488675	C34H60O5
584.1693	183.99	0.833250917395368	1.8166642555805874	
584.2065	222.58	0.881609291089131	0.6211592207828464	
549.956	200.72	0.9877371577403001	-0.05966675665530325	
550.2929	284.39	0.9369215563456356	-0.2863170076643025	
550.3405	159.21	0.9135999059513997	0.43169557184868496	
584.4737	150.26	0.8745684560172049	1.539187617561724	
550.3664	210.32	0.8745684560172049	-0.7107492460804296	
550.4188	248.81	0.9243432426137532	-0.3767980702144897	C33H56O6
550.4563	200.85	0.896269987203098	-0.5504455116428425	C34H60O5
505.3084	210.61	0.9243432426137532	-0.37702017462941284	
505.3491	264.88	0.96544800170175	0.1401075999191378	
585.4493	306.55	0.7692180615764433	2.045706783528637	C35H62O5
550.8393	158.69	0.9926633799744584	0.0413027917345816	
550.957	200.59	0.9075131308985351	0.46670912696173056	
551.3404	158.43	0.9243432426137532	-0.3772763594965418	
551.369	210.32	0.8745684560172049	-0.9612953152476325	
551.392	218.75	0.2564474301848684	-4.278319364079719	C32H54O7
551.4582	200.72	0.8908416101823239	-0.5757450856787083	C34H60O5
551.8389	158.69	0.8745684560172049	-0.8592603540646058	
586.4627	257.5	0.9042314642127323	-0.4959965128448592	
464.1443	189.77	0.44220804284280196	-3.2073984839339755	
464.2048	184.91	0.8745684560172049	0.9697384611844562	
587.3921	221.26	0.8745684560172049	-0.7001765823218558	
506.2655	199.12	0.9255031379438003	0.34645099349280134	
506.3116	210.74	0.9630988637546091	-0.17708527715161484	
506.4419	254.22	0.9075131308985351	0.4675575777023298	
588.3955	221.26	0.8745684560172049	-0.7481142950128955	
588.4456	291.53	0.8990486525615464	-0.5299522711213664	
507.262	220.87	0.8745684560172049	-0.9927680420650091	
507.2832	200.59	0.9255031379438003	-0.3341331991156742	
507.3182	264.48	0.8745684560172049	1.576286240171085	
625.3032	207.04	0.8745684560172049	0.8674731012475309	
507.4084	158.95	0.7241805947481756	-2.3207119610549585	
553.4596	377.1	0.93137925354179	0.3175255214376579	C35H62O3
625.4235	28.14	0.963321071573457	-0.16873967353980882	C28H58NO9P
553.5103	402.89	0.8745684560172049	-0.7001838867783239	C35H66O4
507.9091	158.95	0.8745684560172049	-1.6237923617235126	
626.309	206.78	0.8745684560172049	0.8281370341292409	
508.2067	184.78	0.8745684560172049	0.9976939191221026	
589.4004	221.26	0.8745684560172049	-1.2980734499646065	
589.4004	230.48	0.8745684560172049	-1.096593767754076	
508.2461	230.74	0.49663053248963285	2.9911104808925173	
589.4814	254.87	0.9877371577403001	-0.05896050734793699	
508.2834	200.98	0.8745684560172049	-1.041300368989703	
508.3484	205.05	0.8745684560172049	1.3057794011285697	C31H48O4
590.1934	221.92	0.8745684560172049	1.1717385853606	
590.1934	233.63	0.9359729515342311	-0.296661747565519	
508.4111	158.82	0.8745684560172049	-1.1802780987566535	
508.4111	203.21	0.977451474935743	0.09827893498896337	
591.1968	188.59	0.881609291089131	-0.6133753672629069	
554.2513	230.48	0.49832777890468277	2.979468152748612	
554.2887	214.68	0.9249401369241599	0.355637825701892	
509.1858	206.78	0.881609291089131	0.6347424966641235	
509.2493	231.0	0.4051100418458878	3.3592084359162877	
509.3166	264.48	0.824824386108602	1.8352331425592336	
628.4999	147.9	0.8745684560172049	1.3308129873227015	
509.3469	204.0	0.8745684560172049	-0.7624528124177848	
593.4243	187.54	0.8745684560172049	0.919672832903059	C28H58NO9P
555.2549	230.74	0.7653901440727863	2.132431903903843	
594.0693	39.59	0.9359729515342311	0.29647484823557557	
510.1887	114.01	0.833250917395368	-1.7877187628194837	
510.1887	206.78	0.8745684560172049	0.8967752462789945	
630.2249	230.87	0.8745684560172049	1.3390801516704038	
594.2361	264.75	0.8745684560172049	1.51113983808572	
630.2613	203.61	0.9114756463536867	0.43498754518362653	
510.3199	264.48	0.8745684560172049	1.205677128352869	
594.4735	289.79	0.9243432426137532	-0.3625788988301716	C35H60O5
595.1625	73.32	0.9784886819823367	0.0912590003428807	C27H30O15
511.1449	153.94	0.9645759215878967	0.15305595649452447	
511.1449	163.28	0.8499493675753258	-1.7500708523460091	
556.3791	303.77	0.9490948170152512	0.2237690336941622	
556.4424	99.28	0.8745684560172049	1.5547935621869449	
511.2558	230.22	0.9073983614571195	0.4703689411719007	
511.2622	199.39	0.881609291089131	0.6082822782973143	
511.2622	202.42	0.9042314642127323	0.5013024749525015	
632.2407	194.9	0.7391213204146124	-2.2547213582568686	
632.2407	231.27	0.963321071573457	0.17264793001867337	
632.268	203.48	0.9255031379438003	0.3322555490607804	
632.277	289.01	0.8745684560172049	0.7453369820064336	
632.297	304.03	0.9559601365943278	-0.2054107571364785	
596.1672	73.58	0.8745684560172049	-0.9786511352582548	C27H30O15
596.1942	79.38	0.8745684560172049	1.567035549122939	
511.3685	227.98	0.8745684560172049	-0.6928806189467777	
632.4355	413.99	0.4947074108984613	-3.0116746062311828	
596.3351	264.35	0.8745684560172049	1.2293200514396803	
511.3987	373.27	0.9084456258397586	-0.4522130480548369	
597.1975	79.64	0.8745684560172049	1.2055702302962281	
633.244	189.51	0.9926633799744584	-0.03699493762785432	
633.244	192.54	0.9450215270181848	-0.24073606123149907	
633.244	194.77	0.8745684560172049	-1.0212039366174295	
633.2803	289.14	0.8745684560172049	0.786505390107436	
597.3382	264.61	0.8739750630894998	1.6560143617597198	
633.4281	26.04	0.8856970940984827	-0.5972917150864646	
558.3422	108.51	0.9645759215878967	-0.15344081197541834	
635.4561	80.83	0.8745684560172049	1.2678413662199692	
512.416	100.07	0.8745684560172049	1.2079318567632447	
599.4286	289.79	0.8745684560172049	-0.9363999363015946	C35H60O6
600.2708	264.61	0.7692180615764433	1.9543117665755043	
513.3495	223.63	0.8745684560172049	1.0232410697653658	
600.4686	98.23	0.8745684560172049	1.5917013285323212	C34H65NO5S
601.1495	79.25	0.8745684560172049	1.38213703040215	
637.5387	285.04	0.3037953091980018	3.898987869122378	
638.3371	206.91	0.8745684560172049	0.9462713162174204	
638.3449	183.86	0.8854621757878789	-0.5994767973189996	
602.2305	189.37	0.9414466970727376	0.25559693970343317	
602.2305	221.13	0.8745684560172049	0.7113281841621854	
560.3643	196.1	0.9232794906247695	-0.3938774351754977	
639.2251	79.38	0.8745684560172049	1.35902155482232	
639.3404	206.91	0.8745684560172049	0.9475578214124858	
639.4256	218.35	0.8745684560172049	-1.2741510503450284	
561.2379	156.59	0.8745684560172049	-1.0814153255519396	
561.4367	201.64	0.9042314642127323	0.5033971327983564	
604.2093	232.97	0.9369215563456356	0.28962377207480605	
640.221	73.19	0.9138443709741015	-0.42810061015319795	
640.3432	206.91	0.8745684560172049	0.9848519487475652	
515.3286	198.47	0.9308156289704647	0.31905557302577076	
515.3964	158.82	0.8745684560172049	-1.299819320877411	
605.2682	264.48	0.8745684560172049	1.038603652408411	
605.3156	283.47	0.8937794829109359	0.5550578038241841	
605.4759	291.0	0.8990486525615464	0.5314036220739864	
562.2182	215.08	0.9243432426137532	-0.373716901087307	
641.3435	207.04	0.8745684560172049	1.0084625646512986	
562.3167	116.56	0.9559601365943278	0.20327270057570127	
606.3191	283.47	0.8990486525615464	0.53492571093931	
516.3679	221.26	0.9545576348047451	0.21371667563650326	
606.4791	195.71	0.8745684560172049	-1.5694353844489841	
606.4791	290.61	0.9675803601446062	-0.13220881808491622	
642.3178	287.56	0.8870359295088682	0.5941051683186742	
516.901	159.08	0.7241805947481756	-2.3386570098450083	
563.2219	214.82	0.8912186659047557	-0.5698799721650455	
517.2616	230.61	0.7391213204146124	2.2386143137283487	
563.4659	364.45	0.8745684560172049	-1.1061899106608752	C33H64O5
607.322	283.86	0.9114756463536867	0.43568647664009663	
642.63	295.33	0.8745684560172049	0.7059284679380211	
564.3088	303.9	0.9042314642127323	0.49276822487635713	
607.557	333.67	0.8745684560172049	1.1165766958416123	
643.2922	207.04	0.8745684560172049	0.9422326141818328	
564.3246	264.75	0.714872022444904	2.361622798912094	
643.4937	323.12	0.10088684387944159	6.0796425995367365	
564.4693	364.19	0.8745684560172049	-1.1015301973525593	C33H64O5
564.4989	323.64	0.8745684560172049	1.4199255561703803	
565.2478	206.78	0.8745684560172049	0.896220616800737	
644.2958	206.91	0.8745684560172049	1.028900580316967	
565.4102	221.26	0.9926633799744584	0.03936543318458056	
644.4952	96.39	0.8745684560172049	1.491851757401064	
565.483	290.74	0.8745684560172049	0.8272383362442219	
518.3397	82.14	0.8745684560172049	0.76631770279979	C23H44N6O7,C27H48O9
518.363	220.87	0.963321071573457	-0.16850944937334333	
518.4572	317.6	0.018409924167106677	13.347721488824915	
645.2439	195.03	0.8745684560172049	-0.9288647506246414	
645.2989	206.91	0.8745684560172049	0.8807170210120934	
645.4992	96.39	0.8562604093884392	1.722499458203699	
566.2516	207.17	0.8745684560172049	0.795075991000937	
646.3026	206.78	0.8745684560172049	0.913074599292522	
566.4298	200.85	0.8745684560172049	0.7231050567899943	
566.4421	248.68	0.8912186659047557	-0.5629826648878575	
647.423	242.48	0.8745684560172049	0.9305866208924932	
647.423	261.2	0.8745684560172049	1.5308607368700324	
566.9308	200.59	0.8745684560172049	0.6991566055025935	
567.2083	229.43	0.9875849227627443	0.06089844693418683	
567.2083	230.61	0.7391213204146124	2.186141740143545	
680.5352	158.82	0.9042314642127323	-0.5173923144024102	
647.5236	314.56	0.8276188528020197	1.8289854195315005	
647.5236	316.42	0.9393451553701674	-0.27000201753950115	
567.2545	207.17	0.8745684560172049	1.374292973256388	
611.1851	321.28	0.8745684560172049	-0.6984754663176019	
567.4228	219.67	0.7031655599522348	-2.413100272702457	
567.4294	200.72	0.9926633799744584	0.03666207282700574	
648.4389	189.24	0.9926633799744584	-0.038007788272267466	
648.4389	190.16	0.9075131308985351	0.4563476307241476	
649.3037	289.01	0.8745684560172049	0.8364503097000621	
611.6087	353.89	0.8745684560172049	0.7013238964301134	
650.278	196.24	0.9324411570361336	0.3119274089366153	
650.3071	289.01	0.8745684560172049	0.8214118476243086	
681.3679	206.78	0.8745684560172049	0.98509699483107	
567.9297	200.85	0.8789220317319986	0.6486293636612644	
568.3036	230.87	0.5967147758102523	2.6685066796952426	
612.1892	73.32	0.9479571991322011	0.2268653337728792	
568.4294	200.85	0.9784886819823367	0.09473369746794065	
681.5387	158.82	0.8990191088398843	-0.5389455458722884	
652.3524	206.78	0.8745684560172049	1.4452126021945433	
568.9296	200.85	0.977451474935743	0.0981757354784615	
652.4999	179.63	0.7692180615764433	2.0304907859734667	
682.3712	206.78	0.8745684560172049	0.9393437786182357	
653.3372	195.03	0.7692180615764433	-2.027224817892556	
653.3554	206.78	0.8745684560172049	1.3981220370419476	
614.5988	295.2	0.8745684560172049	0.6671360660983575	
683.3138	217.44	0.46083490082195794	3.134512892624554	
683.3739	206.91	0.8745684560172049	0.8719607724853717	
737.4204	403.55	0.9570226878308468	-0.19174776180153366	
655.3167	124.28	0.9926633799744584	-0.031857126551663846	C32H50O11
684.2334	219.4	0.8745684560172049	0.7206396316272341	
684.3189	206.91	0.8745684560172049	1.0446011710548138	
616.3183	218.09	0.971971185553667	-0.11462143776533708	
617.3217	218.22	0.9042314642127323	-0.4980280949783393	
656.3194	88.61	0.8745684560172049	1.4765343194035812	
656.3194	124.14	0.9255031379438003	0.3299445003283022	C32H50O11
656.4525	173.85	0.9255031379438003	0.333358442003944	
656.4525	244.32	0.96544800170175	0.14375835006009843	
618.2827	284.13	0.9995211343456415	-0.0022045734774429264	
685.3226	207.04	0.8562604093884392	-1.7143190027208675	
620.2307	188.72	0.904424272255252	-0.48572959764626816	
620.2936	218.62	0.8745684560172049	-1.3897882397466301	C29H47O12P
620.2936	281.76	0.881609291089131	0.6162474949911628	C29H47O12P
620.4214	24.72	0.833250917395368	1.7921538687512604	
621.3106	206.91	0.8745684560172049	0.8886369536187354	
622.3138	206.91	0.8745684560172049	0.8776488169557326	
740.9302	158.69	0.7241805947481756	2.3033939720772882	
741.4324	159.21	0.824824386108602	1.8358421353574303	
623.3166	206.78	0.8745684560172049	0.9048948285759328	
623.3263	283.86	0.8745684560172049	0.7341200871875134	
659.2666	206.78	0.8745684560172049	1.013623383460986	
659.3448	287.3	0.8745684560172049	0.6761704946606388	
624.3203	206.91	0.8745684560172049	0.928854676632099	
624.3296	283.86	0.8745684560172049	0.7096470935198861	
741.9345	158.95	0.7669858476689206	2.116939811590775	
624.4182	287.69	0.833250917395368	-1.8053592348520309	
742.4343	158.69	0.7965133849721975	1.8823006798729147	
742.5045	184.65	0.8782816737408788	0.651558131204609	
686.325	207.04	0.8745684560172049	1.0295831395516282	
742.9353	158.95	0.9243432426137532	0.36749878166026584	
743.4354	159.08	0.8745684560172049	0.8654582732080153	
743.5078	184.91	0.8745684560172049	0.9900472902992224	
743.9359	159.08	0.9414466970727376	0.2549333433682599	
661.3022	220.19	0.9371387265235844	0.28468624760414846	
744.2335	233.24	0.9995211343456415	-0.0027261874763124597	
661.4897	403.42	0.9274282947721564	-0.32562566322489456	
687.2538	189.9	0.8745684560172049	1.4027321800754973	
662.2239	265.14	0.9706955403275225	0.11795681795280813	
662.251	219.54	0.9042314642127323	-0.49831093092921397	
662.3378	206.91	0.8745684560172049	0.9874633423696626	
745.4735	436.76	0.8745684560172049	1.0728711673635274	
746.0853	200.85	0.8745684560172049	0.7620848346172807	
663.3415	207.04	0.8739750630894998	1.6515487068103716	
663.4918	319.44	0.05783218695801434	7.866290516935774	
688.3025	224.81	0.8745684560172049	1.1741211514744603	
746.5849	200.59	0.8745684560172049	0.7770276469263049	
747.0849	200.85	0.8745684560172049	0.8565761515181202	
688.5001	210.06	0.9243432426137532	-0.3686375929514885	
664.3531	206.78	0.904424272255252	0.48789351412163884	
688.636	349.96	0.9321136406558954	0.3148152190640159	
664.4305	162.23	0.014552333564582874	-15.706213189070567	
664.557	350.09	0.8745684560172049	1.1075977179479501	
665.2982	203.74	0.9784886819823367	0.08962657152986976	
665.3486	206.78	0.8745684560172049	1.1028543340967016	
748.325	235.21	0.9827667043222102	-0.07683909198507566	
665.5074	319.31	0.2485348005536724	4.352669857658045	
665.5603	350.22	0.8745684560172049	0.9434008787074659	
666.0093	319.31	0.11122573026212375	5.824108975975384	
666.3687	206.78	0.9243432426137532	0.3595568599693244	
810.5213	199.78	0.8745684560172049	-1.620109138966115	
690.449	221.4	0.8745684560172049	0.9736207839002354	
749.4662	472.75	0.8745684560172049	-0.9022243255913176	
749.4662	483.01	0.8745684560172049	-1.0289330623876118	
667.3719	206.78	0.9255031379438003	0.3347535843841092	
667.4499	27.09	0.8870359295088682	-0.5934386139976179	
667.4499	287.95	0.8745684560172049	-0.8952346264720965	
750.507	28.01	0.963321071573457	0.16876757554451002	
750.507	220.32	0.3194211688772149	-3.7957483358971733	C40H74NO8P
668.3747	206.78	0.9243432426137532	0.36043912260723254	
751.511	32.5	0.8745684560172049	-0.8950515491919131	
751.511	220.61	0.5876741998938796	-2.689994832822051	C40H74NO8P
751.5449	304.42	0.24357199060882903	4.39588224480988	C40H79O10P
752.4689	472.75	0.8745684560172049	1.1205129123730235	
752.4689	483.01	0.8745684560172049	-1.4296864894282026	
669.332	148.16	0.9479571991322011	0.22709104031268199	
669.332	177.4	0.7122847777668802	2.384175532394516	
669.3771	206.91	0.8912186659047557	0.5643946301530207	
692.3368	289.01	0.8745684560172049	1.0360750736122781	
670.2959	160.53	0.9926633799744584	0.037015901502579954	
670.2959	192.93	0.8745684560172049	-1.1931266415093458	
670.2959	199.12	0.9232794906247695	-0.3920639322096412	
754.3102	196.63	0.9254199602549467	0.3515689105128997	
754.3102	307.34	0.9604683324451982	0.18408690409061337	
693.364	218.62	0.9784886819823367	-0.09256042433840042	
755.0646	199.65	0.6793155872452681	-2.4631605539189594	
755.0646	201.77	0.881609291089131	0.61536818647695	
671.311	103.75	0.9243432426137532	-0.37870088650105116	
671.3312	74.5	0.9429334677398046	-0.2484120676211345	
816.247	264.48	0.8745684560172049	1.0569335714813692	
816.247	275.17	0.8745684560172049	1.0560996242570286	
694.3659	206.91	0.8745684560172049	0.7316785645224165	
694.3659	218.75	0.9393451553701674	0.27208974970550764	
694.4446	189.64	0.5285990738539418	-2.873065316292045	
694.4831	195.03	0.026111588679299993	-11.492474701733075	
672.249	265.01	0.833250917395368	1.7936333594331741	
756.2442	215.86	0.9255031379438003	-0.3351874517869884	
756.2442	223.1	0.8745684560172049	-1.221509111131693	
756.2442	237.33	0.9232794906247695	-0.4010188598714421	
695.2578	205.86	0.8745684560172049	0.7342627849865699	
695.2578	210.74	0.8745684560172049	0.6632655648407108	
695.3648	263.17	0.8745684560172049	-0.6948004277432396	
695.3648	270.97	0.9075131308985351	-0.45717715516237195	
695.4866	195.03	0.022103121404300412	-12.531861771378804	
758.08	350.87	0.9243432426137532	-0.36385869109650154	
696.4756	256.84	0.8745684560172049	1.13171373858589	
696.4756	286.9	0.9645759215878967	0.15097821835985942	
696.5262	177.79	0.31441495222707605	3.840072498743564	
758.4371	220.87	0.6904982304715025	-2.4360897184028505	
673.3038	288.74	0.881609291089131	0.6294131237567775	
673.3455	123.75	0.9524061057197135	-0.21718091613773735	
674.5142	312.06	0.24308527610613712	4.416193539718282	C37H72NO7P
675.1424	281.89	0.9424084735400247	0.25099115736624444	
759.4402	220.87	0.5548838947666916	-2.7870116489740737	
675.3531	218.62	0.881609291089131	0.6212553238902639	
822.4089	446.24	0.8897379843820163	0.5819293645749013	
676.2646	184.25	0.8745684560172049	1.0010041251021742	
676.2646	211.01	0.8739750630894998	1.6644171916852661	
676.296	234.02	0.8745684560172049	0.7975580484924006	
676.296	241.43	0.8745684560172049	1.123919487695976	
676.3562	218.35	0.9369215563456356	-0.2862235859881478	
676.4332	186.35	0.8716729999989689	-1.6731154084200903	
699.3454	264.88	0.8745684560172049	1.4320651575866767	
699.3454	271.36	0.9075131308985351	0.46011829309405294	
824.6056	229.82	0.7669858476689206	2.1173357673631124	C52H76O7
677.512	347.72	0.7449366696284028	2.1745060381993087	
700.2907	230.87	0.8745684560172049	1.079256531111758	
700.2907	264.61	0.8745684560172049	1.1599454114336791	
678.2788	267.27	0.8745684560172049	1.2582164439292127	
826.5984	230.48	0.778527038703614	1.9229199626036184	C45H76NO7P
701.2507	207.3	0.8745684560172049	0.6921033121825123	
678.4639	25.38	0.8745684560172049	-1.0406275572013297	
701.4734	27.74	0.9718816214178341	-0.11559657311143422	C38H66NO8P
678.515	347.72	0.8745684560172049	1.3758822526678167	
678.5366	284.13	0.8562604093884392	1.7251560882563348	
827.6018	230.35	0.8060596314567307	1.867343929369214	C45H76NO7P
762.4693	195.03	0.10088684387944159	-6.067379851734375	
678.6876	611.3	0.8745684560172049	-1.020200326427167	
679.5278	350.48	0.8745684560172049	1.409338331321368	
702.3534	82.27	0.7669858476689206	2.0872653262280334	
702.3739	189.64	0.7692180615764433	-2.0156217779940215	
763.5073	158.69	0.8745684560172049	-1.1325501985128386	C43H72NO8P
830.2837	288.74	0.8971471806776614	-0.5466214592960843	
680.3843	207.04	0.8745684560172049	0.7344216670932441	
830.2987	250.54	0.9479571991322011	-0.22835342898014552	
830.2987	264.61	0.9559601365943278	-0.20087730218597838	
830.2987	275.04	0.8745684560172049	-0.788784767380747	
830.2987	292.84	0.8745684560172049	-0.7824698069112421	
680.4206	133.62	0.8745684560172049	-1.0488897914288888	
680.4521	256.58	0.7692180615764433	-2.0294681929172143	
680.4521	286.64	0.8745684560172049	-0.8573365437086435	
764.2573	214.29	0.8745684560172049	-0.6952614735470207	
764.2573	249.2	0.8745684560172049	-1.2087052524903081	
703.3226	189.11	0.8745684560172049	1.4039222624785015	
764.4861	184.78	0.8745684560172049	0.867845221540265	
703.3772	189.51	0.24308527610613712	-4.422364608997428	
765.3518	187.8	0.9926633799744584	-0.025643992755682916	
765.3518	235.07	0.956129782341887	0.19369973290762263	
765.4867	184.52	0.8745684560172049	0.8232592301230109	
766.5338	200.85	0.8912186659047557	-0.5599914760984522	
898.4052	198.6	0.8745684560172049	0.9362067614370492	
898.4052	202.42	0.9243432426137532	0.3856458558240544	
833.2619	214.16	0.9232794906247695	-0.39421178700549897	
834.4696	473.27	0.8716729999989689	1.6757275325506278	
706.603	200.72	0.8745684560172049	-0.9249422313359077	
706.603	484.2	0.9042314642127323	-0.5067088835221566	
706.603	485.8	0.8745684560172049	-1.0020528953080483	C44H80O6
904.6432	264.88	0.9101540838230049	0.44007709054702365	
835.2778	250.94	0.8745684560172049	0.6853884778284519	
835.2778	264.22	0.8499493675753258	1.7453452099680054	
835.2778	275.17	0.8745684560172049	0.7970150135313046	
835.2778	292.45	0.9393451553701674	0.2678527224768081	
707.5989	201.64	0.9097934061129377	0.44138404188167685	
772.489	220.32	0.622014901577639	-2.6088232530248945	C38H74NO10P
708.3127	196.37	0.9232794906247695	0.3911653691099771	
906.6143	138.87	0.8745684560172049	1.0974498248233897	
773.0403	199.52	0.8745684560172049	-1.1724845826174108	
773.0403	201.51	0.9909654515417198	0.05129443076339673	
773.4924	221.0	0.8745684560172049	-1.101419412092751	C38H74NO10P
773.5868	329.82	0.8745684560172049	-0.9818480512921474	
907.6177	139.01	0.8745684560172049	1.0109689784239682	
908.1797	288.22	0.4622091819133616	3.115780952231272	
709.6342	480.65	0.9926633799744584	-0.03482790612483486	
775.5387	200.85	0.8745684560172049	1.0094546471363774	
711.2522	216.78	0.8745684560172049	-0.8172738424791467	
711.2809	207.3	0.9242053449446591	0.38746051119266645	
711.3453	240.09	0.8745684560172049	1.3793824060960367	
712.2421	287.43	0.9042314642127323	-0.4950138607501686	
840.3425	207.04	0.9138443709741015	0.4298894145540863	
842.3194	279.53	0.8745684560172049	1.1846761964740586	
842.3194	286.51	0.8745684560172049	1.1136110765694112	
842.3194	293.5	0.8745684560172049	1.063095984117987	
842.4629	474.06	0.8745684560172049	0.7819984367951669	
842.4629	482.49	0.96544800170175	-0.14298444690217743	
713.2455	241.3	0.7669858476689206	2.0873367786873374	
843.2087	275.17	0.8745684560172049	1.3723026509987115	
843.2087	292.45	0.8990486525615464	0.5303007925127154	
714.9776	158.56	0.8745684560172049	0.9639263911649294	
715.3145	221.66	0.8745684560172049	-0.7285068671822832	
845.5049	473.66	0.8745684560172049	-1.0240740516188551	
845.5049	482.75	0.8745684560172049	-0.9112093649347872	
715.9775	158.43	0.9756818922728215	0.10437548214577813	
846.5979	314.3	0.9376624677002318	0.28320057578560337	C49H84NO8P
716.3739	264.88	0.8745684560172049	1.1287075375488211	
716.3739	272.15	0.833250917395368	1.7947225420776447	
716.3739	279.27	0.8745684560172049	1.0004876710962873	
716.4262	189.24	0.10088544960080505	-6.158957471222051	
716.4648	195.03	0.10679798185678492	-5.945090695127177	
847.3342	288.35	0.8745684560172049	0.8769801311286164	
782.4544	473.8	0.8745684560172049	-0.760087594695145	
848.5805	230.35	0.35370133691189803	3.5833773545297483	
717.4292	189.64	0.09611474369429543	-6.27276906334405	
717.4679	194.9	0.11122573026212375	-5.826600556949477	
782.6773	472.22	0.8745684560172049	-0.8437328382733698	
783.0197	132.83	0.8745684560172049	1.3385202084683667	
849.5838	230.35	0.4111918990260613	3.323109634661512	
928.4558	473.4	0.8745684560172049	-1.146278793663552	
928.4558	482.88	0.8745684560172049	-0.8008890663957696	
850.4407	473.27	0.9645181416693213	-0.16116972831625723	
850.4407	483.41	0.8745684560172049	-0.9514821793350601	
718.3148	243.53	0.96544800170175	-0.14133467676735775	
850.6086	314.03	0.9287009174433566	0.32326825144783067	C49H84NO8P
783.6802	471.83	0.8745684560172049	-0.8135752756065208	
784.4527	194.77	0.35036727835060727	-3.60539872754575	
851.3978	37.35	0.9209527561856756	-0.40544205807858064	
933.6285	207.43	0.8745684560172049	-0.6999749195021	
785.4559	194.77	0.4480491357251103	-3.1751146866470474	
852.4012	37.22	0.908950038551005	-0.4487670825252645	
853.4042	37.22	0.881609291089131	-0.6190720354337029	
939.3502	198.86	0.9414466970727376	0.2596138993660776	
939.3502	202.16	0.42021617776985914	3.2900731712014286	
941.3481	199.39	0.8745684560172049	-1.2715573956616055	
941.3481	201.9	0.8745684560172049	0.686403642078264	
854.4075	37.35	0.9031945045514259	-0.5221648353076344	
721.4356	436.89	0.8745684560172049	-1.020012703397869	
721.4356	445.58	0.908950038551005	-0.44864945433558573	
855.4085	37.35	0.9871045168785966	-0.06733243542543324	
722.4407	186.49	0.32486415585405287	-3.7635192092784355	
946.4582	346.8	0.8745684560172049	0.747056310587274	
946.4582	348.25	0.8745684560172049	-1.1876983989838346	
856.3713	286.64	0.8745684560172049	0.7866445792765767	
856.3713	293.36	0.8745684560172049	1.3546802649223009	
856.4745	474.06	0.8745684560172049	1.1374531232796923	
948.6196	222.31	0.9926633799744584	-0.03461951118382363	
948.6561	218.35	0.9479571991322011	0.2343017783325873	
949.6228	203.08	0.8745684560172049	-1.1730826076035616	
857.477	473.53	0.967856377933924	0.13100183719319272	
949.6601	218.62	0.898203300963581	0.542052639779501	
949.6601	236.28	0.8745684560172049	1.2833502850880882	
792.5491	199.39	0.9816408572397514	0.08157353644485389	
726.6136	199.65	0.8745684560172049	0.9443308678916867	
726.6136	201.77	0.8990486525615464	-0.5377479330672783	
726.6136	438.6	0.8745684560172049	1.1407682189577368	
861.3501	286.25	0.8745684560172049	1.330113953681216	
861.3501	293.63	0.8745684560172049	1.0155914598349858	
861.472	473.4	0.9559601365943278	-0.20445782378601396	
861.472	482.75	0.8745684560172049	-0.7810551116774301	
961.5489	189.64	0.8745684560172049	-1.0476991769761022	
961.652	218.62	0.8745684560172049	-1.078607524008147	
728.6086	200.59	0.9243432426137532	-0.36601066369441054	
729.1102	200.85	0.8745684560172049	-0.7958927023787989	
795.6691	230.35	0.9359729515342311	-0.2977556514506703	
864.4917	483.28	0.8745684560172049	-1.1291422520739371	
966.6304	192.93	0.7391213204146124	-2.190245045863767	
966.6304	196.37	0.9075131308985351	0.46341577515681875	
796.9919	199.78	0.8745684560172049	0.743002293101873	
967.6339	192.67	0.8745684560172049	-1.188086791898431	
866.3657	288.48	0.8745684560172049	0.741949746902006	
797.9953	199.52	0.8745684560172049	0.8384093393134036	
797.9953	201.51	0.8745684560172049	1.6412204812037632	
968.6375	196.24	0.9518212871684426	-0.21875036064126716	
798.9974	199.12	0.9645759215878967	0.15222218426132075	
798.9974	202.16	0.5515820171892059	2.808499685667206	
799.4972	202.42	0.8745684560172049	0.8317835738891163	
799.9984	202.56	0.8745684560172049	1.1524862707907881	
800.4629	185.04	0.8745684560172049	1.4851652253670862	
870.5624	230.08	0.7391213204146124	2.265857022226546	
978.6513	199.26	0.9042314642127323	0.5126113909755792	
978.6513	202.03	0.8745684560172049	1.5166631770192238	
733.4465	158.56	0.7669858476689206	2.0888752896748617	
873.6193	314.16	0.8912186659047557	-0.5597501715132682	
875.5461	314.3	0.8745684560172049	-0.6926429967922083	
735.2675	196.89	0.7692180615764433	2.0269474544801036	
879.5817	195.16	0.7241805947481756	-2.3078468815684334	C45H84NO13P
990.187	279.4	0.42353128869057094	3.272002152123883	
990.187	280.58	0.8562604093884392	1.715139643020467	
990.6672	233.76	0.9882517127605558	-0.05742418746425022	
880.5816	195.84	0.8745684560172049	0.6685304238652978	C45H84NO13P
882.3277	37.22	0.9042314642127323	0.500935269999332	
997.2404	223.63	0.8745684560172049	0.8439674428559641	
882.6615	264.48	0.8745684560172049	1.224479493979222	
998.6202	194.38	0.4433981954131037	-3.1952519113634112	
999.6234	194.77	0.26046136182755936	-4.195575272443546	
999.6234	203.21	0.8908416101823239	-0.5741340354526804	
1003.195	281.89	0.33117006195576115	3.7289274866606075	
884.5573	230.35	0.5216956228995315	2.8970846734638074	
885.5602	230.22	0.8745684560172049	1.2073095700909675	
1006.6254	197.42	0.9042314642127323	-0.5129797335658056	
1008.6692	213.63	0.8971471806776614	-0.5469280243917547	
1143.7113	245.79	0.7345734533337859	2.279901829077838	
887.6797	192.41	0.8745684560172049	-0.7093205215034817	
1144.7148	245.92	0.7692180615764433	2.0325446686863033	
888.6832	192.28	0.9107192563784541	-0.43763958814900056	
1012.6207	213.37	0.9107192563784541	-0.43822623912662934	
1152.7357	245.79	0.8745684560172049	1.3699070666144848	
1153.7391	245.53	0.8745684560172049	0.743551315180369	
1154.7509	243.53	0.987464517401329	0.06331618949819579	
1155.7545	243.53	0.9926633799744584	-0.02445901474616736	
1156.7579	243.53	0.9597435151797767	-0.18669862991449782	
1159.7052	230.61	0.972153440753123	0.11232983952834048	
1160.709	230.74	0.881609291089131	0.6098383332542371	
1160.709	243.93	0.8856970940984827	0.5982262438128526	
1160.7249	222.58	0.8745684560172049	-0.7710530151841752	
1161.729	222.71	0.8745684560172049	-1.4295188421991296	
894.5726	194.38	0.7031655599522348	-2.4017825952458685	C47H79O13P
1170.7452	229.43	0.9097934061129377	-0.44199593802687914	
1171.749	229.17	0.8745684560172049	-0.8339879163446025	
896.4048	198.86	0.8745684560172049	1.3977652501036895	
896.4048	202.16	0.8790444634624381	0.6471642556928435	
897.3992	196.5	0.8745684560172049	1.375971221638243	
897.3992	202.16	0.37217031004735235	3.4936209932989377	
897.5412	197.29	0.9414466970727376	-0.253640070309947	
1038.6514	195.3	0.7669858476689206	-2.0938617563283977	
1039.6545	195.58	0.651112109913525	-2.5525340905423213	
1180.7635	202.03	0.8745684560172049	1.307733042113897	
1184.7635	199.12	0.7692180615764433	1.9740432639942944	
1184.7635	201.9	0.8745684560172049	0.8300673091313316	C59H108N2O21
1186.74	220.74	0.8745684560172049	-0.9769147921226282	
1048.8235	348.51	0.22221428771434307	4.589063042562058	
1051.2971	267.53	0.8745684560172049	1.157866492968587	
1197.8015	292.31	0.7692180615764433	1.949501958027361	
1203.7845	281.63	0.9827667043222102	0.07823723223835329	
1206.8187	289.27	0.8745684560172049	0.8023561121548544	
1207.8219	288.87	0.9929213098825516	0.021163092598770118	
1209.8359	281.37	0.8368587230789353	1.7773415600553524	
1214.7547	251.07	0.959904845925943	0.18563879966868788	C60H111NO23
1214.7547	259.47	0.9606406772827091	0.18301328560602076	
1218.735	202.03	0.8745684560172049	0.9427275200385455	C59H108N2O21
1218.778	260.81	0.8885326937050696	0.5886039556064738	
1219.7332	199.52	0.9243432426137532	0.38034959192174833	C59H108N2O21
1219.7332	202.03	0.8745684560172049	1.4854042000712075	C59H108N2O21
1219.7809	261.33	0.8745684560172049	1.03265141037742	
1087.2943	270.16	0.8745684560172049	1.175381402957956	C48H56O27
1092.8503	343.24	0.09611474369429543	6.29174299555389	
1273.6029	136.77	0.8745684560172049	-0.8295631181811973	
1274.6067	136.9	0.8745684560172049	-0.7939238939995548	
1286.6715	206.78	0.881609291089131	0.6337800718060216	
1292.1347	137.04	0.9414466970727376	0.25668200238323907	
1293.1074	137.04	0.8751337975380218	-0.6610400844191127	
1294.1112	136.51	0.9441599266126768	0.2437084776207027	
1337.3423	609.84	0.8745684560172049	-1.5188050671856317	
1422.1253	348.25	0.9784886819823367	0.09031184849632737	
1422.5223	288.35	0.8745684560172049	0.6700582114311489	
1423.1289	348.51	0.8745684560172049	1.1565214060186824	
1444.1073	348.25	0.8745684560172049	-0.7130568951197637	
1454.7734	325.09	0.8800524044612765	0.6434484191274396	
1484.1143	325.22	0.9559601365943278	0.20162208352485975	
1485.1181	325.22	0.9255031379438003	0.3358517523283755	
1486.1208	325.49	0.9560503732160021	0.19724109855832928	
1501.141	324.96	0.9075725131147856	0.45471806198135606	
1502.1448	324.96	0.8745684560172049	0.7187234977714428	
1503.1479	324.96	0.9244555807086678	-0.3570759248267875	
